0.0
0.0
0.0
0.0
0.0
0.0
0.0
0.0
0.0
0.0
0.0
0.0
0.0
0.0
0.0
0.0
0.0
0.0
0.0
0.0
0.0
0.0
0.0
0.0
0.0
0.0
0.0
0.0
0.0
0.0
0.0
0.0
0.0
0.0
0.0
0.0
0.0
0.0
0.0
0.0
0.0
0.0
0.0
0.0
0.0
0.0
0.0
0.0
0.0
0.0
0.0
0.0
0.0
0.0
0.0
0.0
0.0
0.0
0.0
0.0
0.0
0.0
0.0
0.0
0.0
0.0
0.0
0.0
0.0
0.0
0.0
0.0
0.0
0.0
0.0
0.0
0.0
0.0
0.0
0.0
0.0
0.0
0.0
0.0
0.0
0.0
0.0
0.0
0.0
0.0
0.0
0.0
0.0
0.0
0.0
0.0
0.0
0.0
0.0
0.0
0.0
0.0
0.0
0.0
0.0
0.0
0.0
0.0
0.0
0.0
0.0
0.0
0.0
0.0
0.0
0.0
0.0
0.0
0.0
0.0
0.0
0.0
0.0
0.0
0.0
0.0
0.0
0.0
0.0
0.0
0.0
0.0
0.0
0.0
0.0
0.0
0.0
0.0
0.0
0.0
0.0
0.0
0.0
0.0
0.0
0.0
0.0
0.0
0.0
0.0
0.0
0.0
0.0
0.0
0.0
0.0
0.0
0.0
0.0
0.0
0.0
0.0
0.0
0.0
0.0
0.0
0.0
0.0
0.0
0.0
0.0
0.0
0.0
0.0
0.0
0.0
0.0
0.0
0.0
0.0
0.0
0.0
0.0
0.0
0.0
0.0
0.0
0.0
0.0
0.0
0.0
0.0
0.0
0.0
0.0
0.0
0.0
0.0
0.0
0.0
0.0
0.0
0.0
0.0
0.0
0.0
0.0
0.0
0.0
0.0
0.0
0.0
0.0
0.0
0.0
0.0
0.0
0.0
0.0
0.0
0.0
0.0
0.0
0.0
0.0
0.0
0.0
0.0
0.0
0.0
0.0
0.0
0.0
0.0
0.0
0.0
0.0
0.0
0.0
0.0
0.0
0.0
0.0
0.0
0.0
0.0
0.0
0.0
0.0
0.0
0.0
0.0
0.0
0.0
0.0
0.0
0.0
0.0
0.0
0.0
0.0
0.0
0.0
0.0
0.0
0.0
0.0
0.0
0.0
0.0
0.0
0.0
0.0
0.0
0.0
0.0
0.0
0.0
0.0
0.0
0.0
0.0
0.0
0.0
0.0
0.0
0.0
0.0
0.0
0.0
0.0
0.0
0.0
0.0
0.0
0.0
0.0
0.0
0.0
0.0
0.0
0.0
0.0
0.0
0.0
0.0
0.0
0.0
0.0
0.0
0.0
0.0
0.0
0.0
0.0
0.0
0.0
0.0
0.0
0.0
0.0
0.0
0.0
0.0
0.0
0.0
0.0
0.0
0.0
0.0
0.0
0.0
0.0
0.0
0.0
0.0
0.0
0.0
0.0
0.0
0.0
0.0
0.0
0.0
0.0
0.0
0.0
0.0
0.0
0.0
0.0
0.0
0.0
0.0
0.0
0.0
0.0
0.0
0.0
0.0
0.0
0.0
0.0
0.0
0.0
0.0
0.0
0.0
0.0
0.0
0.0
0.0
0.0
0.0
0.0
0.0
0.0
0.0
0.0
0.0
0.0
0.0
0.0
0.0
0.0
0.0
0.0
0.0
0.0
0.0
0.0
0.0
0.0
0.0
0.0
0.0
0.0
0.0
0.0
0.0
0.0
0.0
0.0
0.0
0.0
0.0
0.0
0.0
0.0
0.0
0.0
0.0
0.0
0.0
0.0
0.0
0.0
0.0
0.0
0.0
0.0
0.0
0.0
0.0
0.0
0.0
0.0
0.0
0.0
0.0
0.0
0.0
0.0
0.0
0.0
0.0
0.0
0.0
0.0
0.0
0.0
0.0
0.0
0.0
0.0
0.0
0.0
0.0
0.0
0.0
0.0
0.0
0.0
0.0
0.0
0.0
0.0
0.0
0.0
0.0
0.0
0.0
0.0
0.0
0.0
0.0
0.0
0.0
0.0
0.0
0.0
0.0
0.0
0.0
0.0
0.0
0.0
0.0
0.0
0.0
0.0
0.0
0.0
0.0
0.0
0.0
0.0
0.0
0.0
0.0
0.0
0.0
0.0
0.0
0.0
0.0
0.0
0.0
0.0
0.0
0.0
0.0
0.0
0.0
0.0
0.0
0.0
0.0
0.0
0.0
0.0
0.0
0.0
0.0
0.0
0.0
0.0
0.0
0.0
0.0
0.0
0.0
0.0
0.0
0.0
0.0
0.0
0.0
0.0
0.0
0.0
0.0
0.0
0.0
0.0
0.0
0.0
0.0
0.0
0.0
0.0
0.0
0.0
0.0
0.0
0.0
0.0
0.0
0.0
0.0
0.0
0.0
0.0
0.0
0.0
0.0
0.0
0.0
0.0
0.0
0.0
0.0
0.0
0.0
0.0
0.0
0.0
0.0
0.0
0.0
0.0
0.0
0.0
0.0
0.0
0.0
0.0
0.0
0.0
0.0
0.0
0.0
0.0
0.0
0.0
0.0
0.0
0.0
0.0
0.0
0.0
0.0
0.0
0.0
0.0
0.0
0.0
0.0
0.0
0.0
0.0
0.0
0.0
0.0
0.0
0.0
0.0
0.0
0.0
0.0
0.0
0.0
0.0
0.0
0.0
0.0
0.0
0.0
0.0
0.0
0.0
0.0
0.0
0.0
0.0
0.0
0.0
0.0
0.0
0.0
0.0
0.0
0.0
0.0
0.0
0.0
0.0
0.0
0.0
0.0
0.0
0.0
0.0
0.0
0.0
0.0
0.0
0.0
0.0
0.0
0.0
0.0
0.0
0.0
0.0
0.0
0.0
0.0
0.0
0.0
0.0
0.0
0.0
0.0
0.0
0.0
0.0
0.0
0.0
0.0
0.0
0.0
0.0
0.0
0.0
0.0
0.0
0.0
0.0
0.0
0.0
0.0
0.0
0.0
0.0
0.0
0.0
0.0
0.0
0.0
0.0
0.0
0.0
0.0
0.0
0.0
0.0
0.0
0.0
0.0
0.0
0.0
0.0
0.0
0.0
0.0
0.0
0.0
0.0
0.0
0.0
0.0
0.0
0.0
0.0
0.0
0.0
0.0
0.0
0.0
0.0
0.0
0.0
0.0
0.0
0.0
0.0
0.0
0.0
0.0
0.0
0.0
0.0
0.0
0.0
0.0
0.0
0.0
0.0
0.0
0.0
0.0
0.0
0.0
0.0
0.0
0.0
0.0
0.0
0.0
0.0
0.0
0.0
0.0
0.0
0.0
0.0
0.0
0.0
0.0
0.0
0.0
0.0
0.0
0.0
0.0
0.0
0.0
0.0
0.0
0.0
0.0
0.0
0.0
0.0
0.0
0.0
0.0
0.0
0.0
0.0
0.0
0.0
0.0
0.0
0.0
0.0
0.0
0.0
0.0
0.0
0.0
0.0
0.0
0.0
0.0
0.0
0.0
0.0
0.0
0.0
0.0
0.0
0.0
0.0
0.0
0.0
0.0
0.0
0.0
0.0
0.0
0.0
0.0
0.0
0.0
0.0
0.0
0.0
0.0
0.0
0.0
0.0
0.0
0.0
0.0
0.0
0.0
0.0
0.0
0.0
0.0
0.0
0.0
0.0
0.0
0.0
0.0
0.0
0.0
0.0
0.0
0.0
0.0
0.0
0.0
0.0
0.0
0.0
0.0
0.0
0.0
0.0
0.0
0.0
0.0
0.0
0.0
0.0
0.0
0.0
0.0
0.0
0.0
0.0
0.0
0.0
0.0
0.0
0.0
0.0
0.0
0.0
0.0
0.0
0.0
0.0
0.0
0.0
0.0
0.0
0.0
0.0
0.0
0.0
0.0
0.0
0.0
0.0
0.0
0.0
0.0
0.0
0.0
0.0
0.0
0.0
0.0
0.0
0.0
0.0
0.0
0.0
0.0
0.0
0.0
0.0
0.0
0.0
0.0
0.0
0.0
0.0
0.0
0.0
0.0
0.0
0.0
0.0
0.0
0.0
0.0
0.0
0.0
0.0
0.0
0.0
0.0
0.0
0.0
0.0
0.0
0.0
0.0
0.0
0.0
0.0
0.0
0.0
0.0
0.0
0.0
0.0
0.0
0.0
0.0
0.0
0.0
0.0
0.0
0.0
0.0
0.0
0.0
0.0
0.0
0.0
0.0
0.0
0.0
0.0
0.0
0.0
0.0
0.0
0.0
0.0
0.0
0.0
0.0
0.0
0.0
0.0
0.0
0.0
0.0
0.0
0.0
0.0
0.0
0.0
0.0
0.0
0.0
0.0
0.0
0.0
0.0
0.0
0.0
0.0
0.0
0.0
0.0
214.0
0.0
0.0
0.0
0.0
0.0
0.0
0.0
0.0
0.0
0.0
0.0
0.0
0.0
0.0
0.0
0.0
0.0
0.0
0.0
0.0
0.0
0.0
0.0
0.0
0.0
0.0
0.0
0.0
0.0
0.0
0.0
0.0
0.0
0.0
0.0
0.0
0.0
0.0
0.0
0.0
0.0
0.0
0.0
0.0
0.0
0.0
0.0
0.0
0.0
0.0
0.0
0.0
0.0
0.0
0.0
0.0
0.0
0.0
0.0
0.0
0.0
0.0
0.0
0.0
0.0
0.0
0.0
0.0
0.0
0.0
0.0
0.0
0.0
0.0
0.0
0.0
0.0
0.0
0.0
0.0
0.0
0.0
0.0
0.0
0.0
0.0
0.0
6.0
0.0
0.0
0.0
0.0
0.0
0.0
0.0
0.0
0.0
0.0
0.0
0.0
0.0
0.0
0.0
11.0
0.0
0.0
0.0
0.0
0.0
0.0
0.0
0.0
0.0
0.0
0.0
0.0
0.0
0.0
0.0
0.0
0.0
0.0
0.0
0.0
0.0
0.0
0.0
0.0
0.0
0.0
0.0
0.0
0.0
0.0
0.0
0.0
0.0
0.0
0.0
0.0
0.0
0.0
0.0
0.0
0.0
0.0
0.0
0.0
0.0
0.0
0.0
0.0
0.0
0.0
0.0
0.0
0.0
0.0
0.0
0.0
0.0
0.0
0.0
9.0
0.0
0.0
0.0
0.0
0.0
0.0
0.0
0.0
0.0
0.0
0.0
0.0
0.0
0.0
0.0
0.0
0.0
0.0
0.0
0.0
0.0
0.0
0.0
0.0
0.0
0.0
25.0
0.0
0.0
0.0
0.0
0.0
0.0
0.0
0.0
0.0
0.0
0.0
0.0
0.0
0.0
0.0
0.0
16.0
0.0
0.0
0.0
0.0
0.0
0.0
0.0
0.0
0.0
0.0
0.0
0.0
0.0
0.0
0.0
0.0
0.0
0.0
0.0
16.0
0.0
0.0
0.0
0.0
0.0
0.0
0.0
0.0
0.0
0.0
0.0
0.0
0.0
0.0
0.0
0.0
0.0
0.0
0.0
0.0
0.0
0.0
0.0
0.0
0.0
0.0
0.0
0.0
0.0
0.0
0.0
0.0
0.0
0.0
0.0
45.0
0.0
0.0
0.0
0.0
0.0
0.0
0.0
0.0
0.0
0.0
0.0
0.0
0.0
38.0
0.0
0.0
0.0
0.0
0.0
0.0
0.0
0.0
0.0
0.0
0.0
0.0
0.0
0.0
21.0
0.0
0.0
0.0
0.0
0.0
0.0
0.0
0.0
0.0
0.0
0.0
1.0
0.0
0.0
0.0
0.0
0.0
0.0
0.0
0.0
0.0
0.0
0.0
0.0
0.0
0.0
0.0
0.0
0.0
0.0
60.0
0.0
0.0
0.0
0.0
0.0
0.0
0.0
0.0
0.0
0.0
0.0
46.0
0.0
0.0
0.0
0.0
0.0
0.0
0.0
0.0
0.0
0.0
0.0
0.0
0.0
0.0
0.0
0.0
0.0
0.0
0.0
0.0
0.0
0.0
0.0
0.0
0.0
0.0
23.0
0.0
0.0
0.0
0.0
0.0
0.0
0.0
0.0
0.0
0.0
0.0
0.0
0.0
0.0
0.0
0.0
0.0
0.0
0.0
0.0
0.0
0.0
0.0
0.0
0.0
0.0
0.0
0.0
0.0
0.0
0.0
0.0
0.0
0.0
0.0
0.0
103.0
0.0
0.0
0.0
0.0
0.0
0.0
0.0
1.0
0.0
0.0
0.0
0.0
0.0
0.0
0.0
1.0
0.0
0.0
0.0
0.0
0.0
0.0
0.0
0.0
0.0
0.0
0.0
0.0
0.0
0.0
0.0
0.0
0.0
0.0
0.0
0.0
0.0
0.0
0.0
0.0
0.0
0.0
0.0
0.0
0.0
0.0
0.0
0.0
0.0
0.0
0.0
0.0
0.0
0.0
0.0
0.0
0.0
0.0
55.0
0.0
0.0
0.0
0.0
0.0
0.0
0.0
0.0
0.0
0.0
0.0
0.0
0.0
0.0
0.0
0.0
0.0
0.0
0.0
0.0
0.0
0.0
0.0
0.0
49.0
0.0
0.0
0.0
0.0
3.0
0.0
0.0
0.0
0.0
0.0
1.0
0.0
0.0
0.0
0.0
0.0
0.0
0.0
0.0
0.0
0.0
0.0
0.0
0.0
0.0
0.0
0.0
0.0
4.0
0.0
0.0
0.0
0.0
0.0
0.0
0.0
0.0
0.0
0.0
0.0
0.0
0.0
0.0
0.0
0.0
0.0
0.0
0.0
0.0
0.0
0.0
1.0
0.0
0.0
0.0
0.0
0.0
0.0
0.0
0.0
0.0
0.0
0.0
0.0
0.0
0.0
0.0
0.0
0.0
0.0
0.0
17.0
0.0
0.0
0.0
0.0
0.0
0.0
0.0
0.0
0.0
0.0
0.0
0.0
0.0
0.0
1.0
0.0
0.0
0.0
0.0
0.0
0.0
0.0
0.0
0.0
0.0
0.0
0.0
0.0
0.0
0.0
0.0
0.0
2.0
0.0
0.0
0.0
0.0
0.0
0.0
0.0
8.0
0.0
0.0
0.0
0.0
0.0
0.0
0.0
0.0
0.0
0.0
0.0
0.0
0.0
0.0
0.0
0.0
0.0
0.0
1.0
0.0
0.0
0.0
0.0
1.0
0.0
0.0
0.0
0.0
0.0
0.0
0.0
0.0
0.0
0.0
0.0
2.0
0.0
0.0
0.0
0.0
0.0
0.0
0.0
0.0
0.0
0.0
1.0
0.0
0.0
0.0
0.0
0.0
0.0
0.0
0.0
0.0
0.0
0.0
0.0
0.0
0.0
0.0
0.0
0.0
0.0
0.0
1.0
0.0
0.0
0.0
0.0
0.0
6.0
0.0
5.0
0.0
0.0
0.0
0.0
0.0
27.0
0.0
0.0
0.0
0.0
0.0
0.0
0.0
0.0
0.0
0.0
0.0
0.0
1.0
0.0
0.0
0.0
0.0
0.0
0.0
0.0
0.0
0.0
1.0
0.0
0.0
0.0
0.0
0.0
0.0
0.0
0.0
0.0
0.0
0.0
0.0
0.0
0.0
2.0
2.0
0.0
0.0
0.0
0.0
0.0
0.0
0.0
0.0
0.0
0.0
0.0
0.0
0.0
0.0
0.0
0.0
0.0
0.0
0.0
0.0
0.0
1.0
0.0
0.0
0.0
0.0
0.0
0.0
0.0
0.0
0.0
0.0
4.0
0.0
0.0
0.0
0.0
0.0
0.0
0.0
0.0
0.0
0.0
2.0
0.0
0.0
0.0
0.0
4.0
0.0
0.0
0.0
0.0
0.0
2.0
0.0
0.0
0.0
0.0
0.0
0.0
0.0
4.0
0.0
0.0
45.0
0.0
0.0
0.0
0.0
1.0
0.0
0.0
0.0
0.0
0.0
0.0
0.0
0.0
0.0
0.0
0.0
0.0
0.0
0.0
0.0
5.0
0.0
0.0
0.0
0.0
0.0
1.0
0.0
1.0
0.0
0.0
0.0
0.0
0.0
7.0
0.0
0.0
0.0
0.0
0.0
0.0
0.0
0.0
0.0
0.0
0.0
0.0
0.0
0.0
0.0
0.0
0.0
0.0
1.0
0.0
0.0
0.0
0.0
0.0
0.0
0.0
0.0
0.0
0.0
0.0
0.0
0.0
0.0
7.0
0.0
0.0
0.0
1.0
0.0
0.0
0.0
0.0
0.0
0.0
0.0
0.0
1.0
0.0
0.0
54.0
7.0
0.0
1.0
0.0
0.0
0.0
0.0
0.0
0.0
0.0
1.0
0.0
5.0
0.0
0.0
1.0
0.0
0.0
0.0
0.0
0.0
9.0
0.0
0.0
0.0
0.0
0.0
0.0
0.0
0.0
0.0
0.0
0.0
1.0
0.0
0.0
0.0
0.0
0.0
8.0
0.0
4.0
0.0
0.0
0.0
0.0
0.0
0.0
0.0
0.0
0.0
0.0
8.0
0.0
0.0
0.0
0.0
0.0
12.0
0.0
0.0
0.0
7.0
0.0
0.0
11.0
0.0
0.0
0.0
0.0
0.0
0.0
0.0
0.0
0.0
0.0
0.0
0.0
0.0
0.0
0.0
0.0
0.0
0.0
0.0
0.0
0.0
0.0
0.0
0.0
0.0
0.0
11.0
0.0
0.0
0.0
0.0
0.0
0.0
0.0
0.0
4.0
0.0
0.0
0.0
0.0
92.0
0.0
0.0
0.0
0.0
0.0
0.0
0.0
0.0
0.0
0.0
0.0
0.0
0.0
0.0
0.0
8.0
0.0
0.0
0.0
5.0
0.0
0.0
0.0
0.0
0.0
0.0
1.0
0.0
0.0
0.0
0.0
0.0
3.0
0.0
0.0
0.0
0.0
0.0
0.0
0.0
0.0
0.0
1.0
0.0
0.0
2.0
0.0
0.0
0.0
0.0
0.0
0.0
0.0
1.0
0.0
0.0
0.0
0.0
0.0
1.0
0.0
0.0
2.0
0.0
0.0
0.0
0.0
0.0
0.0
0.0
0.0
0.0
0.0
0.0
0.0
1.0
0.0
0.0
0.0
0.0
0.0
0.0
0.0
0.0
0.0
0.0
0.0
0.0
0.0
0.0
0.0
0.0
0.0
0.0
0.0
0.0
0.0
0.0
0.0
0.0
0.0
0.0
0.0
0.0
7.0
0.0
0.0
0.0
0.0
0.0
0.0
0.0
4.0
0.0
0.0
14.0
0.0
0.0
0.0
0.0
0.0
0.0
0.0
0.0
0.0
0.0
0.0
0.0
0.0
0.0
0.0
0.0
1.0
0.0
0.0
0.0
0.0
0.0
0.0
0.0
0.0
0.0
0.0
0.0
15.0
0.0
0.0
0.0
0.0
0.0
12.0
0.0
0.0
0.0
13.0
0.0
0.0
0.0
15.0
0.0
0.0
0.0
0.0
15.0
0.0
0.0
16.0
0.0
0.0
0.0
0.0
1.0
0.0
0.0
0.0
0.0
0.0
0.0
0.0
0.0
0.0
0.0
0.0
0.0
0.0
2.0
7.0
0.0
22.0
13.0
0.0
0.0
0.0
0.0
0.0
0.0
0.0
0.0
0.0
0.0
5.0
0.0
0.0
0.0
0.0
14.0
0.0
13.0
0.0
0.0
0.0
0.0
0.0
0.0
0.0
8.0
0.0
0.0
0.0
0.0
13.0
0.0
0.0
0.0
0.0
11.0
0.0
0.0
0.0
0.0
0.0
0.0
0.0
0.0
16.0
0.0
0.0
0.0
0.0
0.0
2.0
0.0
0.0
0.0
31.0
0.0
0.0
2.0
25.0
0.0
0.0
0.0
12.0
0.0
0.0
2.0
0.0
0.0
0.0
0.0
0.0
1.0
0.0
2.0
0.0
0.0
0.0
10.0
0.0
0.0
0.0
0.0
0.0
0.0
0.0
23.0
0.0
0.0
0.0
0.0
0.0
0.0
0.0
29.0
8.0
9.0
0.0
14.0
0.0
0.0
0.0
1.0
2.0
0.0
0.0
0.0
0.0
0.0
0.0
11.0
1.0
0.0
0.0
0.0
1.0
0.0
0.0
1.0
0.0
24.0
0.0
0.0
0.0
0.0
0.0
0.0
0.0
9.0
0.0
0.0
0.0
0.0
0.0
0.0
0.0
0.0
15.0
0.0
0.0
0.0
0.0
0.0
27.0
0.0
0.0
0.0
0.0
0.0
0.0
56.0
0.0
0.0
1.0
0.0
0.0
0.0
0.0
1.0
8.0
3.0
0.0
0.0
1.0
0.0
0.0
0.0
0.0
8.0
0.0
15.0
0.0
0.0
20.0
0.0
0.0
0.0
0.0
0.0
0.0
0.0
0.0
0.0
1.0
0.0
0.0
0.0
0.0
0.0
0.0
0.0
0.0
0.0
0.0
0.0
35.0
0.0
0.0
0.0
0.0
0.0
0.0
0.0
0.0
97.0
0.0
0.0
0.0
0.0
3.0
0.0
0.0
0.0
0.0
0.0
1.0
0.0
29.0
0.0
3.0
0.0
1.0
0.0
0.0
0.0
0.0
0.0
21.0
0.0
0.0
0.0
0.0
0.0
0.0
0.0
21.0
0.0
0.0
1.0
1.0
0.0
0.0
0.0
0.0
0.0
3.0
0.0
0.0
0.0
0.0
1.0
0.0
0.0
1.0
47.0
2.0
1.0
0.0
0.0
2.0
0.0
5.0
0.0
0.0
0.0
41.0
0.0
17.0
0.0
13.0
0.0
0.0
2.0
0.0
0.0
0.0
0.0
1.0
1.0
0.0
0.0
0.0
0.0
0.0
0.0
0.0
0.0
0.0
0.0
0.0
0.0
16.0
0.0
0.0
0.0
0.0
0.0
0.0
1.0
0.0
0.0
0.0
0.0
0.0
0.0
2.0
18.0
0.0
1.0
0.0
0.0
1.0
0.0
0.0
2.0
0.0
0.0
0.0
0.0
36.0
3.0
4.0
1.0
0.0
2.0
0.0
0.0
0.0
1.0
0.0
0.0
0.0
2.0
0.0
1.0
0.0
0.0
0.0
0.0
0.0
0.0
0.0
0.0
0.0
0.0
0.0
0.0
0.0
3.0
0.0
3.0
0.0
0.0
0.0
0.0
0.0
0.0
0.0
0.0
0.0
0.0
2.0
1.0
4.0
2.0
0.0
0.0
1.0
0.0
0.0
2.0
0.0
0.0
0.0
1.0
0.0
0.0
0.0
0.0
0.0
4.0
0.0
0.0
0.0
0.0
0.0
0.0
9.0
0.0
0.0
10.0
0.0
0.0
0.0
0.0
0.0
0.0
0.0
0.0
0.0
0.0
0.0
0.0
0.0
0.0
0.0
0.0
0.0
0.0
0.0
0.0
7.0
1.0
0.0
2.0
2.0
0.0
0.0
0.0
0.0
0.0
0.0
0.0
26.0
0.0
0.0
0.0
0.0
0.0
0.0
0.0
0.0
6.0
0.0
0.0
5.0
0.0
0.0
0.0
1.0
0.0
1.0
1.0
1.0
0.0
0.0
0.0
0.0
2.0
0.0
0.0
0.0
12.0
0.0
0.0
0.0
0.0
0.0
0.0
0.0
1.0
0.0
0.0
0.0
1.0
0.0
0.0
0.0
0.0
0.0
0.0
6.0
13.0
0.0
0.0
0.0
1.0
0.0
2.0
0.0
0.0
0.0
0.0
7.0
0.0
1.0
0.0
0.0
0.0
0.0
0.0
0.0
11.0
0.0
0.0
0.0
0.0
0.0
0.0
0.0
0.0
3.0
0.0
0.0
0.0
0.0
12.0
7.0
1.0
0.0
0.0
0.0
1.0
0.0
0.0
1.0
1.0
1.0
1.0
0.0
0.0
0.0
0.0
4.0
0.0
0.0
6.0
0.0
0.0
0.0
0.0
0.0
0.0
0.0
5.0
0.0
0.0
0.0
8.0
0.0
0.0
0.0
4.0
0.0
2.0
1.0
0.0
0.0
4.0
0.0
0.0
0.0
2.0
18.0
0.0
0.0
0.0
0.0
3.0
0.0
0.0
0.0
0.0
0.0
0.0
2.0
0.0
35.0
0.0
0.0
0.0
0.0
2.0
1.0
0.0
0.0
0.0
0.0
0.0
1.0
6.0
0.0
0.0
0.0
1.0
4.0
0.0
6.0
0.0
1.0
0.0
0.0
1.0
0.0
0.0
0.0
14.0
0.0
4.0
4.0
4.0
1.0
0.0
0.0
0.0
0.0
0.0
3.0
9.0
0.0
21.0
1.0
0.0
0.0
0.0
2.0
0.0
4.0
0.0
1.0
7.0
0.0
4.0
0.0
0.0
0.0
15.0
0.0
0.0
0.0
1.0
1.0
6.0
0.0
0.0
1.0
0.0
2.0
0.0
0.0
0.0
0.0
1.0
7.0
13.0
0.0
7.0
1.0
0.0
0.0
0.0
0.0
8.0
3.0
0.0
10.0
0.0
1.0
4.0
0.0
0.0
9.0
0.0
0.0
0.0
0.0
0.0
0.0
5.0
0.0
0.0
12.0
0.0
1.0
0.0
0.0
0.0
3.0
1.0
1.0
4.0
0.0
0.0
0.0
0.0
2.0
3.0
0.0
0.0
0.0
0.0
10.0
0.0
0.0
0.0
0.0
0.0
2.0
0.0
4.0
5.0
0.0
15.0
6.0
0.0
0.0
0.0
10.0
0.0
5.0
0.0
0.0
0.0
0.0
0.0
6.0
0.0
0.0
0.0
0.0
0.0
0.0
0.0
1.0
13.0
0.0
0.0
0.0
2.0
0.0
6.0
0.0
2.0
0.0
0.0
0.0
0.0
24.0
2.0
0.0
6.0
0.0
1.0
1.0
1.0
0.0
1.0
2.0
0.0
0.0
0.0
0.0
8.0
5.0
0.0
13.0
18.0
0.0
0.0
16.0
22.0
0.0
0.0
4.0
0.0
0.0
0.0
0.0
4.0
2.0
0.0
3.0
0.0
0.0
0.0
17.0
0.0
5.0
0.0
0.0
0.0
24.0
0.0
2.0
5.0
0.0
18.0
0.0
0.0
0.0
0.0
0.0
0.0
1.0
0.0
0.0
0.0
0.0
0.0
1.0
0.0
13.0
9.0
0.0
1.0
0.0
0.0
0.0
0.0
0.0
0.0
0.0
4.0
0.0
0.0
1.0
4.0
0.0
0.0
0.0
0.0
0.0
0.0
0.0
0.0
0.0
3.0
0.0
0.0
12.0
6.0
11.0
0.0
0.0
0.0
0.0
0.0
0.0
2.0
25.0
0.0
2.0
0.0
5.0
27.0
0.0
18.0
1.0
0.0
2.0
2.0
0.0
0.0
0.0
0.0
0.0
6.0
0.0
0.0
2.0
0.0
0.0
6.0
1.0
15.0
0.0
1.0
0.0
0.0
15.0
0.0
0.0
17.0
0.0
3.0
0.0
0.0
0.0
0.0
0.0
0.0
0.0
2.0
0.0
0.0
0.0
6.0
0.0
2.0
0.0
0.0
0.0
0.0
0.0
0.0
6.0
6.0
0.0
0.0
1.0
1.0
0.0
0.0
7.0
1.0
1.0
1.0
1.0
0.0
0.0
22.0
0.0
0.0
0.0
0.0
0.0
1.0
0.0
0.0
0.0
8.0
0.0
0.0
0.0
0.0
0.0
1.0
0.0
0.0
8.0
5.0
0.0
0.0
0.0
7.0
0.0
0.0
5.0
0.0
7.0
10.0
0.0
12.0
7.0
0.0
0.0
0.0
0.0
0.0
5.0
9.0
1.0
0.0
0.0
6.0
9.0
6.0
0.0
0.0
0.0
0.0
0.0
0.0
10.0
5.0
11.0
1.0
1.0
7.0
0.0
0.0
0.0
0.0
0.0
18.0
0.0
0.0
3.0
0.0
2.0
0.0
5.0
0.0
16.0
0.0
4.0
8.0
3.0
0.0
7.0
0.0
0.0
5.0
0.0
23.0
2.0
0.0
0.0
0.0
0.0
5.0
0.0
1.0
0.0
1.0
0.0
0.0
14.0
0.0
19.0
12.0
16.0
0.0
0.0
8.0
7.0
0.0
0.0
0.0
1.0
0.0
0.0
0.0
0.0
15.0
2.0
0.0
0.0
0.0
0.0
15.0
10.0
0.0
0.0
0.0
0.0
6.0
0.0
1.0
0.0
0.0
1.0
0.0
0.0
0.0
8.0
0.0
0.0
4.0
1.0
23.0
0.0
0.0
1.0
4.0
0.0
11.0
5.0
2.0
5.0
0.0
0.0
11.0
3.0
0.0
7.0
0.0
18.0
0.0
0.0
0.0
2.0
0.0
0.0
4.0
3.0
0.0
0.0
0.0
2.0
4.0
4.0
13.0
2.0
0.0
4.0
3.0
0.0
7.0
32.0
0.0
6.0
0.0
0.0
0.0
2.0
0.0
4.0
1.0
0.0
0.0
0.0
2.0
7.0
20.0
0.0
1.0
0.0
0.0
0.0
0.0
0.0
0.0
0.0
0.0
15.0
15.0
0.0
0.0
5.0
0.0
9.0
0.0
6.0
14.0
2.0
0.0
0.0
4.0
4.0
0.0
0.0
0.0
0.0
44.0
0.0
25.0
28.0
0.0
0.0
0.0
11.0
0.0
18.0
0.0
0.0
5.0
0.0
5.0
3.0
0.0
0.0
0.0
26.0
1.0
0.0
2.0
0.0
2.0
4.0
9.0
0.0
0.0
0.0
0.0
0.0
4.0
0.0
0.0
4.0
0.0
3.0
19.0
0.0
0.0
0.0
2.0
0.0
0.0
0.0
2.0
3.0
36.0
0.0
0.0
2.0
1.0
4.0
8.0
0.0
1.0
7.0
2.0
29.0
0.0
7.0
2.0
0.0
6.0
3.0
0.0
0.0
0.0
0.0
0.0
0.0
2.0
2.0
0.0
3.0
0.0
0.0
0.0
1.0
0.0
11.0
15.0
2.0
1.0
0.0
1.0
0.0
0.0
7.0
0.0
1.0
1.0
5.0
0.0
0.0
0.0
0.0
0.0
0.0
0.0
0.0
3.0
2.0
1.0
28.0
3.0
0.0
0.0
1.0
2.0
2.0
9.0
0.0
2.0
2.0
0.0
0.0
16.0
3.0
0.0
0.0
24.0
2.0
1.0
0.0
0.0
3.0
1.0
0.0
13.0
9.0
16.0
0.0
13.0
0.0
6.0
0.0
3.0
0.0
1.0
0.0
0.0
0.0
0.0
3.0
1.0
2.0
2.0
3.0
0.0
0.0
8.0
2.0
9.0
0.0
1.0
1.0
4.0
0.0
3.0
6.0
0.0
0.0
0.0
1.0
0.0
1.0
0.0
6.0
3.0
0.0
1.0
1.0
2.0
1.0
0.0
0.0
1.0
1.0
0.0
2.0
0.0
3.0
7.0
7.0
2.0
0.0
2.0
0.0
1.0
0.0
0.0
0.0
2.0
3.0
1.0
3.0
0.0
0.0
0.0
2.0
0.0
3.0
0.0
1.0
1.0
1.0
1.0
0.0
1.0
0.0
1.0
0.0
0.0
9.0
0.0
3.0
0.0
11.0
9.0
0.0
2.0
0.0
2.0
0.0
3.0
7.0
1.0
3.0
0.0
1.0
0.0
7.0
0.0
0.0
1.0
0.0
1.0
0.0
16.0
6.0
0.0
0.0
0.0
0.0
4.0
5.0
1.0
4.0
4.0
0.0
0.0
0.0
0.0
1.0
0.0
0.0
3.0
0.0
2.0
3.0
0.0
4.0
0.0
1.0
0.0
0.0
1.0
0.0
5.0
0.0
0.0
0.0
1.0
2.0
3.0
1.0
5.0
0.0
8.0
0.0
4.0
0.0
13.0
1.0
2.0
0.0
1.0
0.0
3.0
0.0
3.0
0.0
3.0
0.0
0.0
4.0
0.0
1.0
2.0
0.0
1.0
0.0
1.0
8.0
0.0
1.0
0.0
0.0
0.0
3.0
1.0
1.0
2.0
0.0
0.0
6.0
0.0
5.0
4.0
5.0
6.0
0.0
2.0
0.0
0.0
0.0
4.0
0.0
1.0
0.0
0.0
3.0
5.0
0.0
3.0
10.0
4.0
0.0
2.0
0.0
11.0
7.0
0.0
0.0
1.0
3.0
7.0
1.0
8.0
0.0
1.0
0.0
5.0
0.0
2.0
0.0
5.0
3.0
2.0
3.0
0.0
8.0
0.0
0.0
0.0
3.0
2.0
6.0
0.0
1.0
9.0
0.0
6.0
2.0
1.0
3.0
0.0
2.0
5.0
0.0
0.0
3.0
0.0
4.0
18.0
2.0
0.0
0.0
4.0
2.0
7.0
0.0
0.0
2.0
9.0
21.0
0.0
0.0
2.0
0.0
6.0
4.0
3.0
6.0
0.0
16.0
0.0
0.0
0.0
8.0
1.0
10.0
5.0
1.0
0.0
6.0
1.0
0.0
0.0
4.0
0.0
4.0
4.0
0.0
0.0
0.0
1.0
5.0
0.0
0.0
1.0
10.0
2.0
0.0
2.0
0.0
2.0
8.0
6.0
0.0
0.0
0.0
0.0
0.0
0.0
1.0
5.0
6.0
7.0
1.0
0.0
2.0
5.0
0.0
7.0
9.0
6.0
2.0
0.0
16.0
7.0
0.0
7.0
1.0
0.0
1.0
0.0
0.0
0.0
0.0
4.0
4.0
0.0
14.0
0.0
1.0
0.0
0.0
0.0
19.0
3.0
0.0
0.0
0.0
3.0
0.0
0.0
1.0
4.0
4.0
1.0
5.0
1.0
0.0
3.0
0.0
6.0
2.0
0.0
0.0
3.0
9.0
0.0
4.0
0.0
0.0
3.0
7.0
2.0
0.0
5.0
0.0
0.0
0.0
7.0
0.0
1.0
1.0
0.0
0.0
6.0
0.0
0.0
0.0
1.0
0.0
0.0
5.0
0.0
2.0
1.0
14.0
7.0
2.0
0.0
0.0
0.0
6.0
0.0
0.0
0.0
0.0
9.0
1.0
3.0
13.0
0.0
7.0
2.0
0.0
1.0
4.0
7.0
0.0
4.0
1.0
17.0
6.0
3.0
0.0
0.0
4.0
0.0
3.0
11.0
17.0
2.0
13.0
0.0
0.0
7.0
4.0
0.0
0.0
3.0
0.0
9.0
0.0
2.0
17.0
0.0
3.0
25.0
2.0
2.0
3.0
0.0
12.0
0.0
5.0
2.0
5.0
3.0
1.0
0.0
4.0
0.0
2.0
0.0
14.0
0.0
3.0
8.0
0.0
0.0
1.0
0.0
7.0
6.0
0.0
29.0
19.0
7.0
1.0
0.0
8.0
0.0
5.0
6.0
1.0
5.0
0.0
15.0
5.0
3.0
4.0
2.0
6.0
9.0
2.0
15.0
14.0
6.0
0.0
0.0
0.0
6.0
9.0
1.0
1.0
0.0
5.0
0.0
9.0
4.0
3.0
0.0
3.0
0.0
1.0
4.0
0.0
2.0
0.0
1.0
4.0
8.0
0.0
4.0
1.0
2.0
13.0
0.0
10.0
0.0
1.0
1.0
5.0
2.0
0.0
0.0
0.0
10.0
0.0
4.0
4.0
0.0
15.0
1.0
14.0
2.0
0.0
0.0
1.0
0.0
0.0
0.0
2.0
0.0
1.0
9.0
2.0
12.0
7.0
1.0
2.0
0.0
15.0
1.0
1.0
7.0
9.0
0.0
7.0
1.0
4.0
11.0
0.0
2.0
0.0
4.0
3.0
2.0
0.0
0.0
2.0
0.0
4.0
18.0
5.0
3.0
5.0
2.0
0.0
0.0
4.0
3.0
0.0
0.0
2.0
5.0
0.0
2.0
4.0
1.0
18.0
0.0
0.0
6.0
16.0
0.0
0.0
6.0
0.0
1.0
8.0
0.0
0.0
1.0
0.0
16.0
1.0
1.0
3.0
2.0
8.0
4.0
0.0
8.0
0.0
0.0
2.0
8.0
13.0
6.0
3.0
0.0
0.0
1.0
0.0
0.0
0.0
0.0
0.0
13.0
0.0
0.0
12.0
4.0
4.0
0.0
10.0
1.0
0.0
11.0
1.0
2.0
0.0
1.0
12.0
3.0
0.0
6.0
3.0
3.0
1.0
0.0
5.0
2.0
2.0
7.0
0.0
0.0
4.0
23.0
4.0
0.0
11.0
1.0
1.0
1.0
12.0
1.0
1.0
0.0
0.0
0.0
10.0
0.0
10.0
2.0
1.0
1.0
1.0
5.0
5.0
1.0
3.0
1.0
3.0
0.0
8.0
0.0
3.0
15.0
0.0
18.0
0.0
2.0
8.0
0.0
3.0
1.0
3.0
3.0
0.0
9.0
0.0
16.0
1.0
1.0
0.0
11.0
1.0
2.0
2.0
2.0
7.0
13.0
0.0
9.0
4.0
0.0
14.0
0.0
2.0
4.0
0.0
0.0
0.0
5.0
3.0
0.0
2.0
5.0
30.0
1.0
5.0
12.0
0.0
0.0
2.0
0.0
1.0
1.0
2.0
0.0
0.0
2.0
0.0
5.0
1.0
5.0
0.0
5.0
2.0
1.0
1.0
2.0
4.0
1.0
2.0
0.0
0.0
0.0
0.0
13.0
6.0
1.0
0.0
8.0
2.0
23.0
0.0
0.0
8.0
1.0
10.0
3.0
5.0
7.0
0.0
19.0
0.0
0.0
4.0
5.0
1.0
0.0
6.0
2.0
0.0
0.0
0.0
8.0
0.0
8.0
0.0
7.0
1.0
0.0
0.0
3.0
2.0
8.0
1.0
1.0
10.0
1.0
9.0
15.0
1.0
2.0
0.0
0.0
2.0
0.0
0.0
1.0
7.0
10.0
5.0
2.0
4.0
0.0
0.0
0.0
22.0
4.0
0.0
14.0
2.0
1.0
1.0
0.0
0.0
5.0
0.0
0.0
5.0
11.0
2.0
8.0
5.0
1.0
0.0
5.0
8.0
0.0
3.0
5.0
1.0
2.0
12.0
12.0
4.0
4.0
0.0
14.0
10.0
4.0
4.0
1.0
0.0
2.0
5.0
1.0
1.0
2.0
0.0
10.0
1.0
0.0
2.0
1.0
0.0
10.0
2.0
0.0
0.0
4.0
0.0
4.0
27.0
2.0
4.0
0.0
7.0
2.0
0.0
0.0
1.0
2.0
1.0
2.0
7.0
6.0
5.0
7.0
1.0
1.0
0.0
0.0
3.0
0.0
1.0
1.0
0.0
5.0
4.0
6.0
1.0
6.0
3.0
0.0
5.0
17.0
1.0
3.0
3.0
4.0
0.0
0.0
1.0
1.0
0.0
0.0
1.0
6.0
4.0
1.0
6.0
8.0
4.0
6.0
2.0
5.0
5.0
1.0
6.0
0.0
0.0
0.0
0.0
0.0
5.0
0.0
6.0
1.0
0.0
0.0
4.0
0.0
3.0
4.0
0.0
7.0
0.0
4.0
2.0
0.0
8.0
0.0
5.0
1.0
1.0
4.0
0.0
2.0
2.0
0.0
1.0
1.0
0.0
17.0
4.0
0.0
9.0
4.0
1.0
2.0
0.0
0.0
7.0
0.0
4.0
1.0
1.0
3.0
1.0
11.0
2.0
0.0
1.0
3.0
1.0
3.0
7.0
3.0
5.0
9.0
1.0
7.0
0.0
6.0
7.0
0.0
4.0
5.0
5.0
4.0
0.0
0.0
0.0
0.0
1.0
0.0
8.0
0.0
0.0
0.0
5.0
4.0
9.0
10.0
0.0
2.0
3.0
5.0
5.0
0.0
0.0
0.0
0.0
0.0
2.0
5.0
2.0
2.0
8.0
9.0
12.0
2.0
6.0
1.0
7.0
4.0
4.0
2.0
0.0
5.0
7.0
0.0
0.0
10.0
6.0
0.0
2.0
1.0
1.0
1.0
0.0
0.0
0.0
0.0
2.0
6.0
4.0
3.0
0.0
1.0
5.0
0.0
0.0
3.0
0.0
12.0
12.0
0.0
1.0
4.0
3.0
4.0
0.0
3.0
9.0
9.0
12.0
1.0
3.0
5.0
0.0
10.0
10.0
1.0
2.0
0.0
0.0
2.0
0.0
15.0
0.0
2.0
10.0
3.0
2.0
3.0
2.0
6.0
0.0
4.0
2.0
0.0
3.0
6.0
2.0
2.0
4.0
10.0
6.0
0.0
3.0
9.0
4.0
5.0
1.0
5.0
3.0
2.0
0.0
8.0
2.0
9.0
18.0
6.0
2.0
0.0
8.0
0.0
5.0
0.0
4.0
0.0
10.0
3.0
7.0
2.0
0.0
11.0
2.0
0.0
4.0
3.0
1.0
11.0
8.0
2.0
0.0
0.0
9.0
0.0
14.0
8.0
9.0
7.0
1.0
0.0
0.0
2.0
2.0
2.0
7.0
0.0
6.0
9.0
1.0
11.0
27.0
0.0
0.0
7.0
4.0
3.0
2.0
4.0
0.0
1.0
1.0
9.0
2.0
1.0
2.0
0.0
14.0
5.0
10.0
8.0
4.0
0.0
2.0
1.0
0.0
0.0
2.0
13.0
1.0
18.0
7.0
0.0
0.0
5.0
11.0
1.0
0.0
2.0
1.0
0.0
3.0
0.0
11.0
0.0
11.0
0.0
2.0
6.0
1.0
2.0
3.0
1.0
16.0
1.0
0.0
1.0
1.0
4.0
13.0
4.0
7.0
1.0
0.0
3.0
0.0
10.0
0.0
11.0
0.0
0.0
6.0
0.0
6.0
1.0
0.0
4.0
1.0
10.0
5.0
9.0
3.0
10.0
9.0
0.0
4.0
0.0
1.0
0.0
3.0
0.0
8.0
2.0
0.0
2.0
0.0
7.0
2.0
19.0
3.0
4.0
0.0
8.0
0.0
0.0
2.0
1.0
1.0
1.0
0.0
12.0
5.0
0.0
6.0
5.0
2.0
10.0
8.0
0.0
2.0
2.0
4.0
0.0
2.0
9.0
4.0
0.0
14.0
1.0
0.0
0.0
9.0
14.0
2.0
5.0
1.0
0.0
1.0
4.0
0.0
1.0
11.0
11.0
5.0
6.0
9.0
3.0
0.0
7.0
1.0
2.0
3.0
0.0
0.0
6.0
0.0
1.0
0.0
0.0
3.0
0.0
4.0
6.0
4.0
4.0
0.0
1.0
0.0
0.0
3.0
0.0
14.0
4.0
11.0
0.0
3.0
3.0
5.0
1.0
0.0
3.0
0.0
0.0
2.0
0.0
19.0
5.0
1.0
2.0
0.0
2.0
0.0
0.0
0.0
3.0
1.0
0.0
2.0
18.0
2.0
8.0
1.0
2.0
4.0
0.0
0.0
6.0
2.0
0.0
0.0
3.0
6.0
17.0
6.0
7.0
7.0
3.0
5.0
1.0
3.0
0.0
0.0
0.0
5.0
17.0
2.0
25.0
21.0
2.0
12.0
1.0
8.0
7.0
2.0
1.0
2.0
1.0
1.0
2.0
7.0
6.0
0.0
18.0
9.0
0.0
6.0
8.0
0.0
3.0
12.0
10.0
8.0
1.0
8.0
3.0
0.0
2.0
1.0
3.0
12.0
4.0
0.0
9.0
0.0
0.0
11.0
0.0
13.0
0.0
13.0
3.0
4.0
9.0
6.0
0.0
0.0
1.0
18.0
9.0
0.0
1.0
9.0
0.0
2.0
5.0
1.0
0.0
4.0
19.0
12.0
0.0
8.0
3.0
21.0
5.0
1.0
1.0
2.0
0.0
4.0
2.0
1.0
0.0
1.0
2.0
16.0
6.0
0.0
6.0
5.0
4.0
10.0
1.0
9.0
1.0
12.0
0.0
0.0
10.0
0.0
0.0
2.0
9.0
3.0
1.0
2.0
1.0
1.0
2.0
16.0
2.0
12.0
6.0
3.0
3.0
8.0
5.0
9.0
3.0
8.0
0.0
0.0
6.0
1.0
11.0
0.0
2.0
23.0
1.0
4.0
0.0
0.0
1.0
0.0
4.0
11.0
7.0
0.0
3.0
4.0
2.0
5.0
14.0
1.0
8.0
6.0
0.0
0.0
10.0
2.0
11.0
1.0
1.0
4.0
2.0
0.0
0.0
1.0
0.0
15.0
16.0
14.0
0.0
5.0
0.0
0.0
15.0
2.0
6.0
0.0
2.0
10.0
2.0
1.0
0.0
1.0
0.0
0.0
8.0
2.0
19.0
18.0
1.0
11.0
0.0
0.0
7.0
0.0
0.0
2.0
0.0
0.0
0.0
11.0
6.0
5.0
0.0
10.0
20.0
25.0
0.0
5.0
4.0
0.0
0.0
9.0
0.0
7.0
4.0
0.0
0.0
3.0
1.0
5.0
2.0
2.0
1.0
0.0
5.0
1.0
8.0
2.0
6.0
4.0
13.0
1.0
5.0
1.0
0.0
0.0
2.0
9.0
12.0
2.0
5.0
2.0
3.0
0.0
1.0
21.0
0.0
6.0
1.0
1.0
2.0
3.0
1.0
1.0
4.0
6.0
0.0
0.0
4.0
0.0
0.0
2.0
8.0
2.0
6.0
0.0
3.0
5.0
6.0
6.0
2.0
0.0
2.0
2.0
5.0
1.0
0.0
2.0
0.0
10.0
2.0
1.0
20.0
18.0
0.0
0.0
3.0
5.0
0.0
6.0
7.0
6.0
8.0
14.0
0.0
5.0
0.0
5.0
2.0
16.0
4.0
0.0
4.0
0.0
11.0
35.0
2.0
3.0
0.0
1.0
0.0
0.0
4.0
0.0
3.0
10.0
3.0
0.0
3.0
8.0
0.0
3.0
3.0
2.0
5.0
26.0
7.0
22.0
2.0
2.0
13.0
0.0
0.0
2.0
11.0
1.0
7.0
6.0
4.0
0.0
2.0
1.0
5.0
4.0
0.0
7.0
5.0
5.0
7.0
2.0
1.0
0.0
14.0
3.0
5.0
8.0
5.0
2.0
4.0
5.0
0.0
3.0
1.0
0.0
2.0
3.0
3.0
0.0
0.0
18.0
0.0
2.0
2.0
0.0
6.0
16.0
0.0
7.0
0.0
1.0
6.0
2.0
4.0
0.0
0.0
2.0
12.0
13.0
6.0
1.0
9.0
6.0
0.0
0.0
8.0
7.0
7.0
5.0
9.0
1.0
2.0
1.0
3.0
0.0
9.0
0.0
7.0
0.0
6.0
1.0
0.0
3.0
4.0
2.0
1.0
1.0
0.0
10.0
3.0
0.0
14.0
5.0
2.0
7.0
7.0
3.0
8.0
4.0
0.0
30.0
0.0
2.0
4.0
7.0
5.0
1.0
5.0
1.0
7.0
9.0
0.0
3.0
8.0
0.0
0.0
4.0
0.0
1.0
2.0
8.0
3.0
4.0
7.0
13.0
0.0
4.0
1.0
3.0
3.0
9.0
2.0
1.0
8.0
6.0
1.0
3.0
0.0
0.0
1.0
1.0
0.0
7.0
6.0
0.0
2.0
4.0
2.0
1.0
0.0
7.0
5.0
0.0
10.0
11.0
7.0
11.0
0.0
3.0
1.0
6.0
19.0
1.0
13.0
0.0
0.0
4.0
0.0
1.0
17.0
10.0
0.0
4.0
5.0
2.0
1.0
4.0
3.0
0.0
8.0
2.0
2.0
1.0
0.0
12.0
2.0
2.0
3.0
4.0
12.0
6.0
6.0
7.0
2.0
8.0
10.0
0.0
5.0
7.0
0.0
0.0
2.0
3.0
0.0
11.0
2.0
0.0
6.0
6.0
22.0
3.0
20.0
6.0
6.0
0.0
4.0
2.0
0.0
0.0
1.0
7.0
1.0
3.0
0.0
2.0
0.0
3.0
0.0
0.0
2.0
0.0
0.0
4.0
9.0
4.0
2.0
5.0
4.0
1.0
0.0
12.0
0.0
3.0
16.0
2.0
0.0
1.0
0.0
4.0
3.0
2.0
0.0
3.0
0.0
1.0
4.0
17.0
12.0
2.0
28.0
2.0
5.0
4.0
2.0
3.0
3.0
0.0
0.0
2.0
1.0
5.0
14.0
5.0
16.0
5.0
12.0
8.0
1.0
1.0
0.0
4.0
3.0
3.0
0.0
0.0
12.0
14.0
1.0
3.0
3.0
1.0
4.0
4.0
0.0
1.0
10.0
1.0
2.0
3.0
6.0
13.0
0.0
11.0
4.0
17.0
5.0
9.0
13.0
1.0
1.0
0.0
0.0
14.0
1.0
6.0
0.0
5.0
2.0
1.0
1.0
6.0
0.0
10.0
2.0
10.0
9.0
12.0
0.0
5.0
0.0
3.0
4.0
0.0
0.0
16.0
1.0
1.0
2.0
3.0
0.0
19.0
1.0
7.0
1.0
3.0
7.0
9.0
0.0
5.0
2.0
0.0
0.0
7.0
3.0
0.0
4.0
6.0
3.0
0.0
24.0
7.0
14.0
2.0
10.0
1.0
5.0
1.0
13.0
8.0
2.0
13.0
1.0
0.0
22.0
7.0
1.0
5.0
13.0
1.0
4.0
5.0
0.0
5.0
17.0
1.0
0.0
6.0
0.0
4.0
1.0
8.0
8.0
18.0
4.0
2.0
19.0
0.0
5.0
1.0
0.0
0.0
2.0
2.0
5.0
18.0
1.0
2.0
5.0
0.0
7.0
3.0
1.0
0.0
0.0
3.0
0.0
1.0
10.0
2.0
0.0
7.0
10.0
4.0
0.0
11.0
0.0
9.0
3.0
10.0
9.0
4.0
0.0
2.0
1.0
13.0
0.0
4.0
0.0
11.0
6.0
6.0
6.0
4.0
0.0
3.0
1.0
7.0
1.0
6.0
4.0
3.0
30.0
1.0
4.0
0.0
18.0
8.0
4.0
6.0
5.0
16.0
6.0
17.0
0.0
1.0
3.0
0.0
6.0
2.0
0.0
1.0
6.0
5.0
0.0
1.0
6.0
24.0
3.0
0.0
1.0
7.0
21.0
3.0
0.0
5.0
1.0
2.0
8.0
2.0
0.0
12.0
1.0
8.0
0.0
5.0
10.0
5.0
4.0
21.0
6.0
0.0
0.0
13.0
2.0
0.0
8.0
8.0
2.0
2.0
0.0
0.0
3.0
3.0
4.0
0.0
11.0
3.0
5.0
7.0
2.0
0.0
0.0
0.0
1.0
7.0
1.0
0.0
8.0
2.0
19.0
0.0
1.0
1.0
5.0
10.0
1.0
1.0
3.0
0.0
3.0
4.0
0.0
1.0
0.0
2.0
2.0
2.0
4.0
13.0
1.0
7.0
9.0
1.0
10.0
6.0
0.0
5.0
10.0
2.0
3.0
4.0
0.0
1.0
3.0
1.0
5.0
0.0
12.0
0.0
2.0
10.0
2.0
14.0
1.0
0.0
5.0
6.0
1.0
21.0
0.0
3.0
1.0
2.0
0.0
0.0
8.0
3.0
5.0
3.0
0.0
2.0
0.0
7.0
0.0
11.0
0.0
4.0
0.0
1.0
30.0
5.0
13.0
0.0
14.0
0.0
1.0
7.0
3.0
0.0
0.0
0.0
26.0
0.0
3.0
3.0
1.0
1.0
0.0
21.0
7.0
0.0
0.0
5.0
14.0
0.0
2.0
5.0
2.0
2.0
9.0
2.0
4.0
0.0
5.0
7.0
1.0
0.0
0.0
0.0
0.0
12.0
14.0
6.0
3.0
0.0
1.0
22.0
9.0
3.0
17.0
17.0
11.0
0.0
0.0
31.0
0.0
7.0
5.0
0.0
0.0
4.0
2.0
1.0
7.0
0.0
0.0
14.0
3.0
5.0
22.0
18.0
12.0
11.0
0.0
1.0
0.0
1.0
0.0
8.0
2.0
3.0
0.0
2.0
11.0
3.0
1.0
4.0
1.0
2.0
4.0
4.0
1.0
1.0
1.0
11.0
4.0
13.0
2.0
0.0
1.0
1.0
21.0
1.0
46.0
0.0
22.0
9.0
15.0
2.0
3.0
0.0
7.0
1.0
2.0
1.0
3.0
7.0
0.0
1.0
1.0
8.0
19.0
11.0
4.0
7.0
1.0
0.0
15.0
6.0
0.0
1.0
1.0
5.0
3.0
12.0
10.0
4.0
5.0
10.0
1.0
5.0
13.0
2.0
5.0
18.0
5.0
1.0
16.0
0.0
8.0
10.0
19.0
0.0
0.0
1.0
3.0
1.0
15.0
5.0
3.0
10.0
5.0
1.0
1.0
1.0
1.0
12.0
0.0
4.0
5.0
3.0
6.0
22.0
1.0
1.0
5.0
0.0
0.0
2.0
6.0
0.0
0.0
1.0
3.0
1.0
1.0
1.0
4.0
1.0
5.0
12.0
7.0
1.0
0.0
1.0
4.0
2.0
0.0
16.0
9.0
9.0
1.0
8.0
1.0
0.0
16.0
15.0
13.0
4.0
4.0
15.0
2.0
4.0
1.0
1.0
0.0
2.0
0.0
0.0
0.0
4.0
6.0
6.0
0.0
2.0
6.0
3.0
3.0
0.0
3.0
14.0
5.0
0.0
14.0
7.0
1.0
8.0
12.0
1.0
0.0
3.0
4.0
6.0
30.0
1.0
3.0
0.0
0.0
10.0
0.0
3.0
9.0
7.0
0.0
4.0
1.0
6.0
13.0
3.0
8.0
1.0
0.0
7.0
6.0
35.0
10.0
3.0
1.0
0.0
2.0
3.0
8.0
7.0
4.0
1.0
38.0
8.0
4.0
0.0
11.0
7.0
18.0
1.0
5.0
0.0
1.0
37.0
3.0
2.0
1.0
0.0
6.0
0.0
4.0
2.0
1.0
1.0
8.0
12.0
12.0
8.0
6.0
6.0
0.0
0.0
1.0
2.0
5.0
0.0
0.0
1.0
1.0
7.0
4.0
0.0
0.0
0.0
1.0
4.0
5.0
1.0
3.0
2.0
1.0
0.0
8.0
0.0
2.0
0.0
5.0
2.0
6.0
0.0
0.0
1.0
1.0
7.0
6.0
26.0
2.0
8.0
4.0
0.0
3.0
6.0
4.0
3.0
0.0
0.0
6.0
2.0
0.0
12.0
9.0
27.0
3.0
6.0
4.0
0.0
0.0
3.0
11.0
0.0
0.0
0.0
0.0
1.0
24.0
11.0
10.0
29.0
3.0
0.0
1.0
8.0
0.0
15.0
0.0
0.0
10.0
2.0
8.0
3.0
6.0
5.0
5.0
19.0
5.0
10.0
0.0
5.0
12.0
10.0
0.0
0.0
10.0
10.0
0.0
3.0
4.0
7.0
8.0
7.0
3.0
6.0
15.0
4.0
0.0
1.0
0.0
1.0
3.0
0.0
3.0
7.0
7.0
2.0
2.0
1.0
2.0
10.0
4.0
11.0
26.0
1.0
5.0
15.0
1.0
5.0
1.0
2.0
0.0
0.0
9.0
0.0
1.0
5.0
3.0
3.0
4.0
2.0
2.0
6.0
5.0
20.0
6.0
2.0
12.0
2.0
8.0
2.0
0.0
0.0
2.0
10.0
27.0
8.0
0.0
0.0
9.0
1.0
2.0
14.0
1.0
3.0
1.0
12.0
28.0
3.0
9.0
2.0
0.0
15.0
0.0
2.0
3.0
18.0
9.0
2.0
3.0
0.0
1.0
0.0
1.0
9.0
7.0
7.0
7.0
18.0
3.0
0.0
0.0
4.0
0.0
4.0
8.0
6.0
0.0
19.0
1.0
5.0
8.0
0.0
3.0
0.0
2.0
0.0
48.0
3.0
10.0
2.0
3.0
21.0
2.0
8.0
0.0
3.0
6.0
0.0
0.0
4.0
1.0
12.0
0.0
1.0
2.0
0.0
2.0
4.0
17.0
0.0
0.0
12.0
0.0
3.0
0.0
12.0
0.0
28.0
0.0
11.0
0.0
0.0
17.0
1.0
11.0
6.0
3.0
4.0
4.0
0.0
13.0
7.0
0.0
0.0
0.0
0.0
35.0
1.0
0.0
9.0
5.0
20.0
16.0
10.0
3.0
8.0
1.0
0.0
15.0
1.0
13.0
8.0
0.0
10.0
1.0
1.0
4.0
5.0
5.0
0.0
2.0
10.0
1.0
12.0
3.0
27.0
0.0
30.0
2.0
3.0
0.0
0.0
8.0
0.0
0.0
9.0
15.0
0.0
8.0
6.0
3.0
10.0
2.0
2.0
3.0
17.0
17.0
5.0
0.0
5.0
1.0
0.0
4.0
13.0
15.0
1.0
0.0
8.0
8.0
1.0
0.0
1.0
0.0
0.0
2.0
0.0
4.0
8.0
0.0
1.0
35.0
1.0
1.0
0.0
1.0
13.0
2.0
0.0
5.0
0.0
0.0
2.0
0.0
8.0
1.0
18.0
14.0
9.0
0.0
13.0
0.0
3.0
41.0
0.0
0.0
1.0
14.0
0.0
2.0
9.0
0.0
2.0
0.0
2.0
1.0
8.0
14.0
2.0
4.0
5.0
1.0
7.0
22.0
4.0
2.0
1.0
0.0
7.0
0.0
13.0
1.0
6.0
1.0
16.0
5.0
0.0
7.0
5.0
15.0
4.0
9.0
0.0
10.0
0.0
8.0
5.0
4.0
32.0
1.0
0.0
11.0
19.0
4.0
1.0
0.0
1.0
6.0
2.0
0.0
0.0
8.0
12.0
18.0
9.0
1.0
4.0
12.0
0.0
5.0
2.0
1.0
0.0
1.0
0.0
4.0
0.0
15.0
0.0
15.0
8.0
0.0
24.0
0.0
53.0
2.0
1.0
1.0
2.0
1.0
6.0
2.0
13.0
0.0
5.0
14.0
3.0
2.0
0.0
0.0
3.0
8.0
0.0
13.0
17.0
6.0
5.0
0.0
10.0
8.0
1.0
0.0
0.0
7.0
0.0
0.0
0.0
0.0
4.0
1.0
3.0
8.0
17.0
5.0
2.0
10.0
1.0
0.0
4.0
0.0
7.0
0.0
0.0
0.0
1.0
2.0
0.0
25.0
1.0
6.0
0.0
0.0
20.0
0.0
3.0
1.0
0.0
2.0
0.0
26.0
3.0
1.0
0.0
6.0
0.0
2.0
0.0
1.0
2.0
6.0
18.0
18.0
23.0
2.0
2.0
1.0
3.0
4.0
12.0
0.0
11.0
0.0
0.0
0.0
14.0
0.0
4.0
25.0
2.0
0.0
15.0
11.0
0.0
0.0
21.0
2.0
6.0
3.0
12.0
1.0
2.0
1.0
0.0
3.0
27.0
3.0
28.0
6.0
5.0
1.0
16.0
5.0
1.0
10.0
22.0
0.0
0.0
1.0
1.0
7.0
2.0
1.0
0.0
0.0
0.0
6.0
15.0
5.0
7.0
0.0
0.0
2.0
3.0
0.0
4.0
10.0
1.0
1.0
3.0
0.0
6.0
2.0
0.0
4.0
3.0
28.0
1.0
15.0
0.0
1.0
6.0
0.0
43.0
0.0
0.0
2.0
8.0
8.0
1.0
4.0
1.0
0.0
4.0
0.0
5.0
5.0
38.0
0.0
0.0
6.0
1.0
1.0
7.0
3.0
0.0
1.0
7.0
2.0
4.0
1.0
1.0
10.0
0.0
3.0
7.0
4.0
1.0
1.0
2.0
4.0
52.0
3.0
7.0
0.0
1.0
4.0
0.0
6.0
0.0
14.0
0.0
3.0
21.0
4.0
51.0
2.0
6.0
4.0
1.0
10.0
2.0
8.0
2.0
0.0
5.0
2.0
3.0
0.0
0.0
0.0
0.0
1.0
4.0
0.0
0.0
2.0
1.0
1.0
10.0
3.0
13.0
49.0
4.0
0.0
2.0
11.0
4.0
0.0
13.0
0.0
0.0
1.0
0.0
0.0
4.0
4.0
42.0
1.0
3.0
1.0
1.0
1.0
0.0
2.0
8.0
2.0
0.0
20.0
0.0
8.0
6.0
8.0
3.0
10.0
5.0
1.0
53.0
1.0
1.0
0.0
6.0
7.0
9.0
0.0
12.0
8.0
7.0
0.0
1.0
0.0
0.0
0.0
1.0
25.0
9.0
0.0
1.0
0.0
0.0
0.0
11.0
13.0
0.0
9.0
21.0
8.0
17.0
9.0
0.0
10.0
5.0
9.0
4.0
0.0
22.0
0.0
27.0
1.0
66.0
2.0
4.0
1.0
0.0
0.0
9.0
1.0
3.0
0.0
0.0
13.0
0.0
4.0
54.0
0.0
1.0
0.0
2.0
0.0
0.0
12.0
15.0
0.0
7.0
0.0
3.0
3.0
0.0
41.0
0.0
2.0
14.0
11.0
0.0
8.0
32.0
6.0
7.0
0.0
1.0
1.0
6.0
8.0
0.0
12.0
0.0
0.0
3.0
0.0
1.0
6.0
18.0
2.0
0.0
8.0
1.0
0.0
6.0
0.0
0.0
1.0
1.0
1.0
35.0
3.0
2.0
3.0
8.0
0.0
3.0
0.0
2.0
0.0
2.0
2.0
2.0
7.0
0.0
15.0
1.0
0.0
0.0
4.0
0.0
3.0
2.0
24.0
0.0
0.0
18.0
76.0
6.0
1.0
0.0
0.0
0.0
3.0
0.0
20.0
4.0
1.0
5.0
4.0
0.0
1.0
11.0
1.0
0.0
5.0
3.0
2.0
1.0
4.0
1.0
14.0
0.0
8.0
1.0
0.0
2.0
1.0
0.0
3.0
15.0
11.0
23.0
10.0
0.0
3.0
0.0
25.0
0.0
8.0
6.0
0.0
0.0
3.0
0.0
5.0
0.0
32.0
0.0
1.0
3.0
0.0
0.0
0.0
4.0
4.0
18.0
16.0
38.0
56.0
2.0
5.0
1.0
8.0
0.0
2.0
5.0
1.0
0.0
0.0
1.0
14.0
3.0
12.0
2.0
0.0
2.0
8.0
9.0
2.0
0.0
8.0
10.0
5.0
0.0
1.0
15.0
1.0
2.0
1.0
0.0
9.0
1.0
2.0
2.0
0.0
0.0
0.0
3.0
4.0
1.0
10.0
2.0
0.0
0.0
0.0
4.0
2.0
1.0
5.0
13.0
6.0
5.0
1.0
20.0
2.0
0.0
0.0
0.0
1.0
20.0
3.0
0.0
42.0
4.0
0.0
0.0
0.0
14.0
10.0
0.0
3.0
0.0
25.0
0.0
3.0
32.0
4.0
2.0
5.0
0.0
0.0
0.0
0.0
10.0
7.0
0.0
1.0
2.0
4.0
0.0
2.0
0.0
0.0
0.0
0.0
0.0
5.0
3.0
0.0
2.0
0.0
23.0
9.0
0.0
1.0
6.0
28.0
0.0
0.0
33.0
0.0
1.0
1.0
7.0
25.0
18.0
7.0
7.0
3.0
2.0
3.0
1.0
0.0
1.0
13.0
31.0
0.0
0.0
0.0
0.0
21.0
4.0
2.0
0.0
0.0
0.0
12.0
7.0
0.0
5.0
0.0
0.0
3.0
6.0
8.0
1.0
1.0
3.0
6.0
9.0
2.0
2.0
26.0
0.0
5.0
7.0
13.0
25.0
16.0
36.0
2.0
0.0
3.0
1.0
8.0
1.0
0.0
0.0
1.0
0.0
0.0
1.0
10.0
4.0
0.0
20.0
0.0
11.0
17.0
10.0
0.0
22.0
1.0
3.0
31.0
0.0
1.0
0.0
2.0
4.0
12.0
1.0
17.0
2.0
1.0
0.0
1.0
3.0
1.0
34.0
0.0
0.0
3.0
1.0
0.0
0.0
1.0
1.0
0.0
12.0
9.0
1.0
24.0
0.0
1.0
0.0
2.0
0.0
31.0
6.0
0.0
0.0
26.0
0.0
2.0
7.0
1.0
0.0
0.0
0.0
0.0
0.0
2.0
0.0
4.0
0.0
6.0
2.0
7.0
0.0
0.0
43.0
27.0
0.0
8.0
0.0
37.0
10.0
0.0
1.0
0.0
6.0
13.0
28.0
4.0
4.0
2.0
5.0
0.0
0.0
4.0
4.0
0.0
0.0
0.0
4.0
1.0
0.0
4.0
0.0
1.0
18.0
0.0
36.0
0.0
2.0
0.0
2.0
3.0
0.0
0.0
0.0
0.0
2.0
46.0
0.0
0.0
0.0
1.0
0.0
0.0
7.0
2.0
10.0
12.0
35.0
1.0
10.0
5.0
2.0
4.0
4.0
3.0
4.0
26.0
1.0
8.0
0.0
1.0
0.0
2.0
2.0
4.0
29.0
1.0
2.0
3.0
6.0
3.0
0.0
5.0
2.0
3.0
2.0
0.0
4.0
22.0
12.0
4.0
2.0
0.0
0.0
5.0
22.0
14.0
1.0
2.0
0.0
42.0
13.0
7.0
0.0
2.0
35.0
2.0
6.0
0.0
0.0
1.0
27.0
13.0
0.0
1.0
0.0
0.0
6.0
2.0
8.0
44.0
1.0
6.0
3.0
0.0
0.0
2.0
3.0
1.0
6.0
1.0
30.0
4.0
0.0
0.0
0.0
2.0
1.0
0.0
18.0
0.0
5.0
4.0
3.0
3.0
21.0
1.0
0.0
1.0
4.0
1.0
49.0
5.0
10.0
8.0
8.0
1.0
3.0
0.0
5.0
21.0
5.0
0.0
0.0
2.0
4.0
5.0
0.0
1.0
4.0
3.0
2.0
53.0
0.0
10.0
0.0
3.0
1.0
2.0
2.0
0.0
0.0
2.0
66.0
7.0
0.0
0.0
1.0
0.0
0.0
0.0
0.0
11.0
1.0
10.0
4.0
17.0
3.0
0.0
18.0
3.0
5.0
7.0
8.0
0.0
3.0
0.0
1.0
5.0
0.0
0.0
0.0
0.0
1.0
0.0
3.0
0.0
2.0
17.0
0.0
0.0
20.0
73.0
12.0
0.0
6.0
2.0
1.0
7.0
1.0
5.0
0.0
1.0
0.0
1.0
56.0
1.0
14.0
2.0
1.0
54.0
0.0
7.0
2.0
0.0
3.0
0.0
2.0
10.0
0.0
0.0
9.0
7.0
2.0
3.0
3.0
9.0
0.0
1.0
16.0
9.0
0.0
1.0
0.0
6.0
18.0
0.0
0.0
1.0
2.0
24.0
1.0
3.0
13.0
0.0
20.0
0.0
1.0
1.0
7.0
0.0
70.0
0.0
0.0
4.0
6.0
17.0
2.0
3.0
2.0
9.0
32.0
1.0
1.0
0.0
1.0
1.0
0.0
4.0
2.0
2.0
29.0
1.0
17.0
2.0
0.0
0.0
11.0
9.0
0.0
0.0
2.0
13.0
5.0
0.0
0.0
0.0
19.0
0.0
6.0
0.0
3.0
18.0
0.0
0.0
2.0
1.0
8.0
2.0
0.0
15.0
2.0
0.0
2.0
0.0
0.0
8.0
1.0
1.0
0.0
1.0
0.0
28.0
9.0
7.0
7.0
1.0
0.0
0.0
1.0
0.0
0.0
5.0
11.0
4.0
12.0
0.0
0.0
11.0
13.0
0.0
12.0
1.0
0.0
0.0
0.0
14.0
0.0
3.0
2.0
14.0
0.0
1.0
0.0
39.0
7.0
131.0
0.0
9.0
1.0
2.0
2.0
0.0
3.0
0.0
2.0
16.0
0.0
3.0
1.0
0.0
2.0
1.0
0.0
0.0
0.0
0.0
0.0
0.0
15.0
9.0
1.0
4.0
3.0
2.0
16.0
0.0
2.0
0.0
4.0
19.0
0.0
0.0
1.0
1.0
2.0
1.0
2.0
0.0
21.0
0.0
1.0
3.0
0.0
0.0
35.0
3.0
0.0
1.0
0.0
3.0
0.0
2.0
0.0
8.0
18.0
3.0
0.0
0.0
2.0
0.0
0.0
1.0
0.0
1.0
0.0
3.0
0.0
0.0
5.0
0.0
4.0
0.0
0.0
0.0
3.0
10.0
8.0
4.0
0.0
108.0
0.0
56.0
4.0
0.0
0.0
0.0
22.0
10.0
9.0
0.0
3.0
7.0
17.0
0.0
0.0
0.0
0.0
3.0
8.0
1.0
24.0
0.0
2.0
6.0
0.0
0.0
37.0
6.0
30.0
1.0
23.0
0.0
2.0
2.0
17.0
3.0
0.0
4.0
37.0
0.0
5.0
1.0
0.0
22.0
0.0
1.0
1.0
0.0
3.0
0.0
69.0
0.0
21.0
0.0
3.0
1.0
6.0
0.0
1.0
2.0
1.0
1.0
0.0
8.0
6.0
35.0
0.0
1.0
19.0
0.0
14.0
0.0
1.0
1.0
1.0
0.0
8.0
0.0
1.0
30.0
0.0
0.0
0.0
138.0
10.0
1.0
4.0
16.0
0.0
0.0
3.0
2.0
0.0
4.0
1.0
0.0
0.0
0.0
0.0
18.0
0.0
35.0
10.0
4.0
0.0
3.0
0.0
40.0
4.0
1.0
0.0
17.0
30.0
1.0
0.0
0.0
1.0
0.0
2.0
0.0
3.0
5.0
8.0
0.0
43.0
0.0
7.0
30.0
0.0
11.0
2.0
11.0
2.0
2.0
3.0
0.0
3.0
9.0
1.0
2.0
0.0
38.0
2.0
14.0
0.0
51.0
0.0
0.0
4.0
6.0
0.0
1.0
1.0
6.0
3.0
2.0
0.0
0.0
5.0
40.0
3.0
0.0
0.0
7.0
0.0
0.0
0.0
52.0
6.0
22.0
0.0
0.0
4.0
1.0
3.0
2.0
15.0
0.0
0.0
6.0
23.0
1.0
0.0
0.0
3.0
32.0
16.0
1.0
3.0
3.0
10.0
4.0
6.0
0.0
1.0
6.0
0.0
2.0
1.0
0.0
2.0
0.0
1.0
20.0
28.0
0.0
1.0
7.0
0.0
1.0
7.0
9.0
2.0
0.0
0.0
0.0
2.0
10.0
9.0
0.0
20.0
0.0
0.0
13.0
1.0
6.0
3.0
5.0
1.0
5.0
24.0
4.0
10.0
0.0
0.0
15.0
1.0
1.0
1.0
1.0
1.0
2.0
4.0
0.0
3.0
7.0
2.0
8.0
0.0
0.0
0.0
46.0
1.0
3.0
1.0
0.0
1.0
4.0
1.0
0.0
0.0
34.0
7.0
1.0
0.0
7.0
65.0
3.0
1.0
1.0
0.0
7.0
2.0
0.0
6.0
0.0
0.0
0.0
1.0
0.0
3.0
3.0
0.0
5.0
24.0
0.0
0.0
0.0
12.0
0.0
0.0
1.0
3.0
2.0
1.0
0.0
43.0
0.0
2.0
0.0
2.0
3.0
1.0
0.0
9.0
0.0
2.0
4.0
5.0
1.0
1.0
1.0
1.0
18.0
0.0
0.0
2.0
0.0
2.0
1.0
4.0
14.0
4.0
0.0
30.0
4.0
0.0
2.0
5.0
13.0
0.0
2.0
1.0
3.0
0.0
8.0
0.0
4.0
0.0
2.0
11.0
7.0
0.0
0.0
0.0
0.0
0.0
6.0
6.0
98.0
0.0
4.0
1.0
17.0
0.0
12.0
1.0
67.0
12.0
0.0
1.0
0.0
6.0
21.0
2.0
0.0
1.0
0.0
1.0
3.0
22.0
1.0
56.0
0.0
0.0
0.0
2.0
0.0
1.0
7.0
0.0
0.0
1.0
17.0
3.0
2.0
2.0
1.0
54.0
4.0
0.0
0.0
16.0
1.0
6.0
16.0
1.0
6.0
3.0
15.0
5.0
0.0
24.0
0.0
2.0
2.0
0.0
1.0
1.0
29.0
1.0
0.0
17.0
1.0
2.0
4.0
1.0
3.0
10.0
1.0
0.0
0.0
1.0
1.0
1.0
10.0
4.0
0.0
11.0
1.0
10.0
33.0
1.0
1.0
4.0
9.0
0.0
24.0
0.0
0.0
8.0
0.0
0.0
0.0
0.0
4.0
16.0
0.0
76.0
1.0
2.0
4.0
1.0
6.0
0.0
10.0
0.0
0.0
0.0
0.0
0.0
2.0
16.0
2.0
1.0
0.0
2.0
0.0
0.0
2.0
0.0
0.0
0.0
3.0
3.0
42.0
1.0
30.0
3.0
9.0
3.0
2.0
15.0
18.0
0.0
0.0
5.0
0.0
3.0
0.0
17.0
2.0
0.0
0.0
18.0
0.0
12.0
9.0
40.0
0.0
12.0
2.0
0.0
0.0
0.0
4.0
0.0
3.0
3.0
0.0
13.0
5.0
0.0
6.0
0.0
1.0
7.0
1.0
7.0
5.0
1.0
0.0
9.0
3.0
47.0
0.0
23.0
3.0
3.0
1.0
1.0
0.0
1.0
25.0
1.0
0.0
5.0
1.0
178.0
5.0
0.0
0.0
1.0
2.0
0.0
7.0
2.0
33.0
2.0
0.0
0.0
0.0
1.0
1.0
0.0
1.0
2.0
8.0
24.0
0.0
1.0
1.0
0.0
12.0
0.0
0.0
7.0
0.0
0.0
8.0
0.0
1.0
0.0
5.0
1.0
4.0
5.0
1.0
4.0
3.0
55.0
0.0
37.0
14.0
33.0
1.0
0.0
2.0
0.0
0.0
5.0
13.0
0.0
18.0
0.0
4.0
0.0
3.0
6.0
2.0
1.0
27.0
0.0
1.0
30.0
3.0
0.0
1.0
2.0
1.0
1.0
1.0
7.0
7.0
1.0
0.0
9.0
24.0
1.0
1.0
0.0
0.0
12.0
2.0
7.0
3.0
0.0
3.0
19.0
309.0
0.0
0.0
6.0
0.0
1.0
1.0
4.0
12.0
9.0
4.0
13.0
1.0
0.0
5.0
2.0
58.0
8.0
2.0
2.0
0.0
9.0
2.0
2.0
1.0
0.0
0.0
0.0
0.0
0.0
2.0
1.0
0.0
2.0
0.0
9.0
3.0
0.0
0.0
0.0
2.0
10.0
0.0
7.0
2.0
1.0
1.0
0.0
7.0
3.0
0.0
3.0
2.0
4.0
4.0
0.0
0.0
5.0
0.0
3.0
42.0
8.0
14.0
0.0
0.0
0.0
0.0
2.0
0.0
20.0
9.0
1.0
5.0
3.0
2.0
0.0
0.0
5.0
11.0
0.0
1.0
6.0
7.0
20.0
1.0
2.0
0.0
0.0
0.0
3.0
0.0
8.0
22.0
3.0
2.0
0.0
0.0
2.0
7.0
17.0
0.0
2.0
9.0
0.0
59.0
7.0
0.0
2.0
2.0
0.0
1.0
11.0
0.0
2.0
0.0
4.0
1.0
0.0
1.0
0.0
0.0
1.0
1.0
11.0
2.0
0.0
10.0
14.0
1.0
4.0
4.0
0.0
20.0
0.0
0.0
0.0
16.0
0.0
8.0
7.0
10.0
32.0
2.0
1.0
9.0
14.0
5.0
0.0
1.0
0.0
0.0
1.0
6.0
1.0
2.0
0.0
11.0
4.0
3.0
0.0
0.0
1.0
59.0
1.0
1.0
1.0
23.0
0.0
77.0
0.0
35.0
1.0
13.0
10.0
3.0
2.0
9.0
5.0
4.0
0.0
58.0
2.0
13.0
3.0
1.0
5.0
3.0
12.0
3.0
5.0
2.0
1.0
8.0
1.0
0.0
0.0
6.0
0.0
0.0
13.0
3.0
17.0
0.0
3.0
4.0
2.0
0.0
9.0
2.0
0.0
20.0
6.0
1.0
1.0
0.0
4.0
1.0
24.0
0.0
3.0
7.0
0.0
0.0
0.0
0.0
4.0
1.0
2.0
0.0
0.0
2.0
22.0
0.0
0.0
11.0
2.0
1.0
1.0
0.0
0.0
0.0
4.0
65.0
5.0
0.0
0.0
1.0
4.0
3.0
11.0
0.0
0.0
3.0
7.0
5.0
31.0
2.0
7.0
1.0
1.0
1.0
2.0
6.0
4.0
125.0
1.0
1.0
0.0
2.0
15.0
0.0
18.0
3.0
1.0
0.0
4.0
3.0
23.0
38.0
5.0
1.0
4.0
2.0
2.0
0.0
0.0
7.0
4.0
2.0
3.0
33.0
0.0
0.0
8.0
0.0
1.0
0.0
0.0
0.0
0.0
0.0
1.0
4.0
1.0
46.0
0.0
0.0
15.0
13.0
2.0
4.0
2.0
2.0
0.0
11.0
5.0
0.0
5.0
2.0
2.0
1.0
0.0
1.0
6.0
0.0
15.0
1.0
1.0
0.0
21.0
1.0
32.0
0.0
1.0
4.0
6.0
0.0
1.0
7.0
0.0
3.0
2.0
8.0
1.0
3.0
20.0
0.0
1.0
2.0
0.0
1.0
6.0
44.0
1.0
9.0
0.0
10.0
24.0
0.0
220.0
6.0
7.0
2.0
0.0
0.0
1.0
0.0
2.0
19.0
2.0
46.0
12.0
0.0
2.0
0.0
34.0
1.0
19.0
1.0
0.0
2.0
3.0
9.0
1.0
0.0
0.0
1.0
0.0
2.0
0.0
8.0
2.0
31.0
1.0
6.0
0.0
4.0
7.0
5.0
1.0
1.0
50.0
1.0
1.0
2.0
11.0
1.0
11.0
7.0
0.0
1.0
4.0
41.0
3.0
6.0
8.0
0.0
7.0
0.0
3.0
3.0
2.0
0.0
3.0
0.0
0.0
2.0
0.0
3.0
12.0
0.0
0.0
3.0
0.0
0.0
30.0
0.0
19.0
4.0
1.0
0.0
1.0
3.0
1.0
14.0
2.0
43.0
0.0
3.0
14.0
0.0
4.0
0.0
8.0
153.0
28.0
14.0
10.0
38.0
0.0
2.0
0.0
1.0
8.0
9.0
6.0
0.0
0.0
4.0
0.0
3.0
4.0
15.0
3.0
1.0
0.0
0.0
24.0
3.0
3.0
11.0
1.0
6.0
0.0
22.0
0.0
0.0
0.0
0.0
12.0
0.0
1.0
1.0
2.0
0.0
0.0
1.0
0.0
0.0
2.0
0.0
5.0
0.0
0.0
8.0
4.0
1.0
4.0
11.0
1.0
24.0
0.0
3.0
20.0
19.0
4.0
0.0
2.0
1.0
0.0
1.0
2.0
2.0
0.0
55.0
0.0
1.0
2.0
5.0
0.0
0.0
7.0
1.0
8.0
1.0
28.0
3.0
17.0
6.0
10.0
15.0
1.0
3.0
0.0
1.0
1.0
1.0
6.0
1.0
4.0
7.0
1.0
0.0
15.0
7.0
9.0
39.0
2.0
13.0
1.0
0.0
10.0
1.0
0.0
1.0
16.0
3.0
3.0
14.0
8.0
4.0
0.0
13.0
3.0
5.0
3.0
7.0
6.0
3.0
0.0
0.0
25.0
6.0
0.0
15.0
1.0
1.0
4.0
33.0
4.0
0.0
2.0
20.0
2.0
6.0
0.0
0.0
0.0
2.0
0.0
7.0
3.0
0.0
5.0
0.0
4.0
19.0
3.0
26.0
0.0
2.0
2.0
1.0
15.0
42.0
0.0
0.0
1.0
0.0
4.0
4.0
2.0
0.0
2.0
1.0
0.0
0.0
0.0
4.0
2.0
4.0
0.0
42.0
3.0
0.0
11.0
8.0
0.0
0.0
37.0
0.0
1.0
0.0
0.0
2.0
4.0
3.0
0.0
28.0
1.0
1.0
0.0
3.0
55.0
18.0
3.0
0.0
12.0
12.0
0.0
6.0
6.0
8.0
4.0
2.0
3.0
25.0
6.0
0.0
11.0
10.0
0.0
0.0
1.0
1.0
5.0
6.0
13.0
4.0
22.0
3.0
32.0
14.0
4.0
0.0
0.0
10.0
1.0
0.0
1.0
0.0
0.0
45.0
7.0
1.0
2.0
0.0
0.0
0.0
0.0
0.0
0.0
3.0
1.0
30.0
15.0
2.0
7.0
4.0
6.0
32.0
4.0
0.0
0.0
93.0
3.0
0.0
16.0
10.0
1.0
0.0
17.0
5.0
2.0
67.0
0.0
0.0
17.0
3.0
13.0
0.0
21.0
4.0
3.0
0.0
0.0
6.0
0.0
2.0
1.0
14.0
24.0
2.0
4.0
1.0
3.0
2.0
2.0
3.0
6.0
4.0
4.0
2.0
0.0
2.0
32.0
87.0
15.0
2.0
1.0
0.0
0.0
4.0
45.0
2.0
10.0
7.0
32.0
12.0
1.0
0.0
4.0
51.0
11.0
1.0
1.0
0.0
0.0
0.0
5.0
0.0
3.0
1.0
2.0
6.0
1.0
6.0
2.0
4.0
1.0
10.0
0.0
5.0
2.0
0.0
0.0
5.0
2.0
3.0
4.0
1.0
29.0
1.0
6.0
4.0
0.0
51.0
2.0
1.0
1.0
1.0
2.0
3.0
68.0
5.0
24.0
35.0
3.0
0.0
9.0
13.0
3.0
2.0
5.0
65.0
2.0
5.0
14.0
1.0
3.0
3.0
6.0
3.0
4.0
0.0
0.0
2.0
1.0
2.0
1.0
13.0
0.0
0.0
3.0
0.0
6.0
0.0
8.0
4.0
0.0
3.0
6.0
23.0
17.0
0.0
3.0
0.0
16.0
1.0
5.0
14.0
0.0
0.0
4.0
21.0
0.0
6.0
35.0
36.0
2.0
13.0
0.0
9.0
0.0
0.0
2.0
0.0
2.0
3.0
20.0
18.0
0.0
1.0
3.0
7.0
12.0
2.0
6.0
6.0
3.0
1.0
7.0
10.0
15.0
2.0
21.0
1.0
3.0
0.0
0.0
12.0
4.0
0.0
4.0
2.0
51.0
7.0
8.0
13.0
6.0
1.0
6.0
0.0
6.0
4.0
3.0
15.0
7.0
0.0
2.0
4.0
0.0
6.0
9.0
0.0
1.0
6.0
0.0
1.0
0.0
0.0
2.0
2.0
10.0
2.0
5.0
0.0
1.0
4.0
4.0
2.0
1.0
9.0
11.0
2.0
1.0
17.0
4.0
0.0
18.0
7.0
19.0
0.0
33.0
4.0
1.0
10.0
8.0
2.0
1.0
5.0
10.0
0.0
5.0
0.0
3.0
2.0
36.0
14.0
5.0
16.0
0.0
0.0
1.0
2.0
67.0
1.0
26.0
13.0
8.0
1.0
4.0
0.0
0.0
29.0
4.0
8.0
5.0
3.0
0.0
3.0
0.0
15.0
0.0
73.0
46.0
0.0
9.0
0.0
15.0
7.0
7.0
2.0
1.0
1.0
0.0
4.0
1.0
1.0
4.0
5.0
1.0
0.0
0.0
21.0
14.0
1.0
8.0
12.0
0.0
5.0
1.0
2.0
0.0
1.0
1.0
10.0
3.0
0.0
0.0
3.0
0.0
1.0
1.0
2.0
22.0
5.0
11.0
3.0
1.0
0.0
3.0
2.0
9.0
1.0
52.0
1.0
15.0
3.0
3.0
3.0
29.0
3.0
12.0
8.0
3.0
2.0
11.0
0.0
4.0
4.0
1.0
3.0
1.0
0.0
14.0
0.0
0.0
4.0
0.0
1.0
0.0
25.0
2.0
1.0
9.0
4.0
26.0
26.0
29.0
0.0
10.0
4.0
4.0
0.0
10.0
1.0
0.0
18.0
10.0
1.0
1.0
1.0
4.0
5.0
4.0
14.0
0.0
39.0
3.0
0.0
11.0
1.0
5.0
3.0
0.0
1.0
2.0
0.0
9.0
3.0
3.0
4.0
1.0
7.0
2.0
2.0
6.0
20.0
0.0
24.0
4.0
4.0
0.0
1.0
31.0
2.0
16.0
1.0
2.0
1.0
0.0
1.0
7.0
4.0
4.0
16.0
0.0
1.0
0.0
42.0
1.0
2.0
0.0
45.0
9.0
3.0
9.0
27.0
4.0
44.0
0.0
8.0
8.0
0.0
18.0
5.0
1.0
13.0
17.0
1.0
0.0
10.0
10.0
26.0
0.0
2.0
1.0
2.0
6.0
19.0
0.0
0.0
5.0
0.0
3.0
8.0
39.0
5.0
51.0
30.0
50.0
34.0
5.0
6.0
6.0
5.0
2.0
9.0
0.0
4.0
0.0
7.0
1.0
0.0
3.0
6.0
0.0
2.0
7.0
1.0
1.0
51.0
12.0
1.0
25.0
0.0
4.0
3.0
3.0
1.0
3.0
4.0
0.0
40.0
3.0
26.0
14.0
1.0
3.0
6.0
1.0
1.0
4.0
57.0
3.0
4.0
3.0
1.0
1.0
5.0
33.0
4.0
3.0
12.0
1.0
0.0
11.0
0.0
0.0
36.0
2.0
34.0
5.0
7.0
0.0
23.0
1.0
13.0
0.0
4.0
16.0
45.0
0.0
25.0
6.0
6.0
0.0
56.0
32.0
5.0
0.0
9.0
0.0
14.0
2.0
5.0
1.0
10.0
0.0
0.0
14.0
10.0
1.0
8.0
3.0
0.0
0.0
2.0
5.0
0.0
117.0
2.0
17.0
1.0
4.0
4.0
1.0
0.0
0.0
8.0
2.0
19.0
17.0
7.0
0.0
3.0
6.0
3.0
1.0
0.0
0.0
18.0
1.0
0.0
0.0
13.0
3.0
61.0
4.0
2.0
0.0
6.0
15.0
12.0
39.0
2.0
1.0
8.0
8.0
4.0
7.0
25.0
12.0
0.0
7.0
1.0
12.0
2.0
1.0
4.0
9.0
8.0
1.0
10.0
2.0
1.0
2.0
14.0
0.0
31.0
1.0
1.0
0.0
11.0
0.0
7.0
23.0
9.0
2.0
0.0
1.0
4.0
1.0
0.0
0.0
16.0
69.0
6.0
58.0
1.0
0.0
4.0
0.0
3.0
1.0
3.0
8.0
9.0
11.0
1.0
5.0
1.0
0.0
0.0
11.0
30.0
7.0
1.0
1.0
0.0
22.0
4.0
0.0
12.0
4.0
9.0
0.0
23.0
3.0
4.0
0.0
5.0
0.0
0.0
13.0
7.0
0.0
2.0
3.0
18.0
5.0
1.0
7.0
3.0
16.0
3.0
1.0
0.0
3.0
18.0
1.0
13.0
1.0
2.0
0.0
2.0
3.0
20.0
6.0
3.0
0.0
5.0
1.0
3.0
1.0
9.0
9.0
1.0
15.0
2.0
11.0
32.0
6.0
16.0
37.0
10.0
2.0
2.0
0.0
2.0
1.0
1.0
6.0
69.0
1.0
36.0
4.0
7.0
10.0
10.0
30.0
4.0
5.0
39.0
1.0
7.0
17.0
1.0
4.0
7.0
34.0
1.0
5.0
1.0
1.0
1.0
3.0
2.0
3.0
3.0
3.0
1.0
0.0
21.0
0.0
4.0
22.0
2.0
4.0
0.0
1.0
0.0
27.0
4.0
0.0
16.0
1.0
0.0
6.0
9.0
24.0
0.0
7.0
3.0
6.0
7.0
5.0
2.0
1.0
1.0
7.0
5.0
3.0
4.0
20.0
2.0
4.0
22.0
6.0
15.0
0.0
16.0
4.0
4.0
10.0
12.0
1.0
22.0
1.0
2.0
12.0
6.0
2.0
53.0
2.0
10.0
1.0
0.0
8.0
9.0
0.0
1.0
16.0
1.0
0.0
8.0
32.0
5.0
19.0
13.0
0.0
2.0
0.0
2.0
2.0
21.0
6.0
28.0
6.0
10.0
1.0
10.0
10.0
2.0
21.0
59.0
0.0
3.0
0.0
9.0
8.0
24.0
1.0
10.0
6.0
3.0
11.0
7.0
0.0
4.0
0.0
14.0
0.0
0.0
2.0
0.0
2.0
0.0
3.0
8.0
19.0
7.0
37.0
17.0
0.0
10.0
4.0
7.0
4.0
13.0
22.0
0.0
1.0
3.0
4.0
21.0
4.0
16.0
2.0
2.0
5.0
0.0
6.0
7.0
0.0
4.0
1.0
59.0
46.0
3.0
3.0
0.0
1.0
20.0
1.0
1.0
2.0
4.0
6.0
31.0
0.0
13.0
3.0
15.0
5.0
1.0
4.0
10.0
35.0
4.0
2.0
3.0
1.0
0.0
2.0
9.0
11.0
0.0
89.0
19.0
1.0
0.0
1.0
1.0
0.0
0.0
22.0
27.0
7.0
0.0
43.0
0.0
29.0
3.0
4.0
5.0
6.0
5.0
6.0
14.0
0.0
10.0
6.0
3.0
3.0
7.0
7.0
6.0
21.0
0.0
13.0
5.0
0.0
6.0
9.0
3.0
28.0
5.0
10.0
5.0
1.0
0.0
4.0
2.0
5.0
3.0
31.0
48.0
6.0
1.0
1.0
25.0
2.0
11.0
12.0
0.0
0.0
7.0
0.0
17.0
1.0
4.0
0.0
16.0
2.0
5.0
2.0
3.0
23.0
106.0
6.0
1.0
10.0
8.0
9.0
0.0
24.0
5.0
0.0
2.0
3.0
15.0
27.0
4.0
6.0
1.0
5.0
7.0
2.0
0.0
18.0
1.0
5.0
3.0
6.0
0.0
1.0
2.0
2.0
24.0
75.0
3.0
3.0
24.0
2.0
0.0
0.0
3.0
16.0
2.0
6.0
20.0
9.0
37.0
15.0
11.0
0.0
0.0
3.0
2.0
2.0
24.0
3.0
4.0
11.0
5.0
7.0
0.0
11.0
0.0
8.0
2.0
10.0
3.0
5.0
1.0
8.0
4.0
4.0
2.0
2.0
2.0
0.0
3.0
0.0
5.0
2.0
30.0
28.0
2.0
10.0
16.0
0.0
27.0
6.0
9.0
1.0
20.0
0.0
6.0
8.0
1.0
5.0
7.0
1.0
1.0
0.0
80.0
1.0
12.0
11.0
3.0
1.0
0.0
27.0
1.0
0.0
7.0
0.0
2.0
8.0
3.0
20.0
1.0
0.0
17.0
8.0
0.0
1.0
12.0
5.0
34.0
1.0
7.0
9.0
3.0
0.0
5.0
4.0
9.0
3.0
0.0
1.0
14.0
3.0
7.0
21.0
36.0
0.0
0.0
5.0
3.0
19.0
4.0
3.0
4.0
5.0
15.0
3.0
5.0
1.0
0.0
12.0
6.0
18.0
9.0
0.0
6.0
14.0
1.0
4.0
1.0
35.0
1.0
12.0
2.0
9.0
26.0
3.0
1.0
0.0
7.0
6.0
7.0
4.0
3.0
32.0
1.0
10.0
14.0
1.0
21.0
5.0
11.0
34.0
1.0
1.0
6.0
3.0
7.0
11.0
2.0
5.0
2.0
7.0
0.0
2.0
5.0
1.0
4.0
0.0
10.0
3.0
1.0
3.0
5.0
2.0
0.0
5.0
41.0
10.0
4.0
1.0
6.0
10.0
1.0
4.0
20.0
1.0
1.0
7.0
6.0
5.0
8.0
2.0
10.0
10.0
3.0
6.0
21.0
3.0
8.0
8.0
6.0
1.0
11.0
12.0
2.0
13.0
45.0
7.0
8.0
0.0
19.0
8.0
9.0
1.0
5.0
12.0
4.0
2.0
2.0
6.0
7.0
0.0
7.0
34.0
0.0
1.0
0.0
2.0
29.0
1.0
5.0
5.0
8.0
7.0
0.0
3.0
17.0
10.0
5.0
2.0
15.0
2.0
6.0
8.0
2.0
6.0
13.0
0.0
5.0
7.0
39.0
0.0
0.0
3.0
7.0
1.0
21.0
1.0
0.0
12.0
3.0
2.0
15.0
3.0
3.0
1.0
14.0
2.0
8.0
2.0
9.0
22.0
12.0
3.0
9.0
10.0
3.0
13.0
6.0
1.0
4.0
9.0
17.0
7.0
8.0
10.0
1.0
0.0
3.0
6.0
22.0
15.0
19.0
27.0
2.0
1.0
4.0
0.0
8.0
0.0
1.0
1.0
9.0
16.0
15.0
10.0
2.0
0.0
25.0
7.0
31.0
4.0
2.0
3.0
11.0
0.0
5.0
1.0
30.0
8.0
22.0
1.0
1.0
3.0
7.0
12.0
6.0
25.0
16.0
14.0
10.0
5.0
18.0
13.0
1.0
0.0
14.0
8.0
3.0
16.0
7.0
8.0
13.0
0.0
6.0
4.0
3.0
1.0
2.0
10.0
5.0
7.0
17.0
0.0
3.0
16.0
22.0
0.0
5.0
1.0
1.0
9.0
5.0
10.0
2.0
29.0
1.0
0.0
2.0
3.0
4.0
22.0
0.0
3.0
0.0
28.0
0.0
3.0
6.0
22.0
10.0
2.0
3.0
20.0
12.0
1.0
26.0
10.0
2.0
23.0
11.0
0.0
20.0
7.0
8.0
23.0
4.0
1.0
1.0
12.0
3.0
3.0
4.0
5.0
17.0
0.0
4.0
0.0
10.0
0.0
18.0
11.0
4.0
19.0
28.0
3.0
4.0
0.0
12.0
6.0
2.0
21.0
16.0
1.0
6.0
4.0
4.0
19.0
10.0
19.0
24.0
4.0
14.0
22.0
20.0
1.0
22.0
24.0
3.0
13.0
11.0
3.0
1.0
0.0
0.0
21.0
5.0
0.0
36.0
0.0
18.0
1.0
4.0
31.0
5.0
0.0
0.0
23.0
22.0
4.0
2.0
20.0
3.0
1.0
3.0
10.0
20.0
4.0
0.0
22.0
11.0
0.0
5.0
1.0
3.0
59.0
17.0
3.0
3.0
5.0
16.0
4.0
0.0
6.0
14.0
1.0
24.0
24.0
29.0
0.0
5.0
17.0
3.0
33.0
2.0
6.0
6.0
2.0
4.0
9.0
11.0
14.0
5.0
7.0
0.0
3.0
2.0
5.0
1.0
55.0
8.0
4.0
4.0
5.0
29.0
3.0
0.0
8.0
4.0
6.0
2.0
0.0
0.0
29.0
0.0
6.0
0.0
16.0
2.0
6.0
21.0
3.0
5.0
43.0
0.0
9.0
10.0
7.0
15.0
22.0
3.0
1.0
3.0
5.0
2.0
8.0
0.0
1.0
16.0
7.0
4.0
3.0
3.0
9.0
6.0
2.0
2.0
13.0
2.0
10.0
1.0
5.0
0.0
8.0
55.0
50.0
5.0
39.0
0.0
12.0
17.0
0.0
8.0
6.0
14.0
3.0
8.0
8.0
3.0
3.0
0.0
2.0
0.0
7.0
1.0
15.0
6.0
27.0
3.0
10.0
3.0
7.0
3.0
10.0
8.0
0.0
19.0
5.0
6.0
14.0
4.0
4.0
14.0
8.0
15.0
5.0
3.0
7.0
42.0
2.0
12.0
2.0
11.0
6.0
1.0
18.0
3.0
26.0
1.0
4.0
8.0
13.0
18.0
0.0
2.0
29.0
0.0
3.0
0.0
2.0
20.0
52.0
1.0
10.0
7.0
19.0
8.0
6.0
0.0
0.0
13.0
10.0
4.0
3.0
4.0
15.0
11.0
1.0
2.0
3.0
7.0
21.0
10.0
1.0
0.0
1.0
4.0
0.0
10.0
7.0
4.0
20.0
0.0
6.0
2.0
22.0
3.0
8.0
46.0
5.0
5.0
5.0
17.0
7.0
29.0
1.0
1.0
1.0
30.0
30.0
10.0
7.0
16.0
3.0
6.0
4.0
20.0
0.0
16.0
10.0
35.0
3.0
5.0
8.0
13.0
8.0
1.0
7.0
19.0
26.0
19.0
4.0
2.0
5.0
13.0
10.0
3.0
1.0
7.0
8.0
5.0
0.0
0.0
0.0
19.0
21.0
13.0
1.0
4.0
5.0
0.0
18.0
25.0
4.0
5.0
2.0
3.0
4.0
9.0
3.0
2.0
3.0
8.0
16.0
22.0
1.0
0.0
13.0
1.0
26.0
2.0
7.0
1.0
2.0
4.0
26.0
9.0
10.0
15.0
15.0
2.0
1.0
13.0
16.0
9.0
9.0
19.0
3.0
13.0
0.0
3.0
13.0
0.0
28.0
11.0
7.0
16.0
1.0
23.0
14.0
1.0
1.0
4.0
19.0
10.0
1.0
2.0
5.0
3.0
5.0
20.0
0.0
19.0
3.0
11.0
40.0
2.0
10.0
2.0
18.0
32.0
2.0
21.0
4.0
7.0
4.0
14.0
3.0
7.0
4.0
3.0
20.0
12.0
10.0
25.0
6.0
5.0
3.0
3.0
0.0
3.0
2.0
2.0
13.0
7.0
25.0
7.0
26.0
37.0
32.0
4.0
10.0
18.0
6.0
7.0
2.0
30.0
11.0
2.0
24.0
7.0
3.0
1.0
41.0
18.0
0.0
7.0
16.0
6.0
3.0
1.0
11.0
5.0
8.0
3.0
9.0
32.0
8.0
5.0
10.0
12.0
25.0
21.0
12.0
16.0
0.0
0.0
3.0
17.0
8.0
29.0
4.0
6.0
12.0
8.0
10.0
26.0
2.0
8.0
0.0
37.0
0.0
0.0
13.0
7.0
0.0
41.0
7.0
10.0
2.0
5.0
18.0
2.0
59.0
11.0
3.0
5.0
4.0
14.0
5.0
17.0
6.0
3.0
15.0
10.0
27.0
26.0
4.0
7.0
4.0
14.0
3.0
1.0
8.0
6.0
8.0
1.0
10.0
3.0
12.0
5.0
2.0
4.0
35.0
0.0
4.0
16.0
14.0
42.0
1.0
12.0
6.0
5.0
1.0
9.0
0.0
2.0
10.0
16.0
1.0
1.0
16.0
4.0
38.0
1.0
1.0
7.0
68.0
5.0
4.0
13.0
0.0
0.0
9.0
1.0
10.0
19.0
41.0
2.0
0.0
24.0
10.0
15.0
8.0
2.0
2.0
9.0
2.0
4.0
3.0
3.0
10.0
2.0
0.0
4.0
48.0
10.0
11.0
1.0
7.0
1.0
9.0
7.0
3.0
7.0
14.0
15.0
3.0
4.0
8.0
0.0
6.0
20.0
7.0
1.0
19.0
19.0
15.0
9.0
11.0
1.0
16.0
0.0
2.0
1.0
9.0
1.0
23.0
6.0
13.0
12.0
2.0
5.0
6.0
6.0
11.0
9.0
8.0
1.0
1.0
2.0
7.0
15.0
3.0
10.0
3.0
3.0
12.0
6.0
51.0
6.0
6.0
22.0
2.0
9.0
9.0
4.0
0.0
27.0
11.0
4.0
11.0
0.0
8.0
14.0
6.0
10.0
9.0
2.0
5.0
7.0
6.0
13.0
10.0
10.0
2.0
22.0
6.0
3.0
1.0
6.0
2.0
6.0
15.0
9.0
7.0
2.0
3.0
33.0
2.0
17.0
1.0
2.0
6.0
3.0
5.0
30.0
1.0
2.0
11.0
2.0
17.0
3.0
1.0
1.0
2.0
1.0
3.0
3.0
20.0
17.0
34.0
15.0
10.0
1.0
4.0
13.0
0.0
4.0
7.0
20.0
2.0
6.0
4.0
3.0
1.0
2.0
6.0
1.0
10.0
7.0
4.0
14.0
9.0
18.0
26.0
12.0
5.0
6.0
11.0
1.0
6.0
0.0
10.0
8.0
2.0
3.0
1.0
7.0
3.0
10.0
4.0
15.0
34.0
28.0
8.0
0.0
0.0
4.0
3.0
11.0
5.0
31.0
13.0
3.0
1.0
13.0
14.0
9.0
22.0
4.0
16.0
15.0
2.0
2.0
1.0
32.0
1.0
5.0
20.0
19.0
6.0
13.0
9.0
4.0
0.0
2.0
7.0
0.0
2.0
4.0
16.0
3.0
2.0
5.0
2.0
8.0
10.0
13.0
0.0
7.0
8.0
3.0
7.0
3.0
28.0
1.0
14.0
1.0
14.0
5.0
9.0
3.0
2.0
11.0
4.0
7.0
4.0
13.0
14.0
12.0
3.0
1.0
2.0
25.0
7.0
8.0
9.0
0.0
7.0
10.0
11.0
7.0
17.0
2.0
5.0
13.0
10.0
6.0
10.0
8.0
9.0
4.0
4.0
7.0
2.0
10.0
2.0
5.0
1.0
4.0
7.0
8.0
25.0
10.0
6.0
0.0
17.0
2.0
13.0
10.0
7.0
4.0
23.0
9.0
1.0
8.0
22.0
8.0
0.0
4.0
0.0
32.0
5.0
1.0
11.0
46.0
4.0
2.0
1.0
3.0
1.0
2.0
6.0
17.0
3.0
6.0
4.0
1.0
6.0
5.0
5.0
3.0
10.0
12.0
7.0
6.0
3.0
13.0
4.0
3.0
8.0
7.0
4.0
3.0
46.0
1.0
16.0
8.0
6.0
14.0
1.0
3.0
5.0
6.0
22.0
10.0
2.0
12.0
1.0
0.0
2.0
24.0
5.0
9.0
2.0
22.0
9.0
12.0
8.0
5.0
11.0
0.0
12.0
4.0
8.0
8.0
6.0
20.0
31.0
26.0
4.0
1.0
7.0
6.0
22.0
3.0
13.0
8.0
7.0
23.0
0.0
4.0
0.0
11.0
12.0
3.0
5.0
10.0
9.0
16.0
11.0
11.0
0.0
5.0
16.0
6.0
4.0
4.0
4.0
26.0
17.0
18.0
6.0
0.0
4.0
2.0
7.0
14.0
9.0
10.0
13.0
8.0
2.0
4.0
18.0
4.0
12.0
0.0
0.0
7.0
25.0
0.0
6.0
8.0
7.0
15.0
0.0
3.0
22.0
3.0
18.0
2.0
30.0
28.0
4.0
4.0
38.0
13.0
9.0
6.0
1.0
12.0
6.0
16.0
5.0
5.0
5.0
4.0
24.0
6.0
5.0
14.0
15.0
9.0
4.0
4.0
16.0
25.0
18.0
20.0
21.0
11.0
7.0
21.0
4.0
0.0
6.0
1.0
0.0
2.0
17.0
5.0
35.0
14.0
5.0
17.0
2.0
3.0
2.0
16.0
2.0
11.0
7.0
4.0
16.0
20.0
3.0
12.0
22.0
12.0
3.0
23.0
6.0
4.0
19.0
20.0
5.0
7.0
20.0
1.0
13.0
8.0
15.0
5.0
1.0
1.0
32.0
1.0
4.0
4.0
5.0
8.0
1.0
1.0
10.0
4.0
34.0
14.0
9.0
1.0
31.0
12.0
3.0
2.0
5.0
7.0
3.0
10.0
0.0
3.0
7.0
1.0
21.0
11.0
19.0
20.0
1.0
7.0
3.0
12.0
56.0
15.0
3.0
0.0
5.0
12.0
23.0
7.0
4.0
17.0
6.0
7.0
14.0
16.0
14.0
3.0
5.0
14.0
4.0
1.0
13.0
10.0
36.0
3.0
3.0
2.0
9.0
4.0
3.0
8.0
8.0
1.0
3.0
4.0
1.0
2.0
25.0
7.0
9.0
16.0
1.0
3.0
11.0
2.0
30.0
2.0
4.0
36.0
1.0
10.0
14.0
1.0
9.0
13.0
16.0
18.0
8.0
19.0
29.0
2.0
5.0
7.0
2.0
6.0
5.0
4.0
7.0
11.0
10.0
3.0
3.0
6.0
8.0
1.0
7.0
6.0
2.0
5.0
10.0
29.0
7.0
0.0
5.0
5.0
10.0
2.0
3.0
4.0
9.0
9.0
18.0
10.0
12.0
13.0
9.0
17.0
7.0
6.0
5.0
2.0
4.0
8.0
12.0
10.0
32.0
2.0
25.0
1.0
6.0
3.0
5.0
14.0
7.0
16.0
65.0
7.0
17.0
1.0
3.0
3.0
1.0
20.0
11.0
5.0
4.0
1.0
31.0
7.0
5.0
14.0
13.0
7.0
20.0
6.0
15.0
5.0
10.0
17.0
16.0
11.0
12.0
12.0
15.0
4.0
6.0
23.0
4.0
2.0
13.0
3.0
28.0
3.0
15.0
6.0
4.0
1.0
0.0
5.0
28.0
5.0
3.0
1.0
12.0
3.0
12.0
13.0
6.0
19.0
14.0
15.0
19.0
11.0
3.0
24.0
3.0
0.0
15.0
2.0
25.0
9.0
8.0
12.0
15.0
7.0
2.0
8.0
2.0
2.0
2.0
11.0
21.0
5.0
24.0
0.0
5.0
6.0
31.0
23.0
7.0
5.0
15.0
6.0
1.0
7.0
37.0
23.0
1.0
16.0
3.0
13.0
19.0
6.0
7.0
18.0
16.0
12.0
4.0
12.0
8.0
1.0
2.0
0.0
4.0
19.0
4.0
2.0
26.0
6.0
8.0
2.0
2.0
2.0
4.0
22.0
8.0
1.0
7.0
1.0
4.0
15.0
24.0
40.0
5.0
0.0
2.0
6.0
7.0
13.0
2.0
5.0
2.0
0.0
8.0
35.0
12.0
28.0
3.0
8.0
4.0
2.0
20.0
2.0
4.0
21.0
2.0
8.0
29.0
4.0
20.0
14.0
4.0
9.0
2.0
4.0
31.0
24.0
18.0
3.0
0.0
4.0
9.0
26.0
26.0
25.0
38.0
17.0
19.0
1.0
9.0
7.0
16.0
25.0
9.0
5.0
2.0
7.0
10.0
7.0
9.0
19.0
19.0
10.0
5.0
26.0
14.0
18.0
13.0
22.0
10.0
8.0
0.0
4.0
1.0
13.0
0.0
11.0
2.0
18.0
5.0
3.0
18.0
5.0
8.0
14.0
9.0
3.0
1.0
26.0
0.0
9.0
10.0
1.0
4.0
14.0
22.0
35.0
41.0
24.0
0.0
9.0
25.0
4.0
4.0
54.0
14.0
9.0
8.0
11.0
20.0
2.0
1.0
25.0
6.0
12.0
11.0
21.0
4.0
0.0
8.0
9.0
5.0
7.0
8.0
10.0
1.0
43.0
13.0
11.0
23.0
6.0
30.0
15.0
2.0
10.0
23.0
8.0
17.0
3.0
13.0
7.0
23.0
5.0
3.0
13.0
2.0
5.0
15.0
11.0
3.0
8.0
15.0
1.0
29.0
5.0
16.0
7.0
27.0
6.0
2.0
19.0
37.0
1.0
38.0
1.0
5.0
0.0
17.0
2.0
24.0
41.0
7.0
24.0
19.0
1.0
8.0
30.0
3.0
5.0
2.0
10.0
16.0
6.0
18.0
17.0
6.0
6.0
13.0
3.0
10.0
9.0
11.0
8.0
36.0
10.0
9.0
9.0
1.0
58.0
11.0
3.0
4.0
2.0
10.0
9.0
1.0
5.0
8.0
3.0
3.0
3.0
2.0
12.0
16.0
0.0
26.0
29.0
20.0
23.0
10.0
4.0
17.0
5.0
17.0
1.0
10.0
1.0
68.0
0.0
8.0
0.0
8.0
34.0
9.0
2.0
11.0
3.0
8.0
12.0
21.0
7.0
2.0
2.0
3.0
8.0
10.0
32.0
2.0
1.0
2.0
22.0
21.0
17.0
4.0
13.0
5.0
13.0
2.0
8.0
10.0
9.0
4.0
21.0
7.0
1.0
27.0
17.0
23.0
5.0
11.0
10.0
8.0
1.0
5.0
7.0
16.0
1.0
12.0
5.0
15.0
4.0
2.0
18.0
10.0
7.0
2.0
21.0
2.0
10.0
11.0
6.0
8.0
11.0
23.0
7.0
31.0
5.0
1.0
14.0
15.0
2.0
15.0
17.0
20.0
1.0
3.0
6.0
5.0
11.0
10.0
23.0
1.0
9.0
3.0
1.0
12.0
4.0
7.0
5.0
2.0
8.0
13.0
12.0
18.0
17.0
31.0
2.0
12.0
3.0
6.0
2.0
0.0
24.0
12.0
9.0
13.0
10.0
5.0
14.0
2.0
6.0
7.0
2.0
6.0
0.0
2.0
13.0
18.0
6.0
1.0
23.0
1.0
3.0
7.0
11.0
40.0
4.0
10.0
2.0
1.0
5.0
12.0
12.0
9.0
13.0
3.0
22.0
24.0
1.0
27.0
18.0
11.0
12.0
8.0
2.0
19.0
3.0
22.0
2.0
3.0
10.0
6.0
2.0
12.0
34.0
3.0
0.0
19.0
3.0
4.0
25.0
5.0
15.0
3.0
20.0
9.0
32.0
2.0
27.0
9.0
0.0
3.0
7.0
3.0
6.0
5.0
4.0
5.0
7.0
1.0
14.0
40.0
4.0
7.0
3.0
7.0
2.0
1.0
19.0
0.0
15.0
3.0
4.0
2.0
4.0
12.0
22.0
11.0
10.0
5.0
25.0
3.0
3.0
1.0
8.0
16.0
6.0
14.0
6.0
10.0
5.0
14.0
3.0
3.0
8.0
6.0
14.0
4.0
4.0
7.0
4.0
19.0
1.0
4.0
3.0
9.0
5.0
1.0
1.0
17.0
5.0
21.0
17.0
3.0
0.0
2.0
1.0
18.0
32.0
3.0
2.0
5.0
4.0
5.0
9.0
5.0
20.0
7.0
0.0
5.0
2.0
11.0
6.0
14.0
5.0
29.0
0.0
11.0
1.0
4.0
14.0
3.0
9.0
24.0
9.0
7.0
3.0
35.0
4.0
0.0
16.0
9.0
7.0
10.0
8.0
0.0
10.0
20.0
16.0
9.0
18.0
12.0
22.0
17.0
6.0
29.0
2.0
6.0
14.0
12.0
0.0
24.0
8.0
5.0
9.0
2.0
6.0
5.0
8.0
6.0
6.0
14.0
15.0
2.0
5.0
3.0
8.0
10.0
37.0
27.0
2.0
2.0
8.0
28.0
5.0
22.0
9.0
4.0
14.0
2.0
1.0
1.0
4.0
9.0
1.0
12.0
5.0
1.0
13.0
8.0
6.0
0.0
4.0
7.0
1.0
26.0
3.0
5.0
21.0
10.0
8.0
17.0
3.0
2.0
36.0
17.0
10.0
5.0
4.0
2.0
13.0
28.0
2.0
14.0
5.0
19.0
23.0
6.0
0.0
1.0
1.0
2.0
3.0
1.0
22.0
7.0
15.0
4.0
5.0
12.0
4.0
6.0
0.0
7.0
19.0
12.0
2.0
8.0
11.0
1.0
1.0
17.0
10.0
3.0
4.0
29.0
11.0
12.0
8.0
2.0
22.0
14.0
13.0
10.0
2.0
1.0
7.0
4.0
2.0
21.0
9.0
12.0
4.0
13.0
1.0
37.0
5.0
1.0
3.0
31.0
47.0
0.0
10.0
2.0
17.0
8.0
19.0
16.0
10.0
8.0
9.0
10.0
8.0
0.0
15.0
3.0
4.0
7.0
12.0
5.0
22.0
4.0
28.0
0.0
8.0
7.0
7.0
3.0
26.0
14.0
4.0
5.0
4.0
5.0
13.0
9.0
3.0
3.0
0.0
6.0
16.0
0.0
1.0
14.0
10.0
1.0
4.0
2.0
2.0
7.0
1.0
7.0
18.0
0.0
4.0
4.0
11.0
8.0
4.0
18.0
5.0
6.0
1.0
13.0
1.0
18.0
6.0
19.0
7.0
13.0
6.0
3.0
16.0
10.0
10.0
2.0
7.0
6.0
16.0
3.0
18.0
23.0
10.0
6.0
7.0
6.0
6.0
8.0
3.0
12.0
8.0
4.0
11.0
0.0
4.0
5.0
16.0
33.0
10.0
2.0
5.0
16.0
12.0
7.0
11.0
8.0
12.0
5.0
3.0
5.0
1.0
6.0
34.0
2.0
6.0
3.0
7.0
10.0
28.0
3.0
3.0
6.0
4.0
2.0
3.0
16.0
29.0
3.0
13.0
11.0
0.0
15.0
20.0
4.0
5.0
0.0
8.0
11.0
11.0
11.0
20.0
12.0
1.0
9.0
0.0
13.0
4.0
6.0
19.0
1.0
21.0
12.0
3.0
10.0
13.0
5.0
6.0
46.0
12.0
2.0
5.0
11.0
5.0
3.0
8.0
25.0
3.0
6.0
5.0
35.0
2.0
15.0
10.0
7.0
11.0
31.0
9.0
14.0
12.0
1.0
6.0
9.0
22.0
1.0
13.0
11.0
4.0
14.0
5.0
3.0
5.0
9.0
5.0
5.0
13.0
0.0
2.0
16.0
14.0
5.0
10.0
19.0
5.0
1.0
7.0
17.0
25.0
14.0
8.0
36.0
5.0
1.0
4.0
24.0
19.0
2.0
2.0
12.0
15.0
9.0
18.0
2.0
8.0
25.0
3.0
11.0
7.0
28.0
1.0
13.0
12.0
13.0
15.0
6.0
36.0
7.0
13.0
23.0
22.0
3.0
8.0
1.0
8.0
8.0
13.0
2.0
19.0
33.0
13.0
5.0
2.0
7.0
2.0
5.0
29.0
13.0
6.0
10.0
11.0
36.0
39.0
13.0
3.0
3.0
17.0
6.0
10.0
17.0
14.0
14.0
6.0
17.0
17.0
4.0
11.0
3.0
2.0
0.0
12.0
10.0
10.0
13.0
0.0
1.0
18.0
19.0
23.0
25.0
5.0
1.0
38.0
2.0
17.0
5.0
1.0
8.0
11.0
0.0
13.0
2.0
26.0
11.0
1.0
21.0
32.0
8.0
6.0
11.0
7.0
3.0
10.0
18.0
2.0
17.0
8.0
11.0
11.0
1.0
6.0
11.0
1.0
6.0
16.0
33.0
20.0
15.0
9.0
16.0
5.0
5.0
2.0
16.0
3.0
2.0
22.0
24.0
14.0
2.0
10.0
1.0
5.0
15.0
8.0
9.0
7.0
1.0
6.0
11.0
3.0
16.0
7.0
9.0
39.0
7.0
13.0
2.0
3.0
2.0
4.0
29.0
13.0
19.0
13.0
3.0
6.0
3.0
27.0
6.0
25.0
13.0
12.0
5.0
21.0
10.0
23.0
4.0
2.0
1.0
6.0
6.0
6.0
16.0
1.0
12.0
2.0
72.0
6.0
8.0
8.0
1.0
31.0
15.0
10.0
17.0
7.0
52.0
8.0
18.0
2.0
33.0
12.0
5.0
37.0
24.0
3.0
4.0
7.0
8.0
2.0
6.0
6.0
9.0
5.0
11.0
12.0
35.0
11.0
8.0
10.0
4.0
11.0
4.0
4.0
9.0
26.0
6.0
3.0
7.0
7.0
18.0
16.0
0.0
3.0
1.0
14.0
4.0
4.0
20.0
45.0
11.0
9.0
17.0
3.0
9.0
5.0
4.0
16.0
12.0
4.0
5.0
21.0
10.0
12.0
2.0
16.0
9.0
6.0
16.0
22.0
1.0
46.0
13.0
15.0
14.0
38.0
3.0
34.0
11.0
2.0
21.0
13.0
37.0
22.0
12.0
5.0
2.0
3.0
6.0
5.0
3.0
7.0
14.0
4.0
8.0
1.0
40.0
17.0
13.0
19.0
20.0
18.0
12.0
9.0
3.0
1.0
50.0
14.0
37.0
4.0
0.0
23.0
7.0
18.0
4.0
10.0
1.0
5.0
3.0
6.0
15.0
23.0
4.0
10.0
5.0
19.0
23.0
8.0
13.0
26.0
6.0
16.0
1.0
8.0
1.0
21.0
16.0
3.0
15.0
5.0
17.0
2.0
1.0
1.0
5.0
17.0
0.0
20.0
0.0
12.0
30.0
7.0
11.0
5.0
18.0
14.0
15.0
8.0
5.0
11.0
11.0
6.0
2.0
4.0
18.0
8.0
9.0
43.0
2.0
11.0
33.0
27.0
6.0
11.0
5.0
20.0
18.0
2.0
20.0
45.0
0.0
4.0
9.0
16.0
23.0
24.0
2.0
0.0
8.0
1.0
10.0
42.0
3.0
2.0
6.0
12.0
8.0
9.0
10.0
1.0
17.0
15.0
20.0
37.0
12.0
12.0
29.0
5.0
6.0
28.0
5.0
26.0
5.0
5.0
4.0
19.0
12.0
4.0
18.0
0.0
27.0
5.0
4.0
27.0
3.0
9.0
2.0
1.0
38.0
27.0
12.0
13.0
11.0
8.0
11.0
3.0
25.0
3.0
37.0
23.0
4.0
2.0
7.0
23.0
9.0
1.0
37.0
4.0
5.0
5.0
5.0
3.0
12.0
4.0
6.0
2.0
2.0
7.0
17.0
6.0
11.0
1.0
7.0
3.0
5.0
0.0
3.0
16.0
11.0
38.0
12.0
22.0
14.0
20.0
1.0
12.0
11.0
5.0
0.0
24.0
7.0
2.0
17.0
26.0
8.0
2.0
6.0
15.0
16.0
11.0
9.0
6.0
24.0
6.0
9.0
9.0
12.0
8.0
6.0
8.0
18.0
4.0
7.0
1.0
5.0
4.0
2.0
9.0
6.0
8.0
1.0
5.0
5.0
12.0
14.0
27.0
9.0
3.0
55.0
23.0
14.0
16.0
13.0
3.0
10.0
14.0
32.0
11.0
2.0
3.0
9.0
5.0
10.0
29.0
3.0
8.0
7.0
5.0
5.0
3.0
12.0
4.0
6.0
3.0
67.0
5.0
2.0
3.0
1.0
14.0
8.0
7.0
18.0
15.0
5.0
14.0
5.0
3.0
13.0
9.0
16.0
3.0
3.0
7.0
2.0
8.0
15.0
6.0
2.0
21.0
1.0
13.0
0.0
13.0
12.0
6.0
9.0
15.0
3.0
9.0
7.0
5.0
2.0
4.0
5.0
12.0
32.0
13.0
46.0
0.0
13.0
10.0
3.0
16.0
5.0
5.0
7.0
4.0
9.0
6.0
6.0
6.0
0.0
13.0
9.0
5.0
31.0
4.0
21.0
1.0
15.0
4.0
12.0
3.0
4.0
16.0
6.0
41.0
18.0
4.0
15.0
6.0
27.0
14.0
7.0
9.0
10.0
21.0
9.0
7.0
4.0
33.0
4.0
15.0
1.0
4.0
2.0
1.0
2.0
1.0
3.0
3.0
20.0
1.0
0.0
10.0
4.0
6.0
5.0
12.0
3.0
7.0
9.0
14.0
24.0
57.0
7.0
23.0
6.0
2.0
17.0
8.0
2.0
19.0
27.0
7.0
30.0
6.0
4.0
14.0
18.0
12.0
1.0
0.0
4.0
6.0
2.0
10.0
9.0
0.0
8.0
22.0
4.0
16.0
2.0
17.0
27.0
2.0
11.0
11.0
6.0
3.0
19.0
33.0
13.0
39.0
3.0
5.0
2.0
12.0
5.0
19.0
1.0
4.0
12.0
2.0
3.0
5.0
13.0
2.0
1.0
2.0
8.0
36.0
19.0
14.0
6.0
18.0
10.0
2.0
3.0
11.0
3.0
16.0
12.0
3.0
12.0
0.0
13.0
10.0
9.0
0.0
3.0
4.0
0.0
6.0
26.0
5.0
5.0
2.0
2.0
3.0
15.0
4.0
1.0
56.0
0.0
9.0
31.0
14.0
34.0
4.0
4.0
9.0
1.0
5.0
4.0
7.0
3.0
2.0
12.0
1.0
7.0
0.0
3.0
15.0
5.0
12.0
14.0
8.0
7.0
11.0
18.0
27.0
1.0
12.0
0.0
14.0
5.0
16.0
1.0
0.0
11.0
3.0
5.0
24.0
13.0
1.0
23.0
13.0
32.0
2.0
10.0
17.0
1.0
10.0
6.0
30.0
45.0
1.0
6.0
2.0
7.0
3.0
2.0
4.0
3.0
4.0
3.0
17.0
13.0
0.0
6.0
5.0
3.0
11.0
3.0
21.0
1.0
26.0
12.0
6.0
6.0
13.0
4.0
1.0
1.0
11.0
25.0
16.0
12.0
3.0
2.0
3.0
2.0
2.0
16.0
17.0
6.0
3.0
4.0
20.0
1.0
10.0
7.0
1.0
8.0
3.0
8.0
3.0
11.0
6.0
1.0
13.0
14.0
4.0
10.0
26.0
10.0
3.0
2.0
17.0
11.0
5.0
7.0
3.0
7.0
25.0
21.0
19.0
23.0
34.0
16.0
20.0
1.0
23.0
27.0
2.0
4.0
6.0
4.0
17.0
2.0
6.0
17.0
30.0
3.0
18.0
5.0
21.0
4.0
4.0
1.0
21.0
1.0
10.0
9.0
2.0
2.0
5.0
9.0
11.0
5.0
8.0
4.0
3.0
8.0
4.0
5.0
6.0
9.0
9.0
7.0
14.0
3.0
2.0
20.0
8.0
2.0
39.0
3.0
2.0
0.0
6.0
9.0
5.0
11.0
29.0
4.0
4.0
12.0
22.0
9.0
9.0
8.0
40.0
2.0
13.0
27.0
8.0
11.0
16.0
7.0
14.0
6.0
3.0
9.0
6.0
22.0
4.0
21.0
30.0
22.0
2.0
35.0
3.0
7.0
0.0
17.0
6.0
7.0
26.0
0.0
5.0
6.0
9.0
12.0
2.0
14.0
36.0
22.0
0.0
10.0
1.0
4.0
17.0
43.0
18.0
9.0
18.0
50.0
7.0
15.0
15.0
18.0
8.0
29.0
6.0
12.0
17.0
0.0
2.0
7.0
6.0
20.0
1.0
21.0
7.0
4.0
2.0
25.0
4.0
3.0
18.0
3.0
6.0
6.0
7.0
8.0
18.0
23.0
4.0
45.0
6.0
30.0
6.0
41.0
3.0
4.0
7.0
4.0
14.0
11.0
25.0
43.0
7.0
25.0
27.0
2.0
40.0
11.0
7.0
15.0
4.0
19.0
2.0
2.0
9.0
13.0
5.0
9.0
16.0
5.0
10.0
3.0
7.0
14.0
1.0
10.0
13.0
10.0
7.0
5.0
0.0
13.0
4.0
9.0
3.0
6.0
5.0
2.0
11.0
8.0
8.0
11.0
6.0
8.0
3.0
16.0
11.0
20.0
0.0
15.0
17.0
18.0
1.0
4.0
9.0
35.0
9.0
14.0
8.0
31.0
2.0
10.0
10.0
2.0
1.0
16.0
14.0
11.0
0.0
4.0
8.0
3.0
12.0
6.0
51.0
3.0
3.0
8.0
32.0
4.0
8.0
13.0
9.0
13.0
6.0
8.0
9.0
5.0
15.0
11.0
35.0
37.0
13.0
26.0
6.0
27.0
14.0
0.0
4.0
17.0
13.0
18.0
45.0
13.0
14.0
18.0
11.0
11.0
7.0
6.0
22.0
68.0
18.0
42.0
0.0
9.0
6.0
1.0
6.0
20.0
15.0
3.0
3.0
15.0
3.0
5.0
29.0
4.0
6.0
3.0
9.0
2.0
11.0
16.0
11.0
7.0
1.0
9.0
2.0
30.0
14.0
9.0
13.0
3.0
6.0
6.0
3.0
0.0
47.0
1.0
4.0
3.0
7.0
4.0
2.0
12.0
9.0
20.0
26.0
8.0
7.0
19.0
5.0
43.0
0.0
9.0
8.0
22.0
0.0
2.0
12.0
16.0
17.0
32.0
0.0
4.0
3.0
22.0
18.0
6.0
7.0
31.0
4.0
5.0
14.0
7.0
6.0
14.0
10.0
19.0
0.0
44.0
9.0
8.0
8.0
9.0
7.0
7.0
30.0
7.0
10.0
20.0
5.0
2.0
6.0
41.0
1.0
10.0
21.0
14.0
0.0
7.0
9.0
21.0
1.0
5.0
4.0
4.0
23.0
6.0
0.0
40.0
15.0
5.0
1.0
13.0
0.0
4.0
1.0
0.0
20.0
11.0
9.0
36.0
7.0
3.0
10.0
4.0
6.0
13.0
50.0
35.0
5.0
9.0
5.0
12.0
4.0
37.0
24.0
4.0
2.0
12.0
26.0
9.0
3.0
10.0
4.0
24.0
31.0
31.0
40.0
8.0
4.0
16.0
9.0
44.0
11.0
9.0
43.0
14.0
2.0
13.0
9.0
0.0
53.0
2.0
29.0
27.0
67.0
5.0
8.0
1.0
4.0
26.0
22.0
0.0
26.0
0.0
3.0
2.0
12.0
2.0
4.0
7.0
21.0
23.0
6.0
9.0
24.0
14.0
21.0
5.0
7.0
30.0
0.0
23.0
5.0
18.0
11.0
1.0
4.0
19.0
1.0
23.0
3.0
8.0
9.0
0.0
2.0
8.0
28.0
36.0
11.0
2.0
10.0
0.0
9.0
9.0
22.0
3.0
0.0
27.0
11.0
9.0
45.0
16.0
20.0
6.0
11.0
11.0
6.0
1.0
53.0
29.0
3.0
0.0
16.0
5.0
2.0
11.0
9.0
0.0
12.0
4.0
9.0
3.0
39.0
4.0
5.0
5.0
9.0
8.0
15.0
4.0
7.0
3.0
10.0
26.0
62.0
9.0
22.0
56.0
10.0
4.0
1.0
3.0
0.0
53.0
4.0
15.0
2.0
6.0
7.0
36.0
3.0
2.0
12.0
1.0
31.0
6.0
0.0
4.0
15.0
30.0
10.0
0.0
7.0
15.0
8.0
18.0
1.0
6.0
9.0
3.0
5.0
22.0
47.0
13.0
3.0
3.0
15.0
11.0
2.0
14.0
8.0
3.0
9.0
13.0
2.0
3.0
16.0
2.0
12.0
20.0
18.0
2.0
30.0
2.0
6.0
4.0
2.0
38.0
4.0
7.0
1.0
20.0
37.0
40.0
15.0
15.0
0.0
0.0
32.0
7.0
5.0
0.0
7.0
13.0
4.0
21.0
7.0
9.0
15.0
10.0
2.0
5.0
12.0
5.0
1.0
37.0
29.0
23.0
15.0
15.0
9.0
18.0
15.0
24.0
34.0
1.0
15.0
5.0
16.0
5.0
1.0
0.0
4.0
6.0
13.0
7.0
12.0
21.0
19.0
4.0
12.0
11.0
4.0
33.0
42.0
7.0
4.0
3.0
19.0
20.0
2.0
25.0
6.0
3.0
1.0
27.0
4.0
1.0
24.0
2.0
12.0
16.0
1.0
3.0
24.0
4.0
5.0
8.0
1.0
2.0
6.0
2.0
8.0
13.0
1.0
8.0
3.0
25.0
3.0
1.0
29.0
24.0
14.0
86.0
0.0
7.0
7.0
4.0
13.0
4.0
16.0
2.0
1.0
6.0
7.0
14.0
15.0
20.0
9.0
3.0
2.0
31.0
8.0
0.0
13.0
7.0
25.0
15.0
15.0
32.0
3.0
11.0
5.0
1.0
4.0
5.0
49.0
3.0
4.0
60.0
14.0
8.0
8.0
0.0
5.0
10.0
4.0
21.0
6.0
10.0
4.0
38.0
3.0
6.0
6.0
4.0
1.0
1.0
1.0
12.0
2.0
1.0
2.0
12.0
39.0
30.0
0.0
8.0
12.0
14.0
5.0
2.0
3.0
20.0
4.0
6.0
35.0
2.0
7.0
4.0
45.0
10.0
26.0
13.0
4.0
2.0
8.0
0.0
10.0
10.0
9.0
15.0
7.0
1.0
9.0
14.0
7.0
35.0
11.0
1.0
16.0
0.0
7.0
79.0
1.0
10.0
3.0
1.0
10.0
16.0
4.0
3.0
11.0
3.0
1.0
6.0
26.0
0.0
49.0
5.0
10.0
3.0
2.0
9.0
6.0
17.0
11.0
27.0
20.0
1.0
5.0
4.0
4.0
2.0
14.0
18.0
24.0
8.0
12.0
6.0
10.0
20.0
10.0
2.0
11.0
20.0
7.0
13.0
75.0
10.0
2.0
9.0
0.0
0.0
7.0
11.0
1.0
4.0
3.0
12.0
13.0
0.0
4.0
59.0
18.0
3.0
0.0
3.0
2.0
24.0
23.0
8.0
19.0
23.0
6.0
7.0
17.0
19.0
7.0
0.0
7.0
6.0
0.0
1.0
6.0
6.0
21.0
10.0
9.0
7.0
1.0
4.0
8.0
16.0
10.0
11.0
26.0
3.0
14.0
5.0
1.0
6.0
3.0
10.0
18.0
1.0
0.0
3.0
10.0
16.0
11.0
0.0
6.0
2.0
5.0
5.0
6.0
28.0
1.0
36.0
14.0
5.0
21.0
13.0
2.0
6.0
25.0
1.0
1.0
5.0
7.0
15.0
3.0
13.0
45.0
19.0
2.0
2.0
4.0
1.0
14.0
23.0
28.0
3.0
15.0
16.0
13.0
0.0
13.0
1.0
4.0
8.0
20.0
21.0
1.0
4.0
4.0
12.0
1.0
6.0
5.0
4.0
30.0
2.0
1.0
10.0
0.0
18.0
2.0
9.0
20.0
4.0
32.0
1.0
16.0
8.0
16.0
0.0
37.0
13.0
2.0
14.0
14.0
5.0
32.0
6.0
3.0
7.0
28.0
5.0
10.0
3.0
12.0
2.0
26.0
1.0
15.0
26.0
12.0
9.0
3.0
0.0
9.0
8.0
10.0
11.0
0.0
7.0
10.0
4.0
28.0
2.0
8.0
26.0
51.0
3.0
27.0
10.0
44.0
5.0
4.0
1.0
5.0
7.0
21.0
1.0
2.0
23.0
7.0
2.0
14.0
3.0
0.0
44.0
0.0
19.0
25.0
30.0
3.0
10.0
5.0
3.0
1.0
3.0
4.0
9.0
29.0
3.0
3.0
0.0
24.0
7.0
12.0
7.0
18.0
7.0
6.0
6.0
4.0
5.0
21.0
8.0
18.0
4.0
13.0
0.0
19.0
18.0
30.0
21.0
0.0
0.0
1.0
0.0
34.0
44.0
7.0
2.0
12.0
62.0
8.0
26.0
9.0
9.0
7.0
6.0
16.0
7.0
13.0
0.0
5.0
1.0
0.0
44.0
4.0
7.0
12.0
14.0
22.0
17.0
23.0
4.0
21.0
9.0
1.0
2.0
5.0
5.0
3.0
5.0
5.0
39.0
12.0
0.0
18.0
4.0
0.0
7.0
5.0
9.0
20.0
23.0
0.0
1.0
48.0
13.0
1.0
9.0
20.0
1.0
8.0
18.0
9.0
8.0
12.0
9.0
7.0
4.0
38.0
15.0
29.0
12.0
16.0
0.0
6.0
5.0
4.0
9.0
24.0
4.0
10.0
1.0
13.0
1.0
23.0
4.0
2.0
1.0
3.0
10.0
23.0
5.0
23.0
26.0
9.0
16.0
4.0
0.0
9.0
2.0
83.0
48.0
2.0
1.0
12.0
4.0
8.0
9.0
12.0
6.0
12.0
9.0
25.0
2.0
12.0
29.0
3.0
12.0
24.0
1.0
24.0
0.0
20.0
4.0
3.0
15.0
19.0
4.0
28.0
13.0
14.0
5.0
8.0
9.0
5.0
13.0
8.0
18.0
4.0
5.0
8.0
4.0
4.0
6.0
0.0
4.0
7.0
8.0
15.0
2.0
27.0
4.0
6.0
2.0
41.0
6.0
1.0
4.0
3.0
7.0
9.0
2.0
18.0
3.0
12.0
61.0
11.0
13.0
0.0
2.0
2.0
49.0
23.0
22.0
24.0
11.0
6.0
6.0
31.0
2.0
25.0
0.0
20.0
12.0
5.0
0.0
18.0
36.0
0.0
32.0
0.0
44.0
4.0
18.0
51.0
41.0
13.0
7.0
25.0
1.0
2.0
4.0
8.0
5.0
9.0
2.0
25.0
0.0
27.0
5.0
0.0
5.0
3.0
14.0
1.0
60.0
32.0
9.0
66.0
42.0
6.0
30.0
2.0
3.0
0.0
3.0
87.0
3.0
4.0
7.0
21.0
18.0
1.0
1.0
4.0
1.0
1.0
1.0
3.0
8.0
0.0
18.0
7.0
7.0
7.0
11.0
20.0
15.0
2.0
2.0
3.0
1.0
1.0
9.0
40.0
24.0
48.0
7.0
35.0
5.0
7.0
0.0
10.0
5.0
16.0
0.0
1.0
3.0
12.0
7.0
8.0
9.0
2.0
55.0
6.0
32.0
5.0
31.0
13.0
20.0
4.0
7.0
9.0
8.0
8.0
9.0
22.0
23.0
28.0
6.0
17.0
6.0
20.0
4.0
66.0
0.0
0.0
4.0
13.0
12.0
5.0
4.0
9.0
6.0
11.0
4.0
0.0
14.0
0.0
13.0
9.0
3.0
20.0
6.0
15.0
14.0
1.0
16.0
11.0
11.0
7.0
12.0
1.0
6.0
13.0
28.0
18.0
0.0
1.0
2.0
33.0
1.0
1.0
19.0
78.0
16.0
10.0
9.0
6.0
17.0
0.0
0.0
1.0
4.0
25.0
5.0
2.0
6.0
18.0
0.0
24.0
1.0
8.0
6.0
6.0
22.0
29.0
18.0
15.0
28.0
0.0
15.0
12.0
92.0
16.0
80.0
9.0
15.0
14.0
7.0
9.0
16.0
0.0
14.0
4.0
29.0
2.0
4.0
3.0
42.0
14.0
16.0
7.0
1.0
10.0
12.0
2.0
0.0
6.0
2.0
22.0
11.0
14.0
2.0
1.0
1.0
9.0
2.0
21.0
1.0
49.0
4.0
26.0
41.0
4.0
5.0
10.0
0.0
2.0
33.0
4.0
75.0
34.0
21.0
0.0
11.0
12.0
1.0
12.0
4.0
1.0
40.0
1.0
32.0
1.0
2.0
17.0
1.0
2.0
5.0
8.0
10.0
0.0
29.0
3.0
11.0
5.0
3.0
19.0
25.0
20.0
4.0
0.0
10.0
6.0
5.0
7.0
25.0
38.0
0.0
4.0
1.0
19.0
3.0
25.0
13.0
3.0
47.0
15.0
2.0
7.0
6.0
15.0
2.0
6.0
1.0
139.0
4.0
9.0
1.0
26.0
9.0
12.0
32.0
14.0
0.0
1.0
4.0
0.0
35.0
27.0
13.0
22.0
5.0
2.0
2.0
10.0
34.0
5.0
2.0
0.0
10.0
11.0
28.0
1.0
5.0
8.0
2.0
2.0
1.0
15.0
4.0
8.0
16.0
4.0
49.0
30.0
20.0
5.0
4.0
1.0
5.0
15.0
0.0
55.0
4.0
69.0
1.0
3.0
9.0
13.0
3.0
12.0
5.0
8.0
0.0
4.0
4.0
15.0
2.0
1.0
35.0
5.0
3.0
11.0
4.0
12.0
19.0
34.0
5.0
12.0
7.0
15.0
7.0
2.0
9.0
4.0
13.0
7.0
6.0
26.0
2.0
12.0
13.0
1.0
16.0
3.0
9.0
0.0
4.0
35.0
82.0
4.0
11.0
3.0
26.0
15.0
7.0
3.0
1.0
8.0
62.0
1.0
7.0
5.0
0.0
9.0
5.0
6.0
1.0
1.0
39.0
8.0
10.0
4.0
6.0
51.0
0.0
95.0
2.0
15.0
3.0
12.0
3.0
1.0
4.0
21.0
4.0
0.0
9.0
4.0
5.0
19.0
2.0
14.0
1.0
4.0
20.0
12.0
20.0
15.0
25.0
124.0
7.0
2.0
0.0
1.0
3.0
15.0
1.0
2.0
3.0
8.0
14.0
3.0
14.0
1.0
13.0
2.0
6.0
29.0
24.0
3.0
3.0
10.0
12.0
4.0
7.0
7.0
5.0
3.0
21.0
83.0
11.0
1.0
7.0
56.0
5.0
6.0
5.0
2.0
13.0
23.0
5.0
1.0
18.0
0.0
2.0
16.0
7.0
15.0
15.0
6.0
2.0
0.0
2.0
7.0
0.0
0.0
6.0
8.0
36.0
25.0
13.0
20.0
6.0
16.0
5.0
8.0
23.0
7.0
13.0
31.0
1.0
3.0
14.0
18.0
57.0
1.0
6.0
12.0
6.0
9.0
0.0
2.0
5.0
4.0
0.0
9.0
24.0
2.0
16.0
4.0
2.0
1.0
18.0
36.0
2.0
3.0
1.0
19.0
45.0
15.0
6.0
1.0
18.0
2.0
4.0
11.0
1.0
5.0
5.0
0.0
19.0
13.0
13.0
4.0
3.0
67.0
1.0
46.0
3.0
4.0
38.0
1.0
1.0
5.0
5.0
2.0
3.0
8.0
6.0
24.0
3.0
4.0
8.0
20.0
27.0
6.0
7.0
57.0
1.0
0.0
2.0
49.0
3.0
58.0
60.0
5.0
18.0
0.0
3.0
12.0
7.0
36.0
38.0
5.0
0.0
3.0
6.0
6.0
1.0
12.0
22.0
4.0
5.0
5.0
13.0
10.0
41.0
7.0
19.0
11.0
25.0
4.0
0.0
12.0
0.0
13.0
12.0
51.0
2.0
4.0
11.0
28.0
4.0
6.0
6.0
1.0
14.0
18.0
5.0
1.0
5.0
1.0
4.0
1.0
19.0
7.0
38.0
7.0
0.0
6.0
6.0
8.0
26.0
2.0
6.0
7.0
40.0
5.0
1.0
32.0
11.0
5.0
4.0
12.0
21.0
0.0
16.0
6.0
4.0
6.0
3.0
3.0
60.0
3.0
4.0
0.0
4.0
2.0
11.0
7.0
12.0
126.0
11.0
4.0
4.0
10.0
5.0
6.0
22.0
16.0
1.0
16.0
29.0
17.0
17.0
3.0
0.0
1.0
14.0
3.0
7.0
16.0
0.0
17.0
9.0
21.0
0.0
6.0
2.0
7.0
7.0
6.0
47.0
8.0
2.0
18.0
7.0
7.0
8.0
10.0
0.0
0.0
1.0
67.0
11.0
1.0
4.0
32.0
15.0
13.0
2.0
13.0
8.0
0.0
12.0
16.0
30.0
1.0
2.0
30.0
9.0
18.0
4.0
19.0
20.0
8.0
1.0
4.0
8.0
0.0
31.0
10.0
1.0
6.0
7.0
26.0
49.0
39.0
16.0
3.0
20.0
29.0
9.0
19.0
1.0
6.0
27.0
8.0
1.0
7.0
48.0
6.0
4.0
5.0
0.0
1.0
1.0
56.0
2.0
1.0
21.0
6.0
6.0
7.0
3.0
18.0
3.0
21.0
0.0
1.0
5.0
20.0
9.0
3.0
21.0
5.0
11.0
29.0
37.0
21.0
2.0
18.0
9.0
28.0
0.0
2.0
2.0
17.0
1.0
2.0
3.0
7.0
8.0
3.0
5.0
8.0
1.0
38.0
1.0
12.0
2.0
212.0
14.0
2.0
32.0
2.0
13.0
0.0
69.0
12.0
1.0
16.0
7.0
0.0
9.0
3.0
2.0
4.0
8.0
2.0
4.0
5.0
2.0
2.0
1.0
38.0
2.0
0.0
4.0
1.0
12.0
6.0
13.0
0.0
0.0
7.0
1.0
6.0
3.0
34.0
49.0
0.0
24.0
4.0
59.0
9.0
0.0
9.0
28.0
12.0
10.0
1.0
2.0
0.0
4.0
3.0
35.0
0.0
2.0
53.0
5.0
10.0
28.0
2.0
6.0
14.0
3.0
4.0
8.0
6.0
4.0
16.0
4.0
6.0
16.0
17.0
25.0
0.0
12.0
10.0
1.0
2.0
18.0
3.0
8.0
5.0
7.0
1.0
2.0
30.0
43.0
16.0
2.0
5.0
94.0
1.0
16.0
1.0
4.0
0.0
15.0
0.0
2.0
8.0
32.0
47.0
1.0
28.0
1.0
17.0
2.0
7.0
0.0
8.0
6.0
1.0
10.0
3.0
10.0
20.0
0.0
4.0
2.0
3.0
0.0
9.0
1.0
5.0
14.0
7.0
5.0
23.0
18.0
13.0
3.0
4.0
14.0
5.0
69.0
7.0
2.0
60.0
30.0
7.0
2.0
1.0
22.0
6.0
0.0
0.0
8.0
20.0
3.0
3.0
1.0
0.0
10.0
0.0
4.0
10.0
0.0
2.0
20.0
8.0
1.0
4.0
4.0
5.0
5.0
7.0
17.0
2.0
5.0
4.0
8.0
6.0
17.0
19.0
178.0
10.0
0.0
23.0
0.0
6.0
5.0
6.0
15.0
8.0
15.0
9.0
14.0
19.0
4.0
5.0
27.0
5.0
28.0
119.0
42.0
1.0
11.0
10.0
1.0
49.0
2.0
2.0
5.0
7.0
8.0
2.0
12.0
48.0
6.0
15.0
1.0
1.0
6.0
10.0
2.0
50.0
1.0
0.0
9.0
83.0
11.0
15.0
1.0
11.0
6.0
6.0
41.0
3.0
26.0
3.0
3.0
6.0
8.0
8.0
30.0
0.0
9.0
2.0
3.0
2.0
0.0
33.0
11.0
5.0
0.0
3.0
11.0
9.0
16.0
14.0
0.0
6.0
7.0
5.0
2.0
0.0
16.0
4.0
4.0
7.0
1.0
4.0
1.0
0.0
48.0
21.0
59.0
13.0
48.0
3.0
0.0
2.0
0.0
46.0
2.0
2.0
7.0
239.0
6.0
1.0
12.0
13.0
2.0
27.0
2.0
33.0
2.0
17.0
2.0
18.0
9.0
6.0
38.0
2.0
0.0
8.0
11.0
10.0
14.0
6.0
11.0
3.0
14.0
0.0
2.0
17.0
2.0
5.0
24.0
51.0
18.0
17.0
2.0
1.0
23.0
3.0
5.0
6.0
0.0
9.0
9.0
8.0
11.0
4.0
3.0
5.0
8.0
2.0
16.0
20.0
6.0
7.0
5.0
9.0
2.0
8.0
1.0
96.0
5.0
5.0
5.0
3.0
2.0
7.0
7.0
69.0
10.0
11.0
16.0
5.0
28.0
3.0
9.0
7.0
6.0
22.0
3.0
0.0
2.0
1.0
2.0
32.0
28.0
16.0
0.0
28.0
4.0
0.0
22.0
32.0
0.0
6.0
85.0
6.0
7.0
10.0
4.0
12.0
6.0
1.0
6.0
49.0
32.0
8.0
11.0
2.0
0.0
0.0
6.0
25.0
2.0
0.0
29.0
15.0
0.0
1.0
9.0
10.0
0.0
33.0
0.0
1.0
25.0
16.0
7.0
29.0
19.0
3.0
4.0
21.0
21.0
1.0
140.0
35.0
18.0
1.0
5.0
1.0
2.0
7.0
1.0
8.0
15.0
9.0
20.0
8.0
5.0
16.0
2.0
1.0
13.0
2.0
29.0
16.0
30.0
3.0
33.0
1.0
15.0
34.0
10.0
0.0
14.0
9.0
5.0
2.0
6.0
23.0
1.0
3.0
70.0
77.0
1.0
1.0
2.0
32.0
10.0
53.0
1.0
11.0
2.0
1.0
4.0
5.0
7.0
0.0
12.0
8.0
1.0
33.0
7.0
75.0
19.0
5.0
2.0
6.0
25.0
8.0
7.0
2.0
5.0
4.0
7.0
11.0
24.0
15.0
40.0
4.0
4.0
29.0
2.0
4.0
11.0
1.0
1.0
11.0
3.0
5.0
4.0
0.0
6.0
34.0
5.0
2.0
5.0
43.0
27.0
1.0
20.0
69.0
69.0
19.0
4.0
13.0
49.0
13.0
2.0
4.0
8.0
4.0
6.0
4.0
4.0
1.0
8.0
25.0
6.0
26.0
1.0
9.0
0.0
4.0
3.0
0.0
2.0
14.0
10.0
5.0
12.0
14.0
12.0
106.0
35.0
16.0
0.0
18.0
9.0
10.0
1.0
5.0
4.0
4.0
1.0
18.0
30.0
8.0
9.0
2.0
13.0
1.0
0.0
19.0
7.0
3.0
18.0
2.0
1.0
10.0
14.0
15.0
50.0
24.0
16.0
2.0
7.0
12.0
13.0
21.0
2.0
17.0
6.0
0.0
2.0
1.0
20.0
1.0
2.0
1.0
10.0
3.0
127.0
1.0
3.0
17.0
36.0
4.0
3.0
2.0
7.0
2.0
21.0
5.0
25.0
2.0
4.0
23.0
13.0
27.0
4.0
11.0
22.0
3.0
8.0
0.0
31.0
3.0
6.0
4.0
11.0
0.0
22.0
20.0
3.0
3.0
7.0
5.0
142.0
2.0
3.0
3.0
12.0
3.0
13.0
16.0
3.0
10.0
11.0
3.0
118.0
2.0
15.0
6.0
4.0
13.0
36.0
9.0
15.0
5.0
39.0
4.0
24.0
3.0
1.0
2.0
5.0
35.0
7.0
7.0
3.0
12.0
18.0
25.0
24.0
2.0
5.0
0.0
9.0
36.0
0.0
32.0
1.0
34.0
8.0
8.0
6.0
49.0
21.0
6.0
17.0
42.0
3.0
3.0
54.0
2.0
4.0
28.0
5.0
7.0
3.0
39.0
1.0
1.0
43.0
14.0
5.0
10.0
40.0
9.0
9.0
21.0
7.0
4.0
59.0
2.0
10.0
13.0
11.0
2.0
62.0
5.0
17.0
3.0
7.0
4.0
3.0
9.0
11.0
5.0
1.0
7.0
6.0
45.0
9.0
3.0
7.0
24.0
155.0
0.0
2.0
5.0
7.0
5.0
1.0
24.0
6.0
1.0
8.0
7.0
2.0
2.0
16.0
57.0
3.0
25.0
10.0
2.0
3.0
20.0
12.0
7.0
55.0
49.0
4.0
6.0
4.0
2.0
22.0
5.0
6.0
28.0
79.0
26.0
7.0
3.0
0.0
12.0
2.0
17.0
33.0
5.0
7.0
0.0
12.0
5.0
12.0
7.0
13.0
9.0
12.0
5.0
9.0
5.0
15.0
139.0
30.0
1.0
22.0
12.0
1.0
0.0
1.0
14.0
2.0
10.0
8.0
4.0
1.0
0.0
4.0
5.0
32.0
72.0
0.0
9.0
14.0
8.0
23.0
79.0
7.0
4.0
6.0
12.0
1.0
8.0
2.0
6.0
88.0
4.0
11.0
1.0
5.0
20.0
18.0
3.0
14.0
6.0
10.0
8.0
2.0
37.0
12.0
4.0
7.0
0.0
9.0
0.0
0.0
12.0
11.0
3.0
20.0
0.0
5.0
12.0
16.0
8.0
0.0
14.0
19.0
3.0
6.0
17.0
7.0
20.0
2.0
23.0
3.0
2.0
4.0
112.0
2.0
11.0
4.0
44.0
13.0
1.0
5.0
1.0
1.0
3.0
12.0
2.0
5.0
2.0
19.0
4.0
1.0
5.0
21.0
2.0
29.0
38.0
10.0
21.0
1.0
1.0
7.0
7.0
52.0
2.0
4.0
5.0
3.0
13.0
4.0
25.0
2.0
0.0
17.0
16.0
5.0
8.0
16.0
0.0
8.0
23.0
1.0
3.0
68.0
6.0
11.0
18.0
23.0
10.0
1.0
32.0
11.0
1.0
2.0
4.0
9.0
52.0
3.0
1.0
9.0
34.0
10.0
3.0
7.0
8.0
8.0
10.0
3.0
12.0
13.0
4.0
2.0
20.0
14.0
8.0
16.0
34.0
5.0
22.0
0.0
8.0
5.0
5.0
12.0
4.0
8.0
3.0
15.0
1.0
24.0
7.0
12.0
8.0
1.0
5.0
6.0
3.0
2.0
299.0
1.0
8.0
7.0
17.0
28.0
0.0
9.0
5.0
1.0
6.0
7.0
6.0
13.0
13.0
0.0
12.0
6.0
0.0
5.0
7.0
1.0
7.0
38.0
80.0
9.0
0.0
1.0
31.0
26.0
8.0
17.0
23.0
3.0
17.0
2.0
0.0
6.0
1.0
3.0
3.0
24.0
1.0
3.0
3.0
2.0
2.0
5.0
32.0
3.0
12.0
11.0
16.0
9.0
4.0
0.0
19.0
0.0
1.0
5.0
1.0
4.0
12.0
9.0
17.0
3.0
5.0
9.0
21.0
42.0
16.0
9.0
36.0
18.0
53.0
5.0
8.0
14.0
13.0
0.0
8.0
4.0
13.0
18.0
3.0
4.0
25.0
27.0
50.0
41.0
4.0
0.0
2.0
63.0
22.0
6.0
15.0
48.0
3.0
1.0
3.0
1.0
9.0
36.0
49.0
13.0
45.0
11.0
15.0
4.0
8.0
6.0
8.0
7.0
1.0
5.0
0.0
33.0
1.0
1.0
3.0
13.0
4.0
11.0
2.0
22.0
1.0
3.0
5.0
11.0
8.0
9.0
19.0
29.0
0.0
15.0
12.0
4.0
7.0
7.0
5.0
4.0
2.0
10.0
0.0
10.0
3.0
2.0
5.0
22.0
2.0
13.0
26.0
22.0
7.0
6.0
16.0
13.0
10.0
2.0
84.0
6.0
6.0
12.0
8.0
22.0
9.0
3.0
22.0
34.0
3.0
7.0
25.0
11.0
43.0
2.0
4.0
1.0
79.0
4.0
3.0
6.0
18.0
28.0
16.0
20.0
3.0
24.0
4.0
5.0
8.0
4.0
2.0
7.0
23.0
7.0
4.0
0.0
3.0
0.0
3.0
54.0
17.0
3.0
3.0
1.0
43.0
5.0
3.0
0.0
61.0
15.0
10.0
54.0
0.0
5.0
10.0
1.0
22.0
2.0
10.0
16.0
9.0
21.0
53.0
39.0
42.0
22.0
20.0
5.0
1.0
0.0
79.0
7.0
3.0
77.0
9.0
2.0
6.0
6.0
6.0
4.0
4.0
0.0
25.0
0.0
1.0
11.0
6.0
6.0
1.0
12.0
9.0
17.0
3.0
52.0
14.0
17.0
2.0
1.0
53.0
10.0
17.0
11.0
8.0
14.0
9.0
6.0
14.0
105.0
3.0
5.0
50.0
9.0
14.0
8.0
1.0
17.0
11.0
6.0
18.0
2.0
25.0
4.0
3.0
2.0
10.0
7.0
0.0
123.0
2.0
4.0
4.0
52.0
6.0
3.0
27.0
6.0
2.0
115.0
17.0
6.0
4.0
31.0
3.0
22.0
1.0
33.0
23.0
6.0
8.0
8.0
3.0
10.0
20.0
13.0
1.0
48.0
15.0
8.0
29.0
9.0
3.0
4.0
8.0
12.0
16.0
149.0
22.0
29.0
19.0
1.0
5.0
14.0
1.0
0.0
8.0
11.0
5.0
10.0
26.0
9.0
4.0
6.0
7.0
17.0
8.0
40.0
24.0
2.0
6.0
15.0
14.0
9.0
7.0
10.0
11.0
9.0
8.0
42.0
8.0
4.0
6.0
11.0
8.0
10.0
18.0
0.0
2.0
2.0
107.0
13.0
7.0
6.0
64.0
15.0
5.0
5.0
59.0
8.0
11.0
20.0
18.0
5.0
5.0
0.0
1.0
24.0
18.0
26.0
7.0
28.0
5.0
49.0
0.0
72.0
52.0
9.0
8.0
7.0
9.0
9.0
4.0
11.0
28.0
1.0
13.0
7.0
31.0
52.0
0.0
10.0
6.0
6.0
0.0
38.0
5.0
19.0
22.0
26.0
10.0
10.0
21.0
3.0
14.0
11.0
0.0
89.0
12.0
3.0
12.0
10.0
4.0
37.0
6.0
12.0
11.0
1.0
21.0
27.0
23.0
4.0
7.0
15.0
7.0
5.0
10.0
32.0
6.0
2.0
4.0
3.0
6.0
8.0
7.0
5.0
5.0
69.0
10.0
0.0
6.0
32.0
8.0
16.0
6.0
12.0
3.0
4.0
16.0
4.0
48.0
9.0
20.0
32.0
11.0
54.0
14.0
7.0
3.0
5.0
11.0
10.0
1.0
7.0
15.0
14.0
23.0
23.0
2.0
3.0
13.0
3.0
5.0
6.0
17.0
100.0
6.0
5.0
6.0
3.0
4.0
9.0
13.0
9.0
5.0
11.0
3.0
9.0
15.0
1.0
5.0
4.0
17.0
27.0
16.0
1.0
3.0
23.0
1.0
4.0
9.0
6.0
41.0
3.0
1.0
5.0
29.0
20.0
15.0
109.0
36.0
9.0
16.0
7.0
2.0
14.0
20.0
3.0
11.0
25.0
19.0
18.0
66.0
9.0
14.0
14.0
15.0
4.0
15.0
0.0
8.0
4.0
4.0
7.0
1.0
8.0
15.0
10.0
36.0
31.0
4.0
4.0
0.0
20.0
9.0
6.0
5.0
48.0
9.0
7.0
6.0
8.0
65.0
19.0
3.0
18.0
23.0
7.0
46.0
15.0
0.0
4.0
11.0
6.0
2.0
12.0
5.0
2.0
16.0
2.0
11.0
0.0
0.0
1.0
14.0
3.0
7.0
18.0
14.0
16.0
16.0
10.0
69.0
17.0
4.0
5.0
2.0
3.0
7.0
1.0
11.0
7.0
13.0
3.0
8.0
2.0
4.0
9.0
5.0
7.0
21.0
13.0
24.0
2.0
84.0
7.0
3.0
3.0
4.0
17.0
5.0
4.0
3.0
8.0
6.0
1.0
9.0
60.0
11.0
37.0
72.0
3.0
10.0
8.0
7.0
4.0
5.0
30.0
4.0
9.0
5.0
4.0
87.0
8.0
5.0
11.0
5.0
26.0
12.0
5.0
2.0
16.0
12.0
15.0
4.0
5.0
15.0
24.0
5.0
9.0
11.0
9.0
3.0
10.0
3.0
0.0
36.0
12.0
7.0
21.0
15.0
11.0
4.0
6.0
0.0
15.0
13.0
2.0
20.0
9.0
39.0
32.0
14.0
27.0
6.0
16.0
17.0
25.0
9.0
21.0
9.0
13.0
18.0
1.0
45.0
5.0
12.0
9.0
8.0
10.0
2.0
17.0
9.0
8.0
14.0
4.0
36.0
14.0
21.0
0.0
11.0
5.0
4.0
8.0
5.0
31.0
10.0
23.0
5.0
2.0
36.0
13.0
3.0
14.0
20.0
6.0
10.0
29.0
45.0
5.0
3.0
46.0
6.0
38.0
1.0
1.0
6.0
44.0
1.0
24.0
0.0
30.0
2.0
8.0
3.0
8.0
19.0
63.0
7.0
12.0
1.0
7.0
4.0
20.0
1.0
0.0
12.0
8.0
25.0
14.0
13.0
4.0
10.0
3.0
39.0
9.0
6.0
22.0
16.0
8.0
16.0
21.0
3.0
1.0
7.0
46.0
24.0
21.0
12.0
7.0
15.0
2.0
22.0
3.0
2.0
1.0
0.0
5.0
17.0
6.0
27.0
26.0
30.0
8.0
10.0
6.0
21.0
10.0
16.0
7.0
56.0
6.0
6.0
7.0
43.0
18.0
18.0
16.0
63.0
1.0
32.0
0.0
24.0
15.0
2.0
6.0
7.0
5.0
1.0
25.0
10.0
21.0
45.0
17.0
4.0
32.0
3.0
25.0
6.0
21.0
49.0
28.0
3.0
49.0
13.0
1.0
49.0
5.0
17.0
9.0
3.0
1.0
8.0
5.0
53.0
1.0
3.0
23.0
11.0
1.0
3.0
26.0
18.0
4.0
4.0
2.0
20.0
3.0
9.0
3.0
6.0
0.0
3.0
29.0
4.0
0.0
1.0
6.0
70.0
22.0
7.0
37.0
35.0
5.0
14.0
10.0
5.0
33.0
14.0
51.0
9.0
3.0
16.0
4.0
6.0
4.0
15.0
11.0
4.0
4.0
15.0
2.0
8.0
8.0
1.0
22.0
33.0
3.0
2.0
5.0
4.0
10.0
3.0
5.0
16.0
13.0
2.0
41.0
35.0
4.0
3.0
3.0
62.0
5.0
16.0
1.0
4.0
11.0
17.0
7.0
20.0
5.0
3.0
24.0
54.0
8.0
12.0
3.0
1.0
15.0
11.0
48.0
11.0
6.0
118.0
3.0
4.0
5.0
1.0
8.0
21.0
13.0
15.0
3.0
8.0
11.0
8.0
7.0
12.0
7.0
8.0
0.0
6.0
18.0
10.0
60.0
9.0
11.0
6.0
62.0
7.0
25.0
17.0
10.0
11.0
9.0
4.0
21.0
46.0
23.0
5.0
16.0
8.0
6.0
14.0
9.0
5.0
66.0
12.0
9.0
4.0
19.0
63.0
35.0
37.0
2.0
7.0
6.0
0.0
17.0
4.0
9.0
15.0
8.0
1.0
13.0
2.0
5.0
8.0
4.0
6.0
3.0
28.0
22.0
10.0
4.0
8.0
17.0
36.0
4.0
3.0
17.0
8.0
27.0
43.0
15.0
2.0
18.0
4.0
28.0
15.0
1.0
5.0
10.0
29.0
3.0
9.0
3.0
6.0
19.0
5.0
1.0
36.0
20.0
16.0
6.0
7.0
20.0
8.0
7.0
0.0
45.0
5.0
9.0
3.0
1.0
8.0
22.0
32.0
3.0
10.0
3.0
24.0
19.0
10.0
24.0
22.0
6.0
13.0
68.0
28.0
20.0
17.0
10.0
4.0
36.0
29.0
5.0
9.0
2.0
16.0
19.0
1.0
15.0
11.0
8.0
14.0
3.0
39.0
3.0
6.0
2.0
99.0
19.0
7.0
19.0
27.0
59.0
1.0
4.0
10.0
20.0
2.0
12.0
13.0
16.0
6.0
8.0
4.0
12.0
8.0
6.0
6.0
7.0
17.0
13.0
13.0
29.0
15.0
6.0
22.0
8.0
7.0
20.0
5.0
4.0
16.0
24.0
25.0
23.0
6.0
10.0
27.0
32.0
12.0
5.0
4.0
10.0
3.0
14.0
13.0
8.0
1.0
9.0
18.0
16.0
4.0
6.0
12.0
8.0
7.0
30.0
9.0
18.0
10.0
14.0
10.0
8.0
7.0
5.0
26.0
27.0
15.0
5.0
2.0
14.0
18.0
9.0
4.0
0.0
8.0
0.0
12.0
86.0
3.0
7.0
7.0
12.0
15.0
8.0
2.0
3.0
21.0
8.0
14.0
12.0
13.0
15.0
18.0
12.0
8.0
5.0
11.0
14.0
20.0
2.0
5.0
10.0
1.0
43.0
4.0
38.0
90.0
14.0
10.0
31.0
22.0
6.0
11.0
5.0
13.0
12.0
5.0
4.0
9.0
3.0
7.0
24.0
4.0
79.0
15.0
2.0
8.0
5.0
46.0
2.0
1.0
17.0
1.0
2.0
24.0
93.0
29.0
4.0
1.0
23.0
5.0
32.0
11.0
2.0
18.0
5.0
16.0
3.0
8.0
17.0
3.0
18.0
29.0
3.0
20.0
27.0
11.0
18.0
23.0
35.0
17.0
4.0
53.0
5.0
10.0
13.0
13.0
16.0
34.0
0.0
5.0
6.0
8.0
12.0
39.0
22.0
4.0
6.0
8.0
2.0
5.0
7.0
10.0
27.0
8.0
29.0
45.0
15.0
26.0
58.0
12.0
21.0
17.0
31.0
7.0
3.0
5.0
17.0
13.0
9.0
7.0
8.0
41.0
34.0
6.0
4.0
4.0
37.0
7.0
7.0
11.0
6.0
21.0
2.0
7.0
9.0
19.0
17.0
2.0
9.0
4.0
5.0
9.0
1.0
7.0
66.0
8.0
11.0
11.0
3.0
4.0
75.0
15.0
11.0
0.0
11.0
10.0
5.0
3.0
13.0
25.0
42.0
14.0
21.0
17.0
4.0
13.0
27.0
10.0
10.0
12.0
10.0
11.0
10.0
31.0
1.0
34.0
2.0
21.0
15.0
9.0
12.0
7.0
51.0
5.0
16.0
8.0
36.0
2.0
16.0
2.0
20.0
28.0
6.0
15.0
19.0
19.0
12.0
25.0
12.0
4.0
18.0
34.0
20.0
4.0
14.0
2.0
26.0
10.0
36.0
28.0
22.0
7.0
55.0
9.0
49.0
12.0
11.0
21.0
38.0
7.0
3.0
33.0
24.0
9.0
3.0
27.0
0.0
5.0
15.0
11.0
17.0
15.0
4.0
14.0
9.0
19.0
20.0
8.0
14.0
12.0
1.0
5.0
3.0
29.0
12.0
0.0
3.0
3.0
5.0
6.0
68.0
12.0
10.0
19.0
4.0
0.0
2.0
11.0
14.0
1.0
25.0
25.0
5.0
36.0
27.0
4.0
12.0
25.0
26.0
10.0
18.0
4.0
10.0
17.0
44.0
10.0
64.0
7.0
5.0
55.0
73.0
3.0
2.0
35.0
9.0
4.0
9.0
17.0
3.0
4.0
34.0
46.0
6.0
1.0
20.0
10.0
9.0
8.0
14.0
19.0
8.0
8.0
4.0
6.0
5.0
4.0
17.0
15.0
4.0
16.0
15.0
0.0
23.0
8.0
48.0
3.0
9.0
7.0
10.0
3.0
12.0
20.0
14.0
3.0
2.0
16.0
14.0
11.0
15.0
3.0
40.0
17.0
18.0
25.0
12.0
58.0
4.0
3.0
1.0
41.0
1.0
11.0
3.0
30.0
0.0
19.0
13.0
11.0
15.0
7.0
23.0
139.0
3.0
10.0
3.0
9.0
7.0
4.0
7.0
18.0
6.0
15.0
38.0
1.0
2.0
14.0
8.0
29.0
53.0
62.0
13.0
3.0
20.0
15.0
10.0
7.0
12.0
81.0
52.0
7.0
18.0
22.0
26.0
3.0
1.0
10.0
2.0
4.0
5.0
17.0
20.0
5.0
7.0
22.0
42.0
17.0
30.0
3.0
16.0
12.0
9.0
10.0
12.0
5.0
6.0
15.0
4.0
21.0
2.0
9.0
11.0
2.0
4.0
15.0
10.0
3.0
3.0
13.0
4.0
11.0
25.0
22.0
13.0
24.0
15.0
0.0
30.0
4.0
2.0
1.0
5.0
16.0
4.0
4.0
26.0
9.0
2.0
30.0
12.0
14.0
13.0
5.0
18.0
30.0
15.0
23.0
3.0
7.0
26.0
3.0
21.0
6.0
8.0
3.0
61.0
14.0
7.0
0.0
8.0
7.0
11.0
6.0
56.0
14.0
36.0
4.0
30.0
5.0
34.0
21.0
3.0
4.0
13.0
6.0
6.0
5.0
12.0
15.0
18.0
2.0
6.0
28.0
6.0
25.0
13.0
10.0
14.0
2.0
33.0
8.0
11.0
30.0
15.0
18.0
7.0
4.0
49.0
24.0
11.0
11.0
15.0
8.0
31.0
41.0
5.0
6.0
7.0
31.0
12.0
28.0
5.0
7.0
16.0
4.0
16.0
7.0
5.0
18.0
5.0
24.0
30.0
4.0
7.0
6.0
6.0
17.0
0.0
11.0
14.0
11.0
4.0
18.0
57.0
15.0
32.0
2.0
21.0
7.0
7.0
8.0
0.0
18.0
5.0
6.0
19.0
24.0
6.0
19.0
25.0
34.0
17.0
8.0
0.0
28.0
14.0
10.0
4.0
18.0
19.0
9.0
17.0
23.0
8.0
27.0
7.0
4.0
4.0
17.0
25.0
38.0
9.0
15.0
3.0
2.0
22.0
25.0
10.0
3.0
8.0
6.0
5.0
8.0
24.0
17.0
10.0
12.0
31.0
9.0
14.0
14.0
4.0
20.0
4.0
4.0
12.0
9.0
7.0
32.0
12.0
6.0
60.0
11.0
38.0
21.0
6.0
1.0
24.0
9.0
13.0
18.0
8.0
7.0
27.0
9.0
31.0
7.0
8.0
6.0
6.0
3.0
13.0
19.0
42.0
11.0
25.0
15.0
11.0
13.0
19.0
6.0
27.0
3.0
7.0
3.0
19.0
16.0
8.0
49.0
17.0
7.0
20.0
5.0
26.0
13.0
3.0
8.0
40.0
6.0
44.0
10.0
13.0
12.0
6.0
26.0
4.0
19.0
21.0
16.0
20.0
2.0
6.0
13.0
3.0
10.0
7.0
38.0
40.0
4.0
5.0
13.0
45.0
11.0
12.0
32.0
20.0
4.0
5.0
2.0
21.0
9.0
5.0
32.0
13.0
2.0
6.0
32.0
10.0
3.0
15.0
15.0
14.0
1.0
5.0
15.0
8.0
22.0
8.0
32.0
19.0
4.0
14.0
3.0
36.0
37.0
14.0
8.0
17.0
3.0
4.0
42.0
30.0
6.0
24.0
11.0
5.0
10.0
12.0
13.0
41.0
14.0
19.0
8.0
8.0
3.0
43.0
19.0
12.0
9.0
12.0
3.0
3.0
9.0
6.0
9.0
48.0
12.0
45.0
12.0
7.0
54.0
15.0
8.0
31.0
9.0
4.0
7.0
7.0
12.0
66.0
27.0
31.0
31.0
13.0
13.0
6.0
11.0
55.0
34.0
18.0
10.0
7.0
27.0
62.0
10.0
16.0
6.0
8.0
23.0
6.0
18.0
2.0
23.0
23.0
12.0
28.0
10.0
5.0
31.0
19.0
10.0
2.0
11.0
11.0
16.0
18.0
8.0
16.0
11.0
17.0
29.0
10.0
7.0
22.0
8.0
9.0
10.0
19.0
31.0
10.0
25.0
22.0
24.0
7.0
2.0
13.0
17.0
13.0
10.0
15.0
12.0
7.0
5.0
12.0
6.0
19.0
16.0
28.0
5.0
25.0
4.0
22.0
8.0
11.0
8.0
0.0
1.0
17.0
32.0
13.0
5.0
3.0
19.0
8.0
10.0
9.0
17.0
21.0
22.0
21.0
19.0
31.0
8.0
3.0
36.0
3.0
14.0
65.0
30.0
6.0
26.0
13.0
32.0
6.0
38.0
13.0
1.0
26.0
12.0
13.0
15.0
19.0
20.0
19.0
3.0
5.0
39.0
11.0
22.0
10.0
3.0
10.0
7.0
20.0
4.0
38.0
6.0
8.0
2.0
11.0
26.0
23.0
10.0
8.0
17.0
28.0
10.0
22.0
33.0
37.0
15.0
55.0
21.0
7.0
4.0
11.0
17.0
36.0
15.0
10.0
2.0
1.0
6.0
2.0
40.0
2.0
3.0
32.0
2.0
33.0
6.0
0.0
44.0
21.0
9.0
0.0
12.0
6.0
5.0
6.0
2.0
29.0
19.0
10.0
16.0
0.0
14.0
4.0
15.0
4.0
33.0
17.0
14.0
3.0
18.0
16.0
11.0
12.0
10.0
8.0
8.0
18.0
12.0
30.0
22.0
21.0
0.0
4.0
11.0
10.0
9.0
27.0
18.0
11.0
14.0
18.0
10.0
15.0
18.0
13.0
8.0
14.0
23.0
7.0
9.0
15.0
14.0
20.0
7.0
13.0
9.0
17.0
12.0
35.0
5.0
7.0
6.0
12.0
28.0
17.0
4.0
17.0
2.0
24.0
20.0
34.0
1.0
5.0
13.0
30.0
36.0
3.0
29.0
6.0
19.0
18.0
31.0
11.0
4.0
10.0
15.0
23.0
3.0
7.0
5.0
6.0
21.0
15.0
22.0
13.0
7.0
26.0
10.0
27.0
12.0
7.0
20.0
4.0
7.0
5.0
24.0
10.0
28.0
16.0
15.0
29.0
11.0
11.0
10.0
16.0
5.0
5.0
27.0
5.0
4.0
15.0
3.0
17.0
28.0
7.0
7.0
9.0
4.0
30.0
24.0
29.0
15.0
10.0
22.0
0.0
1.0
4.0
0.0
12.0
10.0
24.0
51.0
6.0
16.0
7.0
23.0
27.0
9.0
52.0
13.0
4.0
19.0
6.0
9.0
17.0
2.0
6.0
11.0
6.0
25.0
5.0
4.0
8.0
41.0
17.0
32.0
51.0
18.0
18.0
34.0
20.0
4.0
10.0
21.0
5.0
5.0
9.0
20.0
54.0
14.0
22.0
14.0
2.0
19.0
13.0
17.0
30.0
7.0
4.0
12.0
24.0
5.0
4.0
68.0
6.0
28.0
6.0
17.0
28.0
3.0
6.0
7.0
30.0
14.0
17.0
3.0
14.0
12.0
3.0
19.0
20.0
30.0
34.0
10.0
6.0
14.0
19.0
2.0
16.0
19.0
5.0
3.0
6.0
13.0
8.0
13.0
27.0
7.0
2.0
5.0
42.0
20.0
39.0
13.0
8.0
13.0
10.0
2.0
37.0
4.0
19.0
11.0
11.0
13.0
19.0
10.0
10.0
6.0
5.0
15.0
12.0
11.0
18.0
13.0
1.0
16.0
3.0
20.0
39.0
7.0
21.0
11.0
15.0
14.0
17.0
12.0
31.0
42.0
7.0
10.0
18.0
18.0
23.0
12.0
4.0
15.0
8.0
72.0
11.0
0.0
4.0
21.0
14.0
6.0
11.0
3.0
12.0
26.0
3.0
14.0
8.0
18.0
9.0
27.0
21.0
4.0
12.0
14.0
12.0
12.0
10.0
16.0
10.0
21.0
7.0
5.0
5.0
5.0
11.0
12.0
22.0
13.0
0.0
6.0
8.0
22.0
11.0
6.0
11.0
10.0
20.0
1.0
10.0
6.0
17.0
16.0
21.0
11.0
13.0
32.0
38.0
19.0
5.0
5.0
9.0
13.0
43.0
3.0
17.0
24.0
26.0
24.0
4.0
34.0
2.0
19.0
29.0
14.0
16.0
56.0
9.0
0.0
28.0
20.0
20.0
5.0
6.0
11.0
4.0
48.0
11.0
42.0
9.0
3.0
30.0
5.0
5.0
1.0
32.0
21.0
9.0
33.0
14.0
20.0
4.0
3.0
24.0
8.0
8.0
8.0
8.0
4.0
17.0
29.0
6.0
5.0
7.0
9.0
6.0
27.0
12.0
1.0
9.0
5.0
39.0
6.0
12.0
3.0
19.0
3.0
8.0
37.0
20.0
26.0
11.0
7.0
6.0
48.0
3.0
1.0
8.0
10.0
10.0
76.0
13.0
12.0
23.0
4.0
39.0
40.0
2.0
43.0
43.0
3.0
16.0
8.0
81.0
16.0
12.0
6.0
17.0
5.0
31.0
33.0
9.0
58.0
9.0
13.0
20.0
17.0
10.0
7.0
20.0
9.0
39.0
2.0
58.0
15.0
9.0
9.0
20.0
11.0
26.0
35.0
19.0
36.0
10.0
21.0
1.0
7.0
14.0
6.0
66.0
14.0
13.0
9.0
2.0
14.0
3.0
22.0
37.0
13.0
6.0
2.0
2.0
11.0
5.0
7.0
14.0
12.0
2.0
13.0
14.0
7.0
2.0
30.0
3.0
10.0
22.0
31.0
7.0
19.0
13.0
2.0
14.0
26.0
7.0
12.0
21.0
18.0
4.0
7.0
8.0
29.0
11.0
7.0
26.0
20.0
16.0
32.0
19.0
17.0
5.0
3.0
12.0
5.0
56.0
38.0
5.0
6.0
24.0
10.0
17.0
41.0
24.0
10.0
11.0
16.0
12.0
7.0
26.0
27.0
8.0
15.0
17.0
22.0
12.0
5.0
6.0
24.0
19.0
26.0
25.0
7.0
10.0
1.0
39.0
15.0
16.0
8.0
32.0
20.0
27.0
0.0
8.0
39.0
44.0
17.0
12.0
1.0
27.0
53.0
5.0
9.0
14.0
36.0
9.0
9.0
14.0
8.0
10.0
11.0
14.0
16.0
18.0
25.0
15.0
12.0
5.0
30.0
4.0
73.0
32.0
9.0
18.0
15.0
25.0
9.0
6.0
6.0
48.0
9.0
24.0
9.0
24.0
11.0
11.0
4.0
2.0
4.0
16.0
8.0
15.0
11.0
5.0
21.0
10.0
16.0
22.0
13.0
30.0
7.0
13.0
7.0
10.0
10.0
2.0
6.0
18.0
26.0
16.0
3.0
15.0
6.0
8.0
46.0
17.0
36.0
7.0
22.0
1.0
26.0
18.0
64.0
20.0
8.0
4.0
6.0
6.0
21.0
25.0
10.0
23.0
15.0
42.0
8.0
38.0
24.0
25.0
21.0
15.0
1.0
12.0
30.0
6.0
28.0
7.0
13.0
7.0
8.0
2.0
17.0
5.0
5.0
7.0
32.0
3.0
4.0
19.0
10.0
2.0
30.0
34.0
20.0
20.0
24.0
5.0
5.0
8.0
4.0
14.0
30.0
6.0
19.0
23.0
17.0
29.0
10.0
6.0
34.0
6.0
7.0
1.0
17.0
10.0
18.0
10.0
3.0
18.0
14.0
22.0
13.0
3.0
13.0
14.0
4.0
4.0
20.0
46.0
4.0
17.0
11.0
36.0
15.0
17.0
23.0
3.0
16.0
17.0
9.0
7.0
5.0
17.0
15.0
14.0
12.0
11.0
23.0
2.0
22.0
12.0
18.0
2.0
3.0
40.0
20.0
10.0
4.0
9.0
19.0
19.0
15.0
14.0
11.0
17.0
6.0
38.0
22.0
9.0
27.0
34.0
31.0
25.0
15.0
33.0
1.0
12.0
8.0
24.0
1.0
6.0
3.0
7.0
18.0
30.0
22.0
6.0
29.0
39.0
3.0
32.0
1.0
8.0
8.0
11.0
20.0
16.0
16.0
7.0
2.0
30.0
10.0
4.0
9.0
14.0
12.0
16.0
2.0
18.0
7.0
14.0
73.0
12.0
11.0
25.0
23.0
10.0
18.0
49.0
13.0
11.0
31.0
7.0
9.0
48.0
78.0
3.0
1.0
9.0
9.0
30.0
10.0
5.0
1.0
17.0
10.0
8.0
13.0
7.0
24.0
30.0
40.0
31.0
5.0
11.0
17.0
20.0
15.0
11.0
37.0
17.0
9.0
14.0
11.0
2.0
13.0
36.0
12.0
6.0
7.0
5.0
17.0
14.0
12.0
20.0
6.0
8.0
18.0
20.0
12.0
10.0
40.0
12.0
11.0
45.0
12.0
24.0
23.0
0.0
22.0
8.0
10.0
22.0
16.0
5.0
21.0
3.0
21.0
13.0
22.0
14.0
22.0
4.0
9.0
16.0
15.0
13.0
14.0
10.0
15.0
5.0
20.0
14.0
11.0
9.0
20.0
5.0
13.0
9.0
4.0
3.0
13.0
16.0
10.0
19.0
11.0
0.0
15.0
17.0
53.0
9.0
10.0
23.0
31.0
37.0
9.0
48.0
27.0
18.0
2.0
17.0
10.0
26.0
42.0
25.0
16.0
12.0
10.0
23.0
18.0
12.0
23.0
47.0
10.0
20.0
22.0
27.0
26.0
10.0
12.0
15.0
27.0
2.0
23.0
14.0
6.0
28.0
14.0
8.0
6.0
22.0
12.0
2.0
14.0
19.0
21.0
1.0
14.0
25.0
33.0
0.0
31.0
4.0
23.0
19.0
13.0
9.0
8.0
22.0
14.0
11.0
10.0
4.0
8.0
18.0
18.0
24.0
29.0
28.0
8.0
22.0
42.0
2.0
33.0
34.0
17.0
8.0
5.0
9.0
7.0
31.0
33.0
3.0
9.0
24.0
10.0
7.0
5.0
17.0
10.0
11.0
4.0
16.0
16.0
8.0
14.0
15.0
5.0
9.0
11.0
28.0
75.0
14.0
44.0
16.0
11.0
9.0
4.0
17.0
15.0
10.0
18.0
48.0
18.0
7.0
17.0
29.0
10.0
22.0
7.0
6.0
12.0
24.0
43.0
3.0
24.0
4.0
19.0
22.0
10.0
21.0
58.0
3.0
21.0
20.0
5.0
24.0
14.0
29.0
3.0
15.0
11.0
17.0
25.0
21.0
24.0
15.0
23.0
8.0
0.0
16.0
13.0
39.0
15.0
10.0
12.0
29.0
14.0
20.0
33.0
7.0
18.0
24.0
7.0
10.0
14.0
5.0
38.0
33.0
16.0
15.0
9.0
19.0
22.0
8.0
15.0
32.0
19.0
41.0
8.0
20.0
22.0
8.0
10.0
14.0
10.0
47.0
12.0
5.0
7.0
13.0
10.0
24.0
16.0
11.0
31.0
3.0
10.0
25.0
0.0
26.0
15.0
9.0
34.0
27.0
0.0
12.0
29.0
2.0
11.0
13.0
3.0
5.0
33.0
20.0
25.0
17.0
13.0
22.0
4.0
6.0
9.0
25.0
30.0
6.0
7.0
21.0
12.0
6.0
11.0
13.0
8.0
22.0
35.0
7.0
9.0
7.0
6.0
10.0
8.0
31.0
20.0
5.0
4.0
6.0
16.0
11.0
27.0
33.0
9.0
13.0
3.0
1.0
41.0
4.0
23.0
12.0
54.0
16.0
10.0
4.0
7.0
32.0
19.0
11.0
21.0
6.0
11.0
36.0
19.0
7.0
13.0
8.0
39.0
16.0
4.0
16.0
9.0
55.0
18.0
15.0
25.0
9.0
8.0
8.0
6.0
17.0
14.0
10.0
14.0
16.0
30.0
25.0
11.0
32.0
5.0
28.0
19.0
13.0
7.0
6.0
17.0
17.0
22.0
4.0
8.0
5.0
2.0
10.0
34.0
5.0
39.0
14.0
8.0
7.0
1.0
4.0
18.0
11.0
4.0
12.0
20.0
9.0
8.0
6.0
20.0
20.0
2.0
3.0
7.0
9.0
41.0
10.0
10.0
9.0
12.0
17.0
24.0
14.0
6.0
16.0
8.0
3.0
10.0
12.0
11.0
6.0
14.0
4.0
1.0
22.0
19.0
22.0
9.0
2.0
13.0
13.0
32.0
20.0
19.0
9.0
9.0
13.0
7.0
30.0
15.0
19.0
6.0
20.0
28.0
10.0
12.0
5.0
12.0
14.0
9.0
6.0
18.0
6.0
23.0
12.0
7.0
5.0
14.0
14.0
24.0
7.0
8.0
61.0
20.0
18.0
27.0
12.0
7.0
8.0
12.0
4.0
3.0
23.0
35.0
8.0
27.0
14.0
4.0
7.0
4.0
30.0
25.0
9.0
6.0
28.0
5.0
19.0
12.0
43.0
27.0
19.0
3.0
13.0
8.0
10.0
6.0
23.0
16.0
4.0
23.0
53.0
6.0
8.0
28.0
20.0
8.0
7.0
11.0
18.0
27.0
50.0
12.0
8.0
9.0
15.0
23.0
5.0
6.0
3.0
26.0
35.0
44.0
15.0
23.0
34.0
7.0
23.0
24.0
6.0
6.0
2.0
13.0
34.0
10.0
7.0
2.0
25.0
9.0
3.0
26.0
33.0
21.0
14.0
6.0
12.0
2.0
13.0
30.0
6.0
3.0
27.0
28.0
11.0
20.0
24.0
17.0
25.0
48.0
21.0
27.0
24.0
10.0
8.0
11.0
5.0
1.0
10.0
11.0
6.0
27.0
8.0
8.0
34.0
12.0
6.0
33.0
4.0
11.0
16.0
9.0
38.0
53.0
11.0
5.0
17.0
8.0
22.0
44.0
9.0
14.0
29.0
19.0
18.0
11.0
25.0
14.0
17.0
14.0
81.0
15.0
14.0
4.0
18.0
14.0
12.0
10.0
16.0
38.0
17.0
25.0
5.0
1.0
17.0
11.0
28.0
10.0
19.0
10.0
38.0
26.0
14.0
14.0
5.0
8.0
23.0
18.0
32.0
10.0
10.0
7.0
3.0
18.0
16.0
18.0
29.0
12.0
20.0
2.0
2.0
2.0
17.0
16.0
20.0
4.0
5.0
4.0
8.0
11.0
5.0
8.0
12.0
15.0
23.0
17.0
2.0
30.0
17.0
20.0
9.0
40.0
35.0
17.0
49.0
28.0
30.0
52.0
15.0
19.0
5.0
20.0
17.0
2.0
6.0
36.0
4.0
5.0
14.0
22.0
46.0
16.0
3.0
12.0
6.0
19.0
20.0
14.0
56.0
2.0
7.0
11.0
37.0
42.0
15.0
25.0
14.0
2.0
43.0
4.0
18.0
9.0
3.0
7.0
5.0
27.0
29.0
6.0
12.0
9.0
27.0
22.0
6.0
28.0
3.0
31.0
15.0
8.0
10.0
9.0
8.0
10.0
12.0
24.0
21.0
9.0
9.0
6.0
9.0
39.0
16.0
18.0
21.0
27.0
8.0
16.0
47.0
36.0
8.0
28.0
18.0
9.0
14.0
4.0
22.0
11.0
8.0
16.0
5.0
17.0
30.0
5.0
26.0
5.0
9.0
51.0
29.0
34.0
11.0
11.0
20.0
5.0
5.0
25.0
21.0
58.0
2.0
12.0
24.0
13.0
9.0
29.0
8.0
21.0
24.0
7.0
25.0
4.0
20.0
3.0
21.0
31.0
8.0
4.0
6.0
60.0
8.0
30.0
14.0
41.0
8.0
4.0
13.0
1.0
18.0
20.0
10.0
24.0
10.0
1.0
19.0
20.0
12.0
11.0
5.0
26.0
8.0
27.0
17.0
12.0
4.0
24.0
4.0
44.0
22.0
3.0
19.0
8.0
26.0
15.0
27.0
18.0
23.0
8.0
13.0
23.0
6.0
6.0
10.0
12.0
23.0
10.0
11.0
45.0
8.0
9.0
11.0
17.0
4.0
4.0
11.0
14.0
3.0
61.0
8.0
11.0
22.0
7.0
36.0
23.0
16.0
7.0
10.0
20.0
7.0
26.0
20.0
29.0
13.0
31.0
22.0
8.0
4.0
4.0
14.0
12.0
10.0
5.0
33.0
10.0
28.0
11.0
23.0
11.0
51.0
15.0
13.0
47.0
22.0
31.0
13.0
12.0
5.0
4.0
32.0
6.0
18.0
17.0
50.0
7.0
7.0
49.0
17.0
21.0
6.0
9.0
24.0
7.0
3.0
9.0
41.0
13.0
16.0
72.0
7.0
30.0
9.0
9.0
1.0
36.0
12.0
6.0
19.0
14.0
7.0
24.0
43.0
35.0
4.0
18.0
26.0
3.0
8.0
18.0
31.0
48.0
11.0
20.0
8.0
6.0
18.0
11.0
39.0
10.0
22.0
14.0
3.0
9.0
16.0
40.0
25.0
31.0
10.0
13.0
18.0
16.0
13.0
23.0
7.0
13.0
6.0
25.0
4.0
8.0
75.0
12.0
7.0
22.0
13.0
15.0
34.0
7.0
9.0
9.0
25.0
80.0
25.0
40.0
15.0
22.0
9.0
5.0
28.0
12.0
3.0
8.0
22.0
4.0
9.0
16.0
39.0
12.0
6.0
25.0
19.0
32.0
14.0
8.0
17.0
14.0
23.0
10.0
19.0
14.0
2.0
14.0
11.0
5.0
4.0
7.0
11.0
25.0
38.0
6.0
4.0
12.0
9.0
24.0
4.0
4.0
8.0
4.0
35.0
8.0
15.0
23.0
14.0
21.0
32.0
27.0
14.0
26.0
0.0
13.0
47.0
25.0
12.0
12.0
15.0
12.0
11.0
3.0
18.0
35.0
15.0
7.0
21.0
5.0
20.0
6.0
16.0
28.0
8.0
9.0
27.0
11.0
35.0
0.0
56.0
5.0
27.0
17.0
25.0
7.0
16.0
3.0
4.0
8.0
7.0
82.0
17.0
12.0
26.0
36.0
8.0
3.0
18.0
20.0
26.0
20.0
53.0
11.0
27.0
15.0
14.0
38.0
32.0
82.0
6.0
20.0
30.0
19.0
15.0
0.0
41.0
15.0
10.0
17.0
16.0
4.0
11.0
7.0
9.0
27.0
24.0
15.0
14.0
17.0
17.0
4.0
28.0
9.0
10.0
1.0
7.0
17.0
5.0
10.0
29.0
18.0
31.0
6.0
19.0
10.0
11.0
7.0
2.0
3.0
2.0
17.0
10.0
6.0
12.0
15.0
32.0
14.0
4.0
7.0
20.0
37.0
59.0
6.0
3.0
23.0
8.0
11.0
8.0
25.0
3.0
43.0
5.0
29.0
16.0
20.0
10.0
9.0
20.0
11.0
10.0
4.0
61.0
33.0
25.0
18.0
26.0
20.0
16.0
0.0
14.0
12.0
15.0
4.0
0.0
23.0
33.0
6.0
19.0
16.0
26.0
8.0
9.0
68.0
12.0
29.0
25.0
36.0
6.0
11.0
18.0
15.0
21.0
6.0
35.0
11.0
30.0
10.0
8.0
23.0
6.0
5.0
6.0
18.0
7.0
7.0
6.0
29.0
8.0
7.0
15.0
21.0
42.0
13.0
11.0
18.0
5.0
8.0
25.0
27.0
14.0
3.0
5.0
60.0
6.0
10.0
15.0
6.0
15.0
17.0
7.0
6.0
15.0
6.0
52.0
22.0
11.0
35.0
9.0
31.0
17.0
7.0
30.0
10.0
12.0
39.0
4.0
19.0
3.0
3.0
23.0
11.0
1.0
24.0
27.0
30.0
17.0
4.0
8.0
13.0
36.0
32.0
13.0
11.0
13.0
14.0
37.0
28.0
3.0
7.0
63.0
11.0
5.0
15.0
16.0
2.0
15.0
8.0
38.0
32.0
66.0
10.0
14.0
22.0
33.0
8.0
6.0
5.0
7.0
6.0
11.0
28.0
2.0
40.0
13.0
13.0
4.0
33.0
17.0
1.0
3.0
27.0
13.0
3.0
3.0
48.0
0.0
5.0
15.0
19.0
41.0
9.0
7.0
14.0
12.0
39.0
38.0
10.0
10.0
15.0
58.0
1.0
15.0
4.0
7.0
10.0
25.0
4.0
46.0
15.0
4.0
11.0
6.0
14.0
8.0
7.0
18.0
10.0
43.0
5.0
16.0
8.0
13.0
13.0
16.0
10.0
8.0
15.0
54.0
6.0
26.0
10.0
40.0
13.0
14.0
5.0
1.0
26.0
33.0
6.0
4.0
8.0
11.0
20.0
1.0
16.0
15.0
30.0
9.0
21.0
17.0
29.0
6.0
26.0
29.0
6.0
10.0
28.0
25.0
9.0
46.0
25.0
6.0
16.0
14.0
10.0
39.0
11.0
4.0
0.0
12.0
8.0
7.0
45.0
2.0
12.0
24.0
8.0
15.0
5.0
9.0
19.0
1.0
6.0
23.0
8.0
12.0
7.0
37.0
17.0
13.0
22.0
27.0
2.0
25.0
23.0
10.0
8.0
21.0
8.0
45.0
42.0
9.0
5.0
8.0
12.0
18.0
5.0
9.0
9.0
9.0
13.0
14.0
19.0
14.0
21.0
24.0
2.0
15.0
8.0
10.0
29.0
13.0
22.0
19.0
33.0
22.0
8.0
16.0
6.0
38.0
4.0
23.0
30.0
4.0
4.0
17.0
5.0
13.0
26.0
13.0
18.0
29.0
21.0
32.0
35.0
7.0
14.0
8.0
30.0
4.0
11.0
25.0
6.0
6.0
58.0
11.0
5.0
7.0
7.0
24.0
9.0
11.0
46.0
15.0
13.0
15.0
47.0
31.0
15.0
11.0
13.0
12.0
29.0
10.0
16.0
2.0
7.0
17.0
6.0
1.0
45.0
68.0
6.0
19.0
9.0
9.0
13.0
14.0
12.0
11.0
2.0
58.0
16.0
11.0
9.0
9.0
16.0
31.0
14.0
30.0
9.0
27.0
13.0
24.0
12.0
16.0
21.0
18.0
8.0
8.0
7.0
10.0
7.0
0.0
18.0
23.0
26.0
11.0
33.0
24.0
4.0
30.0
15.0
4.0
29.0
11.0
22.0
0.0
10.0
7.0
9.0
29.0
13.0
16.0
30.0
24.0
11.0
4.0
2.0
16.0
11.0
8.0
9.0
19.0
14.0
8.0
1.0
5.0
17.0
15.0
28.0
21.0
13.0
19.0
11.0
11.0
22.0
5.0
13.0
31.0
11.0
30.0
20.0
14.0
37.0
4.0
35.0
6.0
60.0
22.0
24.0
17.0
16.0
6.0
17.0
22.0
23.0
23.0
17.0
14.0
0.0
14.0
39.0
10.0
40.0
10.0
25.0
5.0
23.0
21.0
49.0
12.0
18.0
11.0
16.0
7.0
23.0
5.0
2.0
5.0
17.0
7.0
36.0
19.0
3.0
57.0
10.0
8.0
17.0
46.0
5.0
5.0
16.0
3.0
20.0
7.0
12.0
3.0
47.0
23.0
16.0
2.0
15.0
8.0
9.0
2.0
19.0
17.0
7.0
20.0
14.0
5.0
12.0
19.0
7.0
25.0
1.0
6.0
8.0
23.0
12.0
8.0
8.0
2.0
8.0
29.0
11.0
14.0
34.0
1.0
7.0
84.0
28.0
11.0
5.0
8.0
16.0
54.0
9.0
6.0
19.0
21.0
9.0
36.0
7.0
21.0
1.0
5.0
6.0
33.0
32.0
38.0
14.0
46.0
4.0
25.0
13.0
7.0
2.0
12.0
2.0
50.0
9.0
16.0
19.0
54.0
5.0
24.0
7.0
19.0
36.0
6.0
24.0
13.0
9.0
8.0
30.0
14.0
16.0
4.0
2.0
23.0
18.0
13.0
13.0
10.0
21.0
7.0
32.0
9.0
56.0
17.0
18.0
62.0
12.0
7.0
11.0
10.0
29.0
23.0
17.0
2.0
1.0
12.0
8.0
11.0
19.0
13.0
26.0
39.0
7.0
17.0
24.0
4.0
25.0
5.0
0.0
30.0
1.0
12.0
25.0
8.0
50.0
6.0
42.0
4.0
37.0
20.0
7.0
62.0
6.0
30.0
14.0
1.0
47.0
13.0
31.0
58.0
25.0
6.0
12.0
11.0
18.0
4.0
8.0
27.0
15.0
9.0
6.0
12.0
48.0
4.0
19.0
3.0
17.0
21.0
33.0
22.0
46.0
9.0
7.0
9.0
27.0
10.0
21.0
52.0
10.0
5.0
10.0
8.0
3.0
8.0
27.0
37.0
32.0
22.0
12.0
14.0
24.0
13.0
29.0
55.0
20.0
26.0
6.0
36.0
27.0
11.0
11.0
0.0
21.0
57.0
22.0
12.0
12.0
16.0
37.0
7.0
55.0
21.0
3.0
12.0
5.0
20.0
24.0
11.0
11.0
5.0
13.0
12.0
50.0
13.0
5.0
38.0
16.0
14.0
25.0
6.0
13.0
17.0
20.0
11.0
2.0
1.0
3.0
12.0
43.0
9.0
11.0
20.0
8.0
14.0
22.0
41.0
30.0
14.0
10.0
86.0
9.0
12.0
73.0
24.0
19.0
15.0
10.0
7.0
3.0
33.0
62.0
15.0
14.0
6.0
6.0
5.0
3.0
3.0
10.0
19.0
46.0
30.0
8.0
2.0
30.0
49.0
2.0
2.0
36.0
48.0
23.0
3.0
41.0
32.0
3.0
17.0
32.0
2.0
5.0
20.0
18.0
28.0
11.0
13.0
27.0
19.0
55.0
36.0
15.0
12.0
9.0
45.0
23.0
7.0
13.0
11.0
8.0
5.0
5.0
23.0
3.0
5.0
53.0
34.0
36.0
2.0
17.0
17.0
17.0
5.0
1.0
2.0
18.0
18.0
14.0
15.0
9.0
44.0
18.0
18.0
46.0
6.0
14.0
38.0
18.0
36.0
4.0
31.0
1.0
29.0
4.0
3.0
7.0
14.0
46.0
6.0
21.0
0.0
17.0
6.0
23.0
11.0
16.0
25.0
47.0
39.0
8.0
7.0
13.0
8.0
6.0
3.0
9.0
1.0
24.0
10.0
27.0
1.0
16.0
10.0
17.0
4.0
17.0
7.0
34.0
28.0
9.0
10.0
5.0
3.0
7.0
14.0
9.0
79.0
10.0
78.0
5.0
18.0
11.0
27.0
16.0
17.0
8.0
41.0
7.0
13.0
22.0
44.0
22.0
4.0
18.0
25.0
68.0
9.0
10.0
12.0
38.0
48.0
11.0
18.0
11.0
5.0
0.0
2.0
3.0
33.0
12.0
13.0
20.0
4.0
5.0
6.0
19.0
10.0
37.0
15.0
63.0
7.0
14.0
33.0
5.0
6.0
4.0
12.0
19.0
40.0
20.0
19.0
58.0
23.0
4.0
21.0
7.0
17.0
18.0
31.0
24.0
9.0
6.0
15.0
5.0
28.0
19.0
26.0
5.0
9.0
8.0
8.0
21.0
26.0
2.0
7.0
10.0
10.0
8.0
46.0
14.0
21.0
29.0
21.0
9.0
6.0
6.0
7.0
4.0
18.0
19.0
28.0
17.0
11.0
18.0
14.0
24.0
10.0
3.0
32.0
27.0
21.0
9.0
2.0
86.0
40.0
6.0
8.0
16.0
44.0
34.0
0.0
22.0
9.0
15.0
18.0
34.0
13.0
10.0
18.0
3.0
11.0
28.0
6.0
21.0
22.0
16.0
7.0
34.0
32.0
13.0
10.0
19.0
26.0
9.0
14.0
3.0
22.0
26.0
28.0
46.0
89.0
13.0
30.0
21.0
1.0
21.0
28.0
7.0
1.0
14.0
63.0
6.0
2.0
14.0
21.0
6.0
6.0
1.0
27.0
20.0
14.0
24.0
13.0
10.0
1.0
5.0
87.0
7.0
4.0
7.0
23.0
3.0
11.0
16.0
33.0
13.0
40.0
10.0
16.0
48.0
18.0
12.0
51.0
4.0
2.0
9.0
10.0
49.0
7.0
29.0
0.0
13.0
45.0
48.0
5.0
9.0
4.0
14.0
36.0
13.0
13.0
22.0
8.0
25.0
7.0
14.0
33.0
6.0
24.0
43.0
2.0
6.0
59.0
13.0
33.0
11.0
5.0
27.0
9.0
7.0
10.0
12.0
18.0
9.0
7.0
3.0
19.0
4.0
1.0
6.0
60.0
28.0
6.0
8.0
19.0
4.0
11.0
6.0
21.0
33.0
4.0
15.0
10.0
9.0
23.0
96.0
5.0
8.0
32.0
2.0
8.0
11.0
16.0
11.0
3.0
14.0
43.0
5.0
30.0
14.0
14.0
24.0
32.0
5.0
3.0
24.0
1.0
9.0
3.0
20.0
16.0
8.0
8.0
4.0
16.0
47.0
18.0
20.0
20.0
24.0
39.0
16.0
14.0
11.0
67.0
25.0
25.0
35.0
4.0
7.0
27.0
32.0
20.0
17.0
5.0
3.0
26.0
32.0
30.0
13.0
8.0
30.0
9.0
7.0
10.0
7.0
0.0
13.0
9.0
6.0
32.0
39.0
38.0
8.0
5.0
7.0
3.0
30.0
10.0
2.0
7.0
25.0
32.0
32.0
23.0
6.0
106.0
3.0
31.0
35.0
31.0
27.0
8.0
5.0
13.0
17.0
8.0
1.0
6.0
9.0
36.0
8.0
10.0
11.0
18.0
28.0
13.0
11.0
4.0
22.0
15.0
5.0
1.0
21.0
23.0
9.0
14.0
20.0
15.0
7.0
9.0
28.0
36.0
12.0
11.0
5.0
9.0
20.0
27.0
2.0
7.0
27.0
0.0
11.0
6.0
19.0
27.0
7.0
6.0
19.0
10.0
16.0
9.0
60.0
7.0
6.0
9.0
23.0
10.0
79.0
53.0
13.0
14.0
3.0
31.0
2.0
8.0
5.0
31.0
6.0
3.0
15.0
15.0
2.0
26.0
23.0
9.0
32.0
2.0
6.0
0.0
10.0
16.0
37.0
29.0
3.0
15.0
18.0
99.0
7.0
39.0
16.0
10.0
12.0
24.0
15.0
33.0
19.0
10.0
4.0
19.0
20.0
5.0
8.0
39.0
4.0
8.0
38.0
9.0
9.0
25.0
16.0
19.0
7.0
17.0
17.0
12.0
14.0
5.0
15.0
31.0
6.0
6.0
40.0
10.0
16.0
1.0
8.0
9.0
10.0
37.0
11.0
16.0
30.0
5.0
14.0
23.0
20.0
5.0
8.0
8.0
41.0
52.0
8.0
4.0
15.0
1.0
13.0
42.0
22.0
8.0
12.0
17.0
16.0
14.0
7.0
55.0
8.0
3.0
4.0
41.0
32.0
11.0
13.0
5.0
7.0
28.0
3.0
7.0
9.0
45.0
6.0
12.0
5.0
18.0
11.0
22.0
5.0
45.0
5.0
30.0
14.0
5.0
6.0
25.0
2.0
74.0
8.0
16.0
13.0
10.0
18.0
22.0
5.0
5.0
30.0
46.0
9.0
27.0
16.0
4.0
25.0
11.0
48.0
25.0
10.0
2.0
11.0
8.0
24.0
17.0
6.0
16.0
40.0
14.0
11.0
11.0
9.0
27.0
38.0
2.0
5.0
5.0
12.0
5.0
9.0
7.0
7.0
55.0
3.0
27.0
2.0
24.0
116.0
4.0
2.0
32.0
16.0
4.0
3.0
32.0
28.0
11.0
43.0
22.0
8.0
16.0
29.0
13.0
20.0
16.0
10.0
42.0
14.0
16.0
6.0
28.0
13.0
3.0
20.0
14.0
4.0
5.0
14.0
13.0
4.0
4.0
17.0
44.0
19.0
4.0
12.0
7.0
14.0
58.0
14.0
18.0
68.0
5.0
26.0
19.0
5.0
23.0
2.0
22.0
6.0
7.0
0.0
13.0
58.0
3.0
30.0
42.0
7.0
7.0
20.0
2.0
1.0
1.0
13.0
3.0
30.0
19.0
13.0
15.0
16.0
18.0
13.0
7.0
3.0
17.0
5.0
5.0
72.0
10.0
35.0
12.0
45.0
54.0
6.0
48.0
16.0
7.0
30.0
8.0
15.0
8.0
19.0
9.0
7.0
37.0
2.0
28.0
46.0
22.0
2.0
45.0
0.0
5.0
49.0
8.0
18.0
24.0
8.0
6.0
70.0
5.0
9.0
53.0
46.0
14.0
14.0
13.0
50.0
10.0
4.0
20.0
12.0
12.0
41.0
17.0
33.0
5.0
26.0
34.0
9.0
12.0
3.0
60.0
4.0
2.0
6.0
6.0
47.0
7.0
21.0
17.0
14.0
3.0
14.0
20.0
5.0
10.0
34.0
2.0
35.0
16.0
48.0
27.0
20.0
7.0
5.0
10.0
4.0
10.0
19.0
51.0
0.0
0.0
22.0
16.0
5.0
114.0
13.0
6.0
24.0
10.0
18.0
51.0
39.0
2.0
30.0
32.0
15.0
26.0
18.0
91.0
27.0
13.0
6.0
24.0
5.0
105.0
9.0
11.0
30.0
9.0
73.0
21.0
13.0
9.0
19.0
12.0
16.0
21.0
6.0
10.0
16.0
30.0
26.0
0.0
1.0
38.0
11.0
40.0
5.0
4.0
15.0
11.0
6.0
46.0
11.0
46.0
31.0
7.0
10.0
28.0
28.0
10.0
26.0
11.0
23.0
16.0
19.0
11.0
22.0
15.0
16.0
25.0
12.0
31.0
2.0
4.0
16.0
11.0
9.0
13.0
2.0
8.0
9.0
9.0
0.0
10.0
2.0
16.0
13.0
19.0
12.0
2.0
16.0
11.0
20.0
3.0
5.0
18.0
17.0
8.0
22.0
3.0
9.0
44.0
6.0
42.0
7.0
7.0
11.0
39.0
41.0
23.0
7.0
29.0
11.0
6.0
22.0
1.0
10.0
11.0
11.0
19.0
13.0
1.0
16.0
80.0
4.0
10.0
10.0
9.0
36.0
5.0
29.0
6.0
4.0
3.0
26.0
10.0
65.0
2.0
6.0
15.0
14.0
2.0
16.0
2.0
14.0
6.0
34.0
18.0
50.0
40.0
17.0
9.0
10.0
4.0
21.0
61.0
18.0
17.0
17.0
13.0
29.0
5.0
18.0
9.0
12.0
38.0
12.0
6.0
32.0
11.0
57.0
15.0
6.0
6.0
16.0
13.0
28.0
2.0
6.0
15.0
32.0
31.0
3.0
63.0
14.0
12.0
57.0
12.0
9.0
13.0
12.0
50.0
6.0
50.0
16.0
7.0
6.0
22.0
20.0
17.0
2.0
21.0
1.0
21.0
5.0
4.0
5.0
28.0
17.0
4.0
4.0
15.0
28.0
19.0
1.0
39.0
2.0
23.0
9.0
29.0
56.0
10.0
28.0
22.0
18.0
12.0
16.0
6.0
31.0
3.0
7.0
9.0
3.0
42.0
7.0
6.0
26.0
19.0
13.0
19.0
20.0
212.0
18.0
24.0
9.0
31.0
37.0
28.0
8.0
4.0
16.0
34.0
9.0
66.0
7.0
49.0
3.0
9.0
37.0
13.0
50.0
36.0
9.0
16.0
9.0
4.0
24.0
0.0
11.0
6.0
37.0
2.0
55.0
6.0
12.0
4.0
34.0
36.0
25.0
26.0
6.0
23.0
5.0
1.0
24.0
28.0
11.0
37.0
38.0
32.0
11.0
13.0
1.0
0.0
11.0
3.0
15.0
17.0
57.0
7.0
4.0
36.0
15.0
7.0
106.0
21.0
11.0
4.0
10.0
0.0
12.0
31.0
79.0
10.0
11.0
16.0
25.0
40.0
26.0
6.0
6.0
8.0
6.0
5.0
8.0
42.0
15.0
46.0
31.0
5.0
9.0
75.0
10.0
27.0
1.0
116.0
13.0
19.0
4.0
12.0
11.0
29.0
9.0
88.0
1.0
0.0
7.0
9.0
9.0
21.0
51.0
21.0
13.0
49.0
1.0
12.0
6.0
27.0
21.0
10.0
11.0
1.0
11.0
13.0
30.0
14.0
7.0
17.0
8.0
3.0
6.0
26.0
5.0
0.0
9.0
0.0
6.0
40.0
17.0
22.0
54.0
4.0
5.0
6.0
30.0
2.0
26.0
9.0
4.0
127.0
12.0
3.0
67.0
1.0
5.0
20.0
9.0
30.0
3.0
0.0
5.0
4.0
21.0
28.0
9.0
19.0
12.0
6.0
47.0
19.0
10.0
12.0
43.0
24.0
2.0
4.0
37.0
39.0
14.0
60.0
11.0
48.0
10.0
5.0
64.0
16.0
25.0
17.0
13.0
8.0
34.0
6.0
9.0
36.0
0.0
57.0
4.0
2.0
5.0
10.0
9.0
27.0
6.0
5.0
11.0
5.0
14.0
5.0
46.0
0.0
19.0
6.0
6.0
18.0
40.0
8.0
50.0
2.0
4.0
20.0
4.0
25.0
16.0
10.0
5.0
1.0
25.0
8.0
21.0
88.0
5.0
18.0
12.0
41.0
16.0
38.0
9.0
4.0
14.0
8.0
18.0
2.0
16.0
12.0
5.0
7.0
22.0
9.0
16.0
36.0
13.0
13.0
6.0
13.0
13.0
47.0
6.0
76.0
31.0
12.0
36.0
41.0
19.0
2.0
6.0
71.0
15.0
1.0
11.0
14.0
14.0
3.0
21.0
28.0
2.0
6.0
4.0
12.0
5.0
22.0
19.0
11.0
27.0
62.0
3.0
13.0
34.0
8.0
2.0
29.0
4.0
7.0
16.0
36.0
32.0
16.0
63.0
5.0
10.0
17.0
15.0
4.0
8.0
8.0
52.0
37.0
27.0
13.0
54.0
19.0
20.0
2.0
9.0
7.0
6.0
4.0
34.0
34.0
5.0
6.0
20.0
34.0
64.0
17.0
3.0
12.0
9.0
60.0
5.0
69.0
17.0
2.0
13.0
5.0
11.0
15.0
3.0
13.0
7.0
11.0
16.0
29.0
2.0
11.0
1.0
4.0
7.0
9.0
30.0
0.0
60.0
19.0
32.0
7.0
32.0
49.0
6.0
15.0
25.0
26.0
11.0
22.0
9.0
13.0
99.0
54.0
5.0
15.0
18.0
11.0
12.0
13.0
15.0
18.0
4.0
11.0
6.0
17.0
4.0
0.0
31.0
12.0
4.0
4.0
79.0
2.0
0.0
10.0
37.0
17.0
27.0
5.0
14.0
21.0
44.0
14.0
7.0
34.0
31.0
34.0
28.0
10.0
12.0
0.0
128.0
42.0
7.0
3.0
2.0
9.0
13.0
8.0
38.0
7.0
1.0
7.0
6.0
3.0
15.0
13.0
5.0
77.0
8.0
16.0
3.0
14.0
13.0
14.0
34.0
11.0
2.0
5.0
9.0
13.0
9.0
3.0
23.0
5.0
15.0
2.0
1.0
18.0
16.0
81.0
6.0
58.0
18.0
95.0
5.0
3.0
15.0
49.0
11.0
15.0
3.0
2.0
2.0
4.0
36.0
24.0
12.0
7.0
18.0
45.0
96.0
7.0
13.0
0.0
4.0
2.0
9.0
5.0
27.0
8.0
15.0
18.0
11.0
5.0
18.0
5.0
13.0
14.0
6.0
20.0
2.0
5.0
19.0
26.0
12.0
28.0
23.0
2.0
27.0
70.0
2.0
17.0
16.0
9.0
8.0
38.0
26.0
33.0
6.0
24.0
32.0
13.0
2.0
21.0
5.0
22.0
12.0
23.0
64.0
6.0
20.0
7.0
86.0
9.0
2.0
46.0
4.0
16.0
11.0
2.0
26.0
3.0
19.0
20.0
9.0
2.0
10.0
24.0
8.0
15.0
4.0
16.0
6.0
6.0
7.0
52.0
8.0
19.0
45.0
5.0
8.0
14.0
18.0
85.0
20.0
3.0
28.0
20.0
4.0
14.0
9.0
66.0
20.0
21.0
14.0
23.0
7.0
6.0
25.0
1.0
23.0
10.0
23.0
24.0
20.0
4.0
7.0
30.0
14.0
28.0
34.0
1.0
20.0
50.0
2.0
6.0
17.0
7.0
65.0
20.0
10.0
8.0
7.0
28.0
45.0
14.0
10.0
21.0
12.0
25.0
6.0
3.0
41.0
30.0
9.0
31.0
16.0
16.0
14.0
13.0
15.0
15.0
12.0
9.0
15.0
11.0
27.0
4.0
73.0
6.0
56.0
28.0
25.0
28.0
2.0
10.0
6.0
10.0
12.0
3.0
27.0
6.0
7.0
9.0
18.0
9.0
41.0
5.0
22.0
11.0
24.0
5.0
3.0
6.0
4.0
31.0
18.0
5.0
9.0
6.0
15.0
21.0
15.0
15.0
28.0
8.0
14.0
1.0
5.0
23.0
23.0
13.0
20.0
12.0
0.0
27.0
10.0
15.0
21.0
3.0
4.0
20.0
4.0
7.0
2.0
47.0
7.0
17.0
2.0
111.0
27.0
6.0
28.0
10.0
43.0
8.0
27.0
46.0
4.0
2.0
15.0
9.0
34.0
27.0
15.0
11.0
16.0
4.0
1.0
57.0
13.0
11.0
14.0
6.0
29.0
8.0
50.0
2.0
33.0
12.0
1.0
26.0
30.0
3.0
9.0
18.0
13.0
0.0
39.0
35.0
4.0
4.0
5.0
3.0
2.0
5.0
12.0
14.0
23.0
2.0
2.0
6.0
14.0
11.0
4.0
11.0
9.0
14.0
7.0
9.0
72.0
12.0
6.0
6.0
49.0
34.0
11.0
19.0
3.0
6.0
12.0
35.0
4.0
18.0
53.0
95.0
21.0
49.0
59.0
1.0
3.0
30.0
91.0
1.0
12.0
47.0
10.0
21.0
14.0
7.0
6.0
6.0
3.0
17.0
1.0
8.0
6.0
2.0
32.0
17.0
11.0
31.0
35.0
31.0
14.0
10.0
17.0
6.0
5.0
18.0
0.0
18.0
20.0
48.0
10.0
34.0
6.0
25.0
13.0
11.0
19.0
4.0
10.0
21.0
63.0
6.0
19.0
34.0
57.0
10.0
130.0
21.0
5.0
8.0
17.0
38.0
7.0
7.0
3.0
9.0
4.0
17.0
11.0
13.0
14.0
7.0
4.0
4.0
7.0
29.0
8.0
9.0
9.0
7.0
28.0
30.0
15.0
6.0
46.0
20.0
30.0
5.0
12.0
64.0
10.0
14.0
7.0
5.0
9.0
9.0
22.0
6.0
5.0
45.0
15.0
14.0
4.0
34.0
14.0
1.0
2.0
1.0
67.0
12.0
159.0
17.0
9.0
7.0
19.0
16.0
12.0
2.0
3.0
12.0
11.0
18.0
13.0
24.0
8.0
11.0
3.0
11.0
13.0
35.0
10.0
4.0
12.0
6.0
7.0
10.0
37.0
32.0
2.0
10.0
2.0
71.0
12.0
2.0
13.0
4.0
15.0
75.0
17.0
17.0
18.0
7.0
44.0
16.0
206.0
51.0
75.0
21.0
2.0
33.0
2.0
10.0
1.0
16.0
43.0
11.0
10.0
11.0
7.0
7.0
0.0
0.0
19.0
9.0
29.0
16.0
6.0
106.0
109.0
16.0
15.0
1.0
1.0
6.0
19.0
19.0
45.0
26.0
2.0
81.0
4.0
9.0
28.0
67.0
23.0
9.0
5.0
23.0
5.0
38.0
3.0
5.0
4.0
3.0
6.0
10.0
48.0
7.0
17.0
17.0
4.0
20.0
12.0
3.0
78.0
36.0
15.0
51.0
7.0
34.0
6.0
13.0
12.0
4.0
113.0
3.0
9.0
32.0
10.0
26.0
8.0
17.0
4.0
7.0
106.0
4.0
29.0
58.0
6.0
4.0
3.0
12.0
4.0
11.0
11.0
4.0
12.0
22.0
68.0
10.0
7.0
66.0
9.0
24.0
1.0
32.0
18.0
16.0
115.0
30.0
59.0
3.0
4.0
31.0
8.0
27.0
0.0
57.0
18.0
9.0
7.0
12.0
38.0
1.0
12.0
9.0
16.0
45.0
21.0
4.0
83.0
21.0
11.0
28.0
9.0
17.0
5.0
23.0
9.0
22.0
1.0
9.0
16.0
13.0
28.0
3.0
19.0
1.0
87.0
7.0
7.0
7.0
20.0
15.0
10.0
9.0
65.0
7.0
3.0
35.0
1.0
6.0
2.0
24.0
29.0
61.0
35.0
31.0
29.0
56.0
23.0
31.0
13.0
7.0
3.0
51.0
8.0
12.0
7.0
15.0
4.0
44.0
14.0
11.0
5.0
3.0
16.0
10.0
40.0
9.0
26.0
158.0
14.0
5.0
8.0
11.0
20.0
16.0
68.0
5.0
21.0
11.0
1.0
18.0
26.0
14.0
23.0
2.0
90.0
20.0
37.0
33.0
24.0
25.0
3.0
23.0
13.0
8.0
8.0
4.0
15.0
12.0
18.0
19.0
22.0
27.0
25.0
9.0
5.0
4.0
12.0
7.0
31.0
2.0
44.0
22.0
13.0
5.0
43.0
30.0
18.0
18.0
5.0
21.0
0.0
12.0
4.0
8.0
8.0
2.0
18.0
4.0
37.0
29.0
44.0
23.0
17.0
5.0
21.0
6.0
7.0
14.0
10.0
39.0
34.0
0.0
6.0
65.0
10.0
30.0
14.0
8.0
39.0
6.0
10.0
22.0
17.0
14.0
5.0
16.0
11.0
7.0
18.0
4.0
15.0
33.0
17.0
48.0
2.0
12.0
42.0
161.0
7.0
7.0
5.0
9.0
10.0
8.0
6.0
21.0
27.0
12.0
4.0
19.0
15.0
30.0
29.0
14.0
9.0
3.0
30.0
13.0
33.0
21.0
8.0
3.0
5.0
33.0
1.0
77.0
22.0
9.0
4.0
12.0
32.0
36.0
24.0
13.0
7.0
19.0
9.0
7.0
12.0
44.0
11.0
3.0
13.0
46.0
9.0
4.0
81.0
5.0
12.0
3.0
14.0
9.0
35.0
74.0
3.0
11.0
12.0
5.0
11.0
19.0
0.0
56.0
16.0
165.0
29.0
4.0
9.0
13.0
5.0
84.0
15.0
6.0
15.0
12.0
3.0
11.0
7.0
24.0
55.0
24.0
37.0
17.0
12.0
12.0
5.0
8.0
13.0
8.0
3.0
4.0
20.0
5.0
18.0
8.0
94.0
4.0
22.0
0.0
2.0
104.0
11.0
31.0
15.0
11.0
83.0
31.0
10.0
9.0
14.0
11.0
7.0
4.0
30.0
22.0
3.0
10.0
72.0
10.0
2.0
3.0
5.0
17.0
23.0
11.0
4.0
8.0
12.0
6.0
17.0
30.0
22.0
10.0
67.0
6.0
13.0
12.0
5.0
10.0
11.0
16.0
0.0
20.0
19.0
4.0
9.0
11.0
54.0
28.0
34.0
15.0
3.0
94.0
27.0
5.0
17.0
7.0
29.0
9.0
27.0
2.0
8.0
11.0
10.0
5.0
13.0
15.0
0.0
12.0
67.0
10.0
32.0
40.0
155.0
24.0
4.0
6.0
13.0
4.0
6.0
15.0
3.0
6.0
41.0
5.0
23.0
12.0
7.0
5.0
4.0
43.0
106.0
14.0
16.0
32.0
3.0
7.0
7.0
18.0
53.0
6.0
24.0
52.0
26.0
24.0
46.0
3.0
33.0
35.0
6.0
1.0
1.0
8.0
4.0
67.0
6.0
0.0
15.0
6.0
42.0
15.0
22.0
11.0
4.0
6.0
24.0
4.0
9.0
12.0
9.0
18.0
7.0
1.0
16.0
5.0
42.0
7.0
21.0
18.0
8.0
2.0
9.0
25.0
13.0
11.0
23.0
17.0
15.0
5.0
9.0
21.0
3.0
32.0
4.0
12.0
19.0
16.0
8.0
48.0
11.0
19.0
30.0
28.0
72.0
2.0
0.0
22.0
10.0
2.0
18.0
17.0
21.0
17.0
83.0
24.0
13.0
3.0
7.0
11.0
3.0
9.0
1.0
31.0
5.0
24.0
21.0
33.0
50.0
13.0
20.0
10.0
41.0
17.0
9.0
17.0
13.0
25.0
38.0
20.0
6.0
2.0
13.0
31.0
11.0
10.0
0.0
6.0
18.0
16.0
29.0
5.0
4.0
29.0
4.0
51.0
12.0
6.0
0.0
7.0
3.0
4.0
4.0
138.0
6.0
5.0
0.0
5.0
18.0
6.0
8.0
5.0
67.0
24.0
37.0
1.0
12.0
17.0
5.0
14.0
49.0
5.0
7.0
12.0
11.0
35.0
47.0
53.0
17.0
72.0
4.0
26.0
50.0
12.0
3.0
4.0
30.0
13.0
10.0
6.0
4.0
8.0
25.0
6.0
65.0
9.0
12.0
4.0
25.0
5.0
5.0
63.0
6.0
17.0
16.0
3.0
50.0
5.0
22.0
5.0
5.0
15.0
14.0
55.0
31.0
10.0
19.0
10.0
136.0
23.0
31.0
1.0
19.0
15.0
0.0
32.0
15.0
44.0
14.0
12.0
17.0
14.0
10.0
5.0
19.0
12.0
3.0
31.0
7.0
2.0
16.0
9.0
7.0
14.0
22.0
29.0
16.0
33.0
27.0
8.0
5.0
6.0
0.0
85.0
95.0
34.0
22.0
19.0
14.0
7.0
0.0
2.0
8.0
15.0
26.0
18.0
123.0
14.0
10.0
20.0
44.0
25.0
6.0
11.0
47.0
11.0
29.0
4.0
38.0
22.0
4.0
25.0
22.0
24.0
14.0
28.0
17.0
5.0
28.0
4.0
7.0
10.0
6.0
39.0
7.0
4.0
4.0
40.0
3.0
41.0
35.0
7.0
39.0
22.0
3.0
17.0
1.0
13.0
35.0
44.0
0.0
25.0
18.0
8.0
39.0
25.0
9.0
8.0
5.0
4.0
38.0
194.0
6.0
13.0
6.0
11.0
10.0
2.0
7.0
39.0
4.0
60.0
3.0
85.0
10.0
2.0
7.0
1.0
11.0
5.0
21.0
25.0
24.0
4.0
13.0
6.0
8.0
13.0
5.0
9.0
45.0
10.0
24.0
7.0
3.0
13.0
5.0
24.0
9.0
7.0
14.0
6.0
17.0
6.0
6.0
6.0
13.0
26.0
12.0
1.0
18.0
29.0
9.0
34.0
8.0
18.0
18.0
18.0
41.0
5.0
15.0
11.0
4.0
7.0
12.0
6.0
45.0
15.0
5.0
5.0
55.0
6.0
2.0
32.0
18.0
9.0
36.0
13.0
3.0
30.0
14.0
40.0
3.0
6.0
5.0
7.0
13.0
21.0
43.0
9.0
70.0
5.0
43.0
7.0
9.0
21.0
2.0
9.0
175.0
6.0
19.0
26.0
42.0
3.0
6.0
132.0
24.0
23.0
5.0
8.0
46.0
14.0
30.0
24.0
8.0
7.0
14.0
17.0
7.0
14.0
12.0
8.0
4.0
17.0
2.0
11.0
20.0
20.0
19.0
31.0
17.0
10.0
4.0
4.0
12.0
5.0
4.0
8.0
5.0
29.0
8.0
12.0
4.0
19.0
5.0
5.0
1.0
36.0
5.0
10.0
27.0
49.0
50.0
11.0
20.0
67.0
3.0
4.0
9.0
26.0
13.0
0.0
202.0
3.0
11.0
27.0
53.0
13.0
14.0
27.0
35.0
5.0
5.0
8.0
8.0
3.0
29.0
5.0
24.0
8.0
9.0
12.0
15.0
6.0
12.0
32.0
23.0
28.0
66.0
4.0
8.0
25.0
16.0
17.0
3.0
24.0
46.0
5.0
18.0
9.0
24.0
7.0
45.0
11.0
12.0
10.0
8.0
11.0
12.0
18.0
35.0
14.0
15.0
6.0
32.0
28.0
61.0
14.0
22.0
6.0
58.0
11.0
9.0
12.0
9.0
14.0
25.0
17.0
6.0
0.0
20.0
14.0
24.0
8.0
31.0
25.0
7.0
34.0
21.0
30.0
18.0
9.0
5.0
10.0
27.0
2.0
20.0
5.0
24.0
31.0
6.0
3.0
33.0
10.0
23.0
17.0
22.0
6.0
20.0
2.0
3.0
19.0
101.0
32.0
10.0
23.0
3.0
20.0
4.0
31.0
35.0
47.0
17.0
25.0
11.0
11.0
17.0
15.0
36.0
34.0
0.0
25.0
13.0
5.0
20.0
12.0
12.0
11.0
12.0
32.0
13.0
26.0
16.0
5.0
16.0
21.0
12.0
18.0
18.0
36.0
49.0
2.0
74.0
9.0
13.0
24.0
3.0
42.0
5.0
3.0
4.0
15.0
22.0
8.0
13.0
5.0
9.0
8.0
2.0
12.0
57.0
72.0
20.0
48.0
17.0
10.0
10.0
10.0
0.0
14.0
78.0
24.0
84.0
20.0
6.0
19.0
1.0
26.0
17.0
14.0
4.0
10.0
75.0
9.0
7.0
44.0
8.0
5.0
9.0
6.0
6.0
8.0
16.0
8.0
10.0
18.0
8.0
20.0
34.0
28.0
17.0
20.0
47.0
17.0
20.0
16.0
1.0
21.0
6.0
10.0
9.0
23.0
13.0
68.0
4.0
10.0
12.0
8.0
98.0
33.0
19.0
17.0
49.0
29.0
5.0
18.0
153.0
17.0
10.0
3.0
24.0
166.0
10.0
19.0
23.0
22.0
18.0
15.0
5.0
24.0
4.0
13.0
14.0
22.0
89.0
13.0
6.0
19.0
19.0
9.0
33.0
3.0
31.0
7.0
17.0
56.0
53.0
7.0
11.0
12.0
24.0
42.0
16.0
6.0
5.0
34.0
15.0
31.0
20.0
20.0
32.0
1.0
16.0
15.0
8.0
7.0
22.0
1.0
1.0
20.0
7.0
31.0
15.0
13.0
6.0
11.0
4.0
17.0
13.0
17.0
12.0
16.0
13.0
23.0
10.0
4.0
14.0
54.0
18.0
4.0
4.0
32.0
13.0
21.0
41.0
15.0
16.0
4.0
3.0
66.0
35.0
10.0
22.0
19.0
5.0
23.0
36.0
9.0
56.0
16.0
57.0
30.0
0.0
89.0
16.0
142.0
4.0
4.0
50.0
58.0
68.0
10.0
1.0
22.0
15.0
3.0
78.0
11.0
13.0
6.0
35.0
13.0
8.0
74.0
16.0
5.0
26.0
30.0
10.0
17.0
9.0
7.0
9.0
18.0
24.0
27.0
24.0
4.0
34.0
1.0
8.0
12.0
29.0
27.0
27.0
17.0
9.0
22.0
6.0
33.0
16.0
12.0
87.0
2.0
15.0
5.0
8.0
23.0
19.0
5.0
9.0
37.0
20.0
56.0
12.0
37.0
43.0
13.0
9.0
7.0
25.0
7.0
146.0
21.0
11.0
13.0
25.0
17.0
12.0
1.0
61.0
2.0
11.0
23.0
12.0
84.0
4.0
5.0
21.0
30.0
16.0
11.0
21.0
63.0
42.0
9.0
6.0
25.0
15.0
12.0
21.0
16.0
30.0
7.0
12.0
6.0
28.0
20.0
19.0
50.0
4.0
21.0
9.0
15.0
55.0
3.0
15.0
23.0
8.0
9.0
41.0
2.0
8.0
53.0
11.0
30.0
18.0
2.0
16.0
5.0
134.0
3.0
27.0
9.0
26.0
23.0
28.0
9.0
23.0
62.0
7.0
6.0
27.0
15.0
23.0
61.0
3.0
14.0
26.0
33.0
14.0
34.0
14.0
50.0
12.0
2.0
18.0
12.0
16.0
8.0
3.0
10.0
25.0
13.0
16.0
21.0
28.0
20.0
13.0
7.0
24.0
15.0
12.0
10.0
65.0
19.0
60.0
34.0
8.0
2.0
11.0
12.0
11.0
3.0
16.0
15.0
8.0
13.0
39.0
9.0
32.0
18.0
17.0
21.0
16.0
27.0
11.0
9.0
28.0
11.0
11.0
20.0
10.0
34.0
24.0
19.0
5.0
17.0
8.0
14.0
31.0
16.0
21.0
16.0
47.0
20.0
4.0
31.0
27.0
40.0
11.0
4.0
28.0
7.0
5.0
19.0
5.0
66.0
25.0
7.0
21.0
55.0
37.0
5.0
1.0
6.0
1.0
5.0
20.0
4.0
1.0
2.0
2.0
25.0
10.0
52.0
19.0
35.0
3.0
10.0
0.0
36.0
28.0
28.0
11.0
8.0
9.0
20.0
13.0
20.0
35.0
20.0
5.0
29.0
14.0
15.0
19.0
7.0
29.0
23.0
30.0
3.0
14.0
5.0
4.0
15.0
30.0
8.0
22.0
7.0
36.0
5.0
7.0
23.0
1.0
36.0
45.0
40.0
9.0
18.0
6.0
13.0
6.0
33.0
58.0
42.0
13.0
6.0
26.0
9.0
32.0
66.0
7.0
9.0
14.0
6.0
21.0
17.0
10.0
15.0
15.0
16.0
24.0
4.0
7.0
2.0
21.0
37.0
6.0
56.0
12.0
12.0
23.0
15.0
10.0
65.0
7.0
9.0
18.0
12.0
20.0
16.0
0.0
20.0
4.0
1.0
6.0
12.0
11.0
10.0
7.0
10.0
4.0
21.0
34.0
12.0
10.0
22.0
26.0
31.0
6.0
63.0
18.0
65.0
4.0
10.0
16.0
17.0
19.0
16.0
4.0
25.0
41.0
24.0
25.0
4.0
18.0
44.0
8.0
13.0
12.0
39.0
23.0
31.0
27.0
62.0
34.0
8.0
15.0
3.0
3.0
31.0
57.0
14.0
20.0
21.0
29.0
13.0
42.0
12.0
10.0
10.0
9.0
36.0
5.0
3.0
32.0
38.0
43.0
33.0
20.0
2.0
10.0
16.0
19.0
12.0
25.0
6.0
18.0
11.0
30.0
8.0
17.0
15.0
13.0
41.0
9.0
9.0
22.0
29.0
5.0
13.0
6.0
39.0
10.0
17.0
34.0
14.0
4.0
11.0
26.0
8.0
65.0
6.0
6.0
34.0
18.0
10.0
13.0
3.0
11.0
18.0
13.0
5.0
119.0
3.0
8.0
16.0
15.0
20.0
44.0
16.0
93.0
35.0
8.0
22.0
10.0
14.0
12.0
12.0
15.0
44.0
31.0
13.0
4.0
16.0
23.0
20.0
57.0
15.0
21.0
17.0
15.0
11.0
7.0
65.0
17.0
23.0
75.0
49.0
25.0
2.0
1.0
14.0
19.0
1.0
28.0
18.0
50.0
23.0
15.0
18.0
35.0
7.0
5.0
20.0
23.0
15.0
19.0
93.0
10.0
10.0
13.0
31.0
1.0
1.0
17.0
43.0
26.0
9.0
19.0
29.0
23.0
36.0
14.0
78.0
17.0
1.0
1.0
9.0
84.0
9.0
11.0
5.0
44.0
16.0
19.0
6.0
3.0
19.0
6.0
3.0
11.0
5.0
15.0
8.0
3.0
5.0
8.0
29.0
40.0
14.0
44.0
9.0
14.0
6.0
23.0
13.0
14.0
15.0
25.0
29.0
9.0
15.0
25.0
5.0
24.0
11.0
8.0
3.0
0.0
7.0
19.0
25.0
35.0
29.0
17.0
7.0
3.0
15.0
2.0
28.0
97.0
4.0
7.0
40.0
52.0
5.0
22.0
22.0
24.0
60.0
10.0
12.0
34.0
33.0
1.0
12.0
31.0
8.0
11.0
27.0
6.0
19.0
25.0
9.0
64.0
16.0
13.0
11.0
61.0
5.0
23.0
44.0
45.0
16.0
6.0
15.0
7.0
10.0
115.0
5.0
39.0
48.0
16.0
25.0
9.0
33.0
73.0
30.0
9.0
6.0
10.0
3.0
23.0
1.0
37.0
8.0
30.0
18.0
20.0
9.0
11.0
15.0
4.0
6.0
24.0
35.0
3.0
4.0
11.0
8.0
43.0
17.0
3.0
25.0
15.0
19.0
9.0
9.0
4.0
25.0
32.0
23.0
6.0
13.0
5.0
19.0
54.0
23.0
17.0
15.0
10.0
9.0
8.0
10.0
16.0
5.0
10.0
29.0
23.0
3.0
10.0
41.0
15.0
24.0
87.0
35.0
18.0
72.0
19.0
40.0
17.0
2.0
37.0
51.0
16.0
8.0
6.0
32.0
14.0
2.0
9.0
18.0
6.0
25.0
19.0
0.0
58.0
6.0
22.0
74.0
14.0
12.0
41.0
27.0
11.0
9.0
1.0
3.0
42.0
10.0
50.0
6.0
21.0
34.0
8.0
1.0
9.0
14.0
24.0
39.0
28.0
6.0
12.0
20.0
23.0
8.0
6.0
34.0
27.0
15.0
44.0
16.0
11.0
9.0
21.0
25.0
14.0
16.0
10.0
11.0
24.0
15.0
23.0
20.0
36.0
33.0
53.0
3.0
14.0
17.0
15.0
39.0
33.0
60.0
15.0
19.0
11.0
6.0
9.0
68.0
12.0
16.0
34.0
102.0
11.0
33.0
10.0
19.0
10.0
21.0
16.0
55.0
71.0
10.0
2.0
12.0
22.0
32.0
4.0
18.0
53.0
9.0
12.0
7.0
13.0
1.0
26.0
6.0
73.0
11.0
9.0
28.0
17.0
13.0
28.0
6.0
19.0
2.0
8.0
14.0
12.0
15.0
39.0
7.0
28.0
14.0
13.0
16.0
20.0
14.0
20.0
8.0
19.0
42.0
24.0
32.0
2.0
11.0
5.0
46.0
18.0
17.0
5.0
9.0
32.0
9.0
13.0
13.0
10.0
25.0
11.0
17.0
17.0
38.0
8.0
5.0
24.0
40.0
32.0
19.0
6.0
5.0
67.0
11.0
56.0
8.0
31.0
54.0
18.0
40.0
20.0
8.0
9.0
9.0
7.0
11.0
38.0
12.0
29.0
7.0
38.0
24.0
7.0
78.0
4.0
26.0
54.0
19.0
24.0
8.0
10.0
21.0
5.0
33.0
70.0
26.0
25.0
8.0
15.0
29.0
52.0
10.0
10.0
69.0
6.0
49.0
60.0
44.0
3.0
9.0
21.0
74.0
14.0
50.0
5.0
36.0
37.0
24.0
46.0
6.0
9.0
18.0
4.0
14.0
5.0
20.0
5.0
15.0
48.0
35.0
18.0
8.0
20.0
29.0
23.0
14.0
5.0
7.0
7.0
4.0
29.0
21.0
19.0
10.0
11.0
37.0
7.0
18.0
5.0
11.0
11.0
29.0
25.0
30.0
32.0
33.0
20.0
23.0
12.0
8.0
13.0
24.0
22.0
14.0
25.0
18.0
42.0
14.0
26.0
35.0
10.0
76.0
7.0
2.0
25.0
7.0
13.0
24.0
20.0
12.0
28.0
13.0
21.0
57.0
30.0
4.0
9.0
10.0
21.0
29.0
27.0
9.0
22.0
9.0
12.0
36.0
18.0
21.0
31.0
11.0
14.0
23.0
42.0
30.0
51.0
32.0
43.0
42.0
7.0
7.0
36.0
12.0
14.0
43.0
51.0
20.0
9.0
23.0
52.0
12.0
28.0
8.0
4.0
48.0
13.0
22.0
18.0
6.0
15.0
7.0
20.0
13.0
8.0
9.0
78.0
17.0
8.0
22.0
41.0
14.0
12.0
12.0
3.0
15.0
26.0
27.0
18.0
10.0
22.0
38.0
21.0
31.0
4.0
42.0
38.0
5.0
27.0
26.0
9.0
7.0
10.0
13.0
63.0
8.0
13.0
31.0
8.0
77.0
10.0
26.0
10.0
9.0
23.0
6.0
28.0
14.0
21.0
4.0
52.0
18.0
35.0
12.0
56.0
43.0
16.0
3.0
34.0
24.0
9.0
7.0
28.0
16.0
25.0
72.0
52.0
19.0
12.0
23.0
28.0
5.0
19.0
18.0
30.0
16.0
13.0
17.0
31.0
45.0
52.0
16.0
26.0
15.0
13.0
13.0
19.0
24.0
27.0
69.0
36.0
9.0
5.0
22.0
10.0
16.0
12.0
6.0
7.0
7.0
29.0
19.0
6.0
6.0
32.0
12.0
5.0
31.0
15.0
15.0
7.0
41.0
52.0
26.0
19.0
29.0
11.0
4.0
31.0
60.0
13.0
23.0
24.0
9.0
22.0
24.0
33.0
10.0
4.0
65.0
6.0
3.0
31.0
22.0
21.0
7.0
4.0
23.0
28.0
5.0
95.0
12.0
1.0
19.0
6.0
29.0
29.0
13.0
65.0
52.0
30.0
4.0
47.0
25.0
28.0
4.0
13.0
52.0
20.0
8.0
42.0
4.0
0.0
9.0
15.0
29.0
9.0
25.0
12.0
10.0
26.0
35.0
8.0
13.0
13.0
19.0
16.0
26.0
9.0
22.0
53.0
22.0
9.0
17.0
22.0
9.0
13.0
11.0
14.0
28.0
21.0
55.0
13.0
16.0
21.0
21.0
5.0
8.0
13.0
15.0
28.0
25.0
19.0
16.0
16.0
18.0
95.0
24.0
20.0
71.0
13.0
23.0
8.0
26.0
2.0
28.0
10.0
26.0
14.0
17.0
15.0
9.0
62.0
6.0
28.0
16.0
15.0
16.0
23.0
8.0
15.0
9.0
3.0
13.0
21.0
10.0
6.0
7.0
18.0
35.0
22.0
14.0
16.0
10.0
13.0
20.0
10.0
38.0
43.0
10.0
37.0
3.0
33.0
7.0
10.0
38.0
19.0
21.0
21.0
23.0
24.0
7.0
24.0
17.0
16.0
8.0
27.0
35.0
11.0
19.0
29.0
27.0
29.0
24.0
16.0
21.0
17.0
13.0
8.0
44.0
27.0
19.0
17.0
23.0
6.0
6.0
13.0
7.0
14.0
9.0
40.0
15.0
8.0
31.0
0.0
26.0
48.0
29.0
9.0
36.0
24.0
7.0
28.0
32.0
22.0
29.0
26.0
11.0
14.0
6.0
57.0
7.0
17.0
21.0
12.0
50.0
21.0
52.0
11.0
15.0
9.0
5.0
29.0
3.0
7.0
3.0
53.0
10.0
24.0
5.0
28.0
27.0
16.0
17.0
22.0
8.0
82.0
10.0
5.0
51.0
1.0
12.0
25.0
18.0
6.0
14.0
9.0
24.0
16.0
28.0
22.0
21.0
14.0
22.0
20.0
3.0
38.0
27.0
45.0
33.0
19.0
28.0
1.0
15.0
14.0
21.0
18.0
5.0
5.0
14.0
18.0
15.0
25.0
11.0
21.0
23.0
20.0
12.0
23.0
17.0
33.0
7.0
12.0
12.0
21.0
11.0
19.0
14.0
39.0
1.0
13.0
4.0
11.0
12.0
15.0
5.0
10.0
16.0
12.0
9.0
85.0
30.0
56.0
11.0
15.0
14.0
21.0
19.0
26.0
19.0
3.0
14.0
13.0
38.0
46.0
42.0
14.0
15.0
19.0
15.0
15.0
21.0
6.0
9.0
26.0
3.0
57.0
18.0
14.0
20.0
8.0
48.0
18.0
9.0
7.0
11.0
70.0
24.0
66.0
18.0
12.0
20.0
7.0
16.0
17.0
25.0
13.0
15.0
8.0
24.0
14.0
8.0
3.0
17.0
5.0
17.0
19.0
8.0
25.0
36.0
17.0
29.0
22.0
14.0
26.0
23.0
23.0
19.0
88.0
17.0
5.0
7.0
14.0
87.0
15.0
19.0
68.0
21.0
13.0
59.0
24.0
20.0
27.0
12.0
14.0
9.0
9.0
5.0
68.0
10.0
13.0
84.0
44.0
21.0
12.0
10.0
17.0
14.0
16.0
8.0
4.0
25.0
13.0
37.0
16.0
17.0
12.0
19.0
24.0
6.0
11.0
6.0
11.0
52.0
7.0
16.0
5.0
28.0
9.0
16.0
13.0
16.0
11.0
27.0
8.0
35.0
7.0
16.0
17.0
34.0
13.0
22.0
11.0
5.0
9.0
56.0
3.0
27.0
6.0
57.0
51.0
38.0
15.0
35.0
5.0
5.0
20.0
34.0
9.0
22.0
17.0
26.0
23.0
17.0
13.0
9.0
41.0
7.0
11.0
9.0
26.0
17.0
8.0
19.0
20.0
56.0
14.0
21.0
9.0
6.0
36.0
94.0
19.0
59.0
29.0
12.0
13.0
26.0
39.0
16.0
12.0
18.0
56.0
17.0
5.0
24.0
2.0
14.0
8.0
43.0
54.0
24.0
45.0
24.0
15.0
9.0
29.0
48.0
10.0
26.0
7.0
13.0
20.0
7.0
9.0
13.0
5.0
10.0
30.0
12.0
17.0
21.0
11.0
22.0
32.0
17.0
12.0
14.0
19.0
9.0
12.0
25.0
22.0
7.0
15.0
16.0
35.0
23.0
5.0
17.0
54.0
17.0
17.0
30.0
14.0
14.0
35.0
9.0
12.0
20.0
2.0
47.0
23.0
15.0
6.0
21.0
31.0
19.0
38.0
17.0
8.0
36.0
14.0
10.0
13.0
24.0
20.0
25.0
12.0
28.0
20.0
32.0
5.0
22.0
8.0
33.0
5.0
48.0
3.0
22.0
18.0
25.0
77.0
16.0
24.0
28.0
22.0
17.0
28.0
18.0
20.0
23.0
5.0
15.0
36.0
18.0
10.0
23.0
7.0
7.0
28.0
14.0
13.0
32.0
19.0
55.0
12.0
37.0
33.0
21.0
14.0
47.0
12.0
17.0
15.0
0.0
12.0
10.0
11.0
15.0
34.0
7.0
40.0
4.0
11.0
22.0
6.0
56.0
22.0
18.0
16.0
46.0
19.0
10.0
5.0
39.0
23.0
18.0
22.0
7.0
34.0
7.0
30.0
35.0
85.0
45.0
25.0
11.0
26.0
3.0
12.0
20.0
19.0
17.0
10.0
44.0
9.0
54.0
18.0
53.0
18.0
75.0
44.0
13.0
18.0
14.0
44.0
18.0
50.0
8.0
12.0
35.0
1.0
14.0
51.0
12.0
35.0
58.0
11.0
9.0
12.0
14.0
39.0
37.0
18.0
17.0
19.0
7.0
6.0
9.0
29.0
40.0
8.0
21.0
25.0
19.0
29.0
8.0
14.0
1.0
5.0
12.0
36.0
19.0
31.0
6.0
33.0
17.0
13.0
9.0
16.0
11.0
27.0
5.0
20.0
8.0
21.0
8.0
3.0
5.0
32.0
21.0
41.0
22.0
11.0
30.0
23.0
20.0
4.0
14.0
15.0
19.0
5.0
70.0
20.0
12.0
90.0
16.0
19.0
37.0
5.0
21.0
43.0
38.0
65.0
12.0
12.0
36.0
12.0
22.0
15.0
16.0
16.0
12.0
6.0
19.0
31.0
60.0
13.0
28.0
13.0
19.0
95.0
42.0
25.0
36.0
17.0
27.0
15.0
16.0
19.0
7.0
3.0
31.0
94.0
42.0
6.0
26.0
36.0
11.0
13.0
90.0
11.0
11.0
5.0
15.0
10.0
15.0
34.0
50.0
26.0
21.0
24.0
7.0
56.0
41.0
14.0
23.0
10.0
13.0
17.0
39.0
15.0
19.0
13.0
27.0
11.0
12.0
5.0
13.0
21.0
17.0
9.0
21.0
12.0
20.0
8.0
17.0
15.0
4.0
29.0
22.0
29.0
11.0
27.0
53.0
23.0
14.0
32.0
15.0
29.0
12.0
18.0
7.0
50.0
19.0
23.0
15.0
8.0
14.0
41.0
38.0
49.0
11.0
8.0
49.0
27.0
12.0
34.0
8.0
2.0
22.0
11.0
50.0
6.0
18.0
16.0
13.0
11.0
15.0
31.0
27.0
4.0
17.0
21.0
22.0
16.0
22.0
5.0
6.0
32.0
23.0
43.0
12.0
6.0
19.0
40.0
21.0
17.0
33.0
26.0
39.0
40.0
21.0
64.0
33.0
26.0
8.0
34.0
24.0
10.0
36.0
8.0
14.0
18.0
10.0
19.0
8.0
30.0
16.0
26.0
24.0
36.0
12.0
6.0
48.0
14.0
11.0
33.0
13.0
16.0
8.0
5.0
42.0
24.0
27.0
23.0
21.0
13.0
26.0
10.0
20.0
53.0
7.0
42.0
59.0
27.0
7.0
19.0
17.0
24.0
28.0
6.0
20.0
23.0
18.0
79.0
24.0
27.0
9.0
32.0
53.0
8.0
13.0
3.0
20.0
15.0
14.0
14.0
3.0
41.0
28.0
9.0
18.0
34.0
26.0
9.0
25.0
19.0
25.0
43.0
10.0
4.0
22.0
19.0
37.0
23.0
5.0
53.0
56.0
15.0
24.0
49.0
32.0
19.0
18.0
21.0
27.0
8.0
8.0
4.0
12.0
12.0
59.0
27.0
9.0
25.0
6.0
66.0
29.0
6.0
14.0
18.0
26.0
10.0
20.0
13.0
11.0
35.0
10.0
20.0
27.0
9.0
16.0
9.0
4.0
10.0
30.0
15.0
5.0
7.0
4.0
22.0
19.0
10.0
47.0
32.0
21.0
43.0
46.0
27.0
42.0
13.0
11.0
40.0
31.0
23.0
42.0
21.0
51.0
8.0
59.0
46.0
23.0
26.0
3.0
80.0
13.0
37.0
13.0
16.0
37.0
21.0
5.0
12.0
32.0
20.0
12.0
71.0
9.0
65.0
25.0
21.0
89.0
18.0
35.0
45.0
13.0
17.0
19.0
58.0
30.0
26.0
11.0
19.0
38.0
33.0
6.0
13.0
4.0
26.0
16.0
28.0
9.0
14.0
24.0
62.0
9.0
13.0
22.0
21.0
18.0
24.0
12.0
16.0
26.0
36.0
20.0
32.0
24.0
39.0
9.0
11.0
10.0
7.0
8.0
20.0
31.0
7.0
13.0
0.0
44.0
28.0
11.0
11.0
3.0
41.0
16.0
21.0
26.0
9.0
17.0
10.0
19.0
45.0
17.0
4.0
16.0
1.0
55.0
30.0
26.0
13.0
46.0
28.0
30.0
16.0
39.0
16.0
10.0
14.0
65.0
19.0
26.0
23.0
13.0
37.0
29.0
18.0
0.0
13.0
6.0
36.0
9.0
15.0
13.0
24.0
17.0
8.0
53.0
23.0
38.0
18.0
76.0
19.0
51.0
3.0
59.0
7.0
34.0
48.0
10.0
15.0
26.0
22.0
22.0
16.0
7.0
44.0
45.0
6.0
5.0
5.0
6.0
8.0
34.0
28.0
13.0
3.0
10.0
16.0
11.0
8.0
10.0
11.0
33.0
26.0
9.0
24.0
18.0
32.0
3.0
37.0
1.0
6.0
23.0
14.0
11.0
28.0
15.0
13.0
60.0
82.0
20.0
22.0
30.0
37.0
9.0
8.0
21.0
5.0
41.0
44.0
12.0
31.0
22.0
10.0
19.0
29.0
37.0
9.0
15.0
5.0
21.0
15.0
17.0
8.0
67.0
24.0
8.0
26.0
14.0
11.0
19.0
5.0
36.0
24.0
5.0
8.0
19.0
27.0
20.0
59.0
4.0
15.0
25.0
17.0
18.0
14.0
11.0
20.0
32.0
36.0
14.0
12.0
15.0
13.0
16.0
27.0
15.0
26.0
25.0
18.0
47.0
30.0
19.0
8.0
17.0
16.0
8.0
5.0
14.0
30.0
17.0
25.0
42.0
13.0
3.0
12.0
28.0
28.0
17.0
36.0
18.0
2.0
15.0
24.0
24.0
9.0
19.0
6.0
10.0
23.0
9.0
7.0
19.0
36.0
17.0
21.0
20.0
23.0
10.0
19.0
29.0
41.0
38.0
31.0
11.0
3.0
25.0
18.0
28.0
35.0
13.0
16.0
36.0
20.0
24.0
56.0
11.0
23.0
6.0
12.0
52.0
59.0
4.0
20.0
39.0
18.0
12.0
9.0
7.0
9.0
14.0
57.0
22.0
10.0
38.0
1.0
37.0
43.0
59.0
5.0
17.0
23.0
8.0
17.0
83.0
4.0
37.0
13.0
2.0
18.0
13.0
12.0
27.0
9.0
25.0
10.0
40.0
13.0
12.0
17.0
37.0
7.0
8.0
19.0
8.0
39.0
89.0
26.0
8.0
21.0
37.0
36.0
21.0
20.0
15.0
9.0
21.0
22.0
35.0
24.0
38.0
30.0
68.0
23.0
32.0
18.0
23.0
22.0
5.0
90.0
5.0
12.0
17.0
21.0
16.0
25.0
12.0
24.0
4.0
12.0
15.0
17.0
11.0
22.0
26.0
9.0
35.0
8.0
24.0
37.0
11.0
16.0
13.0
17.0
54.0
10.0
43.0
7.0
5.0
26.0
15.0
12.0
19.0
17.0
24.0
31.0
37.0
9.0
26.0
36.0
12.0
17.0
40.0
19.0
7.0
42.0
24.0
4.0
16.0
21.0
50.0
16.0
8.0
27.0
56.0
25.0
20.0
7.0
28.0
5.0
14.0
18.0
7.0
10.0
29.0
10.0
16.0
4.0
69.0
23.0
15.0
12.0
37.0
17.0
14.0
12.0
24.0
16.0
11.0
74.0
17.0
24.0
41.0
7.0
9.0
23.0
45.0
30.0
40.0
11.0
9.0
12.0
7.0
47.0
70.0
19.0
11.0
26.0
35.0
30.0
12.0
12.0
10.0
35.0
7.0
9.0
13.0
21.0
10.0
21.0
21.0
18.0
21.0
24.0
22.0
16.0
9.0
13.0
18.0
58.0
17.0
16.0
14.0
16.0
6.0
23.0
12.0
18.0
25.0
25.0
35.0
42.0
22.0
21.0
50.0
29.0
24.0
8.0
9.0
6.0
20.0
15.0
35.0
37.0
14.0
19.0
28.0
20.0
40.0
25.0
61.0
22.0
11.0
11.0
22.0
28.0
23.0
11.0
9.0
32.0
3.0
18.0
39.0
21.0
13.0
30.0
7.0
17.0
13.0
20.0
19.0
25.0
5.0
42.0
35.0
15.0
89.0
38.0
17.0
35.0
16.0
32.0
25.0
14.0
37.0
19.0
12.0
39.0
18.0
14.0
27.0
21.0
31.0
12.0
16.0
15.0
10.0
17.0
14.0
27.0
9.0
17.0
49.0
8.0
9.0
16.0
14.0
36.0
9.0
24.0
33.0
34.0
29.0
5.0
41.0
17.0
11.0
28.0
14.0
36.0
17.0
29.0
35.0
11.0
20.0
24.0
27.0
10.0
26.0
7.0
17.0
14.0
58.0
33.0
30.0
12.0
10.0
22.0
44.0
57.0
19.0
36.0
14.0
29.0
14.0
32.0
13.0
16.0
17.0
10.0
13.0
56.0
11.0
23.0
19.0
20.0
4.0
10.0
10.0
15.0
9.0
37.0
8.0
42.0
22.0
8.0
89.0
61.0
43.0
24.0
16.0
22.0
33.0
27.0
63.0
46.0
29.0
17.0
1.0
2.0
13.0
42.0
32.0
23.0
47.0
32.0
14.0
8.0
15.0
27.0
22.0
67.0
25.0
18.0
20.0
5.0
2.0
20.0
13.0
10.0
18.0
15.0
29.0
35.0
21.0
48.0
12.0
43.0
22.0
9.0
21.0
18.0
10.0
18.0
27.0
30.0
23.0
27.0
23.0
15.0
15.0
8.0
19.0
12.0
26.0
29.0
29.0
14.0
15.0
34.0
13.0
12.0
24.0
50.0
23.0
45.0
6.0
6.0
9.0
6.0
16.0
53.0
36.0
23.0
16.0
30.0
12.0
1.0
16.0
20.0
17.0
5.0
21.0
32.0
32.0
16.0
37.0
45.0
22.0
11.0
24.0
51.0
27.0
21.0
19.0
51.0
4.0
9.0
33.0
9.0
64.0
17.0
25.0
48.0
72.0
10.0
64.0
31.0
4.0
41.0
34.0
7.0
5.0
34.0
9.0
13.0
17.0
21.0
20.0
25.0
8.0
10.0
35.0
20.0
17.0
73.0
83.0
20.0
19.0
15.0
19.0
25.0
14.0
33.0
12.0
34.0
11.0
8.0
20.0
18.0
3.0
31.0
15.0
26.0
2.0
26.0
37.0
18.0
14.0
24.0
11.0
14.0
34.0
14.0
8.0
7.0
6.0
27.0
30.0
31.0
52.0
18.0
5.0
22.0
24.0
11.0
16.0
33.0
23.0
22.0
18.0
18.0
26.0
13.0
23.0
16.0
17.0
44.0
2.0
15.0
11.0
26.0
12.0
36.0
19.0
12.0
6.0
27.0
10.0
22.0
41.0
19.0
18.0
13.0
15.0
28.0
3.0
25.0
25.0
50.0
12.0
34.0
26.0
28.0
23.0
48.0
30.0
16.0
21.0
7.0
18.0
3.0
64.0
9.0
25.0
24.0
38.0
26.0
5.0
7.0
56.0
16.0
12.0
8.0
29.0
7.0
26.0
40.0
14.0
32.0
42.0
8.0
45.0
14.0
22.0
10.0
20.0
8.0
40.0
17.0
13.0
11.0
30.0
27.0
22.0
24.0
54.0
15.0
10.0
35.0
30.0
24.0
30.0
16.0
69.0
12.0
21.0
3.0
24.0
16.0
30.0
23.0
17.0
20.0
70.0
15.0
33.0
14.0
6.0
12.0
23.0
27.0
15.0
12.0
16.0
23.0
4.0
4.0
26.0
35.0
23.0
6.0
6.0
49.0
16.0
23.0
46.0
30.0
6.0
38.0
6.0
24.0
14.0
7.0
13.0
35.0
16.0
22.0
31.0
40.0
28.0
9.0
13.0
19.0
11.0
14.0
8.0
28.0
18.0
75.0
17.0
12.0
8.0
4.0
6.0
28.0
34.0
13.0
43.0
7.0
33.0
61.0
2.0
28.0
10.0
3.0
36.0
10.0
3.0
36.0
22.0
17.0
11.0
18.0
23.0
72.0
18.0
7.0
33.0
21.0
28.0
22.0
12.0
44.0
12.0
18.0
56.0
9.0
19.0
8.0
30.0
15.0
19.0
26.0
53.0
29.0
34.0
24.0
23.0
14.0
14.0
26.0
15.0
51.0
57.0
11.0
61.0
23.0
6.0
26.0
30.0
13.0
5.0
13.0
12.0
57.0
11.0
41.0
47.0
7.0
5.0
16.0
13.0
11.0
24.0
44.0
13.0
34.0
39.0
11.0
24.0
10.0
10.0
9.0
16.0
11.0
17.0
19.0
10.0
15.0
31.0
16.0
23.0
39.0
19.0
28.0
18.0
11.0
31.0
38.0
17.0
4.0
38.0
71.0
7.0
47.0
21.0
9.0
20.0
15.0
10.0
8.0
12.0
25.0
58.0
10.0
13.0
32.0
8.0
27.0
30.0
12.0
13.0
36.0
17.0
10.0
29.0
62.0
24.0
19.0
12.0
17.0
25.0
19.0
28.0
21.0
49.0
13.0
6.0
34.0
21.0
34.0
7.0
24.0
9.0
72.0
38.0
12.0
6.0
27.0
28.0
43.0
43.0
8.0
48.0
18.0
18.0
35.0
43.0
14.0
9.0
14.0
20.0
14.0
34.0
15.0
9.0
32.0
33.0
10.0
52.0
27.0
15.0
15.0
20.0
14.0
65.0
11.0
30.0
24.0
7.0
23.0
11.0
15.0
11.0
6.0
9.0
8.0
13.0
7.0
9.0
16.0
25.0
19.0
2.0
61.0
32.0
7.0
22.0
13.0
8.0
4.0
19.0
12.0
13.0
15.0
10.0
21.0
24.0
44.0
8.0
30.0
10.0
10.0
31.0
12.0
27.0
5.0
21.0
58.0
2.0
30.0
14.0
20.0
29.0
59.0
19.0
0.0
43.0
79.0
13.0
21.0
29.0
8.0
15.0
24.0
58.0
14.0
21.0
17.0
8.0
41.0
11.0
13.0
29.0
20.0
13.0
19.0
6.0
9.0
25.0
14.0
24.0
33.0
22.0
26.0
23.0
13.0
13.0
14.0
9.0
29.0
60.0
20.0
20.0
36.0
22.0
14.0
12.0
18.0
16.0
25.0
7.0
30.0
5.0
11.0
18.0
24.0
19.0
38.0
11.0
23.0
29.0
15.0
15.0
13.0
10.0
13.0
15.0
9.0
7.0
21.0
6.0
12.0
15.0
34.0
14.0
59.0
50.0
32.0
37.0
55.0
32.0
29.0
12.0
17.0
15.0
21.0
24.0
29.0
5.0
4.0
31.0
28.0
11.0
16.0
27.0
36.0
47.0
8.0
52.0
31.0
9.0
41.0
14.0
15.0
6.0
10.0
20.0
9.0
10.0
54.0
40.0
9.0
40.0
27.0
8.0
50.0
9.0
28.0
17.0
7.0
5.0
46.0
24.0
25.0
28.0
7.0
11.0
37.0
31.0
7.0
44.0
28.0
14.0
20.0
18.0
52.0
20.0
18.0
14.0
32.0
41.0
25.0
32.0
25.0
10.0
24.0
14.0
14.0
20.0
6.0
76.0
28.0
20.0
16.0
24.0
10.0
21.0
38.0
59.0
27.0
18.0
22.0
13.0
4.0
18.0
24.0
20.0
30.0
35.0
13.0
13.0
18.0
18.0
18.0
12.0
7.0
94.0
37.0
34.0
28.0
19.0
15.0
31.0
21.0
8.0
16.0
27.0
23.0
22.0
32.0
31.0
22.0
17.0
26.0
19.0
7.0
4.0
9.0
9.0
18.0
10.0
21.0
26.0
22.0
15.0
6.0
48.0
32.0
4.0
28.0
13.0
42.0
35.0
59.0
12.0
25.0
112.0
40.0
14.0
30.0
11.0
10.0
8.0
50.0
24.0
14.0
28.0
11.0
39.0
14.0
11.0
35.0
6.0
11.0
32.0
10.0
6.0
37.0
16.0
19.0
19.0
11.0
34.0
65.0
9.0
5.0
13.0
17.0
14.0
38.0
18.0
41.0
83.0
23.0
5.0
17.0
54.0
16.0
7.0
14.0
22.0
14.0
56.0
32.0
5.0
18.0
52.0
17.0
11.0
20.0
10.0
23.0
26.0
51.0
59.0
12.0
57.0
9.0
8.0
28.0
15.0
21.0
19.0
14.0
25.0
16.0
6.0
57.0
25.0
8.0
20.0
12.0
15.0
4.0
8.0
24.0
9.0
44.0
20.0
35.0
27.0
21.0
11.0
19.0
40.0
17.0
19.0
7.0
5.0
7.0
29.0
24.0
46.0
49.0
9.0
12.0
59.0
29.0
53.0
15.0
30.0
25.0
12.0
32.0
7.0
29.0
21.0
17.0
21.0
44.0
26.0
16.0
18.0
2.0
37.0
24.0
7.0
29.0
47.0
38.0
28.0
17.0
55.0
5.0
20.0
35.0
65.0
18.0
27.0
33.0
31.0
35.0
15.0
23.0
7.0
11.0
18.0
22.0
11.0
12.0
47.0
22.0
33.0
28.0
20.0
21.0
44.0
21.0
27.0
15.0
27.0
8.0
12.0
2.0
24.0
43.0
21.0
12.0
18.0
26.0
6.0
13.0
45.0
32.0
40.0
6.0
37.0
20.0
10.0
35.0
8.0
15.0
38.0
29.0
28.0
14.0
15.0
46.0
20.0
28.0
39.0
19.0
13.0
19.0
9.0
37.0
14.0
4.0
32.0
17.0
27.0
26.0
15.0
12.0
18.0
26.0
20.0
18.0
24.0
8.0
18.0
26.0
21.0
33.0
13.0
49.0
34.0
9.0
63.0
18.0
11.0
24.0
48.0
28.0
7.0
5.0
16.0
24.0
30.0
27.0
11.0
67.0
34.0
8.0
30.0
20.0
16.0
10.0
27.0
20.0
56.0
10.0
27.0
24.0
30.0
29.0
2.0
33.0
15.0
23.0
16.0
13.0
35.0
16.0
39.0
12.0
17.0
49.0
80.0
11.0
19.0
17.0
21.0
25.0
48.0
18.0
27.0
23.0
37.0
6.0
43.0
18.0
31.0
18.0
10.0
67.0
16.0
34.0
10.0
38.0
14.0
7.0
9.0
17.0
50.0
14.0
39.0
9.0
19.0
59.0
49.0
24.0
34.0
16.0
28.0
8.0
7.0
25.0
46.0
10.0
13.0
27.0
16.0
64.0
12.0
34.0
48.0
9.0
15.0
29.0
14.0
17.0
21.0
33.0
20.0
29.0
1.0
7.0
19.0
2.0
3.0
34.0
27.0
26.0
16.0
0.0
26.0
20.0
23.0
24.0
50.0
31.0
7.0
10.0
15.0
56.0
34.0
25.0
23.0
34.0
28.0
7.0
39.0
18.0
29.0
38.0
56.0
10.0
17.0
2.0
16.0
12.0
18.0
12.0
8.0
19.0
27.0
50.0
23.0
18.0
3.0
19.0
24.0
31.0
19.0
9.0
15.0
25.0
31.0
12.0
10.0
30.0
25.0
26.0
21.0
49.0
30.0
6.0
34.0
17.0
22.0
31.0
47.0
13.0
14.0
52.0
7.0
9.0
31.0
9.0
21.0
31.0
3.0
13.0
29.0
7.0
11.0
23.0
7.0
50.0
6.0
42.0
13.0
28.0
9.0
47.0
34.0
13.0
35.0
23.0
56.0
26.0
55.0
27.0
3.0
9.0
35.0
6.0
29.0
4.0
4.0
10.0
39.0
11.0
19.0
14.0
5.0
6.0
9.0
28.0
15.0
7.0
17.0
10.0
29.0
66.0
28.0
37.0
11.0
48.0
93.0
29.0
4.0
35.0
14.0
9.0
23.0
15.0
18.0
32.0
25.0
10.0
90.0
23.0
20.0
22.0
63.0
13.0
11.0
65.0
30.0
12.0
58.0
17.0
34.0
13.0
9.0
4.0
27.0
17.0
17.0
10.0
21.0
26.0
14.0
17.0
22.0
12.0
41.0
34.0
17.0
33.0
5.0
28.0
39.0
30.0
7.0
22.0
29.0
53.0
17.0
3.0
27.0
19.0
15.0
19.0
23.0
28.0
23.0
9.0
20.0
19.0
22.0
22.0
21.0
50.0
28.0
18.0
30.0
47.0
33.0
8.0
35.0
26.0
24.0
12.0
26.0
30.0
11.0
2.0
40.0
19.0
44.0
34.0
23.0
8.0
13.0
9.0
37.0
22.0
26.0
52.0
1.0
50.0
46.0
16.0
19.0
15.0
28.0
30.0
22.0
29.0
7.0
59.0
30.0
69.0
6.0
8.0
23.0
68.0
18.0
9.0
76.0
18.0
28.0
11.0
14.0
49.0
19.0
10.0
16.0
7.0
28.0
20.0
18.0
27.0
28.0
18.0
17.0
16.0
16.0
12.0
6.0
32.0
2.0
23.0
33.0
6.0
14.0
12.0
14.0
8.0
13.0
3.0
32.0
7.0
6.0
6.0
16.0
6.0
40.0
54.0
98.0
15.0
10.0
5.0
2.0
28.0
19.0
8.0
23.0
3.0
11.0
94.0
39.0
6.0
41.0
8.0
42.0
9.0
14.0
8.0
14.0
30.0
29.0
86.0
7.0
29.0
22.0
3.0
43.0
64.0
12.0
14.0
26.0
5.0
14.0
25.0
4.0
3.0
10.0
23.0
10.0
32.0
19.0
17.0
23.0
31.0
34.0
17.0
21.0
1.0
5.0
51.0
7.0
25.0
75.0
28.0
29.0
8.0
21.0
17.0
10.0
24.0
7.0
42.0
24.0
38.0
18.0
39.0
27.0
25.0
24.0
21.0
27.0
5.0
73.0
41.0
33.0
43.0
40.0
30.0
6.0
34.0
26.0
12.0
18.0
6.0
24.0
26.0
4.0
18.0
46.0
6.0
15.0
43.0
43.0
8.0
79.0
23.0
7.0
5.0
21.0
51.0
9.0
24.0
64.0
13.0
5.0
6.0
9.0
10.0
13.0
16.0
23.0
36.0
34.0
42.0
25.0
14.0
37.0
20.0
16.0
21.0
25.0
15.0
29.0
26.0
67.0
22.0
24.0
12.0
107.0
13.0
25.0
34.0
17.0
15.0
30.0
7.0
14.0
8.0
17.0
10.0
11.0
27.0
36.0
44.0
52.0
8.0
10.0
6.0
39.0
14.0
18.0
17.0
12.0
26.0
10.0
23.0
23.0
18.0
35.0
14.0
13.0
5.0
22.0
20.0
11.0
21.0
24.0
18.0
3.0
81.0
19.0
20.0
22.0
16.0
8.0
13.0
8.0
38.0
27.0
20.0
13.0
24.0
29.0
34.0
21.0
12.0
28.0
10.0
13.0
21.0
9.0
44.0
27.0
43.0
18.0
25.0
25.0
44.0
8.0
11.0
6.0
43.0
21.0
28.0
13.0
40.0
15.0
4.0
57.0
16.0
41.0
24.0
1.0
7.0
21.0
45.0
20.0
41.0
21.0
22.0
20.0
8.0
36.0
43.0
23.0
35.0
8.0
26.0
38.0
19.0
19.0
34.0
15.0
0.0
39.0
8.0
16.0
13.0
11.0
73.0
20.0
16.0
37.0
20.0
103.0
8.0
30.0
18.0
7.0
7.0
61.0
4.0
9.0
27.0
16.0
15.0
6.0
42.0
59.0
32.0
3.0
6.0
52.0
1.0
11.0
56.0
18.0
13.0
57.0
7.0
43.0
14.0
18.0
32.0
40.0
81.0
10.0
14.0
5.0
15.0
6.0
11.0
32.0
60.0
18.0
31.0
74.0
40.0
21.0
21.0
24.0
8.0
12.0
7.0
73.0
16.0
5.0
4.0
21.0
61.0
26.0
24.0
38.0
16.0
29.0
41.0
7.0
20.0
45.0
26.0
32.0
4.0
28.0
31.0
3.0
10.0
2.0
25.0
31.0
23.0
56.0
6.0
32.0
74.0
14.0
42.0
18.0
29.0
6.0
21.0
9.0
14.0
12.0
24.0
28.0
54.0
46.0
46.0
18.0
44.0
52.0
34.0
41.0
21.0
29.0
9.0
28.0
5.0
35.0
32.0
35.0
4.0
18.0
38.0
8.0
8.0
28.0
10.0
25.0
50.0
6.0
27.0
17.0
49.0
21.0
31.0
50.0
6.0
6.0
29.0
75.0
20.0
24.0
2.0
30.0
44.0
6.0
20.0
21.0
10.0
11.0
19.0
14.0
13.0
42.0
20.0
30.0
19.0
19.0
58.0
13.0
18.0
16.0
27.0
38.0
11.0
16.0
39.0
1.0
15.0
10.0
19.0
19.0
18.0
11.0
27.0
41.0
24.0
16.0
22.0
13.0
11.0
20.0
24.0
13.0
7.0
12.0
13.0
16.0
5.0
37.0
23.0
35.0
14.0
28.0
29.0
12.0
20.0
17.0
23.0
25.0
23.0
13.0
30.0
11.0
18.0
16.0
23.0
56.0
30.0
26.0
43.0
26.0
42.0
38.0
4.0
13.0
47.0
49.0
7.0
23.0
21.0
12.0
8.0
24.0
15.0
4.0
12.0
12.0
37.0
18.0
32.0
18.0
23.0
16.0
8.0
33.0
10.0
53.0
9.0
45.0
10.0
14.0
37.0
8.0
54.0
28.0
16.0
40.0
37.0
37.0
30.0
15.0
21.0
18.0
30.0
22.0
21.0
11.0
10.0
64.0
13.0
24.0
5.0
10.0
28.0
14.0
38.0
2.0
18.0
9.0
20.0
28.0
6.0
21.0
6.0
40.0
56.0
12.0
7.0
7.0
21.0
26.0
16.0
12.0
3.0
42.0
9.0
13.0
18.0
17.0
20.0
22.0
30.0
31.0
50.0
10.0
21.0
37.0
16.0
21.0
42.0
25.0
19.0
47.0
3.0
8.0
21.0
31.0
21.0
1.0
4.0
8.0
24.0
7.0
20.0
26.0
30.0
15.0
59.0
36.0
10.0
48.0
48.0
31.0
19.0
26.0
43.0
14.0
15.0
28.0
7.0
7.0
8.0
8.0
18.0
16.0
0.0
12.0
33.0
5.0
23.0
80.0
12.0
17.0
72.0
36.0
22.0
14.0
16.0
19.0
15.0
22.0
42.0
27.0
9.0
16.0
22.0
55.0
16.0
5.0
14.0
18.0
19.0
3.0
19.0
41.0
26.0
15.0
14.0
27.0
13.0
15.0
12.0
14.0
35.0
28.0
7.0
36.0
35.0
12.0
4.0
33.0
5.0
60.0
7.0
11.0
8.0
29.0
5.0
19.0
34.0
52.0
16.0
3.0
19.0
23.0
34.0
24.0
169.0
48.0
64.0
44.0
40.0
50.0
7.0
7.0
8.0
30.0
9.0
25.0
2.0
31.0
11.0
25.0
20.0
11.0
13.0
5.0
27.0
2.0
55.0
14.0
59.0
10.0
17.0
13.0
25.0
4.0
12.0
18.0
16.0
43.0
10.0
15.0
19.0
54.0
49.0
21.0
45.0
8.0
17.0
123.0
4.0
60.0
14.0
14.0
17.0
12.0
38.0
9.0
34.0
12.0
22.0
33.0
11.0
5.0
3.0
30.0
41.0
71.0
31.0
27.0
13.0
6.0
26.0
8.0
20.0
13.0
22.0
9.0
30.0
9.0
27.0
9.0
11.0
25.0
6.0
16.0
45.0
5.0
25.0
19.0
27.0
18.0
14.0
3.0
14.0
32.0
32.0
7.0
26.0
18.0
7.0
64.0
8.0
57.0
6.0
39.0
34.0
31.0
11.0
32.0
47.0
55.0
11.0
34.0
14.0
27.0
13.0
13.0
16.0
77.0
7.0
20.0
21.0
29.0
43.0
24.0
5.0
55.0
7.0
16.0
8.0
5.0
49.0
31.0
20.0
28.0
10.0
31.0
8.0
15.0
8.0
34.0
40.0
7.0
17.0
15.0
27.0
8.0
63.0
8.0
5.0
11.0
3.0
51.0
17.0
26.0
55.0
90.0
14.0
131.0
39.0
14.0
16.0
17.0
9.0
22.0
14.0
9.0
24.0
40.0
18.0
25.0
55.0
15.0
13.0
9.0
6.0
16.0
27.0
27.0
9.0
19.0
16.0
22.0
63.0
9.0
47.0
10.0
40.0
20.0
16.0
7.0
18.0
24.0
21.0
9.0
23.0
37.0
20.0
23.0
11.0
11.0
47.0
20.0
55.0
17.0
69.0
6.0
21.0
9.0
35.0
30.0
22.0
51.0
31.0
21.0
38.0
23.0
4.0
25.0
17.0
22.0
18.0
19.0
28.0
27.0
12.0
9.0
57.0
53.0
30.0
47.0
20.0
24.0
45.0
46.0
58.0
41.0
23.0
18.0
9.0
13.0
12.0
55.0
30.0
23.0
3.0
12.0
5.0
8.0
36.0
14.0
13.0
13.0
9.0
11.0
18.0
19.0
18.0
27.0
68.0
27.0
34.0
14.0
34.0
6.0
21.0
13.0
38.0
27.0
7.0
32.0
21.0
87.0
42.0
19.0
26.0
11.0
10.0
25.0
10.0
4.0
17.0
3.0
12.0
6.0
18.0
28.0
7.0
20.0
19.0
18.0
34.0
26.0
53.0
14.0
16.0
4.0
1.0
28.0
82.0
17.0
1.0
6.0
31.0
73.0
31.0
23.0
19.0
29.0
12.0
59.0
16.0
30.0
65.0
19.0
19.0
39.0
27.0
10.0
67.0
3.0
29.0
34.0
40.0
12.0
18.0
9.0
4.0
24.0
29.0
14.0
30.0
21.0
26.0
28.0
16.0
10.0
11.0
32.0
14.0
45.0
32.0
1.0
13.0
4.0
3.0
45.0
28.0
11.0
26.0
8.0
17.0
10.0
9.0
4.0
27.0
2.0
11.0
46.0
34.0
100.0
16.0
14.0
28.0
3.0
39.0
12.0
23.0
36.0
32.0
6.0
26.0
10.0
12.0
54.0
19.0
46.0
17.0
22.0
19.0
49.0
31.0
8.0
4.0
8.0
20.0
10.0
47.0
16.0
9.0
11.0
27.0
29.0
11.0
14.0
38.0
23.0
195.0
12.0
41.0
14.0
23.0
1.0
11.0
15.0
28.0
63.0
7.0
65.0
50.0
7.0
6.0
6.0
26.0
29.0
28.0
19.0
15.0
6.0
13.0
13.0
10.0
36.0
11.0
20.0
7.0
82.0
29.0
10.0
22.0
23.0
5.0
15.0
17.0
44.0
9.0
20.0
37.0
2.0
18.0
58.0
22.0
48.0
56.0
6.0
102.0
21.0
30.0
22.0
90.0
19.0
30.0
7.0
13.0
55.0
53.0
6.0
3.0
36.0
44.0
50.0
25.0
33.0
16.0
10.0
38.0
11.0
33.0
13.0
4.0
26.0
20.0
14.0
20.0
52.0
14.0
17.0
24.0
21.0
22.0
4.0
11.0
11.0
57.0
22.0
8.0
16.0
11.0
26.0
15.0
8.0
41.0
17.0
87.0
13.0
28.0
5.0
21.0
13.0
48.0
14.0
16.0
5.0
23.0
5.0
7.0
51.0
54.0
42.0
82.0
37.0
32.0
19.0
12.0
35.0
9.0
10.0
28.0
40.0
8.0
22.0
78.0
36.0
17.0
14.0
53.0
18.0
18.0
14.0
55.0
23.0
42.0
3.0
28.0
11.0
35.0
3.0
7.0
52.0
54.0
2.0
14.0
8.0
28.0
23.0
72.0
70.0
23.0
85.0
41.0
37.0
16.0
28.0
42.0
32.0
29.0
8.0
4.0
10.0
41.0
56.0
16.0
23.0
7.0
19.0
16.0
32.0
30.0
12.0
24.0
13.0
52.0
12.0
6.0
13.0
23.0
17.0
17.0
40.0
23.0
77.0
11.0
17.0
22.0
87.0
23.0
3.0
4.0
20.0
35.0
22.0
20.0
26.0
13.0
59.0
17.0
23.0
20.0
102.0
23.0
18.0
64.0
6.0
16.0
15.0
15.0
24.0
53.0
7.0
10.0
16.0
69.0
16.0
8.0
9.0
31.0
10.0
15.0
45.0
26.0
50.0
12.0
24.0
44.0
4.0
20.0
19.0
15.0
191.0
29.0
6.0
29.0
8.0
47.0
10.0
36.0
35.0
2.0
36.0
11.0
7.0
56.0
8.0
7.0
9.0
10.0
16.0
60.0
19.0
38.0
52.0
7.0
20.0
53.0
13.0
47.0
24.0
5.0
65.0
13.0
20.0
10.0
24.0
26.0
57.0
9.0
4.0
11.0
37.0
13.0
16.0
24.0
26.0
29.0
12.0
5.0
13.0
59.0
43.0
11.0
10.0
11.0
8.0
14.0
24.0
37.0
16.0
22.0
30.0
15.0
22.0
9.0
82.0
30.0
35.0
12.0
2.0
11.0
24.0
21.0
19.0
37.0
55.0
97.0
49.0
25.0
10.0
6.0
20.0
15.0
17.0
23.0
30.0
18.0
16.0
11.0
6.0
24.0
8.0
11.0
11.0
62.0
4.0
6.0
11.0
13.0
20.0
9.0
6.0
44.0
25.0
23.0
4.0
22.0
34.0
19.0
10.0
28.0
5.0
10.0
32.0
23.0
20.0
33.0
28.0
30.0
20.0
2.0
15.0
34.0
39.0
69.0
6.0
35.0
18.0
8.0
11.0
40.0
6.0
56.0
33.0
10.0
8.0
34.0
15.0
12.0
2.0
13.0
58.0
5.0
51.0
68.0
3.0
16.0
21.0
15.0
14.0
56.0
7.0
9.0
20.0
48.0
55.0
27.0
10.0
17.0
34.0
23.0
46.0
36.0
3.0
12.0
17.0
14.0
6.0
17.0
22.0
23.0
11.0
31.0
25.0
32.0
6.0
4.0
85.0
58.0
11.0
22.0
43.0
57.0
21.0
10.0
36.0
20.0
65.0
34.0
31.0
43.0
13.0
2.0
8.0
11.0
17.0
15.0
18.0
15.0
10.0
31.0
3.0
4.0
17.0
27.0
45.0
4.0
37.0
20.0
10.0
20.0
6.0
30.0
37.0
16.0
0.0
63.0
36.0
27.0
21.0
28.0
25.0
81.0
3.0
13.0
28.0
10.0
19.0
50.0
95.0
27.0
25.0
91.0
5.0
20.0
16.0
15.0
6.0
5.0
20.0
14.0
13.0
6.0
13.0
33.0
26.0
23.0
3.0
8.0
22.0
10.0
24.0
30.0
27.0
11.0
12.0
36.0
6.0
9.0
30.0
53.0
13.0
19.0
122.0
33.0
25.0
16.0
21.0
21.0
3.0
31.0
56.0
54.0
26.0
56.0
17.0
39.0
45.0
10.0
14.0
19.0
12.0
31.0
8.0
6.0
7.0
15.0
37.0
16.0
55.0
22.0
67.0
15.0
85.0
21.0
27.0
6.0
4.0
12.0
6.0
10.0
4.0
17.0
23.0
70.0
11.0
13.0
30.0
82.0
9.0
1.0
14.0
3.0
14.0
35.0
20.0
18.0
19.0
13.0
17.0
124.0
10.0
29.0
38.0
33.0
41.0
45.0
31.0
12.0
4.0
39.0
20.0
49.0
4.0
4.0
25.0
12.0
54.0
23.0
12.0
6.0
21.0
8.0
28.0
5.0
23.0
37.0
11.0
2.0
21.0
23.0
8.0
19.0
24.0
12.0
14.0
20.0
9.0
32.0
6.0
4.0
11.0
61.0
107.0
24.0
49.0
22.0
9.0
24.0
192.0
44.0
34.0
30.0
8.0
3.0
9.0
23.0
36.0
14.0
19.0
47.0
65.0
20.0
33.0
9.0
16.0
8.0
35.0
11.0
12.0
30.0
12.0
18.0
9.0
18.0
1.0
8.0
5.0
9.0
7.0
34.0
29.0
17.0
22.0
18.0
14.0
15.0
20.0
39.0
15.0
85.0
10.0
61.0
4.0
16.0
28.0
34.0
28.0
17.0
48.0
16.0
42.0
28.0
20.0
6.0
59.0
29.0
5.0
24.0
13.0
20.0
7.0
32.0
29.0
5.0
58.0
18.0
34.0
19.0
44.0
5.0
29.0
23.0
5.0
6.0
37.0
5.0
15.0
1.0
19.0
6.0
23.0
11.0
13.0
33.0
27.0
24.0
9.0
28.0
27.0
25.0
45.0
12.0
32.0
50.0
41.0
35.0
7.0
49.0
32.0
13.0
3.0
14.0
6.0
15.0
36.0
66.0
28.0
7.0
19.0
37.0
9.0
32.0
13.0
4.0
33.0
2.0
25.0
22.0
23.0
51.0
15.0
9.0
12.0
11.0
51.0
11.0
12.0
15.0
27.0
11.0
10.0
17.0
29.0
32.0
12.0
24.0
28.0
63.0
5.0
23.0
37.0
30.0
15.0
15.0
14.0
56.0
6.0
6.0
37.0
28.0
68.0
14.0
75.0
34.0
12.0
68.0
20.0
19.0
35.0
20.0
13.0
17.0
88.0
23.0
15.0
36.0
18.0
43.0
21.0
25.0
10.0
21.0
24.0
9.0
55.0
14.0
10.0
15.0
3.0
42.0
10.0
17.0
139.0
14.0
11.0
6.0
20.0
36.0
13.0
12.0
35.0
26.0
12.0
40.0
23.0
11.0
8.0
18.0
19.0
28.0
31.0
59.0
8.0
177.0
22.0
28.0
9.0
26.0
16.0
11.0
26.0
22.0
15.0
2.0
14.0
2.0
11.0
9.0
12.0
18.0
27.0
21.0
27.0
21.0
6.0
23.0
30.0
40.0
8.0
33.0
24.0
19.0
12.0
15.0
25.0
5.0
11.0
12.0
12.0
16.0
14.0
21.0
23.0
20.0
18.0
46.0
1.0
66.0
4.0
83.0
11.0
9.0
17.0
25.0
24.0
24.0
27.0
27.0
17.0
51.0
20.0
44.0
6.0
9.0
4.0
24.0
1.0
10.0
9.0
261.0
64.0
4.0
13.0
11.0
13.0
18.0
20.0
6.0
14.0
12.0
18.0
11.0
26.0
2.0
7.0
4.0
11.0
27.0
26.0
39.0
52.0
78.0
12.0
73.0
61.0
80.0
12.0
80.0
23.0
6.0
27.0
61.0
45.0
10.0
36.0
8.0
43.0
9.0
10.0
1.0
12.0
27.0
19.0
20.0
32.0
44.0
13.0
17.0
57.0
4.0
6.0
13.0
8.0
9.0
6.0
19.0
13.0
20.0
56.0
37.0
4.0
11.0
43.0
19.0
25.0
14.0
15.0
6.0
49.0
9.0
17.0
9.0
19.0
33.0
19.0
3.0
17.0
48.0
1.0
14.0
13.0
33.0
43.0
9.0
32.0
5.0
70.0
10.0
26.0
9.0
8.0
98.0
9.0
0.0
64.0
2.0
27.0
14.0
190.0
14.0
28.0
4.0
33.0
3.0
13.0
5.0
42.0
23.0
20.0
4.0
17.0
20.0
21.0
59.0
64.0
11.0
12.0
18.0
11.0
33.0
39.0
36.0
40.0
13.0
79.0
16.0
25.0
3.0
39.0
26.0
24.0
45.0
19.0
11.0
2.0
47.0
75.0
7.0
26.0
15.0
33.0
14.0
49.0
10.0
44.0
16.0
15.0
88.0
15.0
12.0
16.0
13.0
38.0
7.0
17.0
7.0
6.0
2.0
55.0
46.0
34.0
2.0
75.0
20.0
9.0
30.0
2.0
21.0
25.0
14.0
19.0
5.0
40.0
29.0
37.0
20.0
21.0
21.0
5.0
50.0
3.0
10.0
54.0
41.0
0.0
25.0
5.0
109.0
23.0
10.0
118.0
27.0
22.0
23.0
15.0
34.0
13.0
19.0
17.0
6.0
118.0
14.0
73.0
1.0
8.0
22.0
35.0
74.0
22.0
22.0
16.0
16.0
11.0
4.0
24.0
41.0
35.0
13.0
17.0
19.0
41.0
3.0
15.0
28.0
1.0
26.0
29.0
18.0
39.0
16.0
13.0
9.0
8.0
6.0
61.0
12.0
2.0
31.0
21.0
9.0
47.0
52.0
5.0
12.0
6.0
25.0
32.0
103.0
31.0
26.0
31.0
6.0
44.0
14.0
36.0
8.0
23.0
244.0
4.0
32.0
28.0
32.0
8.0
37.0
16.0
18.0
8.0
14.0
6.0
13.0
9.0
46.0
8.0
19.0
20.0
57.0
47.0
13.0
51.0
68.0
12.0
23.0
62.0
25.0
13.0
13.0
41.0
8.0
20.0
21.0
15.0
8.0
27.0
73.0
49.0
5.0
35.0
21.0
20.0
5.0
23.0
70.0
17.0
6.0
11.0
37.0
31.0
8.0
23.0
27.0
37.0
21.0
22.0
10.0
15.0
7.0
17.0
26.0
25.0
18.0
53.0
20.0
35.0
13.0
16.0
4.0
28.0
10.0
12.0
111.0
11.0
24.0
22.0
22.0
16.0
8.0
14.0
26.0
10.0
28.0
9.0
1.0
7.0
83.0
8.0
28.0
23.0
9.0
34.0
2.0
27.0
9.0
19.0
48.0
23.0
120.0
44.0
15.0
112.0
10.0
7.0
31.0
30.0
28.0
32.0
7.0
5.0
19.0
20.0
16.0
7.0
8.0
42.0
21.0
8.0
31.0
69.0
20.0
27.0
14.0
15.0
30.0
34.0
15.0
11.0
7.0
80.0
18.0
37.0
23.0
49.0
25.0
21.0
18.0
31.0
8.0
57.0
8.0
27.0
16.0
27.0
15.0
13.0
8.0
10.0
26.0
13.0
8.0
42.0
71.0
44.0
23.0
19.0
25.0
2.0
37.0
21.0
10.0
5.0
19.0
17.0
47.0
19.0
11.0
7.0
54.0
11.0
6.0
24.0
10.0
19.0
2.0
18.0
15.0
40.0
14.0
37.0
3.0
12.0
12.0
4.0
30.0
27.0
23.0
11.0
16.0
20.0
101.0
24.0
5.0
10.0
18.0
24.0
7.0
13.0
22.0
35.0
7.0
12.0
23.0
22.0
29.0
16.0
23.0
7.0
25.0
31.0
12.0
171.0
11.0
12.0
36.0
25.0
5.0
15.0
11.0
29.0
23.0
5.0
79.0
32.0
13.0
59.0
61.0
23.0
94.0
18.0
27.0
32.0
11.0
40.0
42.0
28.0
80.0
6.0
11.0
9.0
18.0
23.0
27.0
35.0
5.0
53.0
49.0
19.0
18.0
121.0
9.0
15.0
7.0
14.0
4.0
20.0
120.0
8.0
6.0
0.0
12.0
41.0
2.0
17.0
8.0
91.0
28.0
11.0
1.0
55.0
85.0
21.0
11.0
49.0
31.0
38.0
25.0
16.0
33.0
10.0
15.0
27.0
13.0
10.0
13.0
20.0
43.0
28.0
3.0
8.0
51.0
1.0
31.0
22.0
43.0
17.0
37.0
14.0
8.0
23.0
13.0
7.0
3.0
4.0
2.0
5.0
25.0
65.0
34.0
10.0
25.0
86.0
20.0
20.0
9.0
4.0
8.0
45.0
23.0
10.0
13.0
14.0
46.0
1.0
7.0
12.0
129.0
134.0
10.0
46.0
52.0
4.0
46.0
5.0
9.0
12.0
18.0
17.0
9.0
10.0
6.0
11.0
48.0
76.0
16.0
31.0
5.0
5.0
61.0
11.0
50.0
66.0
22.0
178.0
3.0
33.0
6.0
36.0
24.0
1.0
14.0
23.0
35.0
18.0
6.0
16.0
10.0
22.0
11.0
28.0
109.0
23.0
21.0
12.0
87.0
22.0
23.0
56.0
10.0
12.0
36.0
41.0
7.0
15.0
13.0
11.0
17.0
46.0
44.0
140.0
5.0
29.0
3.0
27.0
3.0
29.0
9.0
8.0
27.0
2.0
7.0
4.0
55.0
22.0
45.0
12.0
8.0
14.0
27.0
7.0
14.0
6.0
118.0
9.0
10.0
3.0
159.0
19.0
12.0
26.0
35.0
14.0
18.0
34.0
13.0
6.0
2.0
25.0
72.0
42.0
25.0
33.0
54.0
38.0
52.0
9.0
25.0
15.0
12.0
13.0
10.0
22.0
9.0
35.0
8.0
32.0
30.0
77.0
3.0
21.0
8.0
51.0
19.0
3.0
5.0
1.0
28.0
3.0
5.0
61.0
4.0
29.0
49.0
31.0
42.0
102.0
64.0
15.0
17.0
15.0
10.0
14.0
11.0
17.0
33.0
8.0
30.0
41.0
21.0
29.0
21.0
20.0
29.0
18.0
26.0
33.0
10.0
21.0
6.0
25.0
30.0
5.0
2.0
24.0
8.0
14.0
9.0
14.0
13.0
7.0
38.0
40.0
77.0
14.0
15.0
30.0
25.0
21.0
56.0
4.0
52.0
32.0
15.0
6.0
15.0
4.0
55.0
8.0
15.0
8.0
9.0
33.0
14.0
85.0
32.0
26.0
14.0
32.0
21.0
46.0
20.0
19.0
23.0
50.0
29.0
11.0
14.0
15.0
8.0
63.0
14.0
31.0
14.0
59.0
23.0
66.0
19.0
13.0
6.0
13.0
12.0
46.0
77.0
13.0
7.0
8.0
41.0
36.0
16.0
29.0
20.0
8.0
56.0
7.0
29.0
27.0
12.0
13.0
29.0
15.0
18.0
24.0
21.0
14.0
15.0
14.0
1.0
26.0
7.0
20.0
20.0
16.0
10.0
8.0
3.0
14.0
94.0
5.0
10.0
28.0
27.0
16.0
37.0
13.0
3.0
57.0
2.0
7.0
11.0
19.0
12.0
67.0
14.0
41.0
230.0
9.0
80.0
18.0
6.0
60.0
77.0
4.0
12.0
50.0
35.0
22.0
10.0
34.0
19.0
2.0
41.0
18.0
8.0
24.0
23.0
18.0
39.0
85.0
25.0
20.0
11.0
20.0
2.0
74.0
71.0
14.0
49.0
38.0
15.0
31.0
86.0
14.0
27.0
18.0
1.0
39.0
20.0
26.0
3.0
87.0
48.0
11.0
9.0
10.0
10.0
4.0
9.0
31.0
8.0
61.0
13.0
7.0
6.0
33.0
19.0
32.0
6.0
14.0
4.0
11.0
9.0
45.0
31.0
10.0
15.0
50.0
39.0
7.0
3.0
31.0
13.0
6.0
31.0
14.0
8.0
8.0
10.0
10.0
2.0
4.0
18.0
31.0
20.0
109.0
82.0
57.0
22.0
83.0
22.0
4.0
27.0
10.0
46.0
44.0
4.0
5.0
26.0
128.0
14.0
29.0
10.0
4.0
49.0
9.0
29.0
3.0
10.0
16.0
6.0
23.0
7.0
11.0
14.0
0.0
40.0
43.0
20.0
5.0
14.0
36.0
14.0
10.0
19.0
6.0
8.0
73.0
28.0
53.0
51.0
29.0
26.0
27.0
17.0
11.0
11.0
12.0
27.0
8.0
22.0
19.0
9.0
36.0
3.0
20.0
23.0
18.0
28.0
10.0
11.0
88.0
18.0
5.0
17.0
72.0
11.0
99.0
10.0
53.0
14.0
24.0
19.0
7.0
13.0
27.0
21.0
16.0
58.0
5.0
3.0
20.0
3.0
5.0
22.0
27.0
21.0
75.0
11.0
7.0
8.0
27.0
21.0
5.0
11.0
45.0
17.0
41.0
48.0
45.0
71.0
15.0
24.0
16.0
31.0
12.0
14.0
20.0
14.0
11.0
16.0
2.0
38.0
26.0
26.0
2.0
25.0
17.0
26.0
16.0
16.0
22.0
47.0
5.0
3.0
98.0
18.0
41.0
10.0
23.0
7.0
13.0
59.0
4.0
280.0
21.0
13.0
30.0
27.0
49.0
64.0
9.0
33.0
14.0
9.0
9.0
15.0
10.0
9.0
52.0
12.0
21.0
6.0
34.0
10.0
7.0
24.0
9.0
14.0
27.0
62.0
14.0
31.0
30.0
7.0
63.0
27.0
12.0
6.0
29.0
19.0
35.0
8.0
22.0
27.0
14.0
4.0
17.0
8.0
29.0
36.0
34.0
42.0
94.0
9.0
11.0
7.0
52.0
10.0
25.0
7.0
11.0
33.0
29.0
49.0
10.0
24.0
5.0
22.0
106.0
8.0
7.0
4.0
9.0
78.0
17.0
31.0
29.0
107.0
14.0
16.0
32.0
17.0
33.0
8.0
51.0
9.0
28.0
21.0
21.0
55.0
13.0
8.0
67.0
40.0
15.0
25.0
25.0
40.0
22.0
51.0
12.0
24.0
10.0
7.0
109.0
37.0
8.0
13.0
21.0
13.0
21.0
13.0
56.0
11.0
19.0
2.0
7.0
18.0
18.0
36.0
51.0
11.0
16.0
85.0
19.0
17.0
8.0
31.0
13.0
28.0
16.0
16.0
20.0
24.0
12.0
4.0
9.0
49.0
11.0
22.0
7.0
25.0
65.0
9.0
63.0
50.0
12.0
8.0
2.0
19.0
15.0
14.0
99.0
20.0
13.0
97.0
77.0
2.0
81.0
60.0
12.0
22.0
6.0
37.0
21.0
32.0
5.0
34.0
11.0
8.0
64.0
5.0
25.0
38.0
36.0
55.0
69.0
5.0
49.0
12.0
18.0
6.0
9.0
24.0
32.0
21.0
39.0
24.0
21.0
37.0
32.0
15.0
12.0
14.0
31.0
42.0
19.0
22.0
16.0
33.0
10.0
21.0
17.0
16.0
15.0
32.0
20.0
30.0
34.0
23.0
66.0
25.0
15.0
70.0
9.0
26.0
46.0
35.0
22.0
47.0
77.0
18.0
21.0
9.0
18.0
45.0
14.0
51.0
11.0
32.0
4.0
18.0
13.0
16.0
38.0
67.0
19.0
52.0
43.0
8.0
11.0
22.0
35.0
34.0
45.0
28.0
55.0
78.0
13.0
8.0
50.0
55.0
27.0
22.0
15.0
11.0
53.0
36.0
31.0
38.0
15.0
12.0
16.0
83.0
40.0
10.0
5.0
21.0
19.0
24.0
5.0
20.0
26.0
8.0
3.0
61.0
42.0
6.0
23.0
64.0
37.0
23.0
6.0
16.0
14.0
13.0
8.0
12.0
11.0
10.0
41.0
13.0
19.0
31.0
21.0
14.0
9.0
29.0
17.0
51.0
6.0
22.0
20.0
25.0
10.0
43.0
23.0
128.0
45.0
19.0
80.0
9.0
19.0
25.0
38.0
14.0
6.0
14.0
44.0
19.0
48.0
5.0
14.0
3.0
14.0
35.0
29.0
7.0
6.0
26.0
42.0
7.0
11.0
17.0
16.0
24.0
36.0
52.0
4.0
51.0
15.0
43.0
3.0
18.0
19.0
37.0
29.0
19.0
12.0
70.0
13.0
23.0
62.0
27.0
53.0
16.0
14.0
3.0
15.0
51.0
19.0
69.0
28.0
70.0
8.0
7.0
32.0
10.0
39.0
7.0
19.0
10.0
10.0
298.0
5.0
53.0
4.0
10.0
5.0
46.0
29.0
23.0
9.0
37.0
9.0
54.0
39.0
17.0
20.0
25.0
24.0
4.0
89.0
8.0
22.0
12.0
104.0
23.0
21.0
19.0
21.0
10.0
32.0
20.0
9.0
29.0
80.0
40.0
24.0
23.0
14.0
32.0
0.0
38.0
58.0
43.0
22.0
13.0
70.0
41.0
19.0
7.0
35.0
5.0
10.0
16.0
46.0
26.0
25.0
19.0
59.0
28.0
34.0
14.0
3.0
17.0
16.0
23.0
2.0
18.0
35.0
38.0
45.0
6.0
12.0
11.0
42.0
38.0
11.0
71.0
22.0
10.0
9.0
10.0
36.0
3.0
45.0
73.0
7.0
12.0
6.0
27.0
74.0
37.0
29.0
55.0
24.0
39.0
13.0
19.0
20.0
11.0
14.0
17.0
72.0
55.0
33.0
18.0
14.0
18.0
26.0
32.0
16.0
12.0
54.0
15.0
60.0
3.0
56.0
40.0
27.0
38.0
56.0
13.0
28.0
0.0
36.0
6.0
25.0
87.0
8.0
23.0
35.0
32.0
23.0
54.0
37.0
36.0
28.0
21.0
9.0
8.0
19.0
69.0
40.0
5.0
17.0
15.0
13.0
14.0
14.0
24.0
9.0
55.0
16.0
39.0
10.0
14.0
13.0
29.0
4.0
2.0
15.0
11.0
23.0
18.0
36.0
24.0
70.0
43.0
27.0
28.0
14.0
21.0
30.0
23.0
15.0
31.0
41.0
9.0
13.0
29.0
39.0
24.0
4.0
37.0
16.0
91.0
32.0
29.0
8.0
80.0
51.0
13.0
11.0
34.0
45.0
41.0
32.0
40.0
18.0
23.0
10.0
35.0
6.0
11.0
26.0
68.0
23.0
40.0
27.0
16.0
49.0
24.0
3.0
10.0
11.0
19.0
37.0
108.0
19.0
53.0
44.0
6.0
7.0
9.0
13.0
25.0
23.0
35.0
3.0
26.0
21.0
31.0
9.0
113.0
14.0
1.0
16.0
33.0
35.0
29.0
25.0
6.0
8.0
32.0
9.0
24.0
5.0
44.0
26.0
8.0
31.0
13.0
9.0
97.0
21.0
14.0
10.0
10.0
23.0
45.0
18.0
62.0
32.0
13.0
25.0
36.0
5.0
11.0
23.0
24.0
49.0
8.0
33.0
40.0
10.0
34.0
22.0
57.0
25.0
17.0
16.0
43.0
22.0
24.0
3.0
70.0
28.0
41.0
19.0
41.0
34.0
21.0
13.0
28.0
45.0
15.0
93.0
1.0
21.0
24.0
28.0
42.0
33.0
5.0
34.0
39.0
5.0
30.0
12.0
44.0
34.0
6.0
8.0
19.0
16.0
19.0
8.0
18.0
15.0
19.0
26.0
7.0
19.0
14.0
7.0
57.0
5.0
20.0
17.0
7.0
19.0
16.0
43.0
15.0
18.0
10.0
32.0
136.0
3.0
6.0
48.0
13.0
25.0
10.0
53.0
60.0
28.0
20.0
66.0
17.0
76.0
26.0
11.0
6.0
27.0
9.0
10.0
8.0
23.0
3.0
18.0
7.0
16.0
26.0
10.0
8.0
37.0
24.0
35.0
10.0
15.0
13.0
8.0
11.0
50.0
34.0
23.0
41.0
25.0
55.0
10.0
16.0
14.0
23.0
32.0
17.0
49.0
10.0
21.0
20.0
10.0
37.0
12.0
20.0
39.0
3.0
7.0
29.0
145.0
44.0
7.0
14.0
21.0
6.0
12.0
34.0
17.0
49.0
34.0
9.0
26.0
16.0
42.0
60.0
37.0
4.0
77.0
37.0
5.0
19.0
39.0
24.0
2.0
13.0
52.0
16.0
10.0
21.0
71.0
46.0
10.0
6.0
14.0
10.0
6.0
43.0
6.0
20.0
32.0
15.0
37.0
65.0
29.0
19.0
12.0
17.0
17.0
59.0
22.0
12.0
5.0
10.0
4.0
7.0
59.0
5.0
12.0
10.0
32.0
13.0
13.0
22.0
9.0
16.0
17.0
72.0
18.0
51.0
51.0
15.0
34.0
24.0
21.0
3.0
17.0
16.0
12.0
25.0
25.0
15.0
33.0
15.0
22.0
30.0
13.0
33.0
12.0
12.0
7.0
46.0
16.0
18.0
44.0
31.0
15.0
31.0
38.0
10.0
3.0
23.0
21.0
21.0
11.0
27.0
14.0
40.0
20.0
25.0
10.0
23.0
13.0
13.0
15.0
16.0
12.0
17.0
24.0
53.0
10.0
10.0
50.0
28.0
10.0
13.0
29.0
39.0
32.0
28.0
8.0
10.0
13.0
41.0
17.0
3.0
7.0
23.0
20.0
9.0
33.0
15.0
24.0
23.0
18.0
21.0
34.0
30.0
14.0
19.0
25.0
12.0
28.0
6.0
32.0
84.0
5.0
7.0
7.0
37.0
29.0
33.0
53.0
17.0
10.0
18.0
35.0
8.0
10.0
44.0
55.0
59.0
83.0
4.0
42.0
6.0
17.0
62.0
14.0
9.0
21.0
92.0
19.0
13.0
26.0
22.0
50.0
10.0
26.0
16.0
86.0
19.0
14.0
19.0
63.0
20.0
24.0
59.0
27.0
17.0
10.0
18.0
18.0
34.0
18.0
33.0
10.0
10.0
40.0
41.0
30.0
23.0
11.0
17.0
13.0
3.0
49.0
7.0
18.0
27.0
35.0
121.0
5.0
28.0
11.0
33.0
90.0
26.0
23.0
8.0
17.0
12.0
61.0
36.0
5.0
14.0
24.0
29.0
8.0
15.0
40.0
16.0
40.0
27.0
11.0
38.0
11.0
10.0
12.0
61.0
24.0
19.0
13.0
45.0
40.0
64.0
11.0
7.0
89.0
16.0
39.0
7.0
26.0
32.0
22.0
16.0
21.0
2.0
34.0
8.0
25.0
40.0
67.0
21.0
29.0
21.0
8.0
12.0
17.0
44.0
42.0
43.0
16.0
26.0
15.0
10.0
76.0
68.0
93.0
35.0
9.0
10.0
4.0
53.0
29.0
12.0
14.0
54.0
16.0
22.0
19.0
7.0
8.0
28.0
54.0
31.0
60.0
14.0
7.0
25.0
17.0
7.0
49.0
16.0
9.0
84.0
17.0
83.0
32.0
70.0
18.0
14.0
38.0
40.0
35.0
17.0
43.0
27.0
21.0
40.0
21.0
7.0
25.0
23.0
28.0
17.0
51.0
12.0
13.0
14.0
13.0
19.0
10.0
28.0
18.0
12.0
19.0
43.0
14.0
55.0
42.0
30.0
15.0
9.0
14.0
6.0
10.0
29.0
9.0
36.0
31.0
10.0
35.0
11.0
42.0
35.0
12.0
19.0
8.0
32.0
53.0
26.0
9.0
9.0
35.0
20.0
48.0
48.0
18.0
27.0
47.0
75.0
11.0
29.0
5.0
13.0
2.0
21.0
31.0
33.0
74.0
45.0
5.0
50.0
17.0
10.0
16.0
57.0
10.0
10.0
19.0
55.0
5.0
18.0
21.0
18.0
44.0
18.0
46.0
29.0
34.0
10.0
25.0
16.0
31.0
34.0
160.0
15.0
12.0
5.0
9.0
22.0
39.0
56.0
20.0
20.0
5.0
26.0
17.0
6.0
35.0
37.0
14.0
37.0
7.0
28.0
15.0
32.0
4.0
22.0
27.0
40.0
25.0
27.0
17.0
21.0
4.0
18.0
45.0
9.0
15.0
19.0
32.0
41.0
40.0
9.0
18.0
19.0
42.0
31.0
7.0
27.0
88.0
37.0
60.0
44.0
11.0
23.0
29.0
46.0
56.0
20.0
37.0
12.0
45.0
13.0
21.0
26.0
6.0
14.0
11.0
16.0
16.0
42.0
65.0
4.0
21.0
10.0
56.0
15.0
22.0
74.0
25.0
31.0
22.0
40.0
8.0
62.0
75.0
5.0
39.0
12.0
6.0
19.0
11.0
19.0
4.0
17.0
24.0
23.0
28.0
13.0
17.0
8.0
9.0
8.0
40.0
30.0
35.0
86.0
19.0
9.0
9.0
63.0
26.0
14.0
41.0
15.0
28.0
59.0
5.0
72.0
18.0
64.0
18.0
34.0
22.0
29.0
13.0
25.0
20.0
22.0
10.0
22.0
40.0
38.0
13.0
6.0
26.0
24.0
36.0
4.0
32.0
26.0
54.0
34.0
21.0
17.0
49.0
62.0
30.0
22.0
14.0
31.0
30.0
30.0
16.0
41.0
10.0
34.0
27.0
72.0
24.0
15.0
37.0
20.0
28.0
14.0
34.0
37.0
17.0
57.0
26.0
10.0
39.0
12.0
5.0
11.0
34.0
74.0
72.0
17.0
20.0
24.0
16.0
60.0
8.0
105.0
25.0
3.0
53.0
40.0
21.0
11.0
21.0
21.0
31.0
27.0
36.0
89.0
18.0
10.0
60.0
29.0
40.0
12.0
25.0
12.0
31.0
129.0
33.0
20.0
21.0
4.0
11.0
36.0
50.0
52.0
17.0
14.0
29.0
34.0
23.0
54.0
8.0
16.0
48.0
19.0
44.0
49.0
40.0
16.0
16.0
26.0
13.0
12.0
28.0
43.0
15.0
12.0
27.0
13.0
64.0
34.0
22.0
63.0
23.0
16.0
19.0
94.0
21.0
14.0
38.0
28.0
30.0
24.0
17.0
14.0
15.0
17.0
42.0
29.0
16.0
17.0
10.0
45.0
43.0
118.0
16.0
13.0
22.0
21.0
62.0
21.0
2.0
58.0
19.0
62.0
12.0
5.0
8.0
23.0
54.0
18.0
32.0
15.0
42.0
21.0
31.0
12.0
7.0
53.0
21.0
0.0
77.0
42.0
29.0
30.0
82.0
24.0
45.0
28.0
14.0
89.0
24.0
13.0
63.0
60.0
18.0
35.0
18.0
12.0
25.0
26.0
21.0
50.0
12.0
31.0
11.0
15.0
85.0
17.0
42.0
24.0
20.0
22.0
18.0
23.0
23.0
21.0
67.0
25.0
39.0
9.0
41.0
14.0
9.0
14.0
9.0
27.0
38.0
11.0
9.0
10.0
41.0
7.0
35.0
123.0
39.0
2.0
28.0
2.0
17.0
21.0
35.0
9.0
31.0
29.0
37.0
25.0
7.0
21.0
5.0
18.0
37.0
28.0
50.0
44.0
29.0
3.0
7.0
140.0
18.0
5.0
58.0
36.0
37.0
27.0
16.0
41.0
37.0
29.0
28.0
15.0
3.0
9.0
27.0
7.0
20.0
43.0
29.0
4.0
33.0
25.0
17.0
42.0
42.0
38.0
23.0
27.0
12.0
53.0
50.0
21.0
13.0
23.0
22.0
18.0
19.0
7.0
20.0
15.0
66.0
27.0
11.0
29.0
8.0
44.0
15.0
5.0
36.0
6.0
57.0
3.0
49.0
40.0
19.0
33.0
22.0
49.0
17.0
9.0
8.0
31.0
27.0
28.0
22.0
37.0
4.0
23.0
13.0
39.0
8.0
32.0
15.0
62.0
26.0
40.0
14.0
8.0
18.0
49.0
26.0
12.0
22.0
9.0
39.0
15.0
29.0
42.0
32.0
24.0
33.0
11.0
18.0
14.0
23.0
49.0
13.0
41.0
32.0
43.0
20.0
24.0
29.0
32.0
21.0
8.0
42.0
22.0
36.0
7.0
9.0
6.0
8.0
60.0
30.0
22.0
21.0
16.0
20.0
20.0
23.0
35.0
35.0
40.0
25.0
27.0
35.0
39.0
10.0
6.0
67.0
24.0
9.0
69.0
18.0
12.0
24.0
39.0
9.0
25.0
36.0
13.0
23.0
23.0
17.0
54.0
20.0
23.0
12.0
26.0
52.0
23.0
15.0
19.0
52.0
11.0
66.0
48.0
13.0
24.0
22.0
19.0
52.0
9.0
24.0
91.0
38.0
2.0
51.0
19.0
31.0
6.0
12.0
14.0
10.0
7.0
29.0
19.0
18.0
23.0
6.0
21.0
9.0
1.0
10.0
67.0
23.0
30.0
35.0
10.0
10.0
46.0
18.0
14.0
11.0
33.0
17.0
29.0
41.0
46.0
26.0
23.0
41.0
30.0
14.0
18.0
37.0
4.0
43.0
12.0
65.0
43.0
40.0
34.0
25.0
24.0
21.0
30.0
41.0
20.0
45.0
36.0
7.0
25.0
34.0
18.0
22.0
24.0
23.0
29.0
8.0
14.0
55.0
36.0
6.0
43.0
27.0
30.0
9.0
8.0
11.0
28.0
25.0
24.0
16.0
22.0
31.0
15.0
11.0
19.0
12.0
32.0
15.0
6.0
33.0
37.0
25.0
9.0
46.0
18.0
72.0
24.0
58.0
21.0
27.0
28.0
13.0
1.0
24.0
41.0
40.0
23.0
11.0
45.0
16.0
34.0
26.0
35.0
64.0
10.0
69.0
21.0
3.0
25.0
19.0
32.0
8.0
18.0
31.0
82.0
12.0
16.0
22.0
13.0
13.0
8.0
27.0
21.0
11.0
31.0
30.0
38.0
28.0
11.0
85.0
13.0
26.0
22.0
38.0
2.0
13.0
8.0
42.0
19.0
22.0
16.0
13.0
18.0
14.0
33.0
22.0
11.0
22.0
48.0
17.0
41.0
14.0
6.0
18.0
21.0
21.0
11.0
15.0
18.0
8.0
19.0
11.0
36.0
37.0
47.0
20.0
18.0
9.0
24.0
19.0
21.0
21.0
48.0
7.0
54.0
25.0
30.0
18.0
13.0
17.0
20.0
18.0
59.0
32.0
18.0
11.0
10.0
5.0
7.0
17.0
28.0
71.0
5.0
11.0
11.0
19.0
48.0
108.0
23.0
12.0
35.0
44.0
20.0
12.0
23.0
28.0
16.0
28.0
18.0
61.0
32.0
80.0
23.0
8.0
42.0
15.0
9.0
16.0
133.0
28.0
26.0
18.0
14.0
22.0
20.0
20.0
12.0
14.0
19.0
13.0
22.0
26.0
33.0
12.0
31.0
72.0
81.0
15.0
18.0
8.0
22.0
37.0
40.0
15.0
11.0
73.0
25.0
10.0
51.0
14.0
35.0
12.0
25.0
39.0
12.0
10.0
15.0
15.0
9.0
32.0
20.0
67.0
26.0
33.0
19.0
11.0
23.0
4.0
18.0
23.0
17.0
5.0
15.0
40.0
43.0
5.0
27.0
52.0
42.0
13.0
25.0
12.0
17.0
28.0
22.0
13.0
37.0
21.0
30.0
20.0
11.0
47.0
13.0
19.0
16.0
48.0
42.0
34.0
7.0
14.0
27.0
4.0
10.0
18.0
31.0
8.0
35.0
16.0
29.0
3.0
51.0
10.0
89.0
52.0
10.0
16.0
32.0
21.0
18.0
21.0
43.0
62.0
51.0
13.0
22.0
48.0
25.0
22.0
15.0
24.0
30.0
24.0
58.0
44.0
18.0
6.0
6.0
46.0
19.0
17.0
9.0
25.0
37.0
9.0
13.0
61.0
44.0
119.0
13.0
14.0
33.0
11.0
27.0
17.0
45.0
12.0
13.0
19.0
38.0
44.0
39.0
10.0
22.0
20.0
71.0
20.0
28.0
22.0
5.0
38.0
35.0
25.0
18.0
22.0
98.0
7.0
26.0
23.0
40.0
24.0
31.0
12.0
4.0
23.0
43.0
25.0
15.0
13.0
29.0
18.0
11.0
38.0
30.0
9.0
23.0
15.0
13.0
13.0
26.0
12.0
4.0
26.0
63.0
18.0
57.0
10.0
38.0
43.0
20.0
7.0
7.0
24.0
47.0
20.0
69.0
31.0
32.0
38.0
14.0
19.0
23.0
41.0
11.0
9.0
90.0
17.0
11.0
10.0
13.0
74.0
20.0
17.0
40.0
25.0
78.0
36.0
18.0
34.0
7.0
17.0
11.0
21.0
14.0
70.0
2.0
11.0
33.0
29.0
42.0
15.0
16.0
12.0
96.0
23.0
9.0
33.0
19.0
27.0
66.0
27.0
19.0
17.0
12.0
33.0
49.0
32.0
6.0
53.0
11.0
37.0
13.0
52.0
22.0
34.0
11.0
14.0
18.0
15.0
22.0
12.0
30.0
31.0
11.0
22.0
27.0
20.0
10.0
8.0
41.0
39.0
33.0
6.0
56.0
30.0
89.0
26.0
30.0
11.0
33.0
11.0
28.0
42.0
26.0
41.0
39.0
26.0
30.0
53.0
43.0
42.0
19.0
15.0
20.0
13.0
37.0
18.0
42.0
42.0
22.0
30.0
19.0
40.0
39.0
32.0
13.0
8.0
60.0
34.0
7.0
39.0
10.0
74.0
27.0
69.0
21.0
44.0
21.0
13.0
27.0
44.0
19.0
44.0
13.0
53.0
31.0
17.0
34.0
33.0
16.0
28.0
34.0
32.0
28.0
45.0
28.0
38.0
17.0
12.0
49.0
48.0
16.0
76.0
57.0
8.0
15.0
11.0
22.0
17.0
106.0
50.0
20.0
24.0
8.0
29.0
24.0
17.0
21.0
14.0
15.0
15.0
36.0
14.0
19.0
13.0
33.0
40.0
59.0
29.0
21.0
19.0
20.0
60.0
42.0
17.0
24.0
21.0
8.0
73.0
10.0
56.0
47.0
28.0
43.0
50.0
25.0
29.0
34.0
31.0
28.0
16.0
27.0
116.0
16.0
14.0
37.0
73.0
6.0
18.0
38.0
37.0
56.0
7.0
40.0
18.0
16.0
25.0
26.0
15.0
21.0
24.0
50.0
37.0
20.0
36.0
16.0
56.0
27.0
24.0
82.0
35.0
29.0
39.0
49.0
9.0
12.0
34.0
50.0
22.0
15.0
38.0
17.0
42.0
16.0
26.0
28.0
45.0
8.0
31.0
18.0
23.0
22.0
45.0
51.0
18.0
22.0
19.0
13.0
54.0
52.0
9.0
28.0
32.0
1.0
27.0
26.0
47.0
8.0
11.0
19.0
20.0
33.0
55.0
31.0
78.0
10.0
37.0
18.0
15.0
27.0
66.0
53.0
88.0
8.0
15.0
6.0
41.0
42.0
32.0
26.0
19.0
92.0
13.0
31.0
20.0
14.0
15.0
23.0
40.0
5.0
12.0
98.0
40.0
36.0
11.0
11.0
30.0
25.0
28.0
35.0
25.0
26.0
21.0
13.0
40.0
13.0
34.0
76.0
14.0
24.0
25.0
8.0
58.0
6.0
12.0
41.0
50.0
54.0
13.0
20.0
43.0
42.0
34.0
36.0
54.0
110.0
30.0
64.0
53.0
45.0
38.0
28.0
29.0
3.0
24.0
69.0
38.0
36.0
26.0
32.0
21.0
13.0
23.0
26.0
43.0
70.0
9.0
21.0
30.0
47.0
24.0
17.0
36.0
48.0
15.0
29.0
22.0
25.0
15.0
11.0
9.0
35.0
72.0
14.0
45.0
11.0
30.0
34.0
37.0
60.0
26.0
54.0
6.0
29.0
20.0
77.0
12.0
10.0
12.0
44.0
33.0
12.0
18.0
8.0
18.0
20.0
14.0
8.0
34.0
15.0
36.0
10.0
27.0
14.0
22.0
58.0
30.0
21.0
16.0
73.0
42.0
50.0
12.0
29.0
20.0
23.0
20.0
19.0
27.0
35.0
25.0
5.0
11.0
33.0
41.0
25.0
18.0
9.0
31.0
20.0
12.0
21.0
51.0
47.0
3.0
53.0
31.0
74.0
30.0
55.0
25.0
15.0
30.0
29.0
13.0
45.0
16.0
7.0
34.0
10.0
26.0
47.0
30.0
24.0
50.0
23.0
26.0
17.0
27.0
36.0
13.0
22.0
16.0
28.0
17.0
8.0
28.0
40.0
15.0
10.0
17.0
13.0
25.0
22.0
41.0
24.0
16.0
29.0
31.0
26.0
25.0
16.0
7.0
11.0
22.0
32.0
12.0
36.0
29.0
59.0
11.0
61.0
9.0
2.0
41.0
31.0
56.0
23.0
13.0
28.0
9.0
31.0
25.0
12.0
26.0
41.0
29.0
18.0
6.0
50.0
15.0
43.0
48.0
31.0
5.0
56.0
31.0
7.0
39.0
13.0
9.0
67.0
24.0
11.0
23.0
12.0
40.0
17.0
21.0
36.0
29.0
60.0
39.0
13.0
81.0
29.0
84.0
12.0
36.0
55.0
24.0
71.0
15.0
29.0
7.0
16.0
30.0
20.0
29.0
52.0
33.0
9.0
18.0
13.0
13.0
30.0
49.0
59.0
35.0
88.0
30.0
59.0
9.0
25.0
39.0
54.0
45.0
35.0
15.0
11.0
28.0
8.0
38.0
12.0
4.0
17.0
26.0
23.0
12.0
64.0
16.0
20.0
9.0
33.0
7.0
42.0
17.0
25.0
48.0
22.0
26.0
15.0
52.0
21.0
13.0
32.0
17.0
25.0
54.0
11.0
19.0
21.0
23.0
13.0
47.0
39.0
32.0
46.0
25.0
30.0
49.0
20.0
32.0
21.0
16.0
47.0
33.0
7.0
23.0
27.0
4.0
39.0
10.0
7.0
23.0
14.0
19.0
22.0
6.0
34.0
23.0
50.0
28.0
33.0
36.0
13.0
6.0
49.0
18.0
11.0
31.0
11.0
32.0
9.0
27.0
14.0
36.0
18.0
10.0
23.0
49.0
50.0
13.0
17.0
13.0
15.0
14.0
49.0
45.0
33.0
34.0
5.0
26.0
29.0
28.0
43.0
3.0
22.0
10.0
8.0
71.0
28.0
11.0
40.0
40.0
8.0
37.0
30.0
31.0
22.0
16.0
40.0
19.0
29.0
15.0
38.0
6.0
23.0
32.0
19.0
33.0
49.0
11.0
23.0
16.0
34.0
84.0
11.0
12.0
37.0
39.0
13.0
63.0
38.0
38.0
20.0
38.0
19.0
31.0
14.0
26.0
27.0
15.0
9.0
16.0
53.0
12.0
65.0
5.0
28.0
35.0
13.0
14.0
27.0
10.0
13.0
22.0
28.0
34.0
21.0
32.0
23.0
13.0
20.0
32.0
24.0
38.0
29.0
5.0
23.0
17.0
9.0
26.0
17.0
14.0
16.0
12.0
25.0
19.0
40.0
29.0
5.0
18.0
6.0
14.0
50.0
10.0
29.0
26.0
26.0
57.0
26.0
56.0
38.0
21.0
34.0
31.0
15.0
34.0
39.0
20.0
14.0
52.0
37.0
26.0
27.0
26.0
22.0
14.0
9.0
13.0
34.0
143.0
26.0
25.0
15.0
21.0
52.0
14.0
18.0
5.0
39.0
34.0
16.0
30.0
18.0
25.0
15.0
16.0
7.0
41.0
26.0
60.0
9.0
60.0
18.0
14.0
47.0
28.0
13.0
26.0
29.0
48.0
14.0
15.0
10.0
26.0
18.0
16.0
22.0
42.0
17.0
21.0
13.0
33.0
26.0
22.0
32.0
66.0
32.0
22.0
13.0
41.0
33.0
9.0
71.0
35.0
20.0
11.0
47.0
17.0
7.0
21.0
14.0
9.0
30.0
54.0
19.0
12.0
4.0
31.0
15.0
38.0
14.0
38.0
34.0
8.0
10.0
26.0
22.0
31.0
26.0
35.0
19.0
35.0
9.0
21.0
32.0
58.0
28.0
22.0
59.0
21.0
12.0
48.0
34.0
41.0
14.0
32.0
21.0
13.0
17.0
10.0
23.0
13.0
33.0
43.0
65.0
20.0
12.0
20.0
12.0
14.0
28.0
25.0
84.0
12.0
80.0
25.0
12.0
10.0
18.0
14.0
30.0
13.0
37.0
22.0
31.0
82.0
40.0
7.0
31.0
14.0
45.0
19.0
32.0
83.0
40.0
24.0
38.0
18.0
40.0
55.0
25.0
44.0
22.0
32.0
17.0
58.0
35.0
20.0
17.0
69.0
20.0
9.0
49.0
14.0
48.0
111.0
14.0
16.0
24.0
14.0
20.0
29.0
48.0
35.0
7.0
104.0
26.0
27.0
8.0
34.0
15.0
29.0
23.0
39.0
17.0
20.0
84.0
18.0
12.0
29.0
30.0
19.0
45.0
18.0
38.0
37.0
24.0
7.0
44.0
17.0
19.0
20.0
40.0
20.0
36.0
18.0
15.0
39.0
18.0
47.0
16.0
12.0
20.0
9.0
4.0
33.0
35.0
20.0
73.0
16.0
14.0
11.0
73.0
42.0
43.0
10.0
9.0
17.0
24.0
23.0
34.0
17.0
73.0
39.0
61.0
11.0
12.0
99.0
46.0
30.0
19.0
28.0
23.0
20.0
40.0
3.0
13.0
36.0
34.0
25.0
39.0
73.0
42.0
15.0
85.0
29.0
30.0
20.0
33.0
10.0
26.0
10.0
5.0
14.0
16.0
21.0
21.0
56.0
25.0
20.0
8.0
24.0
14.0
13.0
37.0
16.0
62.0
53.0
20.0
47.0
21.0
40.0
31.0
25.0
7.0
21.0
26.0
8.0
35.0
15.0
17.0
16.0
11.0
6.0
31.0
34.0
7.0
45.0
58.0
29.0
9.0
20.0
14.0
36.0
37.0
22.0
25.0
33.0
36.0
19.0
72.0
59.0
24.0
28.0
78.0
9.0
31.0
46.0
29.0
45.0
46.0
42.0
9.0
36.0
25.0
28.0
16.0
25.0
27.0
28.0
21.0
22.0
29.0
45.0
81.0
24.0
40.0
19.0
52.0
78.0
13.0
16.0
26.0
37.0
57.0
34.0
18.0
40.0
11.0
68.0
39.0
17.0
20.0
26.0
25.0
9.0
74.0
70.0
75.0
21.0
46.0
24.0
25.0
16.0
7.0
16.0
17.0
30.0
36.0
36.0
28.0
32.0
35.0
20.0
36.0
14.0
19.0
65.0
16.0
24.0
27.0
31.0
25.0
29.0
38.0
44.0
15.0
7.0
21.0
43.0
34.0
36.0
30.0
16.0
35.0
9.0
26.0
29.0
41.0
29.0
22.0
11.0
44.0
62.0
24.0
9.0
32.0
73.0
17.0
32.0
68.0
29.0
52.0
38.0
26.0
15.0
20.0
53.0
44.0
27.0
29.0
32.0
5.0
28.0
50.0
38.0
26.0
16.0
18.0
43.0
20.0
9.0
68.0
19.0
66.0
45.0
22.0
23.0
15.0
35.0
19.0
27.0
45.0
19.0
15.0
8.0
26.0
64.0
60.0
51.0
40.0
29.0
26.0
9.0
46.0
25.0
15.0
16.0
68.0
5.0
32.0
79.0
25.0
14.0
7.0
30.0
45.0
21.0
19.0
9.0
21.0
3.0
33.0
43.0
38.0
13.0
21.0
35.0
25.0
18.0
83.0
14.0
16.0
26.0
16.0
12.0
24.0
68.0
41.0
28.0
108.0
14.0
20.0
10.0
41.0
22.0
28.0
34.0
6.0
11.0
35.0
30.0
18.0
19.0
57.0
31.0
42.0
103.0
28.0
14.0
29.0
44.0
23.0
9.0
8.0
20.0
23.0
16.0
11.0
23.0
29.0
11.0
52.0
43.0
33.0
18.0
8.0
30.0
49.0
44.0
15.0
21.0
40.0
23.0
46.0
27.0
24.0
30.0
34.0
52.0
8.0
30.0
39.0
48.0
27.0
21.0
26.0
52.0
43.0
31.0
18.0
32.0
47.0
21.0
41.0
17.0
16.0
21.0
32.0
33.0
14.0
47.0
46.0
28.0
22.0
46.0
53.0
36.0
11.0
25.0
24.0
23.0
27.0
38.0
19.0
55.0
29.0
24.0
32.0
17.0
32.0
8.0
9.0
14.0
21.0
12.0
43.0
2.0
69.0
25.0
36.0
63.0
10.0
10.0
54.0
14.0
19.0
68.0
27.0
66.0
16.0
30.0
19.0
12.0
15.0
63.0
12.0
5.0
24.0
24.0
19.0
29.0
38.0
17.0
35.0
13.0
9.0
40.0
42.0
17.0
23.0
7.0
12.0
11.0
46.0
45.0
32.0
36.0
27.0
31.0
18.0
38.0
38.0
34.0
16.0
85.0
28.0
22.0
14.0
34.0
85.0
25.0
29.0
35.0
31.0
46.0
28.0
13.0
3.0
22.0
2.0
64.0
75.0
22.0
16.0
11.0
34.0
20.0
51.0
16.0
6.0
25.0
21.0
71.0
16.0
11.0
74.0
4.0
23.0
22.0
10.0
18.0
29.0
20.0
27.0
41.0
21.0
14.0
35.0
9.0
67.0
30.0
41.0
18.0
27.0
8.0
30.0
3.0
32.0
19.0
44.0
35.0
26.0
15.0
33.0
15.0
20.0
20.0
33.0
13.0
95.0
41.0
42.0
13.0
73.0
19.0
13.0
22.0
18.0
25.0
21.0
46.0
7.0
109.0
30.0
7.0
20.0
20.0
32.0
15.0
13.0
68.0
35.0
24.0
35.0
9.0
13.0
9.0
21.0
24.0
16.0
39.0
104.0
41.0
36.0
14.0
62.0
6.0
46.0
64.0
15.0
39.0
16.0
32.0
75.0
27.0
24.0
44.0
36.0
71.0
18.0
22.0
25.0
22.0
35.0
18.0
106.0
181.0
50.0
35.0
16.0
26.0
16.0
47.0
50.0
37.0
27.0
52.0
30.0
25.0
16.0
32.0
26.0
56.0
88.0
19.0
24.0
15.0
23.0
14.0
126.0
18.0
93.0
39.0
37.0
27.0
16.0
22.0
15.0
21.0
25.0
10.0
12.0
28.0
13.0
15.0
29.0
21.0
9.0
19.0
28.0
51.0
19.0
54.0
22.0
23.0
10.0
39.0
49.0
9.0
24.0
18.0
12.0
17.0
56.0
48.0
28.0
34.0
46.0
43.0
24.0
34.0
25.0
35.0
29.0
35.0
41.0
26.0
15.0
28.0
11.0
45.0
42.0
9.0
22.0
22.0
51.0
56.0
12.0
4.0
59.0
28.0
21.0
4.0
20.0
16.0
37.0
28.0
32.0
13.0
40.0
4.0
8.0
9.0
44.0
33.0
0.0
36.0
26.0
11.0
105.0
14.0
27.0
5.0
12.0
9.0
32.0
9.0
31.0
30.0
21.0
81.0
59.0
32.0
52.0
17.0
27.0
32.0
25.0
6.0
45.0
13.0
35.0
16.0
17.0
19.0
94.0
15.0
20.0
39.0
43.0
49.0
36.0
18.0
11.0
37.0
40.0
21.0
21.0
19.0
58.0
30.0
17.0
45.0
19.0
17.0
13.0
25.0
22.0
14.0
14.0
28.0
17.0
9.0
8.0
25.0
27.0
49.0
15.0
39.0
23.0
35.0
25.0
19.0
33.0
11.0
18.0
7.0
23.0
29.0
22.0
9.0
8.0
35.0
47.0
13.0
53.0
26.0
75.0
18.0
17.0
6.0
51.0
19.0
17.0
15.0
20.0
23.0
22.0
13.0
7.0
14.0
21.0
60.0
28.0
23.0
40.0
21.0
12.0
18.0
39.0
52.0
46.0
3.0
16.0
11.0
16.0
24.0
17.0
62.0
22.0
17.0
24.0
25.0
15.0
54.0
15.0
10.0
9.0
23.0
6.0
13.0
46.0
144.0
12.0
11.0
18.0
46.0
47.0
26.0
3.0
8.0
41.0
56.0
58.0
52.0
15.0
17.0
26.0
28.0
22.0
61.0
29.0
62.0
23.0
29.0
12.0
13.0
15.0
15.0
7.0
30.0
22.0
16.0
40.0
4.0
22.0
39.0
35.0
22.0
38.0
31.0
14.0
68.0
38.0
7.0
8.0
36.0
5.0
14.0
40.0
24.0
13.0
40.0
11.0
39.0
31.0
17.0
35.0
42.0
52.0
37.0
12.0
20.0
12.0
30.0
13.0
23.0
23.0
29.0
18.0
111.0
24.0
42.0
26.0
32.0
69.0
7.0
62.0
5.0
18.0
23.0
36.0
20.0
13.0
22.0
22.0
52.0
42.0
36.0
14.0
20.0
15.0
12.0
26.0
46.0
15.0
22.0
16.0
21.0
37.0
40.0
68.0
56.0
36.0
27.0
29.0
23.0
36.0
25.0
47.0
25.0
113.0
22.0
47.0
51.0
16.0
19.0
10.0
20.0
15.0
25.0
8.0
58.0
12.0
9.0
17.0
29.0
18.0
24.0
7.0
22.0
19.0
38.0
16.0
8.0
46.0
51.0
40.0
19.0
68.0
27.0
20.0
54.0
23.0
12.0
43.0
20.0
8.0
7.0
65.0
13.0
89.0
14.0
11.0
34.0
25.0
20.0
138.0
9.0
50.0
14.0
12.0
26.0
39.0
35.0
8.0
36.0
57.0
42.0
18.0
182.0
13.0
55.0
6.0
32.0
48.0
48.0
10.0
23.0
17.0
31.0
5.0
17.0
26.0
35.0
29.0
29.0
34.0
25.0
21.0
70.0
29.0
7.0
15.0
20.0
22.0
28.0
16.0
40.0
27.0
23.0
74.0
43.0
32.0
18.0
32.0
10.0
43.0
27.0
52.0
24.0
12.0
79.0
7.0
13.0
29.0
21.0
25.0
59.0
12.0
67.0
43.0
42.0
17.0
18.0
12.0
25.0
32.0
30.0
12.0
44.0
6.0
23.0
15.0
7.0
23.0
28.0
30.0
17.0
34.0
25.0
78.0
23.0
31.0
19.0
19.0
11.0
114.0
5.0
153.0
34.0
23.0
26.0
29.0
7.0
45.0
22.0
76.0
27.0
31.0
29.0
14.0
13.0
33.0
31.0
34.0
27.0
28.0
45.0
23.0
19.0
26.0
4.0
7.0
33.0
18.0
13.0
12.0
13.0
26.0
20.0
16.0
45.0
70.0
25.0
30.0
21.0
55.0
26.0
45.0
39.0
24.0
24.0
33.0
64.0
30.0
25.0
27.0
27.0
13.0
4.0
11.0
17.0
33.0
30.0
17.0
14.0
38.0
12.0
58.0
45.0
51.0
30.0
43.0
26.0
9.0
12.0
31.0
42.0
25.0
10.0
13.0
9.0
80.0
36.0
98.0
63.0
47.0
18.0
9.0
76.0
57.0
25.0
75.0
37.0
25.0
52.0
59.0
42.0
9.0
19.0
43.0
45.0
52.0
27.0
6.0
14.0
18.0
22.0
17.0
25.0
59.0
16.0
20.0
14.0
45.0
21.0
16.0
59.0
8.0
8.0
61.0
37.0
27.0
5.0
12.0
61.0
35.0
15.0
31.0
22.0
17.0
61.0
34.0
13.0
31.0
27.0
7.0
28.0
43.0
33.0
40.0
12.0
9.0
26.0
22.0
37.0
49.0
24.0
12.0
6.0
48.0
38.0
15.0
9.0
65.0
32.0
13.0
87.0
23.0
29.0
39.0
19.0
29.0
49.0
11.0
33.0
43.0
42.0
25.0
32.0
21.0
28.0
48.0
42.0
6.0
70.0
17.0
9.0
24.0
29.0
28.0
42.0
11.0
50.0
21.0
14.0
30.0
64.0
36.0
42.0
16.0
25.0
25.0
28.0
84.0
9.0
53.0
23.0
11.0
45.0
18.0
58.0
54.0
21.0
15.0
140.0
9.0
32.0
14.0
14.0
35.0
50.0
22.0
21.0
20.0
19.0
20.0
4.0
8.0
18.0
19.0
36.0
12.0
7.0
30.0
29.0
27.0
26.0
8.0
7.0
102.0
30.0
76.0
25.0
19.0
20.0
37.0
27.0
19.0
33.0
17.0
20.0
9.0
8.0
36.0
24.0
30.0
30.0
22.0
41.0
23.0
10.0
21.0
79.0
56.0
59.0
41.0
17.0
60.0
17.0
30.0
29.0
38.0
42.0
10.0
6.0
35.0
44.0
21.0
12.0
10.0
13.0
41.0
42.0
32.0
46.0
16.0
5.0
54.0
15.0
13.0
23.0
65.0
16.0
23.0
39.0
15.0
21.0
15.0
58.0
23.0
11.0
34.0
7.0
14.0
98.0
37.0
10.0
25.0
46.0
16.0
28.0
12.0
8.0
20.0
46.0
70.0
27.0
15.0
81.0
68.0
53.0
7.0
16.0
81.0
21.0
25.0
19.0
37.0
6.0
32.0
33.0
28.0
15.0
44.0
5.0
29.0
13.0
10.0
11.0
30.0
24.0
20.0
17.0
25.0
39.0
37.0
17.0
15.0
24.0
29.0
11.0
12.0
46.0
30.0
9.0
24.0
12.0
28.0
12.0
49.0
5.0
22.0
14.0
28.0
14.0
38.0
68.0
23.0
9.0
13.0
2.0
52.0
35.0
34.0
10.0
66.0
8.0
13.0
35.0
44.0
59.0
31.0
29.0
35.0
53.0
9.0
30.0
15.0
35.0
51.0
14.0
39.0
20.0
45.0
4.0
24.0
25.0
24.0
35.0
9.0
31.0
13.0
19.0
56.0
40.0
104.0
7.0
16.0
15.0
28.0
28.0
46.0
17.0
43.0
8.0
52.0
62.0
47.0
16.0
25.0
74.0
34.0
88.0
14.0
19.0
4.0
48.0
60.0
10.0
12.0
49.0
23.0
67.0
45.0
41.0
35.0
28.0
22.0
16.0
31.0
23.0
18.0
12.0
17.0
62.0
46.0
14.0
26.0
32.0
97.0
31.0
40.0
55.0
37.0
42.0
23.0
12.0
33.0
14.0
55.0
13.0
29.0
39.0
13.0
27.0
14.0
15.0
9.0
19.0
6.0
79.0
46.0
24.0
39.0
26.0
55.0
39.0
36.0
33.0
15.0
42.0
24.0
11.0
21.0
13.0
76.0
26.0
16.0
60.0
11.0
20.0
51.0
31.0
128.0
34.0
32.0
28.0
14.0
18.0
8.0
34.0
12.0
8.0
5.0
34.0
38.0
19.0
79.0
56.0
8.0
18.0
38.0
14.0
27.0
258.0
37.0
15.0
15.0
56.0
13.0
32.0
21.0
2.0
99.0
33.0
190.0
30.0
8.0
21.0
41.0
25.0
18.0
34.0
66.0
27.0
19.0
21.0
41.0
30.0
29.0
9.0
10.0
22.0
27.0
12.0
28.0
27.0
59.0
7.0
167.0
20.0
96.0
19.0
19.0
11.0
14.0
26.0
14.0
20.0
5.0
25.0
24.0
23.0
20.0
18.0
32.0
8.0
24.0
21.0
25.0
18.0
25.0
17.0
28.0
77.0
44.0
13.0
22.0
32.0
25.0
33.0
88.0
47.0
0.0
32.0
19.0
76.0
66.0
35.0
18.0
30.0
21.0
31.0
39.0
13.0
43.0
9.0
40.0
26.0
20.0
8.0
18.0
38.0
17.0
27.0
4.0
12.0
14.0
28.0
69.0
25.0
10.0
9.0
37.0
25.0
4.0
23.0
18.0
40.0
10.0
2.0
41.0
15.0
18.0
37.0
12.0
7.0
10.0
20.0
34.0
21.0
58.0
19.0
38.0
23.0
50.0
8.0
28.0
17.0
8.0
28.0
76.0
49.0
19.0
48.0
26.0
33.0
78.0
28.0
28.0
6.0
60.0
44.0
64.0
27.0
20.0
23.0
21.0
8.0
23.0
78.0
36.0
21.0
8.0
48.0
26.0
13.0
20.0
47.0
38.0
42.0
57.0
4.0
22.0
0.0
66.0
33.0
84.0
20.0
14.0
30.0
24.0
13.0
43.0
43.0
20.0
22.0
18.0
13.0
14.0
31.0
16.0
30.0
59.0
22.0
19.0
21.0
57.0
4.0
22.0
23.0
26.0
23.0
39.0
19.0
30.0
13.0
40.0
32.0
14.0
9.0
39.0
10.0
26.0
22.0
29.0
27.0
13.0
62.0
15.0
96.0
5.0
32.0
24.0
21.0
50.0
6.0
39.0
7.0
13.0
48.0
6.0
13.0
39.0
17.0
25.0
25.0
62.0
5.0
22.0
106.0
14.0
10.0
23.0
79.0
11.0
19.0
8.0
14.0
48.0
16.0
37.0
12.0
24.0
17.0
16.0
65.0
21.0
7.0
4.0
24.0
16.0
63.0
17.0
41.0
30.0
10.0
12.0
26.0
40.0
11.0
13.0
49.0
23.0
56.0
23.0
7.0
51.0
37.0
11.0
29.0
9.0
23.0
33.0
11.0
101.0
32.0
22.0
63.0
7.0
8.0
26.0
58.0
8.0
10.0
16.0
21.0
65.0
38.0
66.0
28.0
59.0
6.0
27.0
4.0
59.0
28.0
41.0
58.0
31.0
40.0
24.0
7.0
31.0
15.0
35.0
78.0
19.0
26.0
8.0
45.0
9.0
47.0
21.0
12.0
17.0
48.0
9.0
23.0
8.0
21.0
18.0
28.0
46.0
3.0
46.0
11.0
13.0
47.0
12.0
14.0
42.0
25.0
50.0
37.0
28.0
36.0
25.0
36.0
32.0
22.0
28.0
9.0
33.0
26.0
16.0
48.0
27.0
4.0
19.0
14.0
37.0
16.0
52.0
90.0
9.0
25.0
25.0
25.0
25.0
24.0
37.0
5.0
9.0
46.0
68.0
11.0
72.0
32.0
12.0
27.0
38.0
3.0
21.0
7.0
20.0
38.0
20.0
43.0
15.0
60.0
9.0
17.0
25.0
23.0
2.0
85.0
55.0
18.0
2.0
9.0
26.0
40.0
21.0
12.0
46.0
46.0
34.0
26.0
47.0
58.0
54.0
21.0
12.0
13.0
29.0
29.0
13.0
16.0
25.0
17.0
17.0
17.0
16.0
67.0
18.0
22.0
14.0
41.0
25.0
27.0
16.0
29.0
66.0
44.0
12.0
6.0
62.0
33.0
18.0
48.0
56.0
7.0
49.0
23.0
20.0
27.0
3.0
30.0
24.0
22.0
12.0
7.0
18.0
25.0
7.0
4.0
16.0
53.0
35.0
37.0
19.0
61.0
16.0
22.0
41.0
26.0
19.0
67.0
23.0
55.0
23.0
65.0
21.0
18.0
42.0
13.0
15.0
21.0
26.0
21.0
24.0
10.0
28.0
46.0
19.0
26.0
15.0
17.0
43.0
10.0
28.0
16.0
45.0
29.0
29.0
41.0
37.0
32.0
19.0
29.0
48.0
5.0
22.0
38.0
19.0
42.0
9.0
49.0
73.0
32.0
12.0
6.0
16.0
11.0
21.0
15.0
62.0
10.0
12.0
19.0
66.0
10.0
46.0
31.0
13.0
34.0
37.0
9.0
50.0
22.0
21.0
47.0
24.0
33.0
8.0
20.0
4.0
37.0
4.0
37.0
23.0
65.0
45.0
14.0
55.0
13.0
115.0
9.0
48.0
32.0
14.0
35.0
28.0
19.0
32.0
87.0
21.0
20.0
37.0
58.0
24.0
41.0
16.0
7.0
19.0
16.0
24.0
11.0
12.0
20.0
35.0
15.0
17.0
106.0
29.0
27.0
17.0
10.0
35.0
8.0
31.0
17.0
7.0
21.0
33.0
36.0
13.0
7.0
22.0
34.0
53.0
38.0
11.0
31.0
16.0
37.0
165.0
78.0
29.0
7.0
23.0
47.0
21.0
16.0
38.0
46.0
28.0
7.0
24.0
31.0
22.0
18.0
6.0
13.0
31.0
25.0
11.0
11.0
14.0
21.0
28.0
7.0
7.0
63.0
29.0
35.0
24.0
44.0
12.0
26.0
6.0
17.0
16.0
43.0
46.0
73.0
12.0
62.0
12.0
69.0
23.0
16.0
11.0
20.0
18.0
19.0
34.0
58.0
16.0
31.0
9.0
82.0
95.0
17.0
33.0
16.0
44.0
14.0
42.0
50.0
26.0
22.0
20.0
32.0
13.0
35.0
18.0
12.0
34.0
40.0
46.0
15.0
2.0
107.0
21.0
93.0
19.0
13.0
23.0
10.0
30.0
37.0
27.0
22.0
16.0
15.0
31.0
17.0
15.0
44.0
24.0
20.0
6.0
30.0
29.0
102.0
17.0
35.0
48.0
21.0
49.0
24.0
20.0
9.0
79.0
15.0
16.0
12.0
41.0
23.0
35.0
64.0
26.0
17.0
131.0
7.0
46.0
29.0
25.0
11.0
14.0
34.0
48.0
5.0
52.0
101.0
19.0
20.0
78.0
24.0
56.0
28.0
8.0
256.0
18.0
71.0
39.0
9.0
30.0
60.0
2.0
27.0
13.0
10.0
18.0
72.0
10.0
14.0
76.0
21.0
37.0
20.0
9.0
38.0
17.0
387.0
34.0
10.0
22.0
11.0
18.0
57.0
48.0
19.0
45.0
66.0
11.0
6.0
13.0
20.0
36.0
53.0
21.0
28.0
61.0
30.0
20.0
10.0
37.0
22.0
16.0
24.0
58.0
24.0
11.0
30.0
5.0
16.0
2.0
36.0
51.0
50.0
28.0
33.0
19.0
10.0
51.0
32.0
24.0
24.0
24.0
18.0
12.0
55.0
21.0
8.0
65.0
26.0
14.0
14.0
24.0
39.0
19.0
37.0
44.0
10.0
111.0
14.0
110.0
49.0
11.0
25.0
5.0
36.0
44.0
14.0
28.0
10.0
53.0
22.0
72.0
40.0
60.0
26.0
66.0
9.0
34.0
12.0
83.0
45.0
7.0
10.0
29.0
20.0
15.0
16.0
6.0
32.0
35.0
44.0
3.0
14.0
64.0
6.0
25.0
114.0
52.0
25.0
32.0
26.0
10.0
10.0
38.0
6.0
29.0
12.0
51.0
26.0
46.0
5.0
67.0
16.0
17.0
29.0
11.0
54.0
13.0
148.0
27.0
60.0
15.0
93.0
28.0
5.0
13.0
23.0
24.0
77.0
34.0
12.0
21.0
10.0
48.0
68.0
11.0
110.0
27.0
17.0
19.0
39.0
58.0
20.0
50.0
31.0
16.0
40.0
6.0
42.0
23.0
17.0
46.0
23.0
85.0
24.0
36.0
24.0
11.0
16.0
24.0
18.0
79.0
16.0
26.0
32.0
140.0
54.0
16.0
97.0
29.0
15.0
16.0
27.0
37.0
21.0
46.0
23.0
11.0
48.0
29.0
88.0
26.0
9.0
9.0
31.0
12.0
117.0
9.0
9.0
26.0
13.0
21.0
10.0
30.0
23.0
51.0
28.0
15.0
19.0
24.0
29.0
44.0
5.0
4.0
49.0
10.0
30.0
41.0
15.0
451.0
17.0
12.0
44.0
36.0
84.0
5.0
14.0
26.0
15.0
18.0
13.0
20.0
38.0
5.0
7.0
25.0
30.0
17.0
29.0
48.0
49.0
18.0
23.0
18.0
15.0
29.0
16.0
26.0
39.0
25.0
19.0
12.0
30.0
11.0
32.0
31.0
43.0
36.0
10.0
59.0
12.0
16.0
57.0
62.0
33.0
9.0
11.0
27.0
39.0
55.0
19.0
6.0
3.0
3.0
19.0
28.0
18.0
7.0
35.0
107.0
11.0
49.0
11.0
4.0
18.0
49.0
4.0
48.0
10.0
52.0
105.0
9.0
28.0
4.0
18.0
5.0
31.0
7.0
65.0
13.0
29.0
18.0
34.0
21.0
8.0
11.0
17.0
17.0
87.0
8.0
33.0
18.0
27.0
14.0
79.0
41.0
18.0
18.0
39.0
14.0
23.0
45.0
16.0
33.0
16.0
30.0
31.0
14.0
1.0
15.0
55.0
47.0
40.0
12.0
36.0
21.0
41.0
45.0
15.0
34.0
21.0
32.0
20.0
25.0
17.0
30.0
2.0
35.0
5.0
23.0
34.0
15.0
26.0
26.0
78.0
26.0
22.0
33.0
130.0
30.0
28.0
45.0
17.0
20.0
9.0
13.0
28.0
9.0
20.0
11.0
13.0
55.0
9.0
10.0
45.0
9.0
6.0
41.0
18.0
54.0
22.0
12.0
6.0
51.0
43.0
41.0
29.0
11.0
10.0
31.0
18.0
32.0
29.0
21.0
34.0
11.0
19.0
11.0
16.0
21.0
26.0
30.0
23.0
29.0
15.0
17.0
12.0
8.0
6.0
63.0
59.0
12.0
43.0
4.0
45.0
7.0
12.0
38.0
61.0
56.0
15.0
22.0
32.0
16.0
10.0
36.0
23.0
30.0
4.0
64.0
8.0
10.0
68.0
19.0
66.0
41.0
43.0
11.0
25.0
25.0
61.0
60.0
8.0
35.0
23.0
37.0
20.0
9.0
6.0
75.0
47.0
38.0
10.0
21.0
19.0
59.0
51.0
110.0
30.0
65.0
15.0
39.0
10.0
17.0
43.0
16.0
20.0
11.0
31.0
27.0
11.0
36.0
10.0
7.0
5.0
34.0
1.0
22.0
92.0
28.0
38.0
23.0
31.0
46.0
35.0
6.0
17.0
2.0
41.0
10.0
16.0
38.0
14.0
33.0
50.0
26.0
53.0
66.0
19.0
22.0
16.0
30.0
4.0
16.0
29.0
6.0
18.0
22.0
24.0
50.0
53.0
21.0
22.0
61.0
10.0
58.0
30.0
24.0
42.0
29.0
27.0
43.0
7.0
34.0
18.0
16.0
10.0
19.0
78.0
104.0
9.0
21.0
80.0
1.0
17.0
18.0
16.0
4.0
65.0
25.0
34.0
19.0
43.0
11.0
58.0
28.0
35.0
31.0
20.0
16.0
8.0
32.0
39.0
39.0
8.0
17.0
42.0
40.0
34.0
2.0
16.0
26.0
15.0
76.0
12.0
30.0
11.0
7.0
39.0
74.0
2.0
25.0
17.0
17.0
11.0
19.0
12.0
1.0
38.0
19.0
12.0
44.0
19.0
46.0
10.0
62.0
49.0
3.0
44.0
3.0
7.0
21.0
17.0
44.0
26.0
33.0
45.0
54.0
8.0
7.0
9.0
2.0
36.0
12.0
13.0
36.0
41.0
19.0
10.0
28.0
31.0
25.0
23.0
31.0
84.0
13.0
17.0
46.0
33.0
19.0
9.0
85.0
16.0
26.0
24.0
12.0
29.0
15.0
23.0
24.0
59.0
55.0
20.0
30.0
27.0
9.0
18.0
15.0
27.0
1.0
15.0
10.0
4.0
5.0
27.0
11.0
31.0
16.0
29.0
14.0
49.0
33.0
29.0
46.0
3.0
27.0
24.0
17.0
7.0
61.0
13.0
67.0
44.0
6.0
23.0
18.0
40.0
33.0
41.0
9.0
36.0
18.0
20.0
26.0
14.0
10.0
18.0
18.0
30.0
15.0
42.0
7.0
44.0
18.0
62.0
14.0
25.0
7.0
45.0
10.0
21.0
23.0
15.0
12.0
23.0
57.0
11.0
5.0
27.0
46.0
58.0
18.0
48.0
2.0
9.0
9.0
51.0
4.0
56.0
8.0
76.0
13.0
37.0
55.0
46.0
11.0
18.0
19.0
25.0
9.0
10.0
66.0
83.0
36.0
59.0
95.0
45.0
7.0
28.0
14.0
41.0
26.0
7.0
40.0
52.0
29.0
22.0
1.0
29.0
34.0
25.0
37.0
33.0
40.0
27.0
3.0
101.0
1.0
22.0
35.0
14.0
34.0
15.0
23.0
35.0
24.0
27.0
23.0
32.0
31.0
21.0
17.0
3.0
14.0
37.0
24.0
42.0
23.0
40.0
52.0
1.0
51.0
8.0
45.0
16.0
22.0
42.0
5.0
29.0
5.0
27.0
4.0
17.0
13.0
32.0
30.0
53.0
9.0
36.0
17.0
42.0
76.0
13.0
17.0
50.0
18.0
6.0
8.0
8.0
37.0
34.0
41.0
10.0
9.0
19.0
57.0
23.0
61.0
8.0
17.0
29.0
72.0
38.0
67.0
61.0
13.0
20.0
48.0
35.0
17.0
10.0
31.0
25.0
133.0
38.0
28.0
15.0
42.0
2.0
63.0
11.0
26.0
33.0
7.0
11.0
8.0
20.0
15.0
107.0
31.0
30.0
13.0
9.0
17.0
113.0
24.0
13.0
32.0
25.0
16.0
143.0
51.0
57.0
32.0
38.0
46.0
80.0
29.0
23.0
21.0
14.0
8.0
31.0
15.0
35.0
125.0
17.0
38.0
10.0
41.0
10.0
20.0
71.0
19.0
18.0
44.0
26.0
11.0
14.0
53.0
59.0
31.0
70.0
5.0
72.0
70.0
23.0
53.0
35.0
7.0
23.0
90.0
15.0
18.0
11.0
44.0
22.0
1.0
35.0
20.0
44.0
12.0
16.0
70.0
11.0
17.0
16.0
16.0
31.0
37.0
38.0
2.0
13.0
8.0
327.0
33.0
9.0
69.0
40.0
27.0
9.0
27.0
23.0
18.0
27.0
14.0
14.0
50.0
74.0
57.0
23.0
12.0
28.0
7.0
63.0
41.0
23.0
73.0
12.0
15.0
88.0
30.0
40.0
54.0
18.0
38.0
6.0
36.0
49.0
45.0
23.0
33.0
26.0
19.0
16.0
9.0
941.0
12.0
44.0
11.0
33.0
56.0
20.0
30.0
25.0
26.0
18.0
11.0
42.0
124.0
29.0
5.0
8.0
51.0
4.0
14.0
27.0
12.0
134.0
9.0
35.0
6.0
13.0
34.0
15.0
58.0
17.0
33.0
15.0
63.0
19.0
29.0
16.0
37.0
41.0
21.0
131.0
32.0
63.0
23.0
25.0
75.0
18.0
11.0
20.0
37.0
12.0
90.0
21.0
10.0
15.0
2.0
4.0
40.0
18.0
8.0
6.0
82.0
358.0
91.0
12.0
38.0
36.0
9.0
5.0
37.0
16.0
20.0
10.0
42.0
53.0
27.0
5.0
33.0
29.0
15.0
51.0
78.0
14.0
16.0
36.0
30.0
23.0
101.0
30.0
51.0
15.0
7.0
15.0
31.0
37.0
12.0
67.0
4.0
20.0
43.0
13.0
35.0
25.0
32.0
43.0
36.0
10.0
25.0
24.0
11.0
24.0
22.0
7.0
43.0
17.0
18.0
32.0
155.0
18.0
10.0
48.0
52.0
6.0
136.0
43.0
7.0
34.0
8.0
33.0
9.0
29.0
39.0
22.0
23.0
14.0
23.0
6.0
66.0
17.0
38.0
23.0
192.0
27.0
11.0
28.0
84.0
49.0
18.0
5.0
29.0
68.0
62.0
73.0
7.0
8.0
56.0
73.0
15.0
9.0
7.0
14.0
23.0
30.0
26.0
10.0
33.0
60.0
5.0
19.0
14.0
36.0
25.0
28.0
34.0
32.0
25.0
30.0
4.0
7.0
11.0
49.0
42.0
15.0
30.0
40.0
103.0
8.0
35.0
25.0
32.0
32.0
12.0
46.0
33.0
34.0
24.0
6.0
22.0
55.0
1.0
30.0
73.0
8.0
4.0
8.0
15.0
20.0
21.0
13.0
32.0
62.0
23.0
4.0
66.0
57.0
6.0
22.0
13.0
42.0
13.0
5.0
212.0
7.0
10.0
18.0
32.0
44.0
7.0
23.0
22.0
11.0
44.0
11.0
14.0
23.0
38.0
17.0
49.0
28.0
29.0
48.0
54.0
23.0
70.0
63.0
7.0
24.0
3.0
4.0
4.0
11.0
68.0
4.0
20.0
16.0
26.0
20.0
48.0
22.0
16.0
34.0
15.0
45.0
7.0
14.0
20.0
53.0
90.0
31.0
26.0
58.0
29.0
12.0
20.0
121.0
16.0
20.0
19.0
35.0
32.0
46.0
26.0
12.0
13.0
52.0
3.0
7.0
48.0
54.0
9.0
13.0
9.0
15.0
33.0
6.0
12.0
28.0
42.0
12.0
12.0
12.0
25.0
14.0
38.0
38.0
6.0
9.0
34.0
21.0
33.0
44.0
61.0
19.0
28.0
12.0
49.0
48.0
32.0
12.0
76.0
11.0
23.0
23.0
57.0
25.0
44.0
6.0
14.0
44.0
45.0
7.0
24.0
46.0
8.0
25.0
12.0
4.0
33.0
20.0
7.0
42.0
26.0
18.0
46.0
41.0
19.0
4.0
40.0
75.0
18.0
19.0
12.0
39.0
67.0
33.0
29.0
34.0
28.0
11.0
28.0
15.0
9.0
52.0
36.0
103.0
46.0
62.0
41.0
7.0
22.0
10.0
24.0
11.0
9.0
24.0
15.0
7.0
6.0
38.0
19.0
16.0
24.0
15.0
20.0
36.0
3.0
21.0
17.0
17.0
55.0
19.0
138.0
30.0
10.0
45.0
21.0
21.0
14.0
9.0
35.0
11.0
35.0
75.0
22.0
47.0
19.0
48.0
26.0
16.0
12.0
63.0
37.0
13.0
62.0
8.0
28.0
17.0
36.0
124.0
31.0
17.0
27.0
33.0
6.0
10.0
20.0
38.0
59.0
53.0
45.0
18.0
51.0
30.0
8.0
4.0
3.0
14.0
43.0
89.0
39.0
10.0
111.0
38.0
25.0
8.0
11.0
37.0
33.0
14.0
17.0
8.0
34.0
42.0
21.0
1.0
60.0
8.0
23.0
8.0
13.0
8.0
20.0
37.0
169.0
29.0
57.0
18.0
31.0
59.0
20.0
40.0
29.0
11.0
83.0
40.0
13.0
13.0
26.0
36.0
27.0
3.0
63.0
24.0
11.0
8.0
44.0
22.0
54.0
15.0
60.0
33.0
9.0
13.0
22.0
37.0
39.0
39.0
13.0
23.0
24.0
18.0
14.0
10.0
22.0
12.0
20.0
9.0
54.0
19.0
29.0
30.0
19.0
7.0
44.0
45.0
11.0
21.0
46.0
6.0
20.0
36.0
8.0
42.0
6.0
3.0
49.0
65.0
6.0
13.0
40.0
12.0
11.0
11.0
23.0
26.0
24.0
28.0
15.0
20.0
10.0
36.0
25.0
54.0
50.0
39.0
32.0
26.0
42.0
46.0
17.0
26.0
6.0
14.0
8.0
23.0
13.0
30.0
41.0
62.0
12.0
13.0
137.0
9.0
20.0
16.0
47.0
14.0
12.0
47.0
54.0
110.0
13.0
11.0
24.0
32.0
12.0
28.0
3.0
33.0
22.0
53.0
33.0
22.0
9.0
49.0
31.0
69.0
16.0
31.0
4.0
32.0
7.0
23.0
31.0
35.0
36.0
97.0
32.0
7.0
6.0
26.0
21.0
18.0
14.0
83.0
4.0
32.0
13.0
6.0
14.0
17.0
40.0
40.0
14.0
12.0
34.0
14.0
24.0
31.0
21.0
11.0
28.0
16.0
39.0
22.0
27.0
42.0
17.0
10.0
18.0
24.0
42.0
20.0
5.0
8.0
24.0
16.0
48.0
22.0
69.0
17.0
30.0
56.0
56.0
15.0
28.0
47.0
26.0
35.0
21.0
33.0
14.0
92.0
27.0
54.0
13.0
39.0
32.0
12.0
20.0
19.0
32.0
35.0
13.0
10.0
24.0
45.0
11.0
82.0
17.0
5.0
24.0
32.0
51.0
4.0
25.0
10.0
20.0
7.0
5.0
20.0
31.0
36.0
26.0
12.0
10.0
6.0
14.0
40.0
23.0
30.0
49.0
28.0
18.0
33.0
22.0
25.0
19.0
53.0
18.0
37.0
5.0
71.0
9.0
50.0
46.0
14.0
7.0
27.0
13.0
24.0
16.0
33.0
12.0
30.0
20.0
20.0
15.0
17.0
12.0
21.0
28.0
41.0
21.0
42.0
10.0
44.0
15.0
17.0
25.0
27.0
11.0
12.0
30.0
61.0
29.0
105.0
12.0
63.0
22.0
31.0
62.0
37.0
19.0
21.0
17.0
20.0
38.0
78.0
53.0
34.0
19.0
6.0
26.0
6.0
15.0
85.0
18.0
21.0
51.0
27.0
10.0
32.0
5.0
2.0
42.0
111.0
21.0
19.0
17.0
25.0
20.0
13.0
34.0
24.0
16.0
16.0
21.0
6.0
22.0
11.0
8.0
163.0
28.0
12.0
162.0
49.0
45.0
18.0
19.0
7.0
114.0
21.0
97.0
7.0
17.0
0.0
60.0
13.0
9.0
69.0
19.0
27.0
19.0
4.0
24.0
9.0
33.0
19.0
68.0
14.0
19.0
13.0
9.0
8.0
67.0
23.0
13.0
29.0
14.0
10.0
11.0
18.0
9.0
19.0
19.0
170.0
16.0
43.0
19.0
8.0
37.0
44.0
3.0
7.0
3.0
12.0
51.0
4.0
29.0
17.0
25.0
41.0
39.0
22.0
64.0
11.0
13.0
15.0
13.0
10.0
6.0
37.0
9.0
40.0
86.0
22.0
41.0
44.0
53.0
17.0
41.0
76.0
31.0
19.0
31.0
3.0
5.0
4.0
1204.0
19.0
24.0
14.0
25.0
12.0
117.0
22.0
92.0
46.0
36.0
20.0
5.0
36.0
44.0
65.0
22.0
18.0
23.0
37.0
44.0
101.0
12.0
26.0
89.0
31.0
105.0
11.0
22.0
15.0
8.0
49.0
11.0
29.0
50.0
23.0
11.0
2.0
51.0
31.0
7.0
10.0
64.0
22.0
25.0
48.0
21.0
20.0
51.0
17.0
18.0
36.0
41.0
27.0
35.0
91.0
12.0
40.0
10.0
10.0
22.0
6.0
10.0
223.0
2.0
69.0
56.0
13.0
30.0
60.0
10.0
9.0
37.0
44.0
24.0
8.0
14.0
25.0
13.0
43.0
20.0
20.0
24.0
28.0
20.0
42.0
23.0
21.0
29.0
38.0
38.0
35.0
31.0
32.0
25.0
6.0
58.0
121.0
6.0
30.0
26.0
49.0
30.0
23.0
43.0
34.0
11.0
24.0
32.0
29.0
38.0
55.0
29.0
21.0
23.0
2.0
17.0
12.0
34.0
10.0
17.0
11.0
12.0
28.0
41.0
14.0
462.0
12.0
54.0
8.0
116.0
2.0
22.0
7.0
28.0
24.0
35.0
8.0
58.0
11.0
43.0
57.0
23.0
15.0
44.0
35.0
43.0
39.0
41.0
2.0
14.0
24.0
20.0
65.0
17.0
40.0
39.0
67.0
75.0
24.0
49.0
53.0
43.0
16.0
13.0
21.0
49.0
4.0
107.0
11.0
8.0
25.0
30.0
8.0
4.0
43.0
51.0
31.0
17.0
52.0
24.0
11.0
9.0
19.0
45.0
39.0
32.0
17.0
30.0
22.0
34.0
28.0
24.0
5.0
40.0
82.0
41.0
20.0
6.0
8.0
5.0
3.0
12.0
14.0
47.0
47.0
6.0
24.0
82.0
30.0
35.0
31.0
17.0
8.0
13.0
18.0
22.0
16.0
31.0
10.0
10.0
34.0
5.0
10.0
37.0
62.0
30.0
15.0
14.0
2.0
54.0
15.0
101.0
76.0
5.0
19.0
19.0
58.0
21.0
31.0
13.0
19.0
94.0
15.0
9.0
36.0
58.0
33.0
4.0
50.0
2.0
71.0
11.0
30.0
26.0
8.0
29.0
16.0
72.0
50.0
74.0
18.0
57.0
26.0
26.0
13.0
149.0
32.0
40.0
30.0
22.0
53.0
21.0
19.0
22.0
9.0
26.0
34.0
30.0
26.0
39.0
16.0
23.0
14.0
43.0
128.0
9.0
40.0
22.0
48.0
36.0
9.0
11.0
9.0
24.0
41.0
24.0
19.0
30.0
24.0
37.0
11.0
17.0
26.0
9.0
26.0
25.0
105.0
99.0
11.0
26.0
36.0
19.0
18.0
37.0
8.0
28.0
40.0
12.0
14.0
32.0
27.0
12.0
2.0
16.0
29.0
17.0
17.0
21.0
33.0
56.0
156.0
17.0
41.0
20.0
19.0
7.0
5.0
18.0
56.0
23.0
4.0
12.0
66.0
25.0
20.0
52.0
26.0
12.0
19.0
6.0
27.0
58.0
87.0
21.0
10.0
60.0
144.0
15.0
12.0
59.0
58.0
16.0
104.0
18.0
56.0
10.0
16.0
30.0
79.0
7.0
11.0
24.0
32.0
142.0
32.0
50.0
31.0
21.0
15.0
30.0
30.0
8.0
49.0
21.0
22.0
13.0
31.0
38.0
7.0
41.0
41.0
33.0
21.0
33.0
19.0
17.0
13.0
16.0
21.0
40.0
30.0
29.0
24.0
113.0
27.0
98.0
49.0
17.0
15.0
5.0
21.0
48.0
25.0
24.0
31.0
44.0
32.0
24.0
33.0
31.0
53.0
18.0
23.0
23.0
10.0
14.0
15.0
35.0
159.0
57.0
6.0
13.0
20.0
26.0
78.0
2.0
12.0
79.0
33.0
23.0
28.0
52.0
36.0
17.0
11.0
28.0
58.0
45.0
17.0
27.0
35.0
34.0
50.0
8.0
27.0
17.0
14.0
84.0
10.0
44.0
52.0
19.0
51.0
93.0
30.0
21.0
31.0
6.0
33.0
30.0
5.0
70.0
14.0
21.0
34.0
43.0
25.0
57.0
51.0
19.0
14.0
30.0
37.0
33.0
15.0
18.0
31.0
6.0
15.0
23.0
20.0
66.0
24.0
65.0
110.0
36.0
17.0
19.0
8.0
37.0
3.0
56.0
28.0
18.0
84.0
23.0
25.0
8.0
7.0
31.0
9.0
43.0
13.0
9.0
40.0
52.0
56.0
66.0
41.0
5.0
42.0
11.0
81.0
35.0
24.0
22.0
86.0
51.0
50.0
76.0
9.0
52.0
34.0
32.0
52.0
15.0
43.0
7.0
21.0
34.0
37.0
9.0
78.0
27.0
27.0
52.0
13.0
46.0
10.0
17.0
22.0
31.0
14.0
7.0
15.0
72.0
20.0
28.0
34.0
31.0
27.0
8.0
37.0
19.0
15.0
36.0
57.0
9.0
48.0
12.0
24.0
17.0
28.0
36.0
6.0
31.0
6.0
50.0
8.0
36.0
55.0
112.0
38.0
110.0
100.0
104.0
58.0
16.0
5.0
28.0
19.0
37.0
37.0
11.0
13.0
39.0
20.0
54.0
26.0
48.0
22.0
37.0
57.0
20.0
58.0
11.0
126.0
49.0
16.0
34.0
18.0
22.0
11.0
6.0
18.0
32.0
44.0
37.0
29.0
45.0
79.0
15.0
23.0
34.0
17.0
7.0
41.0
22.0
19.0
5.0
54.0
51.0
13.0
38.0
18.0
32.0
17.0
7.0
59.0
3.0
27.0
29.0
12.0
17.0
39.0
91.0
61.0
23.0
6.0
27.0
27.0
16.0
33.0
23.0
32.0
27.0
53.0
65.0
15.0
22.0
12.0
19.0
41.0
18.0
22.0
26.0
24.0
26.0
31.0
32.0
57.0
9.0
32.0
31.0
27.0
11.0
17.0
27.0
70.0
37.0
11.0
65.0
20.0
23.0
42.0
56.0
53.0
57.0
4.0
50.0
33.0
54.0
25.0
5.0
34.0
25.0
40.0
32.0
4.0
19.0
22.0
10.0
63.0
24.0
50.0
4.0
19.0
33.0
10.0
18.0
31.0
41.0
2.0
35.0
81.0
24.0
14.0
19.0
15.0
61.0
17.0
60.0
10.0
84.0
31.0
9.0
10.0
22.0
8.0
21.0
43.0
9.0
17.0
32.0
32.0
24.0
14.0
74.0
23.0
14.0
32.0
70.0
35.0
16.0
24.0
30.0
19.0
19.0
35.0
34.0
38.0
39.0
35.0
24.0
16.0
37.0
26.0
31.0
26.0
19.0
26.0
13.0
35.0
11.0
39.0
25.0
46.0
28.0
16.0
16.0
52.0
57.0
3.0
41.0
8.0
15.0
6.0
36.0
23.0
24.0
13.0
26.0
17.0
35.0
18.0
63.0
35.0
25.0
39.0
37.0
77.0
89.0
38.0
22.0
27.0
21.0
39.0
38.0
14.0
27.0
23.0
118.0
36.0
7.0
26.0
19.0
23.0
30.0
9.0
15.0
48.0
29.0
10.0
29.0
32.0
17.0
12.0
47.0
14.0
29.0
25.0
7.0
11.0
22.0
21.0
22.0
11.0
34.0
7.0
15.0
31.0
19.0
45.0
23.0
31.0
19.0
20.0
37.0
20.0
31.0
20.0
12.0
15.0
22.0
15.0
26.0
39.0
21.0
35.0
28.0
23.0
25.0
16.0
31.0
20.0
15.0
24.0
41.0
28.0
26.0
29.0
6.0
763.0
43.0
17.0
29.0
23.0
10.0
19.0
76.0
26.0
10.0
22.0
38.0
28.0
128.0
8.0
26.0
23.0
51.0
19.0
19.0
4.0
27.0
88.0
21.0
44.0
10.0
50.0
14.0
17.0
28.0
30.0
16.0
52.0
18.0
22.0
23.0
16.0
17.0
40.0
44.0
42.0
29.0
4.0
129.0
19.0
52.0
54.0
5.0
63.0
52.0
14.0
8.0
42.0
63.0
14.0
15.0
23.0
42.0
12.0
29.0
2.0
15.0
25.0
11.0
21.0
40.0
34.0
30.0
12.0
23.0
45.0
20.0
15.0
30.0
47.0
20.0
40.0
15.0
26.0
45.0
18.0
11.0
18.0
5.0
13.0
15.0
21.0
34.0
20.0
21.0
15.0
13.0
22.0
94.0
42.0
93.0
23.0
23.0
52.0
10.0
29.0
34.0
44.0
33.0
30.0
20.0
41.0
14.0
45.0
9.0
69.0
35.0
10.0
118.0
5.0
6.0
109.0
21.0
8.0
48.0
101.0
26.0
18.0
22.0
12.0
14.0
66.0
5.0
18.0
34.0
47.0
197.0
34.0
190.0
13.0
44.0
18.0
10.0
72.0
10.0
19.0
53.0
27.0
21.0
94.0
17.0
16.0
14.0
25.0
55.0
22.0
35.0
18.0
72.0
10.0
25.0
62.0
29.0
38.0
34.0
11.0
68.0
17.0
25.0
61.0
40.0
24.0
2.0
19.0
11.0
22.0
22.0
16.0
19.0
61.0
17.0
3.0
24.0
12.0
6.0
31.0
76.0
34.0
81.0
24.0
11.0
27.0
14.0
17.0
14.0
20.0
49.0
38.0
16.0
58.0
41.0
43.0
29.0
42.0
33.0
68.0
19.0
23.0
28.0
30.0
18.0
29.0
58.0
29.0
13.0
34.0
45.0
30.0
47.0
8.0
20.0
53.0
27.0
25.0
7.0
140.0
11.0
77.0
34.0
12.0
41.0
62.0
42.0
18.0
28.0
13.0
34.0
27.0
31.0
23.0
21.0
19.0
18.0
17.0
73.0
17.0
6.0
62.0
23.0
18.0
8.0
24.0
27.0
30.0
10.0
12.0
40.0
12.0
21.0
55.0
42.0
21.0
62.0
15.0
9.0
74.0
11.0
41.0
11.0
59.0
41.0
6.0
15.0
42.0
5.0
16.0
46.0
75.0
17.0
26.0
10.0
14.0
24.0
14.0
6.0
32.0
25.0
19.0
57.0
190.0
31.0
42.0
4.0
168.0
57.0
36.0
30.0
2.0
43.0
34.0
33.0
30.0
20.0
42.0
107.0
16.0
27.0
21.0
14.0
71.0
25.0
3.0
7.0
25.0
42.0
26.0
12.0
13.0
20.0
34.0
44.0
24.0
44.0
18.0
164.0
12.0
33.0
18.0
15.0
7.0
14.0
29.0
12.0
8.0
22.0
40.0
24.0
40.0
59.0
19.0
28.0
57.0
15.0
22.0
18.0
50.0
12.0
48.0
52.0
20.0
11.0
16.0
15.0
26.0
27.0
26.0
34.0
76.0
10.0
11.0
50.0
8.0
57.0
20.0
16.0
21.0
20.0
43.0
15.0
59.0
42.0
22.0
11.0
21.0
8.0
12.0
10.0
31.0
117.0
150.0
27.0
33.0
157.0
8.0
12.0
34.0
28.0
33.0
15.0
47.0
22.0
53.0
24.0
138.0
48.0
48.0
10.0
13.0
22.0
29.0
45.0
48.0
49.0
55.0
38.0
54.0
27.0
15.0
11.0
16.0
30.0
11.0
46.0
27.0
24.0
32.0
26.0
51.0
32.0
30.0
28.0
28.0
160.0
42.0
68.0
50.0
22.0
20.0
19.0
22.0
16.0
36.0
21.0
8.0
49.0
41.0
30.0
17.0
56.0
30.0
19.0
19.0
149.0
53.0
21.0
53.0
79.0
68.0
34.0
78.0
5.0
34.0
10.0
38.0
14.0
41.0
66.0
16.0
98.0
18.0
14.0
26.0
27.0
134.0
19.0
24.0
16.0
48.0
114.0
21.0
24.0
71.0
24.0
27.0
40.0
34.0
21.0
18.0
26.0
45.0
26.0
23.0
131.0
19.0
64.0
4.0
49.0
16.0
75.0
46.0
31.0
14.0
25.0
87.0
31.0
42.0
4.0
46.0
79.0
15.0
50.0
4.0
21.0
39.0
38.0
4.0
23.0
81.0
29.0
18.0
28.0
33.0
44.0
12.0
42.0
14.0
5.0
13.0
54.0
38.0
22.0
87.0
79.0
23.0
23.0
61.0
73.0
25.0
19.0
17.0
55.0
35.0
22.0
9.0
14.0
22.0
40.0
93.0
20.0
27.0
37.0
107.0
44.0
71.0
89.0
22.0
95.0
30.0
11.0
38.0
22.0
44.0
22.0
28.0
8.0
11.0
96.0
29.0
7.0
28.0
10.0
56.0
49.0
66.0
28.0
39.0
29.0
23.0
5.0
90.0
44.0
18.0
22.0
42.0
25.0
12.0
45.0
23.0
25.0
24.0
20.0
55.0
41.0
63.0
34.0
33.0
24.0
14.0
66.0
37.0
23.0
17.0
37.0
77.0
8.0
16.0
29.0
33.0
47.0
34.0
11.0
136.0
50.0
21.0
75.0
19.0
25.0
7.0
24.0
31.0
23.0
23.0
61.0
11.0
17.0
33.0
14.0
29.0
26.0
39.0
47.0
15.0
38.0
34.0
26.0
68.0
19.0
23.0
9.0
10.0
39.0
210.0
10.0
16.0
27.0
41.0
22.0
52.0
40.0
12.0
27.0
40.0
29.0
24.0
20.0
11.0
19.0
67.0
18.0
17.0
49.0
10.0
28.0
23.0
23.0
16.0
39.0
16.0
47.0
9.0
46.0
39.0
19.0
24.0
36.0
43.0
38.0
23.0
35.0
32.0
50.0
23.0
5.0
35.0
103.0
62.0
29.0
83.0
3.0
43.0
43.0
38.0
19.0
34.0
20.0
5.0
27.0
34.0
14.0
15.0
26.0
43.0
68.0
32.0
26.0
36.0
23.0
82.0
20.0
20.0
13.0
34.0
43.0
20.0
8.0
42.0
20.0
39.0
33.0
7.0
28.0
27.0
26.0
16.0
14.0
48.0
39.0
7.0
23.0
36.0
26.0
39.0
124.0
14.0
47.0
42.0
21.0
13.0
62.0
18.0
22.0
12.0
23.0
25.0
15.0
14.0
12.0
20.0
15.0
106.0
50.0
39.0
14.0
32.0
25.0
58.0
35.0
22.0
22.0
16.0
3.0
18.0
17.0
31.0
41.0
35.0
21.0
55.0
44.0
14.0
40.0
13.0
32.0
40.0
10.0
32.0
20.0
16.0
63.0
39.0
49.0
47.0
26.0
44.0
16.0
23.0
39.0
9.0
58.0
49.0
13.0
16.0
36.0
63.0
43.0
16.0
58.0
44.0
24.0
46.0
31.0
52.0
7.0
30.0
23.0
44.0
26.0
51.0
23.0
58.0
8.0
37.0
45.0
36.0
20.0
11.0
36.0
16.0
47.0
41.0
30.0
11.0
19.0
43.0
26.0
33.0
6.0
52.0
31.0
39.0
87.0
48.0
16.0
25.0
29.0
43.0
69.0
40.0
33.0
23.0
39.0
7.0
20.0
16.0
21.0
31.0
15.0
17.0
20.0
12.0
40.0
33.0
28.0
25.0
22.0
32.0
76.0
24.0
11.0
36.0
15.0
11.0
8.0
23.0
23.0
43.0
62.0
12.0
47.0
21.0
35.0
67.0
33.0
27.0
7.0
10.0
44.0
28.0
12.0
19.0
33.0
36.0
53.0
27.0
7.0
19.0
24.0
27.0
4.0
56.0
6.0
20.0
10.0
9.0
8.0
15.0
76.0
27.0
7.0
50.0
48.0
47.0
89.0
25.0
33.0
32.0
10.0
77.0
15.0
32.0
20.0
23.0
14.0
22.0
18.0
29.0
16.0
20.0
116.0
35.0
49.0
21.0
13.0
79.0
33.0
20.0
26.0
14.0
34.0
20.0
61.0
17.0
37.0
38.0
62.0
26.0
35.0
27.0
18.0
30.0
7.0
73.0
49.0
22.0
43.0
20.0
13.0
18.0
81.0
35.0
30.0
33.0
34.0
38.0
53.0
9.0
32.0
12.0
35.0
33.0
27.0
23.0
30.0
44.0
16.0
14.0
17.0
47.0
23.0
18.0
52.0
12.0
48.0
36.0
9.0
78.0
34.0
19.0
21.0
14.0
5.0
19.0
9.0
15.0
11.0
36.0
11.0
15.0
134.0
57.0
19.0
14.0
26.0
56.0
31.0
80.0
23.0
12.0
26.0
70.0
19.0
38.0
103.0
19.0
32.0
48.0
29.0
26.0
29.0
37.0
425.0
18.0
27.0
35.0
33.0
11.0
13.0
29.0
14.0
21.0
36.0
102.0
39.0
28.0
20.0
47.0
48.0
23.0
10.0
20.0
8.0
21.0
56.0
43.0
39.0
11.0
18.0
15.0
46.0
21.0
18.0
30.0
21.0
29.0
55.0
10.0
125.0
19.0
30.0
21.0
16.0
20.0
69.0
45.0
9.0
71.0
60.0
39.0
39.0
20.0
28.0
17.0
36.0
46.0
28.0
18.0
32.0
31.0
10.0
59.0
39.0
37.0
37.0
41.0
25.0
25.0
47.0
54.0
29.0
37.0
16.0
22.0
23.0
11.0
22.0
34.0
19.0
30.0
59.0
19.0
35.0
14.0
58.0
36.0
21.0
8.0
36.0
13.0
64.0
41.0
35.0
49.0
61.0
32.0
14.0
33.0
60.0
58.0
25.0
36.0
11.0
49.0
26.0
15.0
69.0
24.0
34.0
8.0
60.0
26.0
17.0
101.0
16.0
14.0
23.0
36.0
120.0
24.0
28.0
5.0
36.0
19.0
23.0
23.0
23.0
92.0
15.0
12.0
18.0
10.0
22.0
59.0
14.0
46.0
68.0
24.0
24.0
27.0
99.0
13.0
54.0
78.0
16.0
23.0
35.0
26.0
19.0
13.0
31.0
23.0
42.0
73.0
16.0
69.0
19.0
30.0
39.0
43.0
23.0
16.0
34.0
20.0
33.0
13.0
55.0
43.0
6.0
37.0
34.0
9.0
61.0
94.0
41.0
34.0
9.0
23.0
8.0
20.0
11.0
58.0
20.0
19.0
184.0
43.0
47.0
35.0
52.0
8.0
69.0
16.0
61.0
24.0
24.0
17.0
17.0
44.0
14.0
36.0
44.0
28.0
25.0
33.0
29.0
52.0
25.0
44.0
18.0
24.0
85.0
20.0
32.0
26.0
26.0
23.0
30.0
49.0
8.0
62.0
24.0
57.0
46.0
25.0
43.0
16.0
23.0
45.0
21.0
16.0
40.0
4.0
68.0
50.0
32.0
23.0
27.0
26.0
29.0
16.0
17.0
23.0
34.0
38.0
15.0
11.0
23.0
15.0
39.0
43.0
20.0
29.0
34.0
52.0
9.0
30.0
63.0
17.0
49.0
24.0
40.0
14.0
26.0
11.0
48.0
20.0
56.0
12.0
12.0
19.0
53.0
29.0
15.0
14.0
14.0
12.0
74.0
17.0
16.0
37.0
15.0
37.0
22.0
38.0
18.0
35.0
92.0
14.0
69.0
96.0
39.0
13.0
31.0
54.0
77.0
29.0
21.0
27.0
16.0
20.0
46.0
3.0
36.0
21.0
10.0
21.0
39.0
6.0
42.0
36.0
19.0
33.0
12.0
26.0
35.0
34.0
7.0
21.0
59.0
6.0
23.0
42.0
100.0
34.0
23.0
28.0
19.0
22.0
22.0
42.0
36.0
40.0
28.0
13.0
35.0
28.0
42.0
34.0
76.0
10.0
18.0
33.0
37.0
13.0
40.0
23.0
10.0
25.0
21.0
37.0
46.0
23.0
54.0
65.0
48.0
29.0
41.0
26.0
41.0
24.0
70.0
21.0
109.0
9.0
37.0
62.0
8.0
22.0
40.0
23.0
13.0
24.0
32.0
30.0
83.0
84.0
33.0
24.0
75.0
43.0
33.0
36.0
40.0
56.0
10.0
11.0
36.0
55.0
32.0
38.0
37.0
29.0
99.0
37.0
7.0
12.0
40.0
40.0
31.0
34.0
56.0
11.0
96.0
34.0
25.0
19.0
22.0
50.0
46.0
16.0
70.0
48.0
30.0
27.0
22.0
12.0
65.0
44.0
28.0
125.0
25.0
162.0
35.0
22.0
57.0
18.0
8.0
12.0
74.0
8.0
47.0
12.0
36.0
8.0
34.0
50.0
34.0
44.0
66.0
27.0
34.0
16.0
45.0
44.0
113.0
66.0
5.0
32.0
26.0
47.0
14.0
24.0
76.0
46.0
75.0
38.0
17.0
62.0
36.0
27.0
17.0
58.0
15.0
67.0
45.0
11.0
20.0
5.0
10.0
18.0
43.0
47.0
35.0
7.0
40.0
37.0
41.0
7.0
22.0
45.0
28.0
119.0
26.0
19.0
27.0
22.0
44.0
34.0
17.0
36.0
25.0
60.0
56.0
10.0
69.0
30.0
57.0
27.0
32.0
13.0
31.0
20.0
34.0
22.0
50.0
23.0
54.0
8.0
19.0
6.0
63.0
27.0
22.0
65.0
27.0
33.0
32.0
60.0
15.0
11.0
53.0
19.0
46.0
44.0
8.0
37.0
53.0
14.0
28.0
23.0
42.0
27.0
24.0
71.0
34.0
15.0
50.0
24.0
42.0
33.0
20.0
17.0
122.0
66.0
21.0
49.0
14.0
31.0
21.0
41.0
72.0
39.0
17.0
23.0
15.0
74.0
76.0
24.0
49.0
21.0
33.0
91.0
46.0
20.0
54.0
15.0
25.0
37.0
33.0
6.0
28.0
20.0
56.0
46.0
9.0
27.0
16.0
18.0
54.0
22.0
83.0
16.0
33.0
39.0
43.0
24.0
19.0
35.0
30.0
18.0
29.0
32.0
21.0
36.0
28.0
18.0
131.0
119.0
15.0
26.0
44.0
19.0
9.0
53.0
49.0
33.0
42.0
53.0
31.0
15.0
18.0
34.0
19.0
61.0
22.0
21.0
25.0
19.0
11.0
56.0
23.0
34.0
18.0
35.0
29.0
33.0
75.0
90.0
33.0
34.0
28.0
22.0
51.0
24.0
22.0
19.0
82.0
23.0
44.0
32.0
18.0
21.0
46.0
17.0
20.0
20.0
27.0
23.0
55.0
22.0
29.0
20.0
19.0
21.0
26.0
21.0
44.0
33.0
32.0
12.0
49.0
26.0
28.0
11.0
35.0
49.0
28.0
34.0
28.0
16.0
74.0
26.0
94.0
29.0
34.0
24.0
120.0
33.0
35.0
19.0
19.0
43.0
48.0
46.0
35.0
4.0
50.0
26.0
12.0
45.0
54.0
26.0
26.0
22.0
65.0
52.0
20.0
32.0
32.0
2.0
37.0
31.0
39.0
35.0
13.0
13.0
56.0
90.0
33.0
36.0
15.0
42.0
66.0
36.0
39.0
8.0
26.0
33.0
20.0
13.0
31.0
38.0
16.0
12.0
35.0
21.0
11.0
12.0
20.0
17.0
27.0
40.0
24.0
55.0
53.0
37.0
11.0
45.0
24.0
22.0
23.0
27.0
27.0
25.0
7.0
38.0
18.0
6.0
18.0
32.0
38.0
19.0
46.0
23.0
37.0
22.0
29.0
23.0
54.0
49.0
47.0
39.0
46.0
26.0
34.0
19.0
29.0
57.0
38.0
17.0
23.0
36.0
24.0
27.0
28.0
70.0
59.0
50.0
58.0
24.0
34.0
29.0
55.0
12.0
19.0
19.0
29.0
61.0
62.0
28.0
40.0
20.0
18.0
52.0
42.0
16.0
25.0
15.0
52.0
42.0
56.0
20.0
15.0
12.0
20.0
71.0
9.0
28.0
8.0
35.0
22.0
24.0
15.0
6.0
43.0
25.0
55.0
6.0
6.0
26.0
24.0
75.0
17.0
20.0
27.0
16.0
28.0
23.0
23.0
64.0
17.0
14.0
96.0
41.0
30.0
25.0
32.0
25.0
28.0
23.0
30.0
0.0
27.0
32.0
33.0
48.0
42.0
32.0
36.0
21.0
22.0
74.0
29.0
33.0
62.0
30.0
17.0
12.0
40.0
13.0
52.0
32.0
34.0
11.0
56.0
11.0
13.0
25.0
19.0
30.0
31.0
32.0
20.0
12.0
36.0
32.0
48.0
13.0
107.0
15.0
15.0
81.0
49.0
65.0
24.0
59.0
18.0
45.0
52.0
9.0
12.0
11.0
64.0
22.0
38.0
10.0
40.0
40.0
42.0
32.0
29.0
25.0
30.0
58.0
99.0
37.0
42.0
41.0
9.0
63.0
25.0
40.0
23.0
42.0
24.0
19.0
7.0
6.0
12.0
41.0
24.0
4.0
41.0
38.0
55.0
54.0
18.0
27.0
22.0
12.0
30.0
41.0
37.0
30.0
18.0
10.0
15.0
48.0
41.0
16.0
7.0
51.0
15.0
36.0
24.0
29.0
29.0
13.0
47.0
42.0
49.0
48.0
38.0
68.0
75.0
46.0
40.0
40.0
29.0
24.0
9.0
33.0
4.0
75.0
66.0
21.0
67.0
55.0
37.0
7.0
15.0
26.0
23.0
56.0
4.0
78.0
38.0
23.0
49.0
87.0
48.0
73.0
38.0
32.0
24.0
65.0
12.0
23.0
25.0
42.0
55.0
55.0
17.0
17.0
20.0
37.0
56.0
41.0
14.0
14.0
24.0
38.0
24.0
11.0
38.0
20.0
12.0
17.0
24.0
20.0
49.0
20.0
71.0
13.0
60.0
38.0
45.0
23.0
45.0
53.0
15.0
15.0
29.0
19.0
29.0
62.0
11.0
46.0
65.0
44.0
82.0
46.0
72.0
7.0
58.0
25.0
64.0
27.0
44.0
14.0
56.0
29.0
35.0
44.0
19.0
18.0
70.0
38.0
22.0
25.0
27.0
15.0
70.0
71.0
61.0
37.0
43.0
42.0
24.0
19.0
32.0
25.0
72.0
52.0
65.0
42.0
33.0
71.0
32.0
46.0
56.0
14.0
20.0
32.0
12.0
33.0
24.0
50.0
23.0
67.0
23.0
16.0
62.0
52.0
63.0
26.0
46.0
58.0
58.0
25.0
48.0
37.0
20.0
3.0
16.0
45.0
14.0
40.0
14.0
44.0
28.0
40.0
18.0
99.0
9.0
35.0
27.0
21.0
43.0
10.0
27.0
75.0
22.0
42.0
8.0
27.0
21.0
30.0
66.0
54.0
8.0
32.0
17.0
32.0
18.0
16.0
24.0
81.0
29.0
35.0
64.0
47.0
21.0
48.0
36.0
72.0
33.0
15.0
18.0
51.0
56.0
29.0
34.0
35.0
25.0
59.0
40.0
27.0
67.0
26.0
24.0
39.0
34.0
17.0
48.0
42.0
45.0
34.0
40.0
18.0
117.0
39.0
26.0
17.0
16.0
20.0
51.0
39.0
50.0
71.0
20.0
19.0
21.0
28.0
14.0
13.0
60.0
60.0
21.0
66.0
41.0
14.0
30.0
49.0
63.0
82.0
56.0
57.0
71.0
15.0
26.0
29.0
16.0
35.0
36.0
30.0
64.0
15.0
22.0
48.0
33.0
12.0
44.0
12.0
32.0
9.0
15.0
51.0
16.0
95.0
43.0
47.0
7.0
33.0
41.0
24.0
14.0
5.0
34.0
7.0
39.0
18.0
59.0
17.0
50.0
23.0
22.0
32.0
7.0
29.0
42.0
35.0
10.0
42.0
16.0
14.0
11.0
14.0
27.0
54.0
37.0
20.0
46.0
37.0
28.0
44.0
52.0
69.0
45.0
46.0
38.0
38.0
20.0
8.0
9.0
57.0
23.0
36.0
59.0
26.0
104.0
14.0
58.0
43.0
14.0
27.0
55.0
9.0
30.0
38.0
10.0
47.0
17.0
19.0
17.0
8.0
31.0
45.0
27.0
21.0
22.0
21.0
126.0
27.0
42.0
50.0
40.0
14.0
49.0
14.0
83.0
25.0
39.0
39.0
14.0
15.0
51.0
4.0
59.0
14.0
41.0
32.0
35.0
50.0
37.0
26.0
25.0
18.0
22.0
28.0
37.0
55.0
53.0
17.0
58.0
33.0
18.0
21.0
19.0
12.0
14.0
76.0
44.0
11.0
45.0
58.0
33.0
51.0
16.0
6.0
36.0
8.0
21.0
76.0
54.0
37.0
37.0
15.0
66.0
41.0
12.0
65.0
30.0
26.0
13.0
18.0
14.0
84.0
57.0
54.0
37.0
26.0
44.0
69.0
30.0
45.0
32.0
10.0
42.0
58.0
89.0
42.0
14.0
20.0
53.0
45.0
16.0
17.0
32.0
38.0
19.0
27.0
49.0
38.0
30.0
30.0
6.0
58.0
19.0
14.0
68.0
44.0
55.0
19.0
15.0
35.0
42.0
8.0
17.0
55.0
9.0
18.0
27.0
34.0
109.0
33.0
14.0
35.0
14.0
19.0
32.0
17.0
65.0
13.0
43.0
46.0
17.0
5.0
47.0
35.0
25.0
41.0
15.0
58.0
27.0
35.0
15.0
50.0
2.0
25.0
23.0
56.0
9.0
34.0
84.0
14.0
39.0
40.0
29.0
10.0
33.0
35.0
15.0
32.0
38.0
19.0
11.0
102.0
43.0
38.0
56.0
27.0
43.0
25.0
34.0
35.0
49.0
51.0
40.0
4.0
23.0
24.0
30.0
27.0
31.0
52.0
32.0
35.0
27.0
32.0
14.0
18.0
14.0
20.0
56.0
14.0
25.0
14.0
31.0
30.0
13.0
32.0
32.0
30.0
33.0
53.0
53.0
9.0
34.0
31.0
26.0
88.0
37.0
27.0
16.0
60.0
23.0
18.0
27.0
69.0
19.0
38.0
11.0
35.0
15.0
48.0
29.0
14.0
40.0
44.0
33.0
54.0
29.0
18.0
17.0
35.0
34.0
31.0
10.0
82.0
28.0
18.0
33.0
37.0
17.0
37.0
36.0
28.0
21.0
35.0
21.0
15.0
50.0
18.0
32.0
22.0
25.0
27.0
43.0
23.0
34.0
28.0
25.0
23.0
20.0
39.0
11.0
68.0
15.0
20.0
20.0
46.0
69.0
70.0
32.0
20.0
20.0
68.0
35.0
34.0
12.0
11.0
26.0
33.0
50.0
37.0
33.0
30.0
63.0
29.0
35.0
27.0
13.0
18.0
72.0
8.0
38.0
67.0
46.0
12.0
18.0
35.0
69.0
60.0
35.0
39.0
37.0
35.0
20.0
31.0
75.0
24.0
14.0
9.0
31.0
45.0
28.0
12.0
21.0
26.0
19.0
26.0
52.0
77.0
39.0
58.0
53.0
35.0
38.0
48.0
30.0
53.0
43.0
7.0
23.0
46.0
43.0
17.0
27.0
68.0
30.0
39.0
28.0
21.0
8.0
26.0
2.0
18.0
39.0
48.0
15.0
23.0
59.0
22.0
16.0
14.0
62.0
30.0
21.0
20.0
60.0
17.0
24.0
66.0
14.0
44.0
73.0
28.0
28.0
39.0
21.0
30.0
41.0
13.0
36.0
57.0
34.0
68.0
5.0
19.0
41.0
14.0
64.0
66.0
29.0
37.0
18.0
42.0
45.0
48.0
37.0
8.0
28.0
30.0
34.0
49.0
49.0
54.0
90.0
27.0
65.0
67.0
42.0
51.0
36.0
10.0
105.0
69.0
14.0
36.0
67.0
19.0
88.0
37.0
22.0
30.0
25.0
19.0
30.0
60.0
23.0
37.0
21.0
61.0
20.0
40.0
18.0
50.0
52.0
45.0
50.0
23.0
28.0
28.0
60.0
58.0
14.0
22.0
16.0
28.0
37.0
12.0
19.0
49.0
16.0
23.0
49.0
29.0
41.0
19.0
17.0
41.0
33.0
8.0
53.0
36.0
23.0
20.0
29.0
22.0
24.0
48.0
47.0
48.0
33.0
28.0
45.0
21.0
11.0
24.0
13.0
33.0
60.0
34.0
20.0
48.0
14.0
28.0
10.0
58.0
40.0
26.0
59.0
40.0
29.0
10.0
43.0
81.0
117.0
19.0
9.0
19.0
17.0
54.0
29.0
96.0
63.0
49.0
35.0
60.0
15.0
98.0
49.0
9.0
31.0
15.0
81.0
13.0
28.0
12.0
52.0
64.0
74.0
21.0
29.0
18.0
24.0
31.0
56.0
20.0
12.0
36.0
68.0
35.0
46.0
46.0
26.0
45.0
55.0
30.0
11.0
32.0
25.0
46.0
44.0
24.0
7.0
23.0
33.0
26.0
21.0
21.0
33.0
63.0
56.0
48.0
13.0
35.0
19.0
47.0
37.0
23.0
30.0
28.0
29.0
56.0
7.0
58.0
42.0
36.0
65.0
30.0
9.0
46.0
8.0
18.0
33.0
71.0
50.0
33.0
58.0
27.0
36.0
57.0
42.0
72.0
26.0
50.0
28.0
28.0
9.0
118.0
66.0
16.0
33.0
15.0
17.0
78.0
14.0
51.0
69.0
13.0
20.0
42.0
33.0
17.0
19.0
42.0
44.0
88.0
85.0
30.0
8.0
48.0
27.0
66.0
50.0
22.0
12.0
22.0
58.0
38.0
35.0
47.0
11.0
103.0
56.0
13.0
6.0
14.0
101.0
19.0
22.0
25.0
44.0
32.0
11.0
32.0
19.0
30.0
39.0
45.0
99.0
27.0
31.0
38.0
26.0
2.0
49.0
16.0
28.0
16.0
10.0
63.0
32.0
35.0
33.0
48.0
25.0
34.0
5.0
47.0
18.0
27.0
15.0
43.0
17.0
44.0
19.0
47.0
18.0
69.0
28.0
5.0
61.0
55.0
39.0
6.0
16.0
56.0
54.0
25.0
36.0
36.0
60.0
30.0
25.0
13.0
56.0
75.0
21.0
109.0
43.0
94.0
33.0
34.0
51.0
27.0
35.0
40.0
16.0
16.0
103.0
57.0
34.0
32.0
42.0
66.0
34.0
25.0
9.0
80.0
23.0
47.0
59.0
31.0
14.0
25.0
81.0
19.0
31.0
33.0
17.0
34.0
26.0
24.0
33.0
15.0
22.0
24.0
13.0
39.0
37.0
7.0
50.0
40.0
60.0
69.0
33.0
26.0
31.0
62.0
16.0
33.0
43.0
19.0
25.0
21.0
82.0
28.0
69.0
27.0
28.0
24.0
21.0
59.0
27.0
110.0
29.0
14.0
25.0
28.0
28.0
33.0
9.0
48.0
110.0
27.0
23.0
66.0
50.0
53.0
53.0
16.0
7.0
113.0
37.0
9.0
58.0
36.0
21.0
42.0
12.0
55.0
59.0
23.0
94.0
25.0
37.0
67.0
78.0
43.0
35.0
27.0
81.0
70.0
15.0
19.0
30.0
34.0
16.0
31.0
58.0
32.0
50.0
20.0
44.0
16.0
80.0
51.0
31.0
15.0
37.0
36.0
37.0
22.0
28.0
34.0
26.0
39.0
11.0
38.0
35.0
30.0
79.0
12.0
19.0
16.0
15.0
68.0
44.0
33.0
38.0
19.0
31.0
40.0
32.0
22.0
49.0
63.0
63.0
34.0
7.0
51.0
28.0
56.0
34.0
37.0
40.0
28.0
46.0
33.0
24.0
12.0
6.0
40.0
42.0
54.0
35.0
65.0
21.0
84.0
55.0
60.0
60.0
53.0
44.0
14.0
21.0
71.0
32.0
22.0
14.0
41.0
74.0
35.0
57.0
16.0
6.0
43.0
53.0
21.0
32.0
41.0
29.0
49.0
62.0
27.0
109.0
39.0
47.0
69.0
30.0
59.0
18.0
42.0
29.0
26.0
47.0
16.0
38.0
16.0
33.0
18.0
28.0
27.0
17.0
18.0
27.0
26.0
19.0
37.0
36.0
36.0
31.0
39.0
9.0
36.0
30.0
30.0
27.0
36.0
24.0
23.0
19.0
17.0
50.0
64.0
28.0
46.0
36.0
21.0
9.0
56.0
67.0
43.0
32.0
9.0
32.0
18.0
54.0
15.0
62.0
32.0
32.0
13.0
56.0
23.0
9.0
62.0
19.0
17.0
26.0
44.0
41.0
14.0
50.0
20.0
31.0
7.0
54.0
22.0
65.0
36.0
8.0
13.0
28.0
32.0
58.0
90.0
16.0
20.0
13.0
69.0
38.0
13.0
36.0
18.0
59.0
17.0
31.0
48.0
84.0
34.0
9.0
27.0
21.0
42.0
39.0
27.0
79.0
30.0
17.0
13.0
52.0
72.0
37.0
27.0
26.0
8.0
32.0
53.0
35.0
27.0
32.0
10.0
32.0
9.0
46.0
63.0
18.0
6.0
10.0
27.0
39.0
31.0
45.0
17.0
58.0
44.0
22.0
24.0
36.0
39.0
131.0
37.0
64.0
51.0
22.0
11.0
29.0
41.0
55.0
25.0
51.0
14.0
26.0
57.0
25.0
32.0
37.0
27.0
61.0
20.0
6.0
22.0
43.0
34.0
44.0
21.0
37.0
32.0
25.0
25.0
33.0
42.0
14.0
56.0
42.0
54.0
46.0
24.0
10.0
32.0
28.0
36.0
35.0
63.0
22.0
20.0
3.0
32.0
48.0
28.0
37.0
23.0
47.0
35.0
17.0
22.0
41.0
154.0
37.0
20.0
22.0
31.0
60.0
38.0
24.0
25.0
24.0
15.0
12.0
59.0
40.0
11.0
34.0
6.0
50.0
30.0
55.0
46.0
31.0
2.0
29.0
32.0
75.0
25.0
27.0
16.0
33.0
72.0
41.0
15.0
40.0
43.0
32.0
25.0
72.0
22.0
24.0
27.0
36.0
26.0
28.0
66.0
29.0
16.0
24.0
20.0
26.0
33.0
34.0
51.0
2.0
15.0
17.0
20.0
22.0
16.0
16.0
33.0
31.0
37.0
55.0
13.0
38.0
43.0
24.0
42.0
14.0
39.0
44.0
26.0
58.0
18.0
18.0
6.0
50.0
71.0
30.0
33.0
40.0
34.0
27.0
22.0
17.0
43.0
52.0
30.0
40.0
26.0
28.0
34.0
11.0
16.0
49.0
60.0
50.0
24.0
28.0
5.0
49.0
18.0
32.0
21.0
33.0
16.0
32.0
15.0
21.0
14.0
23.0
20.0
36.0
20.0
22.0
54.0
19.0
7.0
93.0
65.0
46.0
18.0
31.0
27.0
40.0
16.0
28.0
21.0
30.0
51.0
27.0
39.0
68.0
26.0
16.0
28.0
20.0
18.0
28.0
19.0
30.0
42.0
17.0
53.0
18.0
67.0
54.0
24.0
15.0
22.0
42.0
24.0
20.0
34.0
26.0
60.0
22.0
52.0
45.0
27.0
20.0
28.0
8.0
19.0
62.0
43.0
20.0
46.0
56.0
15.0
33.0
17.0
47.0
13.0
12.0
13.0
42.0
29.0
71.0
7.0
31.0
24.0
41.0
52.0
21.0
30.0
47.0
29.0
13.0
40.0
15.0
44.0
39.0
41.0
37.0
42.0
56.0
21.0
63.0
41.0
41.0
8.0
27.0
17.0
33.0
35.0
25.0
31.0
32.0
14.0
54.0
33.0
13.0
17.0
42.0
17.0
39.0
17.0
4.0
24.0
29.0
41.0
39.0
77.0
52.0
34.0
10.0
34.0
26.0
16.0
70.0
38.0
22.0
47.0
19.0
6.0
18.0
23.0
22.0
17.0
14.0
7.0
23.0
17.0
31.0
20.0
62.0
20.0
23.0
40.0
23.0
65.0
25.0
16.0
55.0
39.0
20.0
22.0
39.0
35.0
10.0
33.0
16.0
45.0
45.0
34.0
40.0
19.0
38.0
48.0
24.0
41.0
34.0
38.0
30.0
9.0
46.0
18.0
16.0
48.0
11.0
64.0
6.0
71.0
25.0
56.0
16.0
38.0
23.0
37.0
31.0
51.0
71.0
32.0
32.0
17.0
8.0
42.0
51.0
18.0
38.0
32.0
25.0
9.0
35.0
34.0
69.0
16.0
46.0
50.0
20.0
69.0
35.0
28.0
67.0
15.0
29.0
102.0
15.0
36.0
11.0
72.0
122.0
77.0
23.0
44.0
15.0
26.0
10.0
55.0
38.0
20.0
16.0
67.0
55.0
47.0
38.0
41.0
78.0
34.0
37.0
38.0
23.0
30.0
27.0
23.0
16.0
67.0
25.0
48.0
27.0
33.0
32.0
11.0
46.0
32.0
30.0
16.0
31.0
29.0
40.0
42.0
54.0
55.0
43.0
43.0
12.0
23.0
37.0
70.0
40.0
35.0
26.0
23.0
37.0
46.0
65.0
38.0
40.0
32.0
47.0
83.0
13.0
52.0
10.0
26.0
37.0
84.0
30.0
95.0
37.0
65.0
23.0
31.0
20.0
23.0
35.0
32.0
42.0
12.0
51.0
24.0
83.0
23.0
52.0
67.0
34.0
23.0
41.0
72.0
28.0
101.0
13.0
17.0
54.0
58.0
107.0
16.0
13.0
24.0
118.0
12.0
27.0
23.0
42.0
11.0
48.0
9.0
30.0
24.0
28.0
26.0
19.0
68.0
60.0
13.0
21.0
40.0
66.0
46.0
27.0
50.0
26.0
55.0
58.0
24.0
24.0
33.0
32.0
33.0
23.0
33.0
57.0
37.0
35.0
34.0
32.0
36.0
53.0
19.0
45.0
56.0
62.0
21.0
11.0
70.0
64.0
29.0
15.0
40.0
21.0
62.0
41.0
57.0
107.0
40.0
50.0
27.0
45.0
35.0
35.0
9.0
40.0
42.0
15.0
75.0
52.0
31.0
91.0
40.0
18.0
14.0
29.0
28.0
31.0
37.0
54.0
14.0
32.0
68.0
47.0
91.0
31.0
26.0
23.0
14.0
25.0
69.0
21.0
172.0
55.0
80.0
8.0
5.0
22.0
36.0
30.0
79.0
70.0
11.0
9.0
37.0
43.0
58.0
60.0
36.0
74.0
55.0
40.0
21.0
12.0
17.0
11.0
31.0
16.0
32.0
46.0
16.0
50.0
44.0
37.0
23.0
74.0
53.0
19.0
6.0
41.0
30.0
19.0
35.0
34.0
61.0
12.0
73.0
12.0
38.0
6.0
32.0
38.0
30.0
25.0
28.0
23.0
18.0
18.0
11.0
22.0
61.0
41.0
24.0
69.0
31.0
12.0
8.0
16.0
101.0
41.0
8.0
54.0
88.0
23.0
20.0
54.0
45.0
29.0
31.0
21.0
69.0
26.0
31.0
64.0
39.0
58.0
24.0
70.0
17.0
61.0
38.0
36.0
72.0
61.0
72.0
5.0
88.0
12.0
14.0
37.0
53.0
16.0
121.0
33.0
77.0
31.0
47.0
43.0
23.0
20.0
27.0
34.0
15.0
52.0
33.0
9.0
51.0
31.0
30.0
49.0
29.0
18.0
27.0
18.0
15.0
8.0
13.0
73.0
48.0
36.0
35.0
49.0
35.0
21.0
25.0
6.0
16.0
32.0
50.0
83.0
166.0
10.0
65.0
52.0
30.0
28.0
14.0
33.0
64.0
15.0
52.0
25.0
27.0
26.0
70.0
56.0
32.0
41.0
15.0
10.0
84.0
29.0
30.0
27.0
29.0
24.0
36.0
22.0
6.0
46.0
15.0
83.0
47.0
53.0
13.0
73.0
28.0
40.0
57.0
28.0
10.0
39.0
30.0
14.0
55.0
28.0
44.0
77.0
12.0
23.0
20.0
68.0
12.0
12.0
20.0
31.0
64.0
11.0
70.0
28.0
9.0
37.0
48.0
34.0
21.0
40.0
48.0
43.0
24.0
53.0
71.0
13.0
43.0
12.0
9.0
27.0
41.0
54.0
16.0
40.0
75.0
30.0
26.0
68.0
30.0
7.0
44.0
10.0
19.0
35.0
36.0
25.0
47.0
49.0
24.0
22.0
21.0
97.0
22.0
40.0
20.0
33.0
46.0
19.0
55.0
13.0
15.0
42.0
73.0
25.0
28.0
21.0
28.0
28.0
18.0
21.0
6.0
20.0
31.0
21.0
39.0
35.0
7.0
53.0
50.0
23.0
55.0
48.0
8.0
12.0
48.0
5.0
66.0
49.0
31.0
82.0
29.0
14.0
84.0
30.0
45.0
14.0
26.0
38.0
21.0
19.0
11.0
54.0
28.0
28.0
18.0
58.0
29.0
21.0
42.0
34.0
75.0
19.0
31.0
33.0
35.0
71.0
45.0
29.0
21.0
9.0
11.0
42.0
13.0
21.0
28.0
74.0
18.0
37.0
16.0
45.0
19.0
33.0
14.0
15.0
77.0
18.0
23.0
37.0
32.0
16.0
95.0
8.0
39.0
18.0
21.0
12.0
26.0
42.0
58.0
49.0
24.0
72.0
14.0
30.0
7.0
28.0
35.0
17.0
19.0
17.0
64.0
50.0
21.0
77.0
22.0
35.0
11.0
36.0
38.0
26.0
33.0
20.0
31.0
15.0
28.0
26.0
40.0
52.0
25.0
17.0
39.0
28.0
75.0
7.0
13.0
32.0
29.0
9.0
23.0
10.0
33.0
148.0
78.0
84.0
24.0
38.0
42.0
51.0
31.0
21.0
79.0
44.0
28.0
37.0
33.0
48.0
31.0
51.0
22.0
20.0
13.0
55.0
11.0
14.0
55.0
22.0
45.0
34.0
93.0
40.0
14.0
35.0
47.0
104.0
22.0
21.0
52.0
20.0
10.0
81.0
29.0
27.0
29.0
35.0
28.0
18.0
21.0
24.0
30.0
12.0
101.0
29.0
16.0
42.0
69.0
12.0
69.0
23.0
30.0
50.0
58.0
34.0
8.0
33.0
18.0
23.0
20.0
18.0
28.0
32.0
79.0
82.0
49.0
36.0
32.0
65.0
38.0
86.0
33.0
26.0
52.0
50.0
42.0
8.0
34.0
16.0
13.0
47.0
8.0
19.0
79.0
20.0
37.0
22.0
30.0
54.0
11.0
19.0
19.0
25.0
11.0
109.0
10.0
39.0
12.0
26.0
37.0
30.0
77.0
16.0
47.0
50.0
40.0
43.0
63.0
15.0
69.0
35.0
58.0
10.0
22.0
63.0
39.0
14.0
33.0
36.0
20.0
23.0
12.0
42.0
39.0
52.0
45.0
101.0
21.0
41.0
11.0
23.0
65.0
27.0
38.0
30.0
67.0
33.0
17.0
31.0
42.0
14.0
14.0
50.0
23.0
22.0
32.0
17.0
36.0
34.0
39.0
30.0
7.0
51.0
19.0
26.0
21.0
18.0
28.0
30.0
21.0
69.0
33.0
4.0
11.0
53.0
41.0
23.0
42.0
26.0
60.0
54.0
27.0
109.0
57.0
24.0
35.0
25.0
59.0
21.0
9.0
34.0
68.0
36.0
33.0
12.0
43.0
44.0
50.0
42.0
18.0
47.0
30.0
46.0
13.0
5.0
33.0
47.0
34.0
46.0
28.0
23.0
16.0
33.0
50.0
50.0
30.0
32.0
31.0
50.0
24.0
45.0
89.0
44.0
24.0
21.0
47.0
34.0
8.0
13.0
69.0
11.0
37.0
41.0
56.0
40.0
26.0
35.0
24.0
29.0
20.0
65.0
19.0
32.0
22.0
17.0
43.0
26.0
33.0
16.0
25.0
61.0
16.0
28.0
33.0
18.0
15.0
8.0
35.0
27.0
51.0
21.0
6.0
18.0
18.0
93.0
50.0
20.0
45.0
29.0
29.0
48.0
42.0
59.0
41.0
23.0
61.0
18.0
42.0
67.0
51.0
34.0
6.0
37.0
54.0
26.0
34.0
36.0
26.0
29.0
95.0
8.0
21.0
30.0
24.0
35.0
16.0
6.0
19.0
18.0
24.0
33.0
13.0
19.0
22.0
65.0
21.0
6.0
37.0
38.0
75.0
24.0
54.0
79.0
20.0
68.0
22.0
32.0
70.0
21.0
20.0
16.0
29.0
26.0
36.0
28.0
12.0
33.0
22.0
14.0
9.0
40.0
41.0
106.0
15.0
27.0
70.0
22.0
13.0
44.0
36.0
52.0
8.0
106.0
28.0
42.0
20.0
32.0
37.0
22.0
24.0
58.0
52.0
23.0
47.0
6.0
37.0
23.0
15.0
33.0
41.0
9.0
42.0
58.0
7.0
57.0
27.0
31.0
40.0
27.0
23.0
13.0
17.0
28.0
76.0
16.0
64.0
21.0
64.0
17.0
23.0
16.0
81.0
145.0
26.0
51.0
16.0
21.0
57.0
22.0
79.0
49.0
20.0
21.0
45.0
12.0
8.0
22.0
12.0
38.0
11.0
36.0
21.0
51.0
17.0
16.0
26.0
47.0
76.0
44.0
70.0
22.0
31.0
12.0
29.0
6.0
25.0
54.0
47.0
28.0
26.0
145.0
27.0
23.0
13.0
12.0
16.0
27.0
35.0
14.0
17.0
29.0
31.0
21.0
40.0
43.0
27.0
50.0
10.0
22.0
29.0
19.0
33.0
65.0
30.0
19.0
97.0
36.0
72.0
61.0
12.0
24.0
70.0
14.0
23.0
21.0
77.0
23.0
30.0
74.0
67.0
32.0
24.0
1.0
66.0
25.0
14.0
32.0
44.0
47.0
38.0
22.0
27.0
42.0
18.0
29.0
15.0
78.0
68.0
89.0
16.0
64.0
37.0
60.0
48.0
38.0
5.0
43.0
34.0
49.0
42.0
23.0
78.0
27.0
25.0
83.0
47.0
55.0
33.0
28.0
61.0
28.0
30.0
11.0
27.0
48.0
25.0
17.0
32.0
41.0
62.0
20.0
15.0
66.0
49.0
18.0
12.0
28.0
18.0
60.0
10.0
17.0
15.0
15.0
43.0
19.0
67.0
37.0
33.0
28.0
35.0
52.0
34.0
63.0
43.0
12.0
35.0
35.0
47.0
52.0
13.0
24.0
50.0
29.0
21.0
109.0
142.0
67.0
5.0
44.0
73.0
32.0
19.0
18.0
7.0
33.0
136.0
32.0
22.0
73.0
11.0
35.0
21.0
100.0
25.0
29.0
41.0
24.0
56.0
10.0
42.0
62.0
70.0
25.0
49.0
25.0
17.0
71.0
63.0
4.0
31.0
65.0
20.0
76.0
59.0
28.0
44.0
15.0
16.0
38.0
32.0
27.0
102.0
19.0
73.0
57.0
17.0
24.0
11.0
40.0
64.0
65.0
38.0
27.0
35.0
58.0
83.0
50.0
35.0
25.0
24.0
15.0
8.0
25.0
8.0
29.0
43.0
31.0
20.0
37.0
53.0
11.0
69.0
27.0
45.0
19.0
57.0
30.0
30.0
20.0
36.0
23.0
11.0
37.0
43.0
62.0
116.0
111.0
55.0
24.0
21.0
13.0
12.0
13.0
10.0
64.0
87.0
101.0
64.0
12.0
21.0
40.0
34.0
38.0
23.0
9.0
34.0
14.0
22.0
79.0
75.0
31.0
49.0
14.0
14.0
36.0
33.0
74.0
37.0
23.0
23.0
14.0
53.0
47.0
49.0
43.0
19.0
14.0
19.0
208.0
64.0
34.0
10.0
66.0
37.0
18.0
58.0
9.0
11.0
26.0
8.0
86.0
55.0
81.0
53.0
14.0
28.0
12.0
12.0
27.0
36.0
20.0
35.0
58.0
45.0
77.0
12.0
31.0
96.0
45.0
21.0
72.0
6.0
50.0
61.0
14.0
49.0
7.0
9.0
20.0
55.0
140.0
10.0
16.0
23.0
23.0
47.0
29.0
38.0
23.0
51.0
19.0
41.0
45.0
25.0
19.0
73.0
63.0
71.0
41.0
90.0
9.0
25.0
16.0
30.0
20.0
16.0
26.0
58.0
6.0
92.0
33.0
75.0
12.0
33.0
85.0
12.0
13.0
21.0
51.0
90.0
27.0
92.0
38.0
31.0
24.0
8.0
37.0
41.0
26.0
25.0
16.0
41.0
32.0
45.0
32.0
28.0
71.0
17.0
72.0
72.0
31.0
31.0
31.0
44.0
27.0
16.0
44.0
37.0
146.0
35.0
36.0
45.0
23.0
21.0
28.0
32.0
33.0
37.0
25.0
73.0
40.0
39.0
29.0
25.0
2.0
36.0
11.0
25.0
31.0
15.0
23.0
23.0
107.0
79.0
7.0
36.0
14.0
23.0
62.0
14.0
39.0
19.0
39.0
380.0
33.0
23.0
19.0
39.0
41.0
39.0
17.0
15.0
63.0
54.0
25.0
19.0
88.0
18.0
33.0
25.0
23.0
90.0
17.0
63.0
19.0
36.0
37.0
13.0
26.0
41.0
4.0
21.0
96.0
68.0
33.0
22.0
43.0
71.0
14.0
24.0
26.0
34.0
15.0
42.0
34.0
24.0
62.0
16.0
21.0
17.0
26.0
23.0
54.0
141.0
18.0
59.0
17.0
65.0
6.0
38.0
34.0
19.0
38.0
42.0
91.0
90.0
42.0
20.0
43.0
20.0
45.0
16.0
45.0
43.0
35.0
20.0
19.0
51.0
13.0
29.0
26.0
72.0
8.0
37.0
15.0
39.0
22.0
13.0
7.0
43.0
15.0
26.0
29.0
33.0
19.0
53.0
233.0
61.0
9.0
23.0
25.0
13.0
41.0
86.0
89.0
29.0
98.0
29.0
49.0
17.0
32.0
59.0
43.0
45.0
17.0
23.0
41.0
22.0
35.0
50.0
33.0
7.0
15.0
67.0
17.0
33.0
16.0
13.0
25.0
50.0
56.0
48.0
20.0
31.0
22.0
25.0
61.0
70.0
9.0
33.0
152.0
53.0
9.0
12.0
25.0
21.0
12.0
102.0
74.0
44.0
62.0
28.0
42.0
47.0
23.0
20.0
38.0
18.0
40.0
68.0
10.0
30.0
24.0
68.0
17.0
50.0
16.0
17.0
46.0
98.0
6.0
21.0
45.0
22.0
27.0
25.0
4.0
100.0
32.0
38.0
14.0
22.0
18.0
29.0
37.0
18.0
22.0
166.0
19.0
36.0
39.0
39.0
56.0
31.0
22.0
36.0
19.0
25.0
35.0
11.0
30.0
58.0
29.0
25.0
113.0
14.0
36.0
32.0
20.0
30.0
36.0
18.0
111.0
28.0
115.0
31.0
50.0
19.0
39.0
78.0
38.0
39.0
28.0
28.0
24.0
23.0
39.0
28.0
6.0
68.0
7.0
33.0
38.0
15.0
50.0
95.0
81.0
38.0
31.0
20.0
14.0
22.0
11.0
26.0
22.0
9.0
53.0
28.0
13.0
40.0
14.0
40.0
101.0
87.0
20.0
28.0
42.0
34.0
69.0
17.0
25.0
98.0
45.0
21.0
19.0
59.0
108.0
19.0
8.0
16.0
19.0
53.0
28.0
13.0
40.0
40.0
30.0
32.0
33.0
28.0
36.0
30.0
50.0
75.0
33.0
130.0
15.0
46.0
42.0
27.0
33.0
23.0
43.0
27.0
25.0
41.0
41.0
55.0
17.0
22.0
16.0
75.0
12.0
49.0
25.0
34.0
7.0
21.0
68.0
35.0
32.0
50.0
18.0
22.0
50.0
20.0
47.0
5.0
12.0
56.0
42.0
22.0
11.0
17.0
64.0
50.0
32.0
68.0
48.0
15.0
9.0
14.0
63.0
15.0
28.0
18.0
99.0
14.0
49.0
18.0
72.0
6.0
29.0
10.0
34.0
13.0
33.0
18.0
88.0
37.0
35.0
7.0
15.0
62.0
24.0
40.0
68.0
27.0
42.0
115.0
16.0
76.0
32.0
9.0
27.0
25.0
17.0
34.0
44.0
26.0
34.0
60.0
36.0
37.0
40.0
136.0
25.0
5.0
30.0
21.0
34.0
18.0
22.0
36.0
65.0
33.0
24.0
42.0
22.0
19.0
65.0
33.0
47.0
47.0
59.0
43.0
50.0
15.0
40.0
24.0
38.0
10.0
29.0
36.0
22.0
15.0
55.0
22.0
62.0
60.0
18.0
31.0
50.0
19.0
42.0
37.0
6.0
10.0
70.0
10.0
15.0
46.0
60.0
20.0
78.0
34.0
15.0
88.0
30.0
23.0
11.0
25.0
35.0
28.0
32.0
39.0
24.0
11.0
21.0
39.0
29.0
34.0
21.0
14.0
29.0
52.0
19.0
60.0
40.0
11.0
30.0
17.0
88.0
16.0
37.0
14.0
67.0
1.0
11.0
62.0
45.0
30.0
67.0
58.0
56.0
76.0
31.0
22.0
17.0
41.0
21.0
20.0
14.0
54.0
97.0
27.0
25.0
37.0
26.0
38.0
24.0
12.0
5.0
24.0
62.0
61.0
3.0
57.0
28.0
24.0
16.0
15.0
49.0
41.0
32.0
60.0
43.0
79.0
7.0
15.0
4.0
41.0
17.0
18.0
14.0
15.0
25.0
80.0
27.0
52.0
41.0
57.0
117.0
16.0
23.0
10.0
24.0
22.0
31.0
11.0
14.0
14.0
29.0
38.0
42.0
12.0
19.0
14.0
77.0
21.0
59.0
28.0
37.0
59.0
13.0
31.0
8.0
20.0
38.0
24.0
19.0
19.0
45.0
34.0
31.0
10.0
23.0
67.0
41.0
27.0
13.0
32.0
70.0
30.0
29.0
36.0
22.0
25.0
11.0
29.0
41.0
24.0
21.0
42.0
37.0
52.0
28.0
56.0
39.0
41.0
43.0
26.0
45.0
65.0
65.0
12.0
5.0
81.0
64.0
27.0
6.0
8.0
9.0
58.0
64.0
36.0
44.0
47.0
28.0
23.0
8.0
95.0
20.0
12.0
15.0
13.0
25.0
25.0
56.0
38.0
37.0
14.0
9.0
69.0
67.0
43.0
64.0
97.0
31.0
22.0
43.0
8.0
46.0
16.0
21.0
16.0
98.0
35.0
3.0
19.0
32.0
32.0
29.0
15.0
26.0
22.0
24.0
11.0
62.0
31.0
24.0
42.0
13.0
4.0
37.0
34.0
13.0
38.0
23.0
21.0
16.0
18.0
17.0
44.0
57.0
35.0
48.0
65.0
33.0
8.0
30.0
59.0
59.0
18.0
35.0
6.0
29.0
186.0
25.0
30.0
35.0
14.0
50.0
36.0
28.0
42.0
44.0
47.0
74.0
27.0
53.0
11.0
19.0
10.0
89.0
68.0
3.0
16.0
16.0
42.0
19.0
27.0
16.0
75.0
13.0
32.0
39.0
27.0
34.0
22.0
49.0
9.0
27.0
12.0
74.0
25.0
40.0
12.0
37.0
8.0
123.0
76.0
22.0
59.0
100.0
72.0
13.0
23.0
49.0
26.0
30.0
24.0
32.0
17.0
68.0
17.0
24.0
12.0
61.0
25.0
23.0
53.0
12.0
5.0
78.0
15.0
52.0
37.0
73.0
14.0
14.0
4.0
27.0
41.0
15.0
26.0
18.0
39.0
66.0
72.0
16.0
66.0
52.0
28.0
33.0
28.0
26.0
17.0
12.0
59.0
17.0
29.0
11.0
42.0
17.0
46.0
62.0
74.0
11.0
62.0
39.0
51.0
30.0
23.0
25.0
15.0
63.0
15.0
43.0
56.0
22.0
72.0
45.0
32.0
36.0
87.0
44.0
15.0
47.0
13.0
64.0
20.0
17.0
15.0
22.0
35.0
39.0
40.0
11.0
17.0
42.0
8.0
21.0
32.0
3.0
5.0
24.0
32.0
32.0
10.0
37.0
32.0
232.0
4.0
36.0
6.0
187.0
51.0
30.0
41.0
12.0
56.0
28.0
71.0
53.0
22.0
55.0
30.0
7.0
51.0
20.0
20.0
60.0
13.0
189.0
14.0
27.0
16.0
45.0
29.0
71.0
52.0
45.0
21.0
45.0
62.0
16.0
53.0
28.0
36.0
54.0
167.0
12.0
44.0
13.0
13.0
75.0
54.0
35.0
62.0
10.0
42.0
24.0
84.0
27.0
33.0
21.0
13.0
37.0
66.0
15.0
85.0
16.0
64.0
18.0
17.0
37.0
46.0
29.0
26.0
17.0
27.0
33.0
17.0
22.0
36.0
28.0
110.0
77.0
50.0
7.0
46.0
45.0
36.0
43.0
32.0
29.0
34.0
51.0
42.0
15.0
134.0
28.0
22.0
38.0
37.0
32.0
31.0
27.0
79.0
35.0
13.0
12.0
25.0
44.0
66.0
77.0
163.0
22.0
243.0
49.0
77.0
75.0
19.0
19.0
24.0
10.0
70.0
50.0
85.0
30.0
13.0
8.0
55.0
62.0
24.0
38.0
674.0
32.0
20.0
15.0
32.0
13.0
17.0
40.0
23.0
25.0
6.0
50.0
48.0
22.0
92.0
31.0
128.0
13.0
36.0
27.0
92.0
47.0
16.0
52.0
26.0
9.0
12.0
21.0
37.0
44.0
11.0
64.0
10.0
19.0
24.0
21.0
6.0
75.0
36.0
21.0
24.0
51.0
34.0
27.0
37.0
26.0
10.0
91.0
43.0
41.0
36.0
93.0
37.0
13.0
24.0
134.0
44.0
27.0
30.0
47.0
46.0
54.0
45.0
33.0
15.0
16.0
63.0
62.0
9.0
87.0
25.0
23.0
69.0
43.0
82.0
49.0
27.0
24.0
9.0
25.0
44.0
36.0
20.0
9.0
576.0
63.0
70.0
27.0
20.0
30.0
6.0
86.0
39.0
57.0
23.0
28.0
43.0
29.0
36.0
75.0
19.0
83.0
14.0
18.0
46.0
35.0
38.0
16.0
8.0
21.0
95.0
22.0
37.0
134.0
29.0
26.0
46.0
13.0
15.0
34.0
7.0
8.0
30.0
55.0
22.0
30.0
30.0
17.0
11.0
20.0
26.0
42.0
42.0
52.0
41.0
55.0
46.0
18.0
173.0
11.0
48.0
80.0
13.0
48.0
47.0
91.0
28.0
19.0
92.0
49.0
15.0
23.0
35.0
40.0
88.0
14.0
14.0
75.0
38.0
19.0
67.0
22.0
14.0
13.0
16.0
41.0
19.0
18.0
27.0
90.0
20.0
20.0
6.0
11.0
39.0
19.0
40.0
29.0
41.0
24.0
60.0
20.0
29.0
67.0
57.0
24.0
73.0
125.0
11.0
27.0
17.0
167.0
19.0
69.0
14.0
20.0
44.0
41.0
17.0
66.0
9.0
25.0
35.0
25.0
17.0
10.0
15.0
45.0
30.0
42.0
29.0
22.0
58.0
35.0
16.0
18.0
40.0
10.0
35.0
21.0
53.0
61.0
8.0
74.0
44.0
74.0
43.0
51.0
56.0
61.0
17.0
35.0
14.0
39.0
39.0
37.0
26.0
27.0
40.0
21.0
22.0
64.0
26.0
20.0
24.0
27.0
45.0
16.0
49.0
125.0
31.0
84.0
13.0
25.0
26.0
66.0
28.0
11.0
16.0
24.0
78.0
27.0
38.0
46.0
10.0
23.0
40.0
16.0
49.0
29.0
58.0
45.0
71.0
26.0
77.0
31.0
7.0
26.0
10.0
120.0
25.0
4.0
53.0
7.0
27.0
43.0
30.0
26.0
23.0
70.0
13.0
57.0
17.0
17.0
78.0
76.0
30.0
24.0
47.0
33.0
29.0
26.0
23.0
53.0
8.0
65.0
24.0
29.0
27.0
21.0
21.0
45.0
13.0
20.0
70.0
1.0
33.0
57.0
14.0
55.0
53.0
21.0
10.0
41.0
114.0
62.0
48.0
16.0
74.0
79.0
13.0
12.0
13.0
22.0
30.0
78.0
22.0
30.0
15.0
40.0
17.0
28.0
23.0
23.0
83.0
17.0
22.0
79.0
52.0
22.0
54.0
16.0
31.0
23.0
18.0
34.0
53.0
27.0
39.0
68.0
24.0
19.0
100.0
6.0
59.0
24.0
75.0
58.0
46.0
57.0
35.0
37.0
34.0
74.0
19.0
33.0
60.0
76.0
17.0
23.0
12.0
17.0
8.0
24.0
46.0
7.0
18.0
19.0
56.0
39.0
27.0
49.0
32.0
20.0
25.0
86.0
45.0
43.0
58.0
21.0
36.0
30.0
28.0
65.0
43.0
87.0
14.0
22.0
18.0
69.0
27.0
15.0
34.0
14.0
19.0
21.0
17.0
10.0
17.0
78.0
31.0
87.0
22.0
14.0
17.0
6.0
72.0
10.0
31.0
30.0
31.0
86.0
25.0
35.0
37.0
45.0
35.0
23.0
12.0
10.0
11.0
13.0
130.0
56.0
14.0
34.0
14.0
35.0
3.0
8.0
16.0
75.0
34.0
9.0
42.0
42.0
12.0
20.0
64.0
21.0
115.0
101.0
14.0
14.0
49.0
16.0
56.0
49.0
78.0
42.0
10.0
45.0
13.0
36.0
26.0
42.0
38.0
17.0
29.0
37.0
61.0
32.0
9.0
25.0
25.0
67.0
26.0
112.0
14.0
41.0
20.0
106.0
21.0
33.0
17.0
24.0
63.0
98.0
32.0
15.0
23.0
33.0
30.0
11.0
59.0
55.0
28.0
90.0
27.0
22.0
18.0
39.0
33.0
17.0
18.0
23.0
30.0
11.0
24.0
9.0
79.0
18.0
24.0
30.0
73.0
67.0
66.0
28.0
13.0
38.0
62.0
34.0
23.0
39.0
112.0
62.0
15.0
30.0
28.0
42.0
18.0
9.0
17.0
31.0
23.0
19.0
55.0
69.0
14.0
6.0
61.0
6.0
12.0
15.0
11.0
76.0
27.0
94.0
13.0
23.0
100.0
53.0
41.0
38.0
58.0
39.0
16.0
95.0
19.0
15.0
13.0
28.0
37.0
28.0
11.0
20.0
21.0
30.0
6.0
76.0
26.0
26.0
19.0
52.0
12.0
75.0
29.0
16.0
7.0
17.0
34.0
70.0
86.0
9.0
58.0
34.0
33.0
30.0
40.0
15.0
77.0
47.0
48.0
33.0
17.0
30.0
75.0
20.0
26.0
35.0
19.0
37.0
38.0
22.0
28.0
63.0
24.0
20.0
75.0
22.0
21.0
13.0
56.0
14.0
85.0
28.0
51.0
13.0
67.0
21.0
25.0
20.0
12.0
15.0
13.0
27.0
16.0
18.0
20.0
21.0
12.0
24.0
6.0
55.0
8.0
14.0
15.0
65.0
26.0
147.0
22.0
37.0
29.0
68.0
59.0
32.0
25.0
22.0
3.0
13.0
29.0
13.0
56.0
28.0
44.0
44.0
9.0
33.0
18.0
18.0
21.0
41.0
94.0
50.0
25.0
8.0
32.0
16.0
29.0
13.0
14.0
62.0
12.0
101.0
21.0
111.0
48.0
12.0
26.0
9.0
36.0
11.0
20.0
19.0
9.0
19.0
27.0
290.0
37.0
63.0
37.0
5.0
50.0
6.0
32.0
7.0
47.0
32.0
40.0
9.0
36.0
12.0
17.0
16.0
29.0
29.0
47.0
32.0
51.0
45.0
64.0
11.0
16.0
40.0
40.0
60.0
3.0
21.0
33.0
81.0
8.0
9.0
19.0
26.0
139.0
9.0
48.0
34.0
87.0
14.0
23.0
11.0
23.0
47.0
28.0
16.0
74.0
42.0
33.0
16.0
101.0
19.0
31.0
69.0
37.0
18.0
17.0
58.0
14.0
36.0
25.0
23.0
32.0
138.0
5.0
21.0
39.0
25.0
29.0
36.0
4.0
17.0
65.0
21.0
77.0
61.0
8.0
45.0
64.0
27.0
31.0
3.0
13.0
64.0
35.0
15.0
24.0
137.0
3.0
11.0
20.0
15.0
44.0
22.0
26.0
46.0
50.0
18.0
56.0
5.0
208.0
29.0
28.0
63.0
30.0
69.0
65.0
20.0
41.0
50.0
52.0
8.0
54.0
17.0
34.0
23.0
32.0
24.0
60.0
36.0
28.0
43.0
60.0
24.0
48.0
16.0
15.0
10.0
54.0
13.0
101.0
109.0
53.0
111.0
24.0
37.0
40.0
30.0
42.0
130.0
41.0
37.0
12.0
8.0
62.0
31.0
67.0
41.0
79.0
27.0
21.0
58.0
93.0
17.0
12.0
39.0
85.0
29.0
33.0
7.0
10.0
12.0
13.0
50.0
39.0
22.0
42.0
45.0
21.0
54.0
79.0
4.0
12.0
9.0
9.0
87.0
90.0
53.0
19.0
25.0
14.0
68.0
23.0
11.0
70.0
6.0
26.0
13.0
33.0
85.0
18.0
16.0
128.0
49.0
29.0
27.0
32.0
50.0
15.0
142.0
27.0
11.0
539.0
49.0
15.0
30.0
27.0
48.0
24.0
11.0
10.0
19.0
34.0
8.0
49.0
46.0
70.0
15.0
24.0
18.0
17.0
35.0
64.0
15.0
25.0
18.0
93.0
53.0
22.0
3.0
13.0
72.0
77.0
47.0
17.0
89.0
20.0
132.0
9.0
48.0
15.0
50.0
34.0
43.0
160.0
45.0
18.0
11.0
20.0
52.0
36.0
42.0
38.0
13.0
34.0
57.0
38.0
41.0
55.0
27.0
6.0
17.0
19.0
22.0
39.0
28.0
19.0
51.0
47.0
69.0
79.0
19.0
42.0
75.0
5.0
110.0
42.0
21.0
71.0
48.0
7.0
22.0
83.0
30.0
35.0
29.0
36.0
11.0
30.0
22.0
32.0
30.0
31.0
49.0
11.0
18.0
658.0
32.0
68.0
76.0
14.0
16.0
11.0
40.0
109.0
11.0
21.0
66.0
34.0
7.0
15.0
20.0
15.0
19.0
44.0
50.0
51.0
25.0
16.0
90.0
42.0
11.0
36.0
28.0
65.0
55.0
16.0
22.0
23.0
179.0
39.0
60.0
23.0
13.0
59.0
45.0
47.0
84.0
10.0
32.0
70.0
43.0
14.0
54.0
13.0
73.0
15.0
14.0
22.0
28.0
24.0
43.0
81.0
15.0
39.0
86.0
18.0
29.0
47.0
45.0
16.0
21.0
16.0
20.0
29.0
61.0
40.0
28.0
28.0
50.0
75.0
20.0
71.0
58.0
25.0
27.0
12.0
39.0
13.0
13.0
30.0
23.0
40.0
27.0
89.0
17.0
26.0
72.0
89.0
25.0
13.0
51.0
68.0
12.0
17.0
30.0
51.0
54.0
61.0
17.0
50.0
59.0
7.0
8.0
51.0
41.0
49.0
46.0
26.0
21.0
19.0
25.0
47.0
42.0
23.0
11.0
48.0
18.0
12.0
24.0
7.0
5.0
90.0
14.0
116.0
21.0
41.0
8.0
60.0
49.0
42.0
60.0
12.0
117.0
21.0
29.0
43.0
23.0
19.0
22.0
110.0
56.0
103.0
14.0
18.0
24.0
61.0
58.0
94.0
24.0
6.0
27.0
27.0
20.0
22.0
54.0
148.0
25.0
13.0
19.0
62.0
49.0
45.0
25.0
28.0
17.0
29.0
31.0
39.0
31.0
39.0
28.0
59.0
43.0
54.0
47.0
82.0
49.0
55.0
9.0
17.0
18.0
55.0
41.0
44.0
29.0
39.0
43.0
37.0
60.0
42.0
61.0
41.0
34.0
84.0
24.0
47.0
28.0
31.0
51.0
61.0
14.0
14.0
9.0
4.0
41.0
33.0
42.0
67.0
16.0
105.0
13.0
12.0
47.0
19.0
38.0
10.0
67.0
58.0
6.0
31.0
22.0
34.0
41.0
41.0
18.0
97.0
8.0
24.0
66.0
41.0
47.0
32.0
14.0
63.0
10.0
20.0
153.0
33.0
56.0
13.0
128.0
16.0
132.0
46.0
18.0
32.0
14.0
61.0
36.0
59.0
179.0
9.0
66.0
26.0
33.0
31.0
63.0
56.0
37.0
34.0
41.0
4.0
20.0
100.0
63.0
35.0
31.0
8.0
87.0
24.0
37.0
54.0
16.0
8.0
20.0
36.0
29.0
46.0
22.0
62.0
11.0
67.0
43.0
18.0
68.0
18.0
35.0
18.0
17.0
50.0
15.0
33.0
21.0
35.0
57.0
43.0
42.0
18.0
33.0
13.0
17.0
33.0
8.0
29.0
147.0
37.0
19.0
44.0
77.0
34.0
32.0
15.0
6.0
12.0
80.0
3.0
30.0
14.0
56.0
25.0
30.0
43.0
48.0
52.0
55.0
45.0
23.0
27.0
112.0
35.0
19.0
8.0
25.0
86.0
52.0
22.0
29.0
45.0
42.0
19.0
15.0
68.0
42.0
31.0
30.0
30.0
39.0
37.0
21.0
20.0
29.0
7.0
18.0
35.0
47.0
46.0
13.0
44.0
44.0
64.0
38.0
40.0
27.0
26.0
21.0
41.0
26.0
33.0
18.0
18.0
72.0
25.0
31.0
35.0
65.0
35.0
22.0
19.0
23.0
87.0
41.0
61.0
0.0
17.0
11.0
34.0
70.0
72.0
38.0
35.0
86.0
59.0
29.0
72.0
10.0
22.0
51.0
6.0
10.0
10.0
28.0
21.0
19.0
69.0
15.0
8.0
78.0
31.0
50.0
40.0
40.0
11.0
24.0
12.0
25.0
9.0
24.0
27.0
14.0
32.0
7.0
47.0
60.0
92.0
32.0
4.0
43.0
126.0
23.0
70.0
26.0
36.0
27.0
23.0
39.0
56.0
55.0
64.0
43.0
55.0
8.0
18.0
24.0
70.0
26.0
8.0
47.0
31.0
40.0
105.0
23.0
30.0
22.0
70.0
59.0
18.0
43.0
21.0
23.0
75.0
11.0
26.0
109.0
88.0
44.0
39.0
25.0
59.0
26.0
25.0
42.0
48.0
28.0
38.0
12.0
20.0
17.0
10.0
31.0
32.0
64.0
25.0
44.0
43.0
61.0
8.0
15.0
37.0
54.0
75.0
18.0
11.0
89.0
27.0
34.0
44.0
37.0
53.0
25.0
33.0
19.0
58.0
71.0
113.0
30.0
19.0
17.0
21.0
45.0
12.0
150.0
41.0
31.0
37.0
17.0
30.0
29.0
60.0
22.0
20.0
38.0
48.0
35.0
38.0
20.0
45.0
68.0
86.0
17.0
82.0
13.0
18.0
65.0
61.0
46.0
16.0
39.0
63.0
28.0
33.0
50.0
26.0
23.0
45.0
30.0
42.0
18.0
29.0
34.0
11.0
17.0
42.0
24.0
16.0
22.0
9.0
69.0
50.0
25.0
20.0
97.0
14.0
38.0
64.0
16.0
32.0
24.0
23.0
18.0
23.0
13.0
14.0
22.0
5.0
30.0
66.0
42.0
17.0
20.0
32.0
27.0
25.0
81.0
50.0
116.0
79.0
73.0
175.0
44.0
13.0
33.0
60.0
93.0
17.0
21.0
21.0
18.0
12.0
26.0
39.0
41.0
2.0
60.0
30.0
15.0
96.0
35.0
25.0
50.0
116.0
9.0
7.0
34.0
30.0
59.0
32.0
11.0
74.0
28.0
92.0
57.0
11.0
54.0
14.0
25.0
21.0
19.0
64.0
47.0
15.0
14.0
34.0
63.0
20.0
45.0
46.0
31.0
13.0
23.0
53.0
16.0
24.0
40.0
18.0
17.0
15.0
26.0
54.0
41.0
11.0
48.0
24.0
114.0
34.0
30.0
18.0
26.0
48.0
34.0
68.0
59.0
36.0
37.0
41.0
15.0
27.0
51.0
36.0
58.0
29.0
147.0
13.0
6.0
35.0
12.0
18.0
42.0
28.0
69.0
24.0
22.0
88.0
73.0
26.0
29.0
86.0
14.0
66.0
52.0
61.0
14.0
18.0
29.0
20.0
50.0
23.0
19.0
26.0
22.0
39.0
25.0
23.0
14.0
25.0
57.0
32.0
19.0
42.0
30.0
7.0
22.0
39.0
25.0
21.0
22.0
69.0
47.0
35.0
10.0
29.0
8.0
70.0
20.0
28.0
19.0
33.0
80.0
25.0
8.0
49.0
31.0
43.0
48.0
21.0
20.0
58.0
51.0
19.0
60.0
148.0
29.0
29.0
19.0
38.0
28.0
18.0
30.0
24.0
42.0
27.0
15.0
45.0
35.0
23.0
12.0
7.0
47.0
87.0
24.0
11.0
47.0
83.0
40.0
31.0
14.0
35.0
46.0
28.0
33.0
34.0
24.0
18.0
87.0
6.0
27.0
31.0
35.0
35.0
55.0
20.0
48.0
23.0
24.0
43.0
34.0
25.0
38.0
9.0
68.0
40.0
87.0
25.0
32.0
69.0
30.0
20.0
6.0
43.0
54.0
54.0
71.0
25.0
23.0
35.0
29.0
42.0
60.0
47.0
105.0
48.0
50.0
21.0
42.0
32.0
3.0
44.0
22.0
73.0
21.0
53.0
46.0
23.0
25.0
40.0
33.0
40.0
47.0
47.0
82.0
28.0
23.0
28.0
69.0
58.0
78.0
33.0
32.0
29.0
75.0
44.0
24.0
18.0
76.0
13.0
26.0
28.0
31.0
31.0
29.0
108.0
18.0
38.0
13.0
30.0
21.0
24.0
28.0
14.0
34.0
75.0
21.0
41.0
13.0
81.0
49.0
48.0
20.0
18.0
29.0
79.0
40.0
24.0
25.0
32.0
29.0
34.0
15.0
38.0
71.0
17.0
109.0
25.0
45.0
35.0
102.0
32.0
80.0
42.0
89.0
34.0
25.0
36.0
33.0
44.0
22.0
26.0
35.0
44.0
27.0
28.0
43.0
145.0
17.0
21.0
69.0
22.0
28.0
49.0
28.0
35.0
76.0
34.0
33.0
70.0
30.0
44.0
38.0
22.0
11.0
19.0
96.0
48.0
27.0
18.0
45.0
12.0
23.0
25.0
23.0
30.0
46.0
43.0
35.0
23.0
24.0
24.0
125.0
42.0
28.0
18.0
35.0
24.0
120.0
37.0
23.0
59.0
22.0
36.0
80.0
18.0
75.0
30.0
60.0
26.0
8.0
20.0
25.0
55.0
14.0
66.0
47.0
42.0
20.0
32.0
9.0
29.0
14.0
76.0
52.0
27.0
34.0
23.0
44.0
14.0
70.0
38.0
35.0
20.0
28.0
21.0
7.0
39.0
27.0
42.0
37.0
72.0
67.0
13.0
39.0
40.0
141.0
10.0
117.0
50.0
54.0
112.0
27.0
58.0
99.0
32.0
48.0
10.0
63.0
51.0
44.0
48.0
16.0
36.0
13.0
18.0
81.0
31.0
26.0
22.0
10.0
28.0
22.0
44.0
40.0
56.0
11.0
14.0
26.0
30.0
46.0
43.0
41.0
26.0
82.0
32.0
31.0
38.0
27.0
27.0
57.0
25.0
20.0
68.0
24.0
38.0
24.0
15.0
57.0
38.0
48.0
25.0
11.0
50.0
35.0
21.0
41.0
22.0
42.0
24.0
57.0
63.0
36.0
12.0
39.0
11.0
30.0
25.0
17.0
24.0
57.0
17.0
64.0
63.0
39.0
48.0
45.0
71.0
13.0
74.0
48.0
27.0
54.0
42.0
12.0
49.0
63.0
69.0
12.0
15.0
27.0
77.0
13.0
47.0
15.0
99.0
22.0
41.0
131.0
31.0
88.0
64.0
31.0
83.0
24.0
113.0
39.0
9.0
79.0
21.0
53.0
88.0
19.0
20.0
20.0
46.0
59.0
20.0
28.0
24.0
29.0
92.0
12.0
14.0
36.0
24.0
47.0
55.0
25.0
58.0
17.0
27.0
27.0
40.0
42.0
67.0
47.0
13.0
36.0
70.0
32.0
27.0
5.0
69.0
65.0
30.0
26.0
41.0
23.0
113.0
27.0
101.0
38.0
122.0
13.0
17.0
21.0
26.0
24.0
42.0
24.0
17.0
74.0
32.0
29.0
19.0
50.0
24.0
11.0
14.0
71.0
41.0
45.0
29.0
31.0
36.0
14.0
43.0
68.0
100.0
102.0
34.0
111.0
31.0
36.0
7.0
52.0
8.0
61.0
8.0
105.0
114.0
45.0
35.0
42.0
27.0
34.0
37.0
48.0
42.0
21.0
33.0
37.0
113.0
31.0
63.0
42.0
23.0
5.0
36.0
84.0
22.0
58.0
50.0
62.0
37.0
17.0
18.0
69.0
73.0
108.0
17.0
68.0
13.0
15.0
54.0
56.0
22.0
44.0
72.0
53.0
55.0
19.0
18.0
50.0
19.0
28.0
30.0
42.0
65.0
22.0
57.0
84.0
38.0
19.0
50.0
23.0
82.0
47.0
30.0
26.0
57.0
24.0
28.0
81.0
49.0
33.0
17.0
37.0
30.0
20.0
41.0
21.0
37.0
24.0
88.0
12.0
47.0
38.0
52.0
58.0
24.0
39.0
26.0
44.0
49.0
55.0
14.0
45.0
58.0
43.0
34.0
46.0
34.0
33.0
14.0
19.0
35.0
21.0
47.0
38.0
14.0
27.0
63.0
29.0
54.0
29.0
19.0
10.0
90.0
41.0
43.0
66.0
14.0
69.0
37.0
62.0
23.0
16.0
62.0
33.0
24.0
41.0
54.0
24.0
61.0
66.0
19.0
50.0
12.0
41.0
14.0
19.0
59.0
28.0
82.0
49.0
71.0
54.0
51.0
52.0
10.0
45.0
16.0
51.0
41.0
14.0
33.0
14.0
38.0
43.0
10.0
60.0
11.0
30.0
31.0
80.0
44.0
15.0
31.0
73.0
39.0
29.0
29.0
52.0
36.0
24.0
49.0
29.0
20.0
67.0
32.0
26.0
44.0
8.0
50.0
9.0
20.0
106.0
12.0
25.0
18.0
70.0
46.0
15.0
33.0
21.0
46.0
8.0
17.0
19.0
51.0
55.0
77.0
36.0
34.0
40.0
33.0
16.0
50.0
24.0
39.0
104.0
17.0
26.0
83.0
75.0
91.0
71.0
38.0
35.0
18.0
21.0
19.0
41.0
20.0
29.0
11.0
23.0
23.0
34.0
31.0
56.0
25.0
54.0
54.0
59.0
45.0
55.0
59.0
6.0
13.0
32.0
36.0
20.0
28.0
59.0
51.0
21.0
28.0
24.0
71.0
90.0
96.0
17.0
45.0
10.0
7.0
14.0
40.0
28.0
19.0
16.0
7.0
43.0
39.0
5.0
57.0
29.0
86.0
10.0
26.0
28.0
17.0
84.0
19.0
17.0
25.0
114.0
27.0
29.0
41.0
99.0
35.0
38.0
27.0
45.0
41.0
71.0
17.0
27.0
31.0
22.0
20.0
21.0
24.0
28.0
38.0
52.0
47.0
20.0
36.0
28.0
17.0
60.0
24.0
63.0
60.0
18.0
12.0
32.0
29.0
32.0
34.0
28.0
26.0
44.0
29.0
59.0
32.0
32.0
68.0
28.0
33.0
40.0
24.0
34.0
15.0
44.0
129.0
28.0
35.0
27.0
66.0
33.0
121.0
32.0
24.0
24.0
55.0
51.0
59.0
31.0
48.0
12.0
50.0
12.0
32.0
45.0
23.0
59.0
17.0
23.0
27.0
25.0
56.0
41.0
15.0
12.0
28.0
19.0
51.0
17.0
35.0
29.0
32.0
35.0
28.0
50.0
29.0
35.0
13.0
33.0
51.0
19.0
25.0
33.0
17.0
27.0
56.0
37.0
35.0
88.0
19.0
27.0
40.0
85.0
11.0
73.0
25.0
30.0
21.0
25.0
20.0
38.0
76.0
26.0
28.0
29.0
30.0
45.0
26.0
33.0
73.0
73.0
53.0
71.0
43.0
62.0
46.0
29.0
51.0
79.0
22.0
71.0
29.0
14.0
48.0
50.0
49.0
38.0
21.0
16.0
26.0
18.0
74.0
38.0
40.0
57.0
17.0
42.0
28.0
81.0
65.0
14.0
6.0
15.0
75.0
46.0
101.0
22.0
45.0
41.0
46.0
70.0
19.0
19.0
41.0
12.0
36.0
27.0
20.0
35.0
52.0
9.0
8.0
48.0
48.0
16.0
42.0
15.0
22.0
28.0
31.0
24.0
60.0
42.0
15.0
33.0
26.0
27.0
71.0
50.0
37.0
30.0
25.0
9.0
55.0
54.0
16.0
63.0
52.0
16.0
60.0
71.0
67.0
44.0
70.0
52.0
22.0
29.0
17.0
34.0
12.0
49.0
15.0
62.0
51.0
57.0
58.0
80.0
22.0
13.0
107.0
46.0
56.0
20.0
45.0
48.0
74.0
49.0
36.0
20.0
53.0
30.0
14.0
31.0
81.0
32.0
18.0
38.0
55.0
37.0
34.0
23.0
35.0
20.0
19.0
16.0
40.0
45.0
18.0
45.0
29.0
28.0
63.0
40.0
66.0
20.0
17.0
36.0
49.0
52.0
13.0
24.0
44.0
42.0
49.0
32.0
35.0
46.0
31.0
51.0
38.0
24.0
25.0
32.0
41.0
43.0
19.0
15.0
17.0
33.0
30.0
85.0
46.0
29.0
22.0
10.0
55.0
34.0
20.0
33.0
57.0
27.0
22.0
23.0
79.0
56.0
30.0
24.0
45.0
48.0
29.0
26.0
31.0
54.0
76.0
23.0
21.0
25.0
47.0
23.0
106.0
44.0
16.0
19.0
63.0
39.0
55.0
28.0
34.0
24.0
20.0
94.0
79.0
29.0
38.0
38.0
64.0
31.0
25.0
55.0
10.0
45.0
75.0
48.0
11.0
64.0
65.0
28.0
28.0
36.0
28.0
49.0
28.0
28.0
55.0
69.0
29.0
48.0
29.0
39.0
19.0
77.0
26.0
32.0
27.0
9.0
26.0
39.0
70.0
26.0
40.0
14.0
38.0
22.0
34.0
34.0
56.0
41.0
42.0
21.0
35.0
52.0
95.0
49.0
13.0
36.0
17.0
36.0
79.0
52.0
14.0
43.0
24.0
62.0
64.0
17.0
8.0
14.0
26.0
24.0
27.0
31.0
106.0
12.0
35.0
32.0
26.0
30.0
42.0
12.0
107.0
134.0
25.0
33.0
8.0
85.0
50.0
25.0
70.0
20.0
49.0
25.0
66.0
66.0
31.0
54.0
55.0
35.0
44.0
44.0
32.0
34.0
40.0
48.0
76.0
24.0
37.0
90.0
30.0
19.0
26.0
34.0
33.0
33.0
28.0
93.0
30.0
25.0
25.0
140.0
24.0
76.0
64.0
103.0
34.0
45.0
16.0
50.0
22.0
27.0
75.0
81.0
10.0
104.0
49.0
28.0
16.0
41.0
23.0
24.0
60.0
40.0
16.0
82.0
38.0
37.0
34.0
24.0
52.0
21.0
31.0
78.0
10.0
39.0
25.0
43.0
63.0
26.0
86.0
52.0
40.0
43.0
34.0
21.0
28.0
78.0
17.0
51.0
81.0
23.0
36.0
15.0
7.0
49.0
13.0
24.0
32.0
34.0
22.0
22.0
87.0
45.0
22.0
23.0
22.0
49.0
53.0
25.0
31.0
70.0
22.0
23.0
50.0
30.0
52.0
58.0
26.0
88.0
13.0
34.0
12.0
47.0
46.0
35.0
47.0
55.0
60.0
32.0
15.0
25.0
57.0
51.0
57.0
25.0
56.0
54.0
21.0
21.0
34.0
47.0
51.0
82.0
54.0
28.0
37.0
40.0
26.0
25.0
45.0
33.0
40.0
19.0
27.0
37.0
97.0
20.0
31.0
60.0
34.0
24.0
22.0
14.0
23.0
11.0
38.0
45.0
28.0
70.0
24.0
23.0
44.0
45.0
22.0
28.0
28.0
10.0
38.0
50.0
13.0
24.0
30.0
36.0
42.0
24.0
62.0
88.0
31.0
21.0
13.0
40.0
55.0
36.0
53.0
66.0
21.0
22.0
13.0
25.0
38.0
66.0
34.0
36.0
68.0
11.0
24.0
29.0
38.0
59.0
73.0
18.0
53.0
96.0
28.0
39.0
59.0
25.0
114.0
41.0
40.0
67.0
102.0
15.0
102.0
64.0
67.0
69.0
62.0
11.0
53.0
31.0
34.0
46.0
61.0
53.0
78.0
47.0
28.0
29.0
58.0
14.0
77.0
19.0
38.0
18.0
44.0
27.0
20.0
52.0
143.0
19.0
50.0
12.0
26.0
50.0
54.0
54.0
73.0
12.0
41.0
18.0
23.0
40.0
60.0
45.0
14.0
46.0
54.0
22.0
72.0
7.0
10.0
35.0
56.0
46.0
73.0
13.0
66.0
19.0
39.0
87.0
30.0
14.0
62.0
36.0
37.0
37.0
42.0
36.0
28.0
93.0
16.0
32.0
17.0
47.0
38.0
68.0
60.0
28.0
18.0
23.0
49.0
37.0
13.0
52.0
94.0
18.0
96.0
73.0
23.0
118.0
41.0
117.0
54.0
32.0
34.0
31.0
14.0
96.0
19.0
46.0
54.0
44.0
45.0
17.0
31.0
32.0
79.0
44.0
38.0
9.0
39.0
31.0
44.0
19.0
54.0
41.0
49.0
43.0
67.0
28.0
62.0
59.0
40.0
54.0
34.0
33.0
12.0
43.0
41.0
46.0
84.0
53.0
35.0
100.0
28.0
40.0
49.0
92.0
21.0
29.0
19.0
27.0
25.0
40.0
37.0
73.0
50.0
26.0
21.0
52.0
38.0
12.0
48.0
34.0
39.0
58.0
18.0
62.0
42.0
28.0
8.0
29.0
47.0
13.0
7.0
17.0
54.0
38.0
98.0
24.0
35.0
23.0
44.0
37.0
28.0
39.0
5.0
36.0
24.0
65.0
35.0
52.0
31.0
44.0
64.0
56.0
29.0
36.0
13.0
38.0
33.0
77.0
46.0
66.0
33.0
32.0
45.0
66.0
30.0
35.0
32.0
35.0
27.0
36.0
38.0
35.0
37.0
24.0
21.0
31.0
48.0
33.0
68.0
18.0
71.0
28.0
41.0
55.0
61.0
33.0
79.0
54.0
5.0
42.0
12.0
12.0
34.0
72.0
28.0
23.0
22.0
47.0
57.0
68.0
40.0
31.0
45.0
31.0
50.0
22.0
75.0
52.0
29.0
9.0
33.0
36.0
69.0
36.0
36.0
43.0
19.0
89.0
24.0
22.0
60.0
26.0
79.0
19.0
9.0
21.0
10.0
14.0
56.0
21.0
15.0
49.0
38.0
49.0
45.0
83.0
45.0
71.0
74.0
46.0
25.0
52.0
57.0
34.0
40.0
69.0
36.0
33.0
59.0
30.0
81.0
64.0
28.0
50.0
35.0
25.0
69.0
40.0
7.0
20.0
11.0
86.0
19.0
29.0
29.0
54.0
15.0
3.0
124.0
38.0
38.0
29.0
47.0
101.0
22.0
48.0
58.0
11.0
45.0
17.0
46.0
30.0
93.0
26.0
22.0
50.0
83.0
13.0
41.0
23.0
26.0
22.0
20.0
48.0
16.0
42.0
59.0
57.0
46.0
26.0
21.0
71.0
63.0
21.0
15.0
20.0
49.0
66.0
35.0
49.0
18.0
59.0
63.0
21.0
44.0
21.0
53.0
48.0
32.0
52.0
94.0
20.0
22.0
24.0
32.0
17.0
54.0
33.0
22.0
38.0
65.0
22.0
45.0
30.0
41.0
18.0
20.0
27.0
25.0
28.0
97.0
67.0
33.0
72.0
80.0
37.0
17.0
31.0
34.0
79.0
38.0
16.0
31.0
40.0
39.0
30.0
20.0
13.0
25.0
37.0
47.0
81.0
65.0
57.0
68.0
36.0
45.0
56.0
71.0
25.0
36.0
36.0
41.0
34.0
24.0
44.0
23.0
20.0
52.0
18.0
55.0
61.0
31.0
78.0
83.0
62.0
34.0
54.0
70.0
20.0
24.0
46.0
19.0
31.0
47.0
26.0
43.0
54.0
45.0
53.0
24.0
22.0
58.0
16.0
35.0
9.0
15.0
32.0
64.0
37.0
48.0
40.0
9.0
20.0
43.0
45.0
17.0
27.0
43.0
10.0
29.0
52.0
48.0
48.0
23.0
22.0
14.0
36.0
16.0
44.0
15.0
37.0
58.0
40.0
14.0
40.0
34.0
24.0
44.0
26.0
26.0
46.0
24.0
31.0
56.0
25.0
42.0
75.0
24.0
42.0
57.0
114.0
40.0
14.0
35.0
51.0
18.0
45.0
46.0
17.0
26.0
38.0
32.0
17.0
61.0
29.0
23.0
49.0
68.0
27.0
66.0
27.0
71.0
17.0
55.0
15.0
49.0
62.0
16.0
39.0
46.0
30.0
67.0
49.0
47.0
25.0
15.0
47.0
32.0
53.0
33.0
40.0
66.0
55.0
14.0
39.0
15.0
94.0
29.0
67.0
77.0
39.0
32.0
24.0
68.0
12.0
19.0
17.0
18.0
27.0
25.0
23.0
66.0
43.0
20.0
30.0
8.0
14.0
32.0
36.0
58.0
31.0
21.0
25.0
61.0
22.0
22.0
21.0
77.0
44.0
47.0
37.0
40.0
58.0
71.0
54.0
33.0
56.0
14.0
11.0
22.0
48.0
51.0
89.0
20.0
47.0
22.0
51.0
15.0
32.0
31.0
41.0
57.0
32.0
9.0
55.0
35.0
39.0
73.0
32.0
73.0
109.0
19.0
42.0
23.0
40.0
22.0
29.0
72.0
49.0
37.0
13.0
80.0
49.0
15.0
27.0
17.0
40.0
68.0
18.0
51.0
25.0
18.0
20.0
39.0
34.0
48.0
28.0
33.0
12.0
24.0
36.0
46.0
83.0
29.0
76.0
52.0
19.0
8.0
22.0
45.0
29.0
50.0
33.0
87.0
22.0
10.0
19.0
30.0
49.0
21.0
30.0
38.0
56.0
40.0
20.0
36.0
30.0
26.0
38.0
28.0
82.0
39.0
135.0
28.0
61.0
30.0
43.0
18.0
64.0
42.0
98.0
31.0
80.0
43.0
53.0
53.0
48.0
48.0
31.0
75.0
49.0
61.0
37.0
42.0
49.0
26.0
55.0
33.0
16.0
22.0
56.0
21.0
19.0
44.0
33.0
44.0
17.0
68.0
85.0
12.0
36.0
80.0
38.0
43.0
38.0
38.0
41.0
54.0
14.0
20.0
37.0
26.0
31.0
60.0
19.0
56.0
38.0
46.0
100.0
13.0
28.0
83.0
30.0
36.0
44.0
17.0
48.0
38.0
47.0
60.0
31.0
17.0
21.0
31.0
53.0
75.0
58.0
42.0
66.0
36.0
34.0
23.0
37.0
32.0
77.0
53.0
30.0
42.0
32.0
48.0
59.0
26.0
90.0
34.0
19.0
43.0
54.0
60.0
28.0
39.0
23.0
17.0
26.0
30.0
57.0
21.0
82.0
45.0
41.0
33.0
71.0
53.0
44.0
37.0
28.0
54.0
55.0
21.0
16.0
27.0
65.0
36.0
82.0
37.0
100.0
29.0
20.0
26.0
25.0
42.0
35.0
42.0
57.0
19.0
48.0
25.0
25.0
48.0
27.0
81.0
54.0
16.0
29.0
116.0
54.0
24.0
45.0
68.0
40.0
15.0
27.0
22.0
48.0
48.0
55.0
58.0
35.0
114.0
38.0
18.0
10.0
46.0
27.0
108.0
80.0
74.0
36.0
65.0
22.0
23.0
70.0
17.0
44.0
55.0
21.0
53.0
28.0
94.0
32.0
43.0
8.0
31.0
21.0
51.0
94.0
24.0
42.0
71.0
71.0
18.0
36.0
34.0
58.0
21.0
23.0
36.0
39.0
41.0
55.0
99.0
24.0
28.0
12.0
24.0
34.0
45.0
24.0
36.0
49.0
66.0
23.0
47.0
42.0
31.0
35.0
33.0
63.0
40.0
39.0
28.0
34.0
25.0
75.0
21.0
39.0
24.0
24.0
29.0
47.0
47.0
34.0
49.0
43.0
34.0
51.0
15.0
47.0
43.0
21.0
99.0
57.0
19.0
31.0
15.0
40.0
13.0
75.0
61.0
40.0
38.0
19.0
56.0
34.0
12.0
67.0
67.0
23.0
32.0
36.0
34.0
76.0
24.0
38.0
38.0
97.0
48.0
28.0
13.0
34.0
19.0
47.0
16.0
16.0
17.0
99.0
51.0
31.0
109.0
22.0
52.0
27.0
18.0
29.0
7.0
19.0
50.0
51.0
21.0
99.0
25.0
59.0
40.0
71.0
41.0
61.0
47.0
13.0
46.0
29.0
49.0
25.0
23.0
44.0
32.0
48.0
36.0
52.0
28.0
89.0
24.0
63.0
21.0
48.0
41.0
85.0
38.0
47.0
53.0
19.0
51.0
34.0
72.0
28.0
78.0
21.0
29.0
67.0
12.0
23.0
49.0
33.0
35.0
51.0
48.0
22.0
37.0
78.0
28.0
84.0
63.0
57.0
58.0
58.0
56.0
43.0
22.0
71.0
38.0
71.0
72.0
46.0
24.0
26.0
27.0
20.0
18.0
42.0
29.0
29.0
21.0
30.0
61.0
38.0
39.0
89.0
16.0
60.0
25.0
9.0
144.0
13.0
12.0
29.0
40.0
48.0
30.0
20.0
61.0
32.0
38.0
57.0
71.0
53.0
22.0
40.0
60.0
82.0
61.0
34.0
32.0
49.0
46.0
38.0
52.0
39.0
56.0
29.0
15.0
160.0
16.0
26.0
48.0
40.0
33.0
26.0
26.0
31.0
40.0
68.0
38.0
64.0
40.0
38.0
9.0
34.0
19.0
41.0
29.0
79.0
49.0
15.0
53.0
34.0
54.0
27.0
49.0
49.0
59.0
47.0
53.0
97.0
34.0
20.0
94.0
22.0
31.0
28.0
23.0
59.0
46.0
27.0
35.0
50.0
18.0
27.0
31.0
24.0
29.0
45.0
85.0
41.0
37.0
26.0
33.0
31.0
34.0
15.0
45.0
17.0
30.0
114.0
60.0
34.0
28.0
104.0
22.0
35.0
45.0
5.0
30.0
37.0
50.0
53.0
21.0
45.0
32.0
60.0
31.0
30.0
25.0
21.0
103.0
45.0
26.0
46.0
81.0
36.0
60.0
30.0
36.0
23.0
24.0
31.0
43.0
47.0
31.0
24.0
43.0
95.0
17.0
57.0
33.0
39.0
41.0
14.0
12.0
39.0
24.0
37.0
34.0
34.0
15.0
91.0
37.0
38.0
25.0
58.0
75.0
36.0
32.0
46.0
20.0
43.0
29.0
44.0
21.0
27.0
64.0
39.0
81.0
54.0
46.0
42.0
41.0
24.0
17.0
74.0
63.0
24.0
22.0
25.0
42.0
37.0
58.0
30.0
38.0
19.0
24.0
12.0
55.0
62.0
48.0
42.0
8.0
35.0
34.0
34.0
68.0
32.0
15.0
22.0
19.0
25.0
134.0
41.0
43.0
62.0
58.0
40.0
10.0
11.0
28.0
86.0
16.0
51.0
43.0
33.0
41.0
84.0
47.0
70.0
26.0
16.0
55.0
29.0
107.0
51.0
54.0
19.0
56.0
20.0
50.0
96.0
50.0
38.0
20.0
73.0
31.0
48.0
31.0
34.0
13.0
13.0
41.0
59.0
30.0
68.0
49.0
17.0
30.0
33.0
32.0
45.0
88.0
43.0
86.0
101.0
92.0
60.0
67.0
26.0
43.0
35.0
63.0
23.0
61.0
54.0
25.0
52.0
17.0
66.0
29.0
62.0
43.0
29.0
67.0
34.0
29.0
37.0
25.0
6.0
41.0
14.0
22.0
22.0
28.0
24.0
72.0
32.0
47.0
64.0
20.0
33.0
13.0
56.0
27.0
37.0
28.0
25.0
38.0
43.0
45.0
54.0
73.0
29.0
11.0
65.0
24.0
45.0
28.0
31.0
22.0
33.0
42.0
51.0
41.0
39.0
43.0
27.0
16.0
15.0
34.0
72.0
20.0
70.0
29.0
28.0
43.0
78.0
56.0
56.0
16.0
61.0
41.0
21.0
74.0
44.0
50.0
104.0
47.0
20.0
11.0
25.0
30.0
22.0
25.0
61.0
28.0
15.0
17.0
57.0
54.0
16.0
23.0
53.0
43.0
17.0
44.0
65.0
64.0
116.0
21.0
85.0
39.0
37.0
28.0
19.0
46.0
57.0
35.0
28.0
42.0
72.0
70.0
51.0
21.0
46.0
28.0
49.0
34.0
46.0
36.0
69.0
18.0
48.0
33.0
48.0
12.0
67.0
29.0
46.0
15.0
9.0
51.0
25.0
16.0
55.0
52.0
57.0
61.0
23.0
54.0
28.0
49.0
101.0
29.0
48.0
67.0
24.0
44.0
42.0
48.0
35.0
52.0
17.0
44.0
19.0
25.0
17.0
15.0
15.0
26.0
30.0
24.0
41.0
71.0
19.0
49.0
36.0
8.0
23.0
14.0
17.0
53.0
18.0
49.0
83.0
9.0
44.0
28.0
12.0
31.0
56.0
24.0
30.0
37.0
11.0
28.0
22.0
45.0
50.0
55.0
51.0
45.0
71.0
30.0
54.0
57.0
78.0
39.0
48.0
29.0
40.0
37.0
30.0
22.0
47.0
42.0
63.0
23.0
8.0
28.0
61.0
21.0
85.0
15.0
57.0
13.0
68.0
41.0
26.0
38.0
22.0
58.0
49.0
54.0
37.0
38.0
13.0
40.0
55.0
20.0
22.0
34.0
54.0
25.0
41.0
19.0
46.0
70.0
36.0
21.0
46.0
74.0
43.0
70.0
43.0
28.0
33.0
53.0
51.0
21.0
31.0
35.0
34.0
105.0
4.0
6.0
38.0
33.0
68.0
24.0
15.0
13.0
31.0
49.0
39.0
24.0
46.0
29.0
27.0
45.0
45.0
30.0
42.0
53.0
53.0
19.0
83.0
13.0
45.0
37.0
13.0
58.0
52.0
30.0
34.0
44.0
84.0
60.0
98.0
49.0
60.0
25.0
23.0
30.0
41.0
26.0
34.0
45.0
47.0
57.0
50.0
52.0
54.0
46.0
27.0
48.0
7.0
33.0
17.0
72.0
54.0
12.0
74.0
34.0
37.0
45.0
11.0
38.0
54.0
12.0
21.0
52.0
59.0
24.0
29.0
12.0
77.0
29.0
23.0
33.0
53.0
40.0
33.0
49.0
40.0
52.0
23.0
30.0
36.0
10.0
21.0
59.0
26.0
45.0
68.0
17.0
8.0
29.0
64.0
67.0
57.0
50.0
57.0
44.0
29.0
52.0
55.0
19.0
22.0
39.0
48.0
38.0
27.0
38.0
27.0
30.0
36.0
14.0
57.0
71.0
50.0
13.0
93.0
52.0
58.0
29.0
57.0
55.0
15.0
35.0
81.0
53.0
58.0
46.0
28.0
73.0
29.0
74.0
42.0
25.0
35.0
52.0
86.0
67.0
22.0
31.0
66.0
34.0
29.0
31.0
29.0
33.0
24.0
23.0
26.0
20.0
43.0
28.0
64.0
55.0
32.0
28.0
50.0
29.0
20.0
23.0
35.0
46.0
27.0
19.0
37.0
37.0
29.0
40.0
18.0
26.0
81.0
20.0
60.0
21.0
33.0
58.0
15.0
50.0
39.0
38.0
19.0
19.0
39.0
56.0
44.0
26.0
37.0
44.0
17.0
17.0
64.0
46.0
40.0
25.0
80.0
60.0
60.0
84.0
41.0
19.0
32.0
73.0
53.0
43.0
28.0
29.0
63.0
19.0
39.0
46.0
16.0
62.0
22.0
28.0
17.0
54.0
69.0
59.0
34.0
76.0
47.0
35.0
58.0
58.0
43.0
16.0
61.0
19.0
26.0
45.0
42.0
43.0
70.0
16.0
36.0
57.0
36.0
58.0
38.0
78.0
35.0
48.0
34.0
21.0
50.0
31.0
73.0
44.0
27.0
13.0
43.0
44.0
27.0
45.0
5.0
23.0
40.0
28.0
28.0
124.0
82.0
8.0
32.0
39.0
81.0
39.0
15.0
43.0
63.0
48.0
16.0
20.0
12.0
95.0
79.0
37.0
41.0
54.0
35.0
85.0
45.0
17.0
58.0
39.0
46.0
30.0
39.0
63.0
64.0
35.0
88.0
22.0
12.0
52.0
26.0
20.0
24.0
37.0
47.0
63.0
54.0
77.0
39.0
120.0
41.0
25.0
57.0
75.0
22.0
23.0
54.0
36.0
57.0
16.0
40.0
48.0
46.0
22.0
22.0
50.0
54.0
31.0
45.0
34.0
72.0
145.0
7.0
34.0
18.0
54.0
56.0
38.0
86.0
6.0
76.0
33.0
30.0
48.0
20.0
54.0
19.0
34.0
31.0
32.0
50.0
9.0
46.0
43.0
20.0
81.0
91.0
98.0
41.0
38.0
55.0
17.0
65.0
30.0
31.0
67.0
69.0
41.0
41.0
44.0
24.0
22.0
37.0
47.0
75.0
20.0
90.0
28.0
49.0
22.0
35.0
16.0
13.0
55.0
25.0
80.0
59.0
48.0
33.0
120.0
40.0
8.0
14.0
20.0
43.0
22.0
58.0
29.0
11.0
75.0
108.0
18.0
50.0
102.0
33.0
58.0
76.0
77.0
56.0
29.0
46.0
54.0
46.0
167.0
15.0
32.0
10.0
25.0
49.0
41.0
58.0
90.0
30.0
44.0
49.0
38.0
37.0
24.0
17.0
58.0
38.0
47.0
28.0
34.0
23.0
67.0
95.0
29.0
44.0
39.0
34.0
36.0
85.0
11.0
95.0
87.0
66.0
38.0
78.0
6.0
53.0
36.0
34.0
94.0
27.0
21.0
18.0
27.0
28.0
53.0
17.0
77.0
34.0
21.0
91.0
34.0
43.0
109.0
26.0
57.0
66.0
19.0
28.0
24.0
11.0
51.0
49.0
45.0
104.0
82.0
19.0
33.0
64.0
20.0
19.0
49.0
37.0
56.0
58.0
56.0
79.0
53.0
32.0
32.0
19.0
16.0
35.0
13.0
36.0
24.0
19.0
24.0
76.0
20.0
140.0
32.0
51.0
48.0
46.0
16.0
76.0
23.0
63.0
54.0
17.0
17.0
26.0
43.0
88.0
40.0
27.0
221.0
39.0
21.0
26.0
51.0
19.0
47.0
19.0
101.0
26.0
50.0
28.0
34.0
50.0
18.0
6.0
47.0
55.0
18.0
28.0
29.0
63.0
21.0
86.0
37.0
54.0
37.0
40.0
125.0
40.0
19.0
13.0
24.0
44.0
15.0
59.0
39.0
7.0
29.0
46.0
66.0
31.0
69.0
63.0
59.0
42.0
34.0
29.0
82.0
22.0
43.0
31.0
17.0
64.0
33.0
31.0
24.0
51.0
56.0
41.0
43.0
76.0
36.0
26.0
16.0
80.0
21.0
53.0
13.0
93.0
12.0
19.0
55.0
19.0
26.0
25.0
18.0
67.0
36.0
29.0
23.0
28.0
111.0
32.0
20.0
71.0
24.0
116.0
95.0
29.0
77.0
65.0
28.0
31.0
44.0
53.0
42.0
95.0
28.0
14.0
54.0
28.0
62.0
26.0
55.0
31.0
12.0
66.0
98.0
48.0
26.0
22.0
23.0
25.0
25.0
58.0
53.0
11.0
54.0
20.0
33.0
33.0
24.0
15.0
36.0
28.0
61.0
58.0
43.0
41.0
23.0
40.0
38.0
43.0
40.0
48.0
34.0
35.0
82.0
18.0
38.0
16.0
24.0
71.0
19.0
24.0
26.0
40.0
35.0
63.0
47.0
30.0
40.0
49.0
22.0
52.0
97.0
67.0
60.0
19.0
22.0
38.0
50.0
17.0
118.0
110.0
26.0
49.0
16.0
79.0
37.0
16.0
70.0
34.0
17.0
60.0
53.0
36.0
103.0
21.0
65.0
35.0
63.0
151.0
17.0
38.0
160.0
50.0
46.0
42.0
18.0
36.0
92.0
43.0
38.0
43.0
39.0
49.0
17.0
16.0
85.0
100.0
24.0
66.0
52.0
33.0
39.0
40.0
17.0
70.0
62.0
13.0
31.0
36.0
17.0
26.0
33.0
229.0
27.0
24.0
51.0
24.0
24.0
45.0
14.0
15.0
47.0
43.0
60.0
34.0
90.0
33.0
23.0
55.0
37.0
49.0
51.0
57.0
11.0
41.0
39.0
29.0
41.0
16.0
19.0
6.0
36.0
32.0
48.0
55.0
36.0
20.0
55.0
28.0
57.0
21.0
48.0
24.0
80.0
40.0
17.0
85.0
30.0
50.0
28.0
16.0
26.0
60.0
71.0
64.0
10.0
39.0
61.0
104.0
48.0
27.0
18.0
12.0
31.0
40.0
49.0
54.0
18.0
34.0
18.0
91.0
15.0
37.0
9.0
76.0
112.0
17.0
70.0
17.0
73.0
58.0
37.0
99.0
20.0
56.0
31.0
16.0
75.0
34.0
94.0
32.0
24.0
75.0
25.0
27.0
34.0
37.0
55.0
15.0
74.0
27.0
36.0
29.0
50.0
56.0
53.0
70.0
25.0
32.0
86.0
32.0
22.0
60.0
23.0
25.0
61.0
37.0
42.0
41.0
48.0
27.0
29.0
76.0
46.0
36.0
18.0
21.0
39.0
28.0
12.0
22.0
39.0
39.0
26.0
48.0
18.0
47.0
56.0
40.0
37.0
45.0
55.0
33.0
34.0
17.0
32.0
35.0
18.0
55.0
14.0
45.0
25.0
71.0
38.0
79.0
25.0
26.0
28.0
71.0
21.0
40.0
29.0
54.0
42.0
32.0
32.0
44.0
35.0
21.0
28.0
33.0
33.0
34.0
77.0
19.0
85.0
30.0
32.0
13.0
45.0
47.0
17.0
86.0
27.0
41.0
51.0
64.0
37.0
63.0
37.0
41.0
71.0
47.0
36.0
80.0
20.0
86.0
65.0
21.0
63.0
21.0
131.0
24.0
11.0
66.0
49.0
22.0
43.0
42.0
35.0
49.0
29.0
42.0
47.0
36.0
12.0
19.0
15.0
23.0
37.0
36.0
56.0
13.0
30.0
9.0
33.0
51.0
35.0
28.0
75.0
72.0
23.0
41.0
26.0
17.0
52.0
34.0
34.0
30.0
28.0
116.0
16.0
76.0
39.0
32.0
38.0
36.0
76.0
10.0
39.0
18.0
39.0
79.0
51.0
41.0
34.0
35.0
40.0
17.0
19.0
59.0
20.0
47.0
44.0
25.0
17.0
58.0
40.0
23.0
50.0
47.0
32.0
35.0
45.0
18.0
33.0
24.0
29.0
47.0
25.0
67.0
66.0
15.0
42.0
44.0
42.0
50.0
40.0
29.0
20.0
77.0
44.0
48.0
51.0
38.0
56.0
70.0
41.0
120.0
21.0
25.0
16.0
33.0
32.0
24.0
34.0
25.0
38.0
53.0
32.0
56.0
11.0
70.0
17.0
23.0
70.0
50.0
10.0
48.0
37.0
19.0
8.0
20.0
27.0
43.0
14.0
35.0
26.0
51.0
99.0
44.0
59.0
29.0
67.0
77.0
56.0
22.0
39.0
74.0
42.0
39.0
58.0
12.0
41.0
77.0
32.0
17.0
10.0
28.0
35.0
55.0
29.0
70.0
24.0
28.0
29.0
15.0
62.0
23.0
65.0
47.0
36.0
57.0
57.0
36.0
15.0
25.0
34.0
56.0
11.0
28.0
20.0
63.0
26.0
67.0
27.0
22.0
32.0
52.0
71.0
12.0
16.0
29.0
33.0
23.0
18.0
61.0
42.0
30.0
80.0
50.0
7.0
33.0
54.0
46.0
117.0
29.0
57.0
18.0
114.0
37.0
19.0
15.0
30.0
34.0
29.0
25.0
35.0
48.0
31.0
40.0
20.0
27.0
71.0
32.0
19.0
47.0
29.0
20.0
22.0
67.0
23.0
16.0
42.0
25.0
39.0
46.0
36.0
50.0
40.0
51.0
49.0
101.0
39.0
50.0
9.0
17.0
24.0
13.0
43.0
97.0
31.0
31.0
35.0
28.0
58.0
39.0
68.0
76.0
85.0
120.0
23.0
26.0
122.0
14.0
62.0
121.0
72.0
10.0
42.0
26.0
28.0
43.0
27.0
44.0
40.0
27.0
26.0
12.0
53.0
21.0
43.0
39.0
54.0
39.0
38.0
89.0
20.0
35.0
43.0
45.0
54.0
20.0
50.0
54.0
60.0
40.0
23.0
19.0
62.0
38.0
95.0
34.0
61.0
79.0
37.0
38.0
45.0
43.0
19.0
18.0
22.0
25.0
47.0
52.0
34.0
60.0
31.0
61.0
25.0
30.0
78.0
38.0
95.0
62.0
27.0
48.0
29.0
53.0
52.0
39.0
38.0
39.0
27.0
18.0
101.0
55.0
13.0
63.0
45.0
53.0
10.0
133.0
40.0
41.0
28.0
36.0
44.0
120.0
23.0
19.0
38.0
26.0
35.0
16.0
122.0
77.0
16.0
19.0
36.0
74.0
25.0
20.0
29.0
74.0
45.0
30.0
45.0
47.0
35.0
87.0
93.0
86.0
12.0
52.0
33.0
19.0
42.0
22.0
32.0
26.0
39.0
29.0
38.0
37.0
58.0
34.0
18.0
18.0
32.0
13.0
57.0
29.0
19.0
180.0
31.0
30.0
67.0
26.0
81.0
51.0
59.0
53.0
61.0
20.0
91.0
56.0
54.0
48.0
30.0
32.0
88.0
31.0
29.0
64.0
50.0
9.0
24.0
39.0
25.0
32.0
34.0
54.0
36.0
22.0
99.0
63.0
16.0
18.0
59.0
45.0
22.0
139.0
13.0
35.0
46.0
35.0
42.0
47.0
59.0
38.0
101.0
84.0
26.0
70.0
44.0
92.0
20.0
31.0
28.0
51.0
12.0
22.0
20.0
27.0
158.0
71.0
22.0
43.0
93.0
29.0
35.0
34.0
17.0
26.0
17.0
42.0
51.0
49.0
38.0
43.0
18.0
18.0
45.0
53.0
29.0
65.0
27.0
64.0
32.0
53.0
28.0
36.0
81.0
21.0
33.0
51.0
19.0
41.0
74.0
55.0
57.0
68.0
31.0
49.0
40.0
63.0
37.0
87.0
15.0
10.0
21.0
96.0
22.0
51.0
18.0
43.0
30.0
21.0
55.0
34.0
36.0
103.0
38.0
21.0
46.0
40.0
30.0
100.0
71.0
42.0
46.0
46.0
14.0
19.0
26.0
58.0
18.0
27.0
54.0
21.0
22.0
19.0
44.0
69.0
38.0
19.0
44.0
68.0
77.0
33.0
94.0
35.0
58.0
78.0
16.0
30.0
339.0
44.0
61.0
21.0
33.0
23.0
18.0
22.0
69.0
24.0
26.0
98.0
55.0
21.0
102.0
38.0
38.0
28.0
21.0
31.0
37.0
32.0
45.0
42.0
19.0
155.0
14.0
28.0
35.0
34.0
33.0
66.0
20.0
35.0
43.0
34.0
24.0
13.0
20.0
36.0
28.0
35.0
28.0
64.0
29.0
64.0
43.0
32.0
28.0
36.0
38.0
39.0
64.0
21.0
79.0
32.0
15.0
11.0
39.0
76.0
42.0
50.0
30.0
63.0
50.0
58.0
19.0
118.0
115.0
76.0
26.0
38.0
56.0
54.0
37.0
15.0
35.0
40.0
8.0
61.0
75.0
79.0
92.0
17.0
52.0
58.0
69.0
26.0
66.0
13.0
66.0
88.0
19.0
67.0
22.0
79.0
34.0
13.0
38.0
51.0
37.0
31.0
34.0
17.0
86.0
30.0
30.0
186.0
30.0
6.0
27.0
24.0
28.0
24.0
53.0
39.0
69.0
15.0
45.0
82.0
26.0
35.0
32.0
31.0
54.0
26.0
48.0
80.0
28.0
43.0
36.0
39.0
57.0
59.0
29.0
48.0
83.0
45.0
26.0
37.0
17.0
79.0
51.0
28.0
20.0
30.0
13.0
65.0
46.0
44.0
83.0
45.0
24.0
46.0
32.0
34.0
40.0
29.0
71.0
42.0
28.0
20.0
17.0
61.0
33.0
23.0
23.0
63.0
40.0
34.0
36.0
59.0
52.0
55.0
43.0
33.0
31.0
23.0
25.0
10.0
12.0
42.0
18.0
53.0
28.0
124.0
86.0
41.0
26.0
32.0
47.0
21.0
4.0
101.0
53.0
20.0
22.0
41.0
12.0
35.0
17.0
82.0
62.0
9.0
5.0
37.0
38.0
238.0
35.0
34.0
22.0
314.0
26.0
16.0
75.0
82.0
117.0
38.0
34.0
20.0
30.0
39.0
5.0
386.0
15.0
27.0
22.0
27.0
39.0
71.0
43.0
56.0
41.0
39.0
28.0
14.0
39.0
19.0
60.0
76.0
28.0
72.0
25.0
61.0
55.0
54.0
45.0
47.0
25.0
26.0
22.0
54.0
50.0
16.0
17.0
61.0
12.0
68.0
52.0
39.0
20.0
14.0
16.0
19.0
13.0
28.0
18.0
45.0
94.0
16.0
30.0
19.0
22.0
15.0
87.0
89.0
35.0
53.0
14.0
36.0
102.0
21.0
16.0
33.0
36.0
14.0
18.0
68.0
82.0
66.0
40.0
49.0
26.0
88.0
36.0
52.0
21.0
86.0
55.0
17.0
81.0
53.0
46.0
25.0
28.0
17.0
30.0
24.0
18.0
37.0
44.0
36.0
97.0
28.0
20.0
63.0
65.0
26.0
38.0
21.0
26.0
28.0
67.0
37.0
25.0
63.0
47.0
134.0
45.0
40.0
35.0
42.0
59.0
23.0
15.0
59.0
19.0
55.0
52.0
74.0
53.0
36.0
56.0
62.0
106.0
40.0
31.0
62.0
20.0
12.0
55.0
27.0
9.0
29.0
97.0
56.0
112.0
29.0
105.0
36.0
19.0
11.0
56.0
34.0
27.0
54.0
38.0
24.0
33.0
19.0
49.0
90.0
66.0
26.0
33.0
19.0
125.0
70.0
14.0
51.0
22.0
66.0
28.0
23.0
20.0
58.0
48.0
40.0
46.0
28.0
27.0
41.0
46.0
22.0
66.0
14.0
27.0
48.0
57.0
11.0
19.0
16.0
32.0
37.0
17.0
12.0
43.0
19.0
23.0
26.0
49.0
23.0
25.0
29.0
19.0
97.0
264.0
12.0
54.0
40.0
57.0
15.0
40.0
67.0
25.0
87.0
21.0
54.0
33.0
21.0
69.0
9.0
60.0
34.0
29.0
33.0
69.0
76.0
36.0
52.0
65.0
28.0
29.0
52.0
51.0
37.0
24.0
57.0
24.0
24.0
62.0
24.0
9.0
16.0
8.0
83.0
9.0
44.0
39.0
83.0
73.0
40.0
18.0
36.0
40.0
38.0
18.0
45.0
32.0
40.0
22.0
51.0
12.0
22.0
33.0
114.0
11.0
68.0
56.0
93.0
55.0
23.0
33.0
28.0
9.0
71.0
52.0
32.0
5.0
61.0
39.0
30.0
69.0
37.0
45.0
73.0
24.0
45.0
26.0
24.0
23.0
25.0
115.0
32.0
49.0
31.0
105.0
55.0
25.0
21.0
30.0
23.0
18.0
33.0
33.0
33.0
10.0
74.0
48.0
26.0
19.0
18.0
58.0
105.0
40.0
27.0
13.0
26.0
9.0
28.0
35.0
36.0
49.0
87.0
67.0
36.0
62.0
14.0
13.0
30.0
28.0
17.0
102.0
57.0
36.0
79.0
16.0
38.0
106.0
38.0
55.0
103.0
41.0
17.0
44.0
10.0
81.0
42.0
22.0
23.0
61.0
9.0
33.0
48.0
67.0
39.0
49.0
24.0
44.0
45.0
16.0
22.0
23.0
25.0
103.0
42.0
29.0
20.0
21.0
46.0
15.0
16.0
11.0
31.0
17.0
34.0
81.0
39.0
19.0
59.0
29.0
35.0
72.0
52.0
19.0
36.0
46.0
30.0
7.0
50.0
36.0
46.0
50.0
38.0
24.0
39.0
39.0
21.0
14.0
42.0
17.0
27.0
25.0
52.0
60.0
35.0
33.0
11.0
15.0
38.0
46.0
25.0
54.0
25.0
50.0
28.0
53.0
18.0
86.0
49.0
36.0
24.0
29.0
24.0
29.0
51.0
39.0
31.0
70.0
25.0
14.0
37.0
35.0
68.0
93.0
24.0
42.0
41.0
54.0
36.0
60.0
32.0
11.0
28.0
57.0
53.0
95.0
89.0
23.0
50.0
38.0
28.0
41.0
24.0
29.0
5.0
81.0
117.0
32.0
15.0
69.0
46.0
16.0
17.0
93.0
33.0
14.0
31.0
18.0
91.0
42.0
59.0
18.0
41.0
62.0
41.0
35.0
44.0
42.0
34.0
58.0
25.0
29.0
42.0
10.0
18.0
100.0
57.0
26.0
24.0
47.0
82.0
75.0
82.0
55.0
42.0
88.0
50.0
49.0
62.0
41.0
102.0
59.0
56.0
60.0
17.0
16.0
31.0
36.0
24.0
20.0
8.0
19.0
26.0
50.0
34.0
34.0
59.0
24.0
93.0
36.0
26.0
21.0
20.0
74.0
29.0
84.0
21.0
27.0
72.0
29.0
51.0
28.0
68.0
47.0
11.0
74.0
15.0
48.0
8.0
35.0
192.0
19.0
52.0
61.0
25.0
15.0
40.0
16.0
26.0
47.0
24.0
57.0
26.0
32.0
46.0
51.0
74.0
37.0
12.0
14.0
19.0
6.0
13.0
43.0
72.0
51.0
22.0
37.0
28.0
25.0
115.0
56.0
58.0
58.0
164.0
44.0
48.0
5.0
22.0
36.0
16.0
17.0
45.0
22.0
95.0
53.0
50.0
25.0
112.0
22.0
116.0
28.0
33.0
44.0
16.0
21.0
36.0
75.0
38.0
33.0
81.0
26.0
28.0
45.0
69.0
33.0
13.0
11.0
29.0
23.0
16.0
51.0
26.0
47.0
124.0
53.0
74.0
29.0
45.0
30.0
50.0
14.0
77.0
25.0
27.0
84.0
101.0
61.0
61.0
42.0
38.0
15.0
38.0
56.0
52.0
21.0
79.0
34.0
20.0
35.0
21.0
69.0
23.0
59.0
69.0
12.0
67.0
53.0
54.0
67.0
33.0
56.0
64.0
43.0
47.0
15.0
12.0
31.0
66.0
12.0
31.0
17.0
8.0
35.0
128.0
33.0
28.0
25.0
23.0
19.0
36.0
20.0
113.0
28.0
30.0
56.0
46.0
19.0
58.0
32.0
28.0
43.0
53.0
32.0
36.0
73.0
34.0
39.0
42.0
34.0
48.0
52.0
31.0
36.0
40.0
37.0
88.0
24.0
9.0
16.0
209.0
35.0
36.0
25.0
88.0
36.0
27.0
42.0
58.0
20.0
25.0
36.0
24.0
36.0
61.0
49.0
11.0
16.0
50.0
36.0
47.0
29.0
87.0
55.0
22.0
42.0
47.0
244.0
33.0
24.0
111.0
15.0
19.0
44.0
29.0
32.0
51.0
34.0
30.0
239.0
41.0
44.0
18.0
101.0
67.0
33.0
13.0
97.0
72.0
23.0
27.0
38.0
19.0
24.0
27.0
33.0
131.0
37.0
37.0
37.0
30.0
7.0
71.0
38.0
36.0
34.0
36.0
19.0
33.0
40.0
56.0
25.0
18.0
15.0
52.0
154.0
52.0
103.0
12.0
45.0
25.0
56.0
55.0
33.0
28.0
25.0
33.0
20.0
24.0
109.0
49.0
9.0
36.0
31.0
54.0
49.0
71.0
55.0
15.0
12.0
16.0
61.0
32.0
57.0
117.0
49.0
70.0
18.0
13.0
13.0
40.0
19.0
25.0
21.0
51.0
119.0
32.0
19.0
15.0
29.0
30.0
58.0
35.0
44.0
32.0
54.0
9.0
61.0
30.0
141.0
53.0
27.0
34.0
16.0
108.0
46.0
30.0
29.0
37.0
25.0
6.0
57.0
49.0
80.0
110.0
23.0
33.0
47.0
113.0
47.0
41.0
44.0
168.0
17.0
33.0
11.0
72.0
54.0
47.0
51.0
79.0
11.0
48.0
18.0
73.0
26.0
13.0
37.0
46.0
26.0
15.0
18.0
24.0
15.0
45.0
24.0
85.0
50.0
24.0
45.0
25.0
25.0
40.0
63.0
59.0
44.0
23.0
57.0
40.0
21.0
13.0
53.0
63.0
64.0
34.0
12.0
34.0
19.0
10.0
44.0
37.0
41.0
82.0
22.0
18.0
40.0
34.0
81.0
89.0
26.0
45.0
50.0
44.0
15.0
93.0
64.0
89.0
19.0
41.0
41.0
79.0
67.0
12.0
30.0
8.0
40.0
34.0
66.0
32.0
7.0
28.0
72.0
15.0
22.0
28.0
48.0
46.0
70.0
42.0
98.0
18.0
16.0
15.0
21.0
42.0
75.0
18.0
47.0
154.0
22.0
5.0
21.0
53.0
51.0
78.0
74.0
471.0
11.0
44.0
27.0
42.0
79.0
37.0
51.0
29.0
48.0
49.0
15.0
10.0
145.0
40.0
47.0
113.0
23.0
34.0
15.0
34.0
18.0
25.0
15.0
45.0
21.0
33.0
45.0
32.0
36.0
9.0
8.0
17.0
49.0
34.0
44.0
27.0
53.0
48.0
49.0
79.0
34.0
56.0
18.0
51.0
24.0
47.0
42.0
26.0
12.0
168.0
63.0
67.0
97.0
64.0
63.0
43.0
21.0
78.0
143.0
33.0
14.0
30.0
75.0
10.0
22.0
38.0
26.0
14.0
33.0
30.0
8.0
29.0
22.0
29.0
30.0
21.0
23.0
32.0
26.0
99.0
47.0
114.0
58.0
27.0
16.0
16.0
50.0
37.0
79.0
13.0
60.0
46.0
88.0
3.0
60.0
78.0
18.0
54.0
67.0
91.0
42.0
16.0
51.0
112.0
55.0
76.0
20.0
21.0
38.0
66.0
11.0
38.0
4.0
61.0
8.0
23.0
78.0
60.0
50.0
50.0
24.0
130.0
25.0
57.0
18.0
10.0
17.0
21.0
38.0
48.0
16.0
58.0
35.0
70.0
55.0
31.0
115.0
23.0
29.0
72.0
50.0
13.0
68.0
45.0
25.0
9.0
41.0
57.0
19.0
28.0
29.0
29.0
72.0
57.0
31.0
105.0
33.0
259.0
27.0
85.0
42.0
17.0
31.0
70.0
35.0
17.0
11.0
34.0
22.0
22.0
79.0
27.0
82.0
58.0
24.0
44.0
47.0
23.0
33.0
86.0
44.0
58.0
18.0
20.0
28.0
113.0
115.0
5.0
18.0
58.0
29.0
61.0
98.0
18.0
22.0
30.0
15.0
58.0
219.0
20.0
14.0
56.0
94.0
20.0
44.0
11.0
39.0
31.0
29.0
15.0
12.0
32.0
44.0
9.0
76.0
42.0
39.0
136.0
38.0
31.0
11.0
13.0
42.0
40.0
19.0
27.0
15.0
34.0
85.0
22.0
46.0
27.0
53.0
53.0
58.0
23.0
27.0
82.0
31.0
17.0
69.0
50.0
34.0
28.0
27.0
14.0
61.0
64.0
75.0
25.0
36.0
20.0
21.0
50.0
55.0
60.0
25.0
74.0
66.0
29.0
18.0
29.0
14.0
3.0
49.0
20.0
13.0
58.0
27.0
64.0
33.0
38.0
122.0
27.0
20.0
58.0
37.0
33.0
57.0
24.0
16.0
32.0
30.0
7.0
133.0
31.0
76.0
30.0
47.0
59.0
27.0
19.0
15.0
13.0
19.0
29.0
43.0
42.0
34.0
27.0
54.0
54.0
9.0
92.0
50.0
61.0
76.0
47.0
14.0
18.0
26.0
48.0
37.0
55.0
106.0
85.0
39.0
71.0
51.0
37.0
12.0
15.0
77.0
20.0
14.0
49.0
19.0
29.0
19.0
75.0
59.0
99.0
30.0
13.0
25.0
16.0
12.0
11.0
60.0
21.0
66.0
123.0
9.0
22.0
48.0
103.0
29.0
77.0
41.0
36.0
39.0
11.0
70.0
44.0
91.0
48.0
40.0
42.0
32.0
25.0
11.0
29.0
65.0
13.0
49.0
29.0
30.0
33.0
97.0
14.0
63.0
44.0
26.0
89.0
42.0
60.0
101.0
20.0
30.0
37.0
38.0
33.0
32.0
36.0
30.0
57.0
35.0
94.0
100.0
60.0
48.0
25.0
13.0
26.0
43.0
33.0
42.0
19.0
24.0
19.0
11.0
44.0
14.0
35.0
66.0
59.0
31.0
86.0
33.0
54.0
28.0
31.0
52.0
56.0
32.0
29.0
42.0
24.0
38.0
26.0
13.0
96.0
36.0
26.0
43.0
12.0
32.0
33.0
25.0
18.0
65.0
26.0
35.0
65.0
14.0
12.0
104.0
23.0
34.0
57.0
68.0
53.0
24.0
5.0
43.0
205.0
53.0
40.0
28.0
58.0
54.0
48.0
49.0
39.0
41.0
40.0
74.0
53.0
30.0
33.0
139.0
44.0
69.0
45.0
11.0
21.0
55.0
34.0
33.0
43.0
21.0
25.0
29.0
32.0
52.0
75.0
53.0
18.0
10.0
30.0
40.0
25.0
36.0
17.0
57.0
17.0
94.0
31.0
19.0
48.0
60.0
35.0
69.0
27.0
38.0
31.0
24.0
47.0
29.0
68.0
26.0
51.0
23.0
68.0
12.0
32.0
24.0
57.0
46.0
54.0
79.0
66.0
21.0
34.0
54.0
35.0
24.0
68.0
20.0
128.0
41.0
41.0
85.0
28.0
57.0
54.0
79.0
75.0
78.0
121.0
23.0
20.0
48.0
55.0
36.0
77.0
94.0
33.0
16.0
17.0
10.0
31.0
22.0
23.0
112.0
14.0
22.0
54.0
12.0
92.0
21.0
36.0
17.0
26.0
20.0
12.0
40.0
56.0
69.0
33.0
27.0
70.0
57.0
26.0
25.0
21.0
41.0
53.0
9.0
26.0
32.0
31.0
47.0
71.0
10.0
18.0
76.0
67.0
157.0
50.0
14.0
24.0
27.0
51.0
29.0
87.0
8.0
30.0
30.0
47.0
69.0
13.0
44.0
10.0
33.0
37.0
15.0
16.0
31.0
38.0
55.0
53.0
83.0
20.0
24.0
31.0
53.0
87.0
16.0
73.0
50.0
7.0
29.0
33.0
55.0
18.0
19.0
64.0
116.0
44.0
34.0
63.0
35.0
31.0
19.0
74.0
45.0
23.0
18.0
53.0
92.0
26.0
24.0
66.0
16.0
41.0
10.0
60.0
17.0
48.0
55.0
16.0
62.0
22.0
7.0
18.0
11.0
20.0
48.0
22.0
20.0
20.0
79.0
41.0
50.0
143.0
56.0
37.0
132.0
13.0
56.0
26.0
40.0
27.0
30.0
18.0
16.0
37.0
13.0
44.0
11.0
60.0
30.0
47.0
25.0
37.0
72.0
75.0
20.0
49.0
99.0
118.0
34.0
184.0
40.0
17.0
29.0
41.0
26.0
12.0
28.0
41.0
20.0
69.0
36.0
21.0
21.0
69.0
21.0
16.0
43.0
42.0
45.0
29.0
20.0
20.0
25.0
22.0
51.0
20.0
14.0
45.0
85.0
112.0
42.0
21.0
26.0
36.0
47.0
27.0
54.0
13.0
66.0
16.0
111.0
45.0
18.0
17.0
14.0
11.0
81.0
34.0
10.0
23.0
156.0
39.0
32.0
21.0
46.0
29.0
21.0
84.0
68.0
46.0
42.0
62.0
15.0
66.0
52.0
6.0
23.0
11.0
49.0
22.0
47.0
45.0
18.0
67.0
218.0
90.0
12.0
86.0
37.0
117.0
22.0
41.0
43.0
15.0
42.0
33.0
32.0
20.0
79.0
112.0
15.0
41.0
132.0
45.0
53.0
33.0
10.0
76.0
17.0
29.0
35.0
62.0
33.0
24.0
40.0
17.0
23.0
11.0
104.0
24.0
27.0
17.0
75.0
46.0
120.0
25.0
24.0
33.0
45.0
23.0
17.0
41.0
42.0
72.0
46.0
10.0
28.0
53.0
96.0
63.0
13.0
46.0
33.0
177.0
39.0
113.0
30.0
44.0
36.0
14.0
29.0
45.0
32.0
27.0
18.0
12.0
42.0
13.0
35.0
16.0
21.0
39.0
43.0
135.0
67.0
16.0
29.0
73.0
28.0
30.0
50.0
34.0
25.0
67.0
75.0
25.0
25.0
29.0
26.0
19.0
45.0
41.0
63.0
56.0
32.0
76.0
49.0
58.0
101.0
41.0
65.0
8.0
36.0
29.0
107.0
46.0
68.0
34.0
28.0
26.0
17.0
35.0
43.0
33.0
80.0
72.0
29.0
105.0
107.0
24.0
88.0
66.0
78.0
109.0
10.0
138.0
20.0
50.0
10.0
58.0
13.0
17.0
17.0
71.0
23.0
22.0
82.0
31.0
62.0
37.0
50.0
51.0
16.0
25.0
17.0
69.0
18.0
46.0
15.0
54.0
140.0
24.0
81.0
25.0
26.0
20.0
49.0
14.0
14.0
32.0
33.0
26.0
34.0
30.0
35.0
30.0
34.0
37.0
177.0
51.0
65.0
30.0
14.0
32.0
34.0
83.0
20.0
20.0
140.0
12.0
42.0
222.0
61.0
120.0
24.0
85.0
24.0
12.0
66.0
39.0
23.0
51.0
18.0
24.0
14.0
10.0
21.0
14.0
73.0
40.0
23.0
19.0
27.0
22.0
15.0
45.0
16.0
34.0
58.0
79.0
82.0
37.0
36.0
9.0
85.0
13.0
75.0
142.0
63.0
33.0
75.0
31.0
52.0
68.0
49.0
102.0
15.0
38.0
42.0
126.0
21.0
63.0
16.0
22.0
12.0
42.0
23.0
74.0
4.0
41.0
66.0
83.0
51.0
14.0
61.0
35.0
28.0
30.0
40.0
54.0
23.0
20.0
55.0
44.0
13.0
48.0
161.0
23.0
19.0
85.0
37.0
45.0
78.0
17.0
23.0
64.0
62.0
65.0
61.0
52.0
17.0
102.0
25.0
43.0
13.0
16.0
18.0
62.0
44.0
41.0
77.0
124.0
22.0
27.0
49.0
34.0
63.0
165.0
40.0
38.0
14.0
36.0
29.0
42.0
16.0
40.0
8.0
15.0
36.0
13.0
51.0
24.0
70.0
24.0
66.0
24.0
34.0
36.0
64.0
32.0
18.0
35.0
141.0
12.0
90.0
41.0
34.0
62.0
16.0
10.0
56.0
32.0
28.0
32.0
59.0
23.0
19.0
167.0
52.0
31.0
29.0
58.0
66.0
87.0
49.0
7.0
64.0
68.0
67.0
16.0
7.0
54.0
13.0
36.0
14.0
14.0
33.0
75.0
15.0
106.0
106.0
31.0
18.0
38.0
21.0
18.0
49.0
60.0
40.0
10.0
40.0
33.0
50.0
5.0
93.0
124.0
53.0
30.0
76.0
73.0
15.0
20.0
40.0
12.0
47.0
33.0
46.0
25.0
6.0
54.0
29.0
64.0
54.0
16.0
5.0
30.0
56.0
53.0
12.0
35.0
39.0
54.0
66.0
35.0
24.0
39.0
42.0
77.0
35.0
18.0
38.0
34.0
51.0
27.0
34.0
40.0
79.0
26.0
48.0
66.0
75.0
86.0
94.0
40.0
24.0
19.0
30.0
89.0
40.0
34.0
40.0
34.0
14.0
34.0
13.0
23.0
72.0
40.0
96.0
89.0
39.0
14.0
28.0
49.0
36.0
6.0
75.0
24.0
42.0
20.0
49.0
80.0
47.0
31.0
17.0
17.0
78.0
47.0
45.0
30.0
30.0
25.0
39.0
33.0
40.0
25.0
26.0
22.0
52.0
41.0
28.0
32.0
35.0
92.0
29.0
77.0
25.0
56.0
38.0
96.0
70.0
22.0
91.0
23.0
64.0
63.0
46.0
40.0
66.0
24.0
20.0
32.0
72.0
28.0
12.0
68.0
24.0
27.0
104.0
25.0
43.0
30.0
13.0
87.0
39.0
82.0
70.0
25.0
34.0
13.0
14.0
58.0
23.0
24.0
38.0
15.0
43.0
27.0
107.0
21.0
64.0
33.0
78.0
16.0
25.0
99.0
24.0
62.0
48.0
16.0
54.0
19.0
71.0
32.0
116.0
26.0
38.0
28.0
53.0
59.0
36.0
57.0
24.0
116.0
21.0
42.0
39.0
56.0
30.0
43.0
20.0
70.0
66.0
8.0
23.0
15.0
13.0
42.0
43.0
56.0
25.0
24.0
71.0
95.0
57.0
37.0
53.0
37.0
66.0
38.0
33.0
21.0
36.0
25.0
47.0
102.0
138.0
12.0
42.0
38.0
59.0
8.0
32.0
134.0
34.0
27.0
30.0
62.0
27.0
33.0
55.0
88.0
21.0
20.0
27.0
32.0
47.0
30.0
36.0
46.0
14.0
57.0
38.0
55.0
11.0
72.0
26.0
62.0
63.0
60.0
74.0
28.0
46.0
46.0
41.0
43.0
51.0
78.0
32.0
22.0
46.0
75.0
143.0
15.0
14.0
29.0
96.0
21.0
41.0
33.0
91.0
24.0
39.0
38.0
56.0
22.0
117.0
61.0
61.0
75.0
185.0
14.0
26.0
32.0
30.0
36.0
36.0
29.0
67.0
22.0
35.0
94.0
16.0
25.0
38.0
23.0
104.0
44.0
13.0
27.0
30.0
66.0
37.0
50.0
24.0
67.0
29.0
20.0
25.0
101.0
26.0
26.0
20.0
36.0
54.0
70.0
38.0
116.0
31.0
16.0
136.0
25.0
39.0
26.0
54.0
46.0
64.0
82.0
15.0
16.0
65.0
26.0
58.0
31.0
57.0
15.0
68.0
16.0
88.0
24.0
61.0
55.0
61.0
34.0
21.0
26.0
57.0
26.0
23.0
14.0
25.0
26.0
59.0
34.0
74.0
15.0
31.0
66.0
101.0
25.0
58.0
45.0
23.0
24.0
54.0
50.0
8.0
66.0
80.0
18.0
9.0
70.0
72.0
106.0
91.0
43.0
156.0
11.0
18.0
20.0
21.0
27.0
83.0
6.0
90.0
19.0
53.0
30.0
9.0
97.0
43.0
27.0
36.0
30.0
19.0
44.0
26.0
44.0
19.0
25.0
43.0
31.0
50.0
25.0
25.0
11.0
39.0
23.0
77.0
44.0
50.0
43.0
22.0
43.0
68.0
78.0
20.0
31.0
41.0
34.0
19.0
39.0
62.0
22.0
141.0
65.0
44.0
96.0
43.0
34.0
32.0
53.0
17.0
18.0
38.0
56.0
41.0
30.0
26.0
18.0
24.0
10.0
35.0
32.0
27.0
52.0
15.0
12.0
79.0
12.0
37.0
36.0
61.0
25.0
44.0
85.0
23.0
75.0
31.0
26.0
32.0
43.0
14.0
31.0
161.0
16.0
47.0
32.0
84.0
23.0
31.0
27.0
28.0
17.0
28.0
93.0
68.0
42.0
48.0
5.0
32.0
24.0
39.0
3.0
115.0
60.0
22.0
51.0
30.0
11.0
4.0
43.0
39.0
40.0
94.0
38.0
18.0
79.0
29.0
47.0
47.0
29.0
65.0
13.0
38.0
26.0
30.0
90.0
30.0
44.0
53.0
75.0
49.0
48.0
82.0
74.0
22.0
66.0
48.0
11.0
4.0
8.0
61.0
91.0
17.0
47.0
20.0
140.0
95.0
42.0
10.0
16.0
20.0
32.0
15.0
81.0
20.0
37.0
62.0
35.0
51.0
22.0
11.0
22.0
15.0
83.0
19.0
14.0
67.0
24.0
15.0
55.0
74.0
59.0
109.0
20.0
20.0
56.0
57.0
15.0
54.0
17.0
40.0
46.0
26.0
77.0
124.0
49.0
94.0
23.0
44.0
32.0
78.0
72.0
67.0
45.0
80.0
15.0
76.0
17.0
27.0
37.0
24.0
36.0
45.0
22.0
67.0
29.0
156.0
51.0
30.0
29.0
77.0
27.0
28.0
42.0
33.0
11.0
40.0
16.0
71.0
81.0
25.0
50.0
50.0
34.0
72.0
22.0
39.0
33.0
52.0
20.0
10.0
50.0
76.0
39.0
66.0
42.0
78.0
15.0
125.0
15.0
86.0
11.0
25.0
61.0
28.0
75.0
45.0
59.0
68.0
35.0
66.0
110.0
19.0
39.0
34.0
16.0
87.0
40.0
33.0
73.0
46.0
37.0
52.0
46.0
64.0
89.0
32.0
66.0
49.0
85.0
36.0
35.0
22.0
46.0
36.0
44.0
60.0
42.0
32.0
35.0
29.0
28.0
45.0
38.0
17.0
43.0
52.0
54.0
11.0
115.0
55.0
44.0
82.0
12.0
80.0
25.0
46.0
50.0
37.0
9.0
35.0
16.0
22.0
46.0
45.0
40.0
18.0
26.0
63.0
5.0
28.0
82.0
54.0
21.0
37.0
55.0
33.0
37.0
34.0
23.0
29.0
36.0
30.0
72.0
44.0
44.0
31.0
45.0
36.0
11.0
34.0
44.0
70.0
22.0
33.0
69.0
50.0
29.0
39.0
65.0
66.0
82.0
64.0
15.0
46.0
52.0
20.0
25.0
63.0
69.0
15.0
44.0
77.0
27.0
18.0
38.0
5.0
149.0
21.0
143.0
20.0
70.0
16.0
81.0
82.0
54.0
29.0
27.0
62.0
26.0
13.0
34.0
129.0
45.0
72.0
18.0
35.0
42.0
29.0
27.0
39.0
12.0
7.0
56.0
26.0
13.0
28.0
54.0
31.0
134.0
34.0
35.0
29.0
26.0
26.0
76.0
74.0
14.0
19.0
35.0
35.0
93.0
36.0
50.0
51.0
56.0
107.0
23.0
12.0
42.0
64.0
11.0
41.0
47.0
32.0
186.0
36.0
41.0
53.0
48.0
15.0
123.0
66.0
83.0
5.0
88.0
34.0
38.0
55.0
19.0
40.0
95.0
46.0
20.0
28.0
64.0
65.0
30.0
24.0
23.0
74.0
34.0
83.0
101.0
19.0
26.0
24.0
56.0
40.0
19.0
72.0
65.0
13.0
44.0
34.0
69.0
22.0
15.0
17.0
44.0
33.0
85.0
25.0
90.0
45.0
66.0
47.0
57.0
33.0
28.0
15.0
16.0
23.0
68.0
26.0
55.0
79.0
67.0
53.0
37.0
32.0
24.0
59.0
39.0
39.0
34.0
9.0
45.0
19.0
25.0
44.0
40.0
64.0
42.0
82.0
99.0
34.0
106.0
22.0
63.0
14.0
210.0
28.0
52.0
137.0
20.0
24.0
12.0
37.0
19.0
84.0
13.0
37.0
38.0
39.0
33.0
53.0
37.0
30.0
106.0
54.0
48.0
58.0
95.0
28.0
37.0
27.0
39.0
22.0
42.0
36.0
80.0
88.0
47.0
55.0
58.0
50.0
33.0
36.0
85.0
34.0
61.0
24.0
29.0
57.0
43.0
15.0
59.0
62.0
48.0
31.0
56.0
25.0
52.0
50.0
17.0
43.0
50.0
36.0
68.0
13.0
22.0
19.0
68.0
31.0
49.0
65.0
73.0
16.0
64.0
18.0
36.0
92.0
45.0
26.0
49.0
49.0
71.0
45.0
31.0
45.0
32.0
107.0
42.0
63.0
31.0
27.0
13.0
59.0
28.0
19.0
14.0
54.0
10.0
49.0
102.0
26.0
58.0
19.0
32.0
45.0
17.0
19.0
87.0
37.0
37.0
15.0
59.0
22.0
25.0
32.0
48.0
44.0
53.0
24.0
57.0
23.0
6.0
69.0
37.0
69.0
59.0
23.0
147.0
22.0
42.0
27.0
110.0
20.0
25.0
68.0
93.0
36.0
46.0
70.0
81.0
49.0
27.0
81.0
29.0
132.0
19.0
24.0
43.0
84.0
25.0
28.0
20.0
21.0
94.0
29.0
9.0
51.0
23.0
15.0
28.0
46.0
17.0
37.0
14.0
43.0
45.0
23.0
34.0
23.0
31.0
34.0
48.0
48.0
57.0
190.0
33.0
10.0
118.0
36.0
39.0
22.0
151.0
37.0
84.0
46.0
13.0
30.0
51.0
31.0
21.0
21.0
40.0
37.0
81.0
33.0
23.0
61.0
72.0
80.0
46.0
36.0
38.0
25.0
35.0
65.0
24.0
26.0
24.0
96.0
35.0
34.0
139.0
42.0
52.0
86.0
53.0
8.0
57.0
48.0
85.0
41.0
52.0
44.0
42.0
15.0
15.0
30.0
57.0
13.0
68.0
27.0
34.0
58.0
19.0
91.0
85.0
30.0
25.0
23.0
191.0
16.0
51.0
9.0
18.0
148.0
6.0
78.0
39.0
33.0
56.0
105.0
53.0
30.0
39.0
34.0
30.0
39.0
49.0
31.0
49.0
37.0
53.0
32.0
25.0
55.0
31.0
32.0
68.0
51.0
60.0
46.0
66.0
35.0
38.0
146.0
49.0
33.0
37.0
19.0
54.0
50.0
48.0
82.0
49.0
22.0
42.0
129.0
37.0
60.0
55.0
43.0
34.0
89.0
41.0
55.0
48.0
33.0
13.0
78.0
18.0
33.0
67.0
25.0
36.0
36.0
15.0
84.0
50.0
57.0
60.0
27.0
69.0
25.0
36.0
31.0
15.0
25.0
22.0
35.0
37.0
106.0
50.0
32.0
54.0
80.0
51.0
74.0
28.0
84.0
87.0
40.0
36.0
15.0
19.0
26.0
80.0
15.0
158.0
45.0
19.0
27.0
8.0
46.0
27.0
55.0
17.0
47.0
25.0
41.0
31.0
32.0
28.0
80.0
50.0
28.0
34.0
41.0
29.0
67.0
35.0
32.0
21.0
44.0
33.0
54.0
48.0
85.0
53.0
71.0
20.0
65.0
17.0
69.0
85.0
17.0
43.0
59.0
33.0
31.0
53.0
24.0
24.0
35.0
60.0
49.0
75.0
28.0
38.0
21.0
31.0
48.0
45.0
24.0
40.0
37.0
43.0
61.0
66.0
22.0
43.0
38.0
25.0
180.0
30.0
77.0
56.0
72.0
42.0
15.0
24.0
15.0
12.0
17.0
40.0
44.0
47.0
46.0
56.0
32.0
57.0
20.0
26.0
38.0
80.0
14.0
44.0
35.0
60.0
33.0
25.0
41.0
66.0
19.0
60.0
63.0
101.0
29.0
43.0
130.0
23.0
16.0
20.0
48.0
20.0
41.0
20.0
20.0
48.0
23.0
10.0
35.0
63.0
44.0
59.0
41.0
23.0
90.0
81.0
71.0
55.0
33.0
22.0
49.0
57.0
35.0
33.0
78.0
43.0
30.0
59.0
94.0
103.0
53.0
33.0
51.0
33.0
94.0
66.0
53.0
43.0
38.0
58.0
31.0
24.0
14.0
54.0
75.0
74.0
26.0
59.0
21.0
30.0
24.0
34.0
27.0
31.0
82.0
18.0
266.0
16.0
22.0
15.0
39.0
51.0
46.0
30.0
17.0
58.0
38.0
29.0
34.0
55.0
44.0
20.0
63.0
46.0
83.0
31.0
36.0
19.0
32.0
20.0
37.0
37.0
64.0
28.0
10.0
36.0
16.0
75.0
76.0
74.0
36.0
30.0
19.0
40.0
83.0
43.0
35.0
31.0
33.0
24.0
19.0
34.0
57.0
31.0
44.0
74.0
101.0
12.0
21.0
23.0
66.0
119.0
36.0
49.0
16.0
28.0
29.0
41.0
35.0
124.0
42.0
59.0
32.0
20.0
118.0
13.0
25.0
36.0
39.0
35.0
28.0
117.0
54.0
68.0
34.0
37.0
29.0
12.0
47.0
28.0
45.0
26.0
46.0
51.0
89.0
46.0
29.0
21.0
52.0
84.0
49.0
44.0
70.0
48.0
69.0
17.0
36.0
51.0
81.0
15.0
53.0
51.0
61.0
33.0
21.0
75.0
63.0
18.0
19.0
94.0
39.0
46.0
61.0
36.0
104.0
55.0
14.0
35.0
32.0
73.0
30.0
55.0
35.0
19.0
93.0
33.0
32.0
44.0
36.0
36.0
102.0
43.0
34.0
37.0
42.0
21.0
20.0
107.0
21.0
29.0
11.0
59.0
105.0
30.0
10.0
181.0
42.0
38.0
18.0
60.0
14.0
35.0
56.0
36.0
95.0
50.0
19.0
23.0
40.0
22.0
35.0
45.0
16.0
37.0
95.0
34.0
96.0
38.0
105.0
52.0
72.0
21.0
17.0
19.0
56.0
37.0
112.0
41.0
23.0
45.0
34.0
70.0
36.0
70.0
42.0
71.0
100.0
49.0
85.0
83.0
14.0
64.0
13.0
15.0
25.0
44.0
33.0
44.0
33.0
64.0
35.0
53.0
23.0
32.0
14.0
73.0
52.0
49.0
78.0
43.0
33.0
49.0
65.0
44.0
51.0
37.0
31.0
57.0
81.0
27.0
49.0
77.0
41.0
71.0
53.0
30.0
58.0
74.0
54.0
66.0
23.0
23.0
37.0
15.0
58.0
51.0
14.0
36.0
29.0
36.0
22.0
71.0
73.0
91.0
30.0
99.0
25.0
29.0
54.0
52.0
20.0
85.0
50.0
53.0
25.0
46.0
53.0
79.0
70.0
19.0
36.0
71.0
47.0
77.0
54.0
29.0
44.0
16.0
37.0
61.0
36.0
39.0
33.0
46.0
33.0
33.0
39.0
50.0
42.0
32.0
47.0
47.0
69.0
71.0
14.0
14.0
31.0
47.0
45.0
83.0
59.0
51.0
33.0
38.0
106.0
53.0
66.0
23.0
35.0
36.0
28.0
28.0
22.0
23.0
16.0
62.0
37.0
83.0
36.0
93.0
28.0
32.0
71.0
112.0
37.0
106.0
26.0
28.0
14.0
36.0
36.0
35.0
22.0
32.0
60.0
73.0
35.0
19.0
60.0
16.0
58.0
26.0
130.0
27.0
25.0
40.0
37.0
83.0
114.0
38.0
41.0
39.0
21.0
63.0
40.0
58.0
47.0
26.0
31.0
38.0
67.0
46.0
28.0
22.0
29.0
23.0
59.0
35.0
62.0
17.0
28.0
25.0
55.0
40.0
26.0
29.0
67.0
47.0
33.0
18.0
76.0
30.0
38.0
20.0
51.0
35.0
78.0
40.0
18.0
30.0
47.0
15.0
54.0
46.0
67.0
52.0
77.0
36.0
13.0
73.0
37.0
94.0
36.0
84.0
52.0
49.0
28.0
145.0
38.0
20.0
54.0
36.0
138.0
34.0
20.0
31.0
47.0
70.0
158.0
53.0
34.0
42.0
31.0
38.0
48.0
117.0
33.0
148.0
23.0
37.0
25.0
50.0
111.0
32.0
55.0
39.0
70.0
24.0
31.0
25.0
44.0
26.0
15.0
33.0
42.0
62.0
55.0
43.0
88.0
70.0
38.0
47.0
72.0
24.0
48.0
30.0
38.0
26.0
33.0
42.0
39.0
82.0
15.0
31.0
27.0
31.0
46.0
60.0
41.0
22.0
47.0
45.0
110.0
15.0
51.0
20.0
13.0
26.0
25.0
18.0
36.0
34.0
15.0
44.0
57.0
65.0
84.0
53.0
68.0
49.0
38.0
34.0
34.0
58.0
78.0
52.0
60.0
39.0
48.0
40.0
98.0
60.0
16.0
59.0
44.0
53.0
33.0
56.0
36.0
7.0
36.0
71.0
65.0
153.0
40.0
40.0
41.0
77.0
28.0
35.0
31.0
76.0
53.0
47.0
52.0
36.0
7.0
44.0
33.0
56.0
28.0
30.0
50.0
34.0
27.0
34.0
110.0
27.0
25.0
41.0
37.0
42.0
22.0
59.0
22.0
93.0
48.0
14.0
60.0
58.0
39.0
26.0
15.0
46.0
10.0
57.0
33.0
24.0
44.0
69.0
67.0
12.0
3.0
39.0
37.0
35.0
48.0
31.0
48.0
61.0
49.0
46.0
47.0
45.0
29.0
102.0
49.0
27.0
52.0
79.0
53.0
22.0
28.0
40.0
52.0
82.0
67.0
27.0
40.0
31.0
44.0
38.0
35.0
23.0
28.0
10.0
18.0
105.0
20.0
50.0
36.0
27.0
71.0
28.0
31.0
24.0
93.0
54.0
28.0
72.0
26.0
54.0
71.0
103.0
42.0
37.0
104.0
38.0
42.0
23.0
53.0
96.0
32.0
46.0
106.0
14.0
4.0
86.0
48.0
54.0
36.0
53.0
48.0
87.0
23.0
55.0
55.0
76.0
40.0
31.0
105.0
45.0
50.0
29.0
52.0
33.0
59.0
32.0
51.0
23.0
54.0
27.0
59.0
29.0
20.0
30.0
26.0
25.0
11.0
24.0
32.0
60.0
7.0
17.0
56.0
15.0
24.0
23.0
39.0
35.0
22.0
46.0
34.0
40.0
39.0
79.0
52.0
49.0
36.0
10.0
54.0
39.0
143.0
35.0
54.0
32.0
40.0
35.0
71.0
65.0
99.0
28.0
44.0
20.0
54.0
53.0
39.0
22.0
57.0
94.0
53.0
45.0
11.0
42.0
33.0
26.0
33.0
63.0
37.0
16.0
21.0
99.0
18.0
44.0
61.0
29.0
27.0
45.0
104.0
83.0
57.0
47.0
89.0
36.0
30.0
57.0
93.0
103.0
53.0
78.0
74.0
23.0
86.0
88.0
36.0
40.0
18.0
79.0
42.0
28.0
39.0
27.0
82.0
96.0
61.0
52.0
36.0
20.0
55.0
89.0
33.0
24.0
42.0
38.0
63.0
18.0
15.0
40.0
63.0
23.0
65.0
53.0
89.0
33.0
44.0
63.0
20.0
54.0
58.0
28.0
88.0
29.0
23.0
19.0
64.0
65.0
21.0
88.0
45.0
74.0
37.0
61.0
30.0
20.0
12.0
44.0
27.0
40.0
58.0
46.0
52.0
44.0
82.0
45.0
84.0
18.0
46.0
32.0
43.0
65.0
88.0
70.0
25.0
22.0
36.0
136.0
23.0
33.0
47.0
32.0
31.0
42.0
25.0
71.0
82.0
115.0
99.0
33.0
52.0
22.0
69.0
85.0
13.0
36.0
43.0
32.0
33.0
53.0
39.0
39.0
183.0
47.0
61.0
47.0
61.0
18.0
34.0
62.0
50.0
61.0
25.0
32.0
49.0
53.0
66.0
63.0
47.0
58.0
43.0
52.0
62.0
30.0
44.0
49.0
28.0
35.0
43.0
31.0
80.0
86.0
25.0
67.0
38.0
79.0
33.0
106.0
59.0
46.0
39.0
65.0
34.0
33.0
75.0
40.0
33.0
27.0
27.0
29.0
47.0
94.0
40.0
20.0
40.0
25.0
53.0
48.0
25.0
30.0
40.0
79.0
101.0
13.0
86.0
26.0
27.0
23.0
55.0
102.0
27.0
56.0
51.0
31.0
43.0
69.0
45.0
44.0
39.0
59.0
51.0
25.0
230.0
42.0
59.0
63.0
44.0
25.0
36.0
29.0
57.0
26.0
12.0
56.0
33.0
34.0
39.0
47.0
56.0
40.0
19.0
81.0
48.0
39.0
35.0
31.0
54.0
32.0
22.0
38.0
55.0
46.0
38.0
60.0
25.0
111.0
18.0
29.0
88.0
21.0
63.0
48.0
31.0
69.0
129.0
44.0
65.0
39.0
37.0
88.0
59.0
172.0
59.0
46.0
53.0
41.0
39.0
23.0
33.0
56.0
37.0
69.0
58.0
40.0
34.0
8.0
14.0
34.0
126.0
63.0
43.0
83.0
70.0
19.0
48.0
22.0
85.0
17.0
70.0
32.0
29.0
55.0
62.0
25.0
27.0
71.0
50.0
99.0
20.0
63.0
30.0
31.0
31.0
56.0
34.0
57.0
36.0
40.0
204.0
42.0
47.0
31.0
35.0
28.0
39.0
20.0
55.0
23.0
37.0
64.0
50.0
27.0
74.0
40.0
47.0
24.0
43.0
45.0
17.0
46.0
79.0
35.0
43.0
50.0
69.0
38.0
56.0
9.0
61.0
59.0
38.0
44.0
26.0
83.0
81.0
70.0
41.0
53.0
25.0
67.0
55.0
84.0
24.0
27.0
74.0
43.0
34.0
40.0
28.0
24.0
24.0
24.0
68.0
32.0
44.0
31.0
62.0
61.0
45.0
15.0
25.0
52.0
60.0
47.0
59.0
36.0
59.0
15.0
51.0
27.0
43.0
28.0
57.0
37.0
66.0
65.0
35.0
42.0
30.0
27.0
56.0
29.0
88.0
61.0
17.0
31.0
10.0
146.0
57.0
130.0
36.0
37.0
38.0
37.0
41.0
6.0
153.0
51.0
48.0
42.0
59.0
48.0
64.0
66.0
59.0
29.0
22.0
74.0
29.0
29.0
46.0
58.0
25.0
81.0
54.0
75.0
33.0
68.0
26.0
77.0
120.0
74.0
26.0
58.0
49.0
41.0
31.0
18.0
53.0
26.0
55.0
39.0
68.0
21.0
27.0
53.0
20.0
66.0
81.0
45.0
52.0
54.0
30.0
55.0
25.0
28.0
40.0
100.0
27.0
51.0
61.0
55.0
54.0
71.0
8.0
30.0
78.0
36.0
37.0
53.0
22.0
39.0
46.0
54.0
32.0
53.0
47.0
35.0
48.0
31.0
40.0
55.0
37.0
50.0
46.0
27.0
76.0
54.0
79.0
68.0
32.0
130.0
45.0
36.0
29.0
10.0
60.0
19.0
81.0
111.0
37.0
50.0
51.0
73.0
42.0
36.0
39.0
34.0
46.0
38.0
79.0
77.0
42.0
64.0
38.0
17.0
33.0
39.0
46.0
22.0
42.0
34.0
45.0
44.0
36.0
20.0
19.0
79.0
34.0
138.0
40.0
159.0
46.0
52.0
32.0
58.0
26.0
37.0
23.0
22.0
36.0
67.0
15.0
14.0
31.0
45.0
83.0
43.0
30.0
22.0
53.0
40.0
20.0
106.0
23.0
56.0
9.0
85.0
49.0
46.0
81.0
38.0
69.0
48.0
63.0
51.0
41.0
19.0
91.0
38.0
31.0
31.0
18.0
21.0
19.0
54.0
24.0
58.0
18.0
40.0
40.0
45.0
44.0
18.0
38.0
28.0
44.0
63.0
46.0
29.0
18.0
34.0
23.0
47.0
34.0
102.0
56.0
21.0
32.0
54.0
41.0
65.0
21.0
48.0
77.0
40.0
51.0
135.0
32.0
40.0
25.0
32.0
78.0
40.0
98.0
27.0
86.0
38.0
31.0
65.0
57.0
12.0
37.0
44.0
26.0
139.0
17.0
67.0
47.0
30.0
37.0
49.0
21.0
27.0
16.0
29.0
55.0
65.0
31.0
34.0
25.0
31.0
81.0
53.0
30.0
22.0
24.0
47.0
17.0
10.0
115.0
36.0
29.0
33.0
46.0
50.0
40.0
48.0
38.0
32.0
52.0
26.0
70.0
83.0
22.0
30.0
52.0
42.0
48.0
26.0
30.0
22.0
34.0
43.0
27.0
58.0
44.0
20.0
56.0
86.0
90.0
20.0
54.0
36.0
80.0
84.0
58.0
26.0
82.0
51.0
36.0
80.0
51.0
36.0
34.0
17.0
21.0
58.0
26.0
36.0
56.0
38.0
93.0
112.0
48.0
97.0
30.0
109.0
121.0
33.0
44.0
37.0
39.0
51.0
65.0
21.0
39.0
39.0
137.0
75.0
80.0
61.0
37.0
51.0
61.0
18.0
28.0
14.0
35.0
17.0
59.0
64.0
22.0
40.0
58.0
43.0
12.0
27.0
42.0
32.0
46.0
89.0
39.0
54.0
23.0
40.0
38.0
70.0
38.0
68.0
104.0
18.0
30.0
38.0
39.0
48.0
65.0
35.0
102.0
24.0
27.0
43.0
56.0
24.0
12.0
59.0
31.0
42.0
44.0
17.0
33.0
44.0
31.0
67.0
19.0
54.0
24.0
20.0
32.0
26.0
28.0
28.0
17.0
80.0
41.0
114.0
75.0
37.0
31.0
33.0
77.0
23.0
28.0
58.0
24.0
34.0
70.0
26.0
35.0
68.0
23.0
33.0
100.0
25.0
21.0
61.0
66.0
51.0
16.0
47.0
73.0
69.0
93.0
89.0
24.0
49.0
76.0
44.0
16.0
16.0
37.0
50.0
28.0
63.0
45.0
21.0
31.0
30.0
46.0
41.0
43.0
15.0
91.0
30.0
8.0
39.0
30.0
35.0
43.0
16.0
13.0
15.0
45.0
10.0
48.0
33.0
62.0
59.0
38.0
61.0
46.0
15.0
58.0
26.0
29.0
39.0
48.0
41.0
71.0
16.0
75.0
21.0
56.0
19.0
18.0
54.0
38.0
35.0
64.0
37.0
120.0
52.0
39.0
45.0
57.0
44.0
33.0
18.0
51.0
29.0
42.0
19.0
47.0
56.0
30.0
70.0
76.0
59.0
99.0
71.0
77.0
35.0
33.0
70.0
35.0
43.0
17.0
49.0
64.0
54.0
26.0
23.0
17.0
37.0
61.0
65.0
122.0
38.0
65.0
39.0
59.0
20.0
12.0
96.0
80.0
115.0
45.0
19.0
106.0
54.0
28.0
44.0
43.0
50.0
31.0
84.0
48.0
25.0
27.0
61.0
13.0
42.0
45.0
46.0
44.0
43.0
42.0
38.0
21.0
35.0
49.0
49.0
37.0
48.0
23.0
18.0
72.0
18.0
30.0
28.0
40.0
48.0
28.0
75.0
58.0
29.0
56.0
45.0
83.0
26.0
33.0
46.0
107.0
79.0
65.0
43.0
40.0
82.0
22.0
51.0
85.0
27.0
48.0
44.0
60.0
40.0
36.0
64.0
50.0
8.0
96.0
25.0
75.0
43.0
47.0
43.0
85.0
20.0
64.0
107.0
33.0
56.0
32.0
9.0
30.0
64.0
46.0
92.0
11.0
37.0
21.0
29.0
35.0
28.0
31.0
99.0
57.0
34.0
27.0
30.0
56.0
57.0
54.0
47.0
19.0
54.0
78.0
48.0
38.0
52.0
36.0
111.0
27.0
73.0
43.0
54.0
53.0
69.0
33.0
58.0
41.0
78.0
33.0
27.0
41.0
23.0
32.0
36.0
63.0
33.0
118.0
26.0
35.0
91.0
71.0
42.0
33.0
57.0
39.0
26.0
33.0
131.0
27.0
64.0
47.0
14.0
71.0
36.0
60.0
25.0
44.0
42.0
57.0
39.0
26.0
31.0
63.0
35.0
42.0
57.0
65.0
54.0
68.0
51.0
19.0
45.0
67.0
67.0
22.0
24.0
60.0
26.0
24.0
64.0
59.0
35.0
17.0
29.0
27.0
53.0
23.0
57.0
46.0
118.0
41.0
26.0
50.0
19.0
59.0
64.0
83.0
52.0
164.0
61.0
25.0
20.0
46.0
136.0
55.0
64.0
25.0
32.0
47.0
33.0
31.0
44.0
147.0
39.0
15.0
81.0
67.0
23.0
43.0
41.0
17.0
60.0
60.0
36.0
52.0
27.0
63.0
92.0
49.0
59.0
48.0
31.0
60.0
76.0
86.0
48.0
52.0
78.0
50.0
44.0
53.0
24.0
20.0
59.0
35.0
46.0
14.0
55.0
17.0
28.0
15.0
17.0
55.0
18.0
38.0
41.0
97.0
41.0
47.0
67.0
58.0
40.0
63.0
102.0
50.0
36.0
52.0
93.0
17.0
73.0
31.0
50.0
49.0
35.0
55.0
36.0
31.0
113.0
55.0
43.0
55.0
37.0
42.0
90.0
17.0
48.0
20.0
146.0
64.0
33.0
85.0
33.0
57.0
42.0
65.0
71.0
30.0
49.0
45.0
45.0
50.0
61.0
88.0
33.0
40.0
75.0
59.0
61.0
19.0
86.0
57.0
42.0
28.0
36.0
30.0
47.0
43.0
40.0
33.0
40.0
97.0
30.0
20.0
63.0
67.0
61.0
57.0
78.0
63.0
35.0
79.0
27.0
30.0
34.0
23.0
19.0
51.0
53.0
21.0
75.0
51.0
81.0
26.0
107.0
35.0
84.0
34.0
39.0
75.0
19.0
94.0
40.0
51.0
19.0
66.0
58.0
28.0
37.0
38.0
49.0
51.0
31.0
62.0
71.0
30.0
21.0
34.0
45.0
39.0
66.0
50.0
154.0
32.0
38.0
23.0
21.0
72.0
21.0
50.0
39.0
39.0
39.0
198.0
41.0
32.0
38.0
37.0
60.0
32.0
42.0
45.0
66.0
35.0
95.0
31.0
61.0
31.0
48.0
71.0
52.0
46.0
59.0
44.0
60.0
34.0
32.0
38.0
68.0
31.0
46.0
4.0
70.0
27.0
77.0
83.0
61.0
31.0
64.0
65.0
55.0
11.0
29.0
68.0
101.0
61.0
39.0
32.0
61.0
58.0
43.0
54.0
44.0
90.0
28.0
66.0
43.0
12.0
68.0
32.0
38.0
89.0
51.0
27.0
87.0
44.0
53.0
66.0
85.0
43.0
30.0
18.0
41.0
37.0
87.0
11.0
22.0
34.0
32.0
27.0
84.0
23.0
36.0
34.0
70.0
26.0
15.0
28.0
57.0
47.0
53.0
57.0
30.0
37.0
103.0
41.0
32.0
42.0
43.0
75.0
48.0
23.0
57.0
42.0
91.0
18.0
42.0
84.0
43.0
33.0
68.0
43.0
19.0
133.0
34.0
26.0
34.0
51.0
83.0
27.0
24.0
72.0
78.0
43.0
53.0
34.0
9.0
51.0
33.0
22.0
12.0
35.0
110.0
62.0
105.0
21.0
15.0
96.0
29.0
91.0
45.0
31.0
25.0
71.0
36.0
18.0
48.0
70.0
93.0
34.0
47.0
73.0
27.0
17.0
49.0
40.0
42.0
42.0
63.0
38.0
20.0
56.0
74.0
118.0
41.0
53.0
29.0
48.0
55.0
35.0
47.0
48.0
32.0
76.0
37.0
62.0
63.0
32.0
78.0
27.0
28.0
23.0
93.0
66.0
64.0
19.0
46.0
45.0
19.0
64.0
51.0
46.0
33.0
50.0
51.0
79.0
35.0
72.0
58.0
29.0
84.0
28.0
79.0
121.0
23.0
59.0
66.0
18.0
50.0
39.0
64.0
44.0
25.0
62.0
18.0
66.0
99.0
31.0
23.0
64.0
48.0
89.0
37.0
49.0
28.0
75.0
45.0
97.0
23.0
39.0
33.0
47.0
51.0
59.0
64.0
20.0
40.0
18.0
72.0
50.0
38.0
36.0
61.0
58.0
38.0
49.0
60.0
24.0
70.0
29.0
59.0
28.0
30.0
23.0
71.0
39.0
29.0
35.0
48.0
52.0
20.0
29.0
73.0
89.0
33.0
32.0
31.0
33.0
26.0
49.0
73.0
36.0
18.0
37.0
31.0
22.0
38.0
71.0
40.0
43.0
68.0
45.0
41.0
74.0
41.0
52.0
40.0
14.0
53.0
15.0
60.0
49.0
47.0
49.0
45.0
17.0
37.0
25.0
74.0
18.0
21.0
41.0
28.0
19.0
38.0
64.0
36.0
64.0
76.0
54.0
44.0
89.0
139.0
25.0
54.0
56.0
55.0
122.0
37.0
86.0
47.0
60.0
68.0
76.0
185.0
46.0
63.0
34.0
34.0
27.0
44.0
48.0
40.0
41.0
24.0
27.0
51.0
16.0
42.0
34.0
28.0
40.0
49.0
43.0
55.0
55.0
47.0
68.0
32.0
42.0
28.0
24.0
51.0
37.0
56.0
71.0
36.0
34.0
47.0
23.0
26.0
28.0
30.0
95.0
55.0
48.0
60.0
28.0
49.0
62.0
42.0
92.0
29.0
47.0
21.0
38.0
52.0
69.0
45.0
42.0
50.0
50.0
23.0
14.0
39.0
41.0
41.0
19.0
92.0
76.0
75.0
48.0
39.0
67.0
46.0
33.0
83.0
41.0
36.0
68.0
34.0
40.0
61.0
53.0
20.0
42.0
22.0
66.0
34.0
123.0
77.0
65.0
61.0
41.0
107.0
18.0
41.0
31.0
81.0
59.0
67.0
25.0
41.0
57.0
50.0
39.0
26.0
49.0
61.0
26.0
66.0
23.0
32.0
128.0
24.0
67.0
74.0
34.0
33.0
18.0
38.0
36.0
53.0
40.0
40.0
54.0
53.0
47.0
58.0
32.0
42.0
21.0
47.0
62.0
29.0
35.0
26.0
48.0
24.0
42.0
35.0
52.0
54.0
65.0
31.0
46.0
38.0
34.0
19.0
47.0
61.0
35.0
31.0
37.0
25.0
34.0
59.0
31.0
43.0
28.0
39.0
14.0
67.0
40.0
19.0
12.0
39.0
34.0
48.0
20.0
99.0
27.0
41.0
55.0
38.0
57.0
49.0
36.0
24.0
28.0
56.0
20.0
50.0
55.0
37.0
45.0
66.0
48.0
41.0
27.0
37.0
92.0
27.0
18.0
36.0
42.0
92.0
46.0
55.0
19.0
50.0
59.0
112.0
32.0
36.0
65.0
72.0
33.0
57.0
44.0
35.0
18.0
40.0
62.0
30.0
15.0
49.0
21.0
38.0
63.0
60.0
29.0
27.0
68.0
27.0
36.0
32.0
49.0
36.0
58.0
28.0
24.0
44.0
63.0
30.0
38.0
58.0
26.0
48.0
74.0
17.0
20.0
28.0
68.0
68.0
17.0
71.0
69.0
40.0
44.0
18.0
71.0
77.0
72.0
38.0
61.0
51.0
48.0
34.0
69.0
43.0
47.0
31.0
33.0
53.0
59.0
111.0
74.0
39.0
44.0
61.0
44.0
43.0
45.0
36.0
91.0
95.0
18.0
44.0
60.0
42.0
32.0
35.0
98.0
53.0
98.0
49.0
40.0
34.0
40.0
87.0
35.0
32.0
43.0
112.0
35.0
31.0
18.0
26.0
53.0
82.0
132.0
35.0
61.0
22.0
46.0
62.0
15.0
14.0
65.0
77.0
43.0
25.0
49.0
37.0
41.0
53.0
14.0
14.0
89.0
17.0
128.0
29.0
56.0
50.0
22.0
61.0
65.0
28.0
54.0
19.0
47.0
56.0
39.0
24.0
37.0
57.0
24.0
41.0
28.0
40.0
47.0
71.0
23.0
34.0
57.0
25.0
92.0
103.0
23.0
55.0
10.0
47.0
78.0
38.0
68.0
35.0
30.0
49.0
32.0
134.0
49.0
43.0
56.0
51.0
40.0
31.0
83.0
74.0
46.0
80.0
34.0
27.0
24.0
56.0
54.0
45.0
45.0
52.0
26.0
42.0
48.0
36.0
32.0
48.0
42.0
78.0
29.0
25.0
20.0
26.0
41.0
21.0
22.0
35.0
35.0
43.0
52.0
25.0
57.0
19.0
106.0
55.0
78.0
63.0
28.0
27.0
57.0
24.0
60.0
88.0
64.0
20.0
39.0
57.0
60.0
56.0
47.0
22.0
26.0
26.0
31.0
77.0
42.0
96.0
65.0
32.0
40.0
72.0
44.0
60.0
46.0
42.0
39.0
58.0
28.0
36.0
12.0
40.0
65.0
33.0
22.0
38.0
35.0
48.0
13.0
36.0
75.0
27.0
69.0
65.0
23.0
45.0
105.0
39.0
35.0
74.0
31.0
66.0
80.0
23.0
36.0
23.0
47.0
38.0
37.0
53.0
48.0
100.0
67.0
55.0
108.0
90.0
44.0
59.0
21.0
38.0
46.0
36.0
45.0
96.0
45.0
37.0
32.0
48.0
42.0
27.0
14.0
53.0
35.0
61.0
41.0
23.0
42.0
53.0
60.0
117.0
64.0
58.0
60.0
63.0
43.0
57.0
16.0
16.0
65.0
32.0
64.0
56.0
69.0
22.0
36.0
79.0
52.0
113.0
42.0
41.0
26.0
36.0
26.0
8.0
21.0
68.0
22.0
52.0
23.0
56.0
47.0
49.0
34.0
41.0
58.0
49.0
106.0
26.0
20.0
9.0
62.0
46.0
20.0
36.0
30.0
37.0
40.0
28.0
24.0
42.0
79.0
31.0
32.0
81.0
62.0
60.0
35.0
58.0
31.0
47.0
55.0
129.0
8.0
69.0
19.0
70.0
20.0
56.0
68.0
102.0
63.0
54.0
85.0
30.0
66.0
72.0
75.0
45.0
44.0
45.0
55.0
50.0
57.0
69.0
96.0
45.0
4.0
65.0
82.0
72.0
67.0
25.0
34.0
46.0
21.0
23.0
56.0
33.0
33.0
43.0
111.0
34.0
49.0
39.0
52.0
53.0
37.0
18.0
37.0
7.0
84.0
34.0
74.0
56.0
25.0
22.0
103.0
26.0
103.0
37.0
45.0
24.0
66.0
134.0
44.0
27.0
49.0
79.0
58.0
49.0
36.0
33.0
71.0
79.0
99.0
52.0
47.0
28.0
50.0
117.0
32.0
25.0
33.0
13.0
52.0
35.0
24.0
29.0
21.0
129.0
26.0
51.0
24.0
71.0
37.0
17.0
48.0
13.0
32.0
23.0
41.0
42.0
83.0
82.0
126.0
67.0
93.0
51.0
22.0
26.0
22.0
30.0
111.0
36.0
10.0
11.0
43.0
37.0
66.0
40.0
45.0
68.0
35.0
63.0
82.0
46.0
72.0
58.0
32.0
23.0
76.0
33.0
58.0
56.0
27.0
109.0
42.0
55.0
104.0
13.0
111.0
56.0
16.0
43.0
61.0
86.0
81.0
79.0
20.0
90.0
24.0
16.0
44.0
19.0
18.0
80.0
51.0
49.0
71.0
77.0
63.0
70.0
99.0
51.0
63.0
49.0
53.0
38.0
33.0
32.0
25.0
39.0
34.0
48.0
38.0
73.0
147.0
18.0
44.0
31.0
69.0
43.0
27.0
51.0
15.0
25.0
74.0
24.0
70.0
74.0
7.0
52.0
44.0
15.0
40.0
30.0
19.0
49.0
43.0
84.0
19.0
102.0
40.0
150.0
68.0
26.0
29.0
24.0
23.0
45.0
26.0
42.0
20.0
48.0
48.0
19.0
51.0
48.0
79.0
45.0
36.0
25.0
24.0
78.0
32.0
39.0
25.0
26.0
54.0
70.0
35.0
36.0
23.0
96.0
77.0
55.0
33.0
25.0
36.0
29.0
34.0
87.0
42.0
36.0
92.0
53.0
35.0
156.0
41.0
25.0
61.0
20.0
18.0
69.0
66.0
20.0
70.0
14.0
72.0
116.0
58.0
54.0
72.0
14.0
61.0
53.0
40.0
46.0
34.0
24.0
84.0
36.0
21.0
56.0
25.0
33.0
41.0
45.0
60.0
42.0
112.0
37.0
42.0
18.0
66.0
38.0
65.0
48.0
88.0
39.0
22.0
101.0
83.0
66.0
69.0
20.0
38.0
128.0
40.0
104.0
36.0
47.0
45.0
141.0
70.0
24.0
60.0
34.0
53.0
58.0
50.0
36.0
42.0
24.0
38.0
23.0
67.0
45.0
58.0
24.0
35.0
57.0
38.0
43.0
24.0
44.0
37.0
17.0
34.0
37.0
53.0
55.0
61.0
50.0
30.0
59.0
93.0
60.0
41.0
37.0
51.0
59.0
47.0
31.0
58.0
34.0
28.0
113.0
17.0
199.0
65.0
53.0
30.0
69.0
36.0
90.0
35.0
69.0
26.0
21.0
31.0
46.0
64.0
29.0
36.0
26.0
40.0
54.0
17.0
39.0
25.0
45.0
34.0
104.0
47.0
19.0
24.0
23.0
49.0
33.0
66.0
65.0
104.0
46.0
24.0
55.0
21.0
48.0
54.0
14.0
44.0
44.0
53.0
56.0
12.0
34.0
69.0
57.0
62.0
18.0
49.0
26.0
92.0
28.0
62.0
86.0
63.0
37.0
81.0
38.0
57.0
32.0
28.0
32.0
18.0
41.0
87.0
28.0
25.0
44.0
26.0
177.0
19.0
31.0
46.0
21.0
35.0
88.0
69.0
29.0
103.0
32.0
30.0
59.0
13.0
17.0
16.0
40.0
37.0
41.0
19.0
63.0
164.0
46.0
62.0
50.0
27.0
32.0
38.0
29.0
62.0
50.0
59.0
39.0
117.0
68.0
77.0
45.0
62.0
23.0
40.0
40.0
50.0
44.0
51.0
67.0
42.0
30.0
32.0
13.0
65.0
24.0
85.0
25.0
13.0
37.0
50.0
86.0
52.0
46.0
21.0
12.0
36.0
49.0
80.0
43.0
42.0
29.0
38.0
33.0
45.0
62.0
35.0
43.0
11.0
39.0
13.0
19.0
32.0
50.0
27.0
22.0
29.0
65.0
37.0
93.0
29.0
43.0
32.0
26.0
73.0
84.0
143.0
45.0
45.0
30.0
88.0
16.0
15.0
118.0
13.0
47.0
39.0
126.0
34.0
51.0
63.0
59.0
50.0
88.0
53.0
16.0
62.0
33.0
52.0
17.0
22.0
38.0
15.0
26.0
28.0
51.0
26.0
58.0
104.0
67.0
63.0
21.0
65.0
18.0
50.0
41.0
42.0
50.0
62.0
28.0
63.0
40.0
55.0
105.0
28.0
19.0
32.0
74.0
42.0
25.0
15.0
57.0
59.0
67.0
39.0
38.0
71.0
16.0
34.0
24.0
38.0
75.0
26.0
31.0
51.0
43.0
34.0
34.0
23.0
46.0
22.0
76.0
36.0
67.0
25.0
19.0
19.0
58.0
29.0
41.0
51.0
51.0
21.0
25.0
67.0
57.0
92.0
49.0
36.0
91.0
28.0
29.0
31.0
47.0
84.0
107.0
45.0
65.0
76.0
79.0
73.0
56.0
61.0
50.0
56.0
37.0
26.0
22.0
59.0
39.0
78.0
51.0
66.0
94.0
39.0
64.0
33.0
33.0
40.0
35.0
38.0
17.0
41.0
39.0
11.0
47.0
33.0
65.0
39.0
35.0
58.0
33.0
38.0
26.0
55.0
126.0
24.0
30.0
52.0
55.0
60.0
35.0
50.0
23.0
28.0
25.0
45.0
38.0
17.0
49.0
84.0
29.0
14.0
59.0
38.0
15.0
52.0
35.0
53.0
49.0
56.0
50.0
55.0
92.0
31.0
44.0
63.0
40.0
58.0
63.0
51.0
16.0
13.0
45.0
55.0
36.0
40.0
45.0
36.0
41.0
39.0
65.0
85.0
38.0
22.0
46.0
37.0
53.0
23.0
68.0
19.0
31.0
109.0
42.0
60.0
18.0
36.0
51.0
23.0
98.0
108.0
40.0
39.0
19.0
45.0
32.0
78.0
23.0
30.0
36.0
79.0
19.0
9.0
26.0
37.0
89.0
55.0
54.0
74.0
69.0
59.0
143.0
31.0
33.0
37.0
93.0
45.0
26.0
61.0
73.0
19.0
50.0
52.0
112.0
49.0
82.0
32.0
40.0
66.0
17.0
25.0
77.0
38.0
51.0
45.0
10.0
36.0
82.0
34.0
28.0
34.0
52.0
25.0
40.0
18.0
67.0
35.0
70.0
31.0
41.0
40.0
55.0
89.0
57.0
48.0
43.0
64.0
47.0
49.0
60.0
23.0
53.0
66.0
44.0
38.0
98.0
16.0
5.0
91.0
74.0
38.0
16.0
44.0
64.0
23.0
35.0
29.0
11.0
38.0
49.0
79.0
56.0
66.0
54.0
27.0
44.0
24.0
47.0
78.0
46.0
59.0
16.0
49.0
123.0
78.0
6.0
52.0
78.0
29.0
33.0
27.0
43.0
52.0
38.0
84.0
56.0
115.0
35.0
23.0
47.0
25.0
40.0
76.0
17.0
74.0
100.0
67.0
61.0
44.0
57.0
81.0
52.0
72.0
84.0
78.0
37.0
36.0
44.0
47.0
48.0
38.0
20.0
20.0
63.0
38.0
80.0
121.0
29.0
31.0
72.0
68.0
36.0
51.0
17.0
31.0
64.0
40.0
37.0
36.0
52.0
25.0
68.0
134.0
40.0
70.0
28.0
30.0
54.0
108.0
48.0
20.0
46.0
66.0
65.0
16.0
72.0
23.0
45.0
33.0
49.0
33.0
24.0
71.0
48.0
23.0
54.0
93.0
74.0
21.0
54.0
31.0
48.0
47.0
33.0
60.0
89.0
49.0
15.0
51.0
19.0
48.0
19.0
31.0
81.0
16.0
75.0
56.0
73.0
30.0
106.0
18.0
65.0
42.0
121.0
31.0
58.0
26.0
58.0
36.0
36.0
34.0
61.0
30.0
17.0
47.0
47.0
44.0
61.0
13.0
47.0
61.0
59.0
75.0
111.0
87.0
36.0
32.0
48.0
45.0
12.0
70.0
73.0
35.0
66.0
69.0
12.0
45.0
25.0
37.0
47.0
82.0
28.0
83.0
66.0
124.0
14.0
54.0
41.0
13.0
42.0
65.0
25.0
73.0
31.0
79.0
36.0
68.0
38.0
56.0
67.0
16.0
115.0
93.0
34.0
93.0
45.0
52.0
73.0
14.0
28.0
102.0
36.0
44.0
61.0
64.0
39.0
50.0
35.0
116.0
40.0
31.0
26.0
82.0
56.0
65.0
65.0
32.0
23.0
63.0
34.0
86.0
51.0
28.0
94.0
32.0
55.0
41.0
61.0
41.0
24.0
71.0
69.0
29.0
30.0
34.0
87.0
36.0
28.0
82.0
33.0
16.0
59.0
11.0
130.0
61.0
43.0
73.0
77.0
43.0
56.0
35.0
67.0
14.0
99.0
26.0
36.0
83.0
127.0
63.0
24.0
15.0
84.0
45.0
21.0
34.0
31.0
50.0
53.0
80.0
34.0
39.0
19.0
54.0
24.0
22.0
61.0
26.0
28.0
33.0
42.0
36.0
36.0
25.0
10.0
57.0
18.0
78.0
132.0
30.0
26.0
30.0
40.0
32.0
38.0
44.0
50.0
50.0
50.0
49.0
95.0
43.0
53.0
29.0
61.0
42.0
78.0
22.0
53.0
13.0
147.0
90.0
10.0
17.0
33.0
31.0
51.0
74.0
66.0
46.0
41.0
65.0
25.0
122.0
24.0
49.0
68.0
15.0
105.0
19.0
41.0
24.0
34.0
36.0
26.0
49.0
33.0
46.0
18.0
8.0
67.0
23.0
55.0
54.0
28.0
11.0
24.0
17.0
201.0
27.0
35.0
64.0
87.0
55.0
18.0
54.0
78.0
65.0
48.0
23.0
81.0
51.0
110.0
52.0
81.0
35.0
42.0
15.0
41.0
91.0
36.0
89.0
32.0
28.0
13.0
31.0
63.0
128.0
31.0
141.0
46.0
37.0
22.0
66.0
74.0
76.0
41.0
44.0
30.0
64.0
17.0
47.0
24.0
33.0
31.0
65.0
137.0
78.0
39.0
26.0
36.0
111.0
153.0
48.0
21.0
35.0
57.0
24.0
43.0
25.0
25.0
52.0
53.0
31.0
68.0
31.0
31.0
42.0
62.0
70.0
15.0
59.0
62.0
64.0
49.0
94.0
66.0
32.0
86.0
11.0
84.0
54.0
15.0
73.0
30.0
40.0
39.0
63.0
36.0
12.0
33.0
34.0
90.0
44.0
71.0
51.0
100.0
73.0
13.0
18.0
40.0
36.0
141.0
87.0
31.0
63.0
18.0
23.0
112.0
80.0
83.0
57.0
14.0
53.0
103.0
96.0
29.0
72.0
37.0
37.0
73.0
108.0
35.0
28.0
50.0
31.0
45.0
51.0
59.0
48.0
27.0
139.0
38.0
28.0
6.0
58.0
56.0
24.0
27.0
66.0
19.0
104.0
31.0
21.0
35.0
39.0
69.0
89.0
74.0
91.0
38.0
82.0
20.0
20.0
69.0
25.0
21.0
85.0
22.0
66.0
65.0
26.0
134.0
21.0
70.0
44.0
19.0
63.0
41.0
68.0
61.0
30.0
28.0
86.0
85.0
16.0
24.0
39.0
35.0
63.0
17.0
70.0
99.0
18.0
55.0
63.0
88.0
23.0
55.0
26.0
6.0
58.0
46.0
31.0
72.0
48.0
49.0
47.0
23.0
29.0
41.0
48.0
28.0
60.0
31.0
44.0
143.0
90.0
63.0
45.0
82.0
36.0
19.0
28.0
37.0
43.0
114.0
97.0
34.0
17.0
26.0
15.0
43.0
20.0
16.0
84.0
52.0
22.0
34.0
55.0
70.0
73.0
37.0
62.0
40.0
41.0
44.0
51.0
13.0
32.0
65.0
25.0
27.0
64.0
24.0
36.0
19.0
86.0
52.0
66.0
27.0
175.0
93.0
49.0
30.0
114.0
21.0
51.0
55.0
34.0
28.0
97.0
55.0
28.0
23.0
10.0
73.0
77.0
36.0
33.0
57.0
30.0
39.0
39.0
33.0
66.0
55.0
39.0
44.0
13.0
23.0
166.0
93.0
27.0
46.0
29.0
136.0
77.0
34.0
42.0
24.0
51.0
33.0
35.0
21.0
29.0
55.0
39.0
33.0
17.0
47.0
61.0
39.0
53.0
22.0
29.0
25.0
39.0
114.0
71.0
170.0
72.0
7.0
41.0
45.0
35.0
53.0
46.0
16.0
27.0
48.0
43.0
76.0
26.0
35.0
71.0
28.0
34.0
24.0
68.0
43.0
29.0
16.0
67.0
36.0
39.0
20.0
15.0
81.0
49.0
52.0
41.0
61.0
35.0
17.0
42.0
34.0
14.0
58.0
21.0
46.0
45.0
50.0
78.0
81.0
94.0
26.0
76.0
26.0
34.0
58.0
39.0
38.0
29.0
105.0
56.0
32.0
31.0
20.0
72.0
21.0
57.0
10.0
54.0
45.0
59.0
30.0
57.0
118.0
25.0
30.0
58.0
14.0
39.0
23.0
34.0
23.0
49.0
63.0
59.0
56.0
37.0
35.0
93.0
41.0
69.0
65.0
21.0
38.0
23.0
55.0
57.0
24.0
44.0
35.0
92.0
84.0
38.0
36.0
42.0
32.0
19.0
137.0
11.0
25.0
19.0
18.0
26.0
24.0
54.0
21.0
15.0
50.0
39.0
25.0
41.0
35.0
53.0
26.0
31.0
53.0
25.0
26.0
27.0
27.0
37.0
35.0
46.0
19.0
51.0
53.0
59.0
27.0
93.0
81.0
30.0
37.0
30.0
30.0
51.0
36.0
30.0
63.0
33.0
44.0
22.0
69.0
38.0
43.0
86.0
41.0
55.0
36.0
43.0
46.0
50.0
23.0
213.0
58.0
71.0
58.0
26.0
24.0
41.0
56.0
22.0
40.0
41.0
38.0
33.0
17.0
42.0
44.0
66.0
38.0
22.0
55.0
46.0
19.0
35.0
43.0
112.0
40.0
19.0
35.0
43.0
16.0
33.0
98.0
23.0
54.0
26.0
62.0
67.0
102.0
63.0
24.0
112.0
16.0
31.0
35.0
26.0
28.0
37.0
48.0
22.0
46.0
37.0
67.0
50.0
32.0
57.0
26.0
51.0
39.0
38.0
78.0
84.0
26.0
31.0
52.0
26.0
42.0
34.0
59.0
81.0
46.0
33.0
38.0
61.0
65.0
45.0
17.0
83.0
62.0
48.0
21.0
19.0
35.0
28.0
44.0
71.0
84.0
46.0
74.0
9.0
92.0
29.0
11.0
62.0
30.0
35.0
31.0
125.0
29.0
11.0
25.0
46.0
34.0
39.0
61.0
41.0
11.0
21.0
23.0
59.0
42.0
42.0
45.0
114.0
64.0
19.0
150.0
24.0
56.0
33.0
80.0
75.0
67.0
23.0
5.0
47.0
50.0
92.0
16.0
41.0
83.0
20.0
23.0
88.0
76.0
19.0
34.0
93.0
20.0
45.0
38.0
46.0
27.0
71.0
56.0
24.0
25.0
19.0
57.0
29.0
24.0
36.0
65.0
34.0
108.0
24.0
64.0
73.0
26.0
7.0
47.0
112.0
50.0
40.0
122.0
33.0
45.0
27.0
28.0
15.0
20.0
102.0
36.0
39.0
42.0
35.0
33.0
54.0
42.0
50.0
32.0
38.0
46.0
39.0
136.0
69.0
34.0
50.0
35.0
61.0
82.0
70.0
34.0
86.0
20.0
20.0
58.0
16.0
42.0
80.0
78.0
44.0
108.0
12.0
44.0
90.0
41.0
110.0
68.0
25.0
88.0
27.0
37.0
27.0
61.0
79.0
70.0
56.0
20.0
11.0
54.0
35.0
49.0
34.0
72.0
83.0
54.0
68.0
60.0
91.0
60.0
18.0
41.0
45.0
21.0
51.0
31.0
93.0
81.0
13.0
40.0
62.0
49.0
11.0
37.0
37.0
44.0
100.0
68.0
17.0
39.0
31.0
74.0
46.0
35.0
56.0
56.0
54.0
99.0
8.0
22.0
63.0
62.0
20.0
95.0
164.0
28.0
26.0
94.0
65.0
35.0
55.0
48.0
47.0
16.0
52.0
75.0
61.0
28.0
30.0
69.0
130.0
27.0
70.0
51.0
101.0
47.0
21.0
56.0
36.0
54.0
100.0
17.0
82.0
46.0
115.0
36.0
80.0
35.0
26.0
55.0
63.0
31.0
31.0
49.0
27.0
34.0
42.0
42.0
82.0
47.0
60.0
46.0
36.0
40.0
39.0
25.0
10.0
5.0
41.0
19.0
40.0
14.0
44.0
149.0
27.0
61.0
41.0
95.0
41.0
58.0
31.0
32.0
46.0
40.0
119.0
43.0
57.0
21.0
44.0
63.0
16.0
81.0
29.0
55.0
78.0
68.0
28.0
91.0
84.0
34.0
25.0
14.0
63.0
66.0
14.0
67.0
49.0
86.0
89.0
63.0
41.0
59.0
36.0
15.0
17.0
49.0
43.0
44.0
86.0
183.0
92.0
53.0
15.0
12.0
116.0
74.0
18.0
63.0
91.0
52.0
29.0
31.0
38.0
14.0
303.0
92.0
16.0
53.0
101.0
105.0
68.0
37.0
125.0
45.0
24.0
42.0
30.0
63.0
69.0
48.0
28.0
45.0
128.0
13.0
35.0
38.0
62.0
35.0
30.0
12.0
32.0
30.0
14.0
125.0
36.0
44.0
25.0
40.0
19.0
28.0
37.0
56.0
21.0
63.0
39.0
74.0
89.0
49.0
46.0
16.0
45.0
153.0
16.0
71.0
42.0
13.0
54.0
32.0
104.0
46.0
89.0
37.0
34.0
27.0
40.0
55.0
93.0
71.0
114.0
25.0
24.0
16.0
86.0
21.0
44.0
16.0
24.0
59.0
154.0
77.0
68.0
42.0
38.0
83.0
49.0
30.0
9.0
58.0
20.0
84.0
38.0
17.0
45.0
74.0
49.0
76.0
15.0
49.0
97.0
69.0
69.0
44.0
59.0
42.0
52.0
72.0
70.0
52.0
329.0
31.0
43.0
71.0
46.0
40.0
52.0
82.0
30.0
22.0
17.0
67.0
20.0
90.0
49.0
70.0
26.0
57.0
65.0
53.0
30.0
23.0
36.0
16.0
59.0
53.0
40.0
103.0
54.0
64.0
41.0
52.0
72.0
23.0
38.0
88.0
23.0
64.0
31.0
113.0
19.0
88.0
19.0
100.0
55.0
8.0
63.0
52.0
29.0
73.0
34.0
150.0
44.0
33.0
29.0
39.0
15.0
31.0
67.0
76.0
24.0
33.0
71.0
102.0
65.0
30.0
53.0
11.0
37.0
50.0
46.0
12.0
79.0
56.0
35.0
60.0
26.0
75.0
26.0
31.0
28.0
52.0
68.0
20.0
54.0
29.0
44.0
25.0
54.0
54.0
77.0
270.0
23.0
45.0
110.0
10.0
57.0
108.0
47.0
68.0
71.0
112.0
42.0
26.0
55.0
22.0
62.0
106.0
30.0
30.0
143.0
19.0
83.0
28.0
30.0
62.0
27.0
31.0
21.0
46.0
50.0
20.0
19.0
66.0
41.0
21.0
30.0
22.0
24.0
59.0
32.0
66.0
67.0
28.0
55.0
63.0
19.0
47.0
14.0
72.0
10.0
53.0
39.0
68.0
20.0
33.0
68.0
54.0
54.0
67.0
35.0
75.0
24.0
63.0
68.0
64.0
31.0
29.0
34.0
44.0
27.0
33.0
14.0
30.0
45.0
163.0
45.0
24.0
135.0
47.0
50.0
53.0
42.0
15.0
34.0
36.0
44.0
52.0
24.0
37.0
40.0
18.0
15.0
116.0
36.0
58.0
77.0
56.0
21.0
47.0
47.0
18.0
20.0
37.0
28.0
49.0
50.0
190.0
80.0
41.0
68.0
25.0
60.0
66.0
26.0
22.0
98.0
13.0
17.0
23.0
45.0
85.0
24.0
30.0
54.0
20.0
71.0
77.0
16.0
40.0
52.0
32.0
34.0
22.0
30.0
70.0
74.0
15.0
38.0
43.0
25.0
14.0
60.0
77.0
23.0
18.0
61.0
52.0
20.0
84.0
25.0
82.0
38.0
38.0
21.0
74.0
32.0
20.0
51.0
34.0
21.0
98.0
75.0
14.0
23.0
64.0
93.0
25.0
30.0
32.0
26.0
76.0
35.0
84.0
13.0
35.0
56.0
63.0
43.0
10.0
43.0
286.0
79.0
143.0
33.0
37.0
48.0
30.0
20.0
48.0
32.0
38.0
93.0
67.0
22.0
19.0
10.0
24.0
24.0
42.0
177.0
33.0
34.0
58.0
44.0
85.0
87.0
47.0
30.0
16.0
17.0
31.0
44.0
44.0
37.0
60.0
31.0
51.0
50.0
121.0
36.0
44.0
28.0
31.0
52.0
70.0
35.0
26.0
63.0
126.0
11.0
46.0
68.0
60.0
16.0
56.0
46.0
68.0
14.0
213.0
25.0
62.0
27.0
77.0
51.0
29.0
42.0
39.0
25.0
32.0
41.0
61.0
90.0
28.0
24.0
58.0
81.0
150.0
69.0
89.0
30.0
21.0
18.0
54.0
37.0
71.0
28.0
22.0
16.0
49.0
55.0
25.0
33.0
41.0
38.0
49.0
57.0
48.0
39.0
121.0
50.0
47.0
35.0
65.0
36.0
48.0
54.0
14.0
151.0
37.0
184.0
37.0
16.0
27.0
18.0
20.0
18.0
36.0
34.0
17.0
19.0
78.0
46.0
31.0
50.0
122.0
31.0
85.0
43.0
14.0
57.0
65.0
15.0
50.0
86.0
43.0
52.0
14.0
60.0
52.0
39.0
20.0
29.0
118.0
51.0
19.0
83.0
76.0
33.0
56.0
19.0
39.0
22.0
26.0
74.0
15.0
59.0
62.0
16.0
31.0
58.0
90.0
51.0
40.0
63.0
24.0
38.0
27.0
21.0
60.0
67.0
25.0
31.0
24.0
41.0
43.0
61.0
71.0
39.0
22.0
48.0
35.0
34.0
5.0
43.0
26.0
93.0
112.0
302.0
35.0
44.0
38.0
25.0
38.0
31.0
31.0
22.0
26.0
66.0
71.0
56.0
25.0
40.0
53.0
30.0
20.0
63.0
52.0
19.0
24.0
106.0
21.0
67.0
35.0
62.0
113.0
8.0
123.0
19.0
68.0
47.0
42.0
45.0
15.0
60.0
13.0
82.0
30.0
72.0
67.0
32.0
73.0
31.0
11.0
33.0
74.0
61.0
65.0
62.0
218.0
78.0
41.0
52.0
61.0
76.0
23.0
23.0
40.0
56.0
36.0
23.0
32.0
15.0
36.0
49.0
45.0
15.0
41.0
38.0
55.0
93.0
66.0
30.0
10.0
61.0
62.0
19.0
126.0
17.0
61.0
34.0
34.0
43.0
41.0
31.0
8.0
41.0
22.0
160.0
37.0
91.0
40.0
74.0
60.0
52.0
85.0
59.0
51.0
49.0
17.0
32.0
46.0
19.0
37.0
40.0
49.0
18.0
55.0
90.0
26.0
75.0
20.0
26.0
46.0
93.0
45.0
18.0
55.0
95.0
12.0
87.0
32.0
24.0
56.0
80.0
63.0
25.0
65.0
29.0
26.0
38.0
17.0
44.0
37.0
49.0
23.0
101.0
20.0
39.0
30.0
44.0
89.0
58.0
116.0
60.0
30.0
37.0
37.0
134.0
58.0
58.0
26.0
36.0
36.0
57.0
44.0
44.0
32.0
72.0
25.0
46.0
21.0
48.0
123.0
50.0
84.0
35.0
28.0
33.0
45.0
38.0
24.0
32.0
56.0
12.0
41.0
13.0
67.0
38.0
39.0
64.0
34.0
43.0
70.0
27.0
52.0
50.0
26.0
87.0
61.0
28.0
41.0
31.0
58.0
14.0
12.0
121.0
23.0
30.0
35.0
49.0
67.0
32.0
28.0
36.0
36.0
46.0
42.0
65.0
26.0
18.0
55.0
63.0
116.0
56.0
16.0
17.0
24.0
27.0
77.0
7.0
19.0
34.0
303.0
41.0
25.0
32.0
105.0
23.0
39.0
67.0
61.0
33.0
22.0
24.0
59.0
47.0
48.0
22.0
23.0
42.0
5.0
26.0
33.0
76.0
116.0
61.0
110.0
80.0
58.0
27.0
14.0
235.0
34.0
20.0
34.0
23.0
41.0
34.0
61.0
38.0
29.0
36.0
37.0
60.0
39.0
15.0
58.0
63.0
215.0
42.0
49.0
20.0
73.0
68.0
50.0
26.0
154.0
42.0
47.0
78.0
110.0
52.0
66.0
58.0
30.0
46.0
25.0
43.0
111.0
21.0
121.0
32.0
28.0
38.0
30.0
54.0
72.0
31.0
52.0
56.0
16.0
44.0
40.0
90.0
40.0
74.0
25.0
22.0
74.0
51.0
36.0
55.0
62.0
56.0
59.0
61.0
75.0
46.0
6.0
65.0
109.0
49.0
63.0
13.0
27.0
94.0
17.0
44.0
16.0
26.0
27.0
61.0
11.0
33.0
37.0
11.0
23.0
45.0
22.0
157.0
47.0
41.0
23.0
122.0
51.0
44.0
72.0
85.0
23.0
45.0
102.0
55.0
33.0
39.0
18.0
131.0
57.0
33.0
32.0
33.0
21.0
34.0
28.0
27.0
10.0
64.0
73.0
71.0
92.0
17.0
5.0
35.0
105.0
162.0
30.0
3.0
58.0
35.0
70.0
54.0
372.0
37.0
28.0
66.0
36.0
120.0
42.0
16.0
37.0
37.0
25.0
41.0
39.0
27.0
146.0
31.0
55.0
16.0
21.0
92.0
46.0
28.0
52.0
38.0
81.0
44.0
63.0
35.0
11.0
71.0
55.0
50.0
45.0
61.0
22.0
76.0
65.0
97.0
77.0
68.0
21.0
42.0
23.0
258.0
20.0
31.0
17.0
23.0
19.0
66.0
50.0
37.0
15.0
59.0
44.0
42.0
49.0
108.0
71.0
21.0
42.0
47.0
100.0
37.0
40.0
102.0
33.0
67.0
67.0
25.0
35.0
39.0
20.0
78.0
50.0
52.0
51.0
68.0
21.0
61.0
170.0
18.0
42.0
24.0
39.0
34.0
38.0
53.0
51.0
26.0
42.0
18.0
14.0
75.0
28.0
39.0
100.0
56.0
46.0
96.0
23.0
19.0
40.0
44.0
154.0
49.0
56.0
27.0
16.0
237.0
71.0
121.0
19.0
63.0
20.0
27.0
41.0
16.0
108.0
82.0
31.0
11.0
181.0
96.0
129.0
41.0
32.0
52.0
36.0
44.0
37.0
36.0
67.0
26.0
25.0
65.0
102.0
143.0
65.0
45.0
66.0
41.0
34.0
83.0
33.0
41.0
59.0
47.0
39.0
56.0
26.0
30.0
62.0
44.0
25.0
98.0
75.0
70.0
46.0
57.0
30.0
29.0
56.0
5.0
14.0
82.0
67.0
27.0
79.0
51.0
19.0
79.0
15.0
52.0
70.0
45.0
79.0
22.0
71.0
158.0
31.0
26.0
36.0
32.0
69.0
12.0
18.0
35.0
14.0
16.0
38.0
14.0
76.0
49.0
36.0
25.0
115.0
77.0
41.0
19.0
443.0
17.0
31.0
24.0
32.0
27.0
27.0
38.0
53.0
47.0
24.0
22.0
57.0
43.0
61.0
39.0
35.0
68.0
98.0
30.0
136.0
71.0
107.0
49.0
109.0
21.0
37.0
31.0
22.0
23.0
36.0
93.0
21.0
48.0
46.0
32.0
161.0
54.0
26.0
13.0
32.0
16.0
30.0
20.0
59.0
99.0
43.0
56.0
47.0
65.0
33.0
98.0
34.0
50.0
148.0
24.0
29.0
93.0
120.0
74.0
91.0
32.0
31.0
13.0
27.0
9.0
34.0
63.0
33.0
40.0
46.0
35.0
30.0
50.0
24.0
16.0
48.0
112.0
108.0
10.0
40.0
35.0
55.0
46.0
43.0
25.0
25.0
76.0
52.0
47.0
25.0
49.0
20.0
86.0
17.0
22.0
48.0
78.0
26.0
127.0
102.0
47.0
17.0
42.0
79.0
36.0
26.0
28.0
80.0
65.0
23.0
24.0
41.0
74.0
83.0
50.0
57.0
15.0
19.0
55.0
15.0
123.0
36.0
30.0
103.0
43.0
76.0
90.0
54.0
14.0
61.0
31.0
215.0
69.0
13.0
41.0
99.0
33.0
45.0
30.0
53.0
30.0
75.0
28.0
58.0
51.0
33.0
37.0
63.0
29.0
18.0
47.0
89.0
98.0
46.0
36.0
36.0
33.0
39.0
138.0
61.0
34.0
28.0
30.0
61.0
42.0
52.0
42.0
28.0
11.0
68.0
15.0
52.0
117.0
94.0
66.0
82.0
36.0
23.0
30.0
32.0
12.0
33.0
25.0
89.0
84.0
59.0
30.0
117.0
40.0
36.0
42.0
26.0
62.0
18.0
40.0
22.0
40.0
40.0
72.0
63.0
51.0
47.0
55.0
28.0
62.0
101.0
43.0
42.0
55.0
41.0
24.0
62.0
21.0
63.0
53.0
41.0
102.0
38.0
30.0
43.0
74.0
10.0
24.0
67.0
154.0
24.0
65.0
370.0
60.0
41.0
96.0
22.0
82.0
74.0
35.0
180.0
19.0
39.0
40.0
21.0
41.0
58.0
48.0
28.0
23.0
41.0
36.0
80.0
49.0
32.0
60.0
34.0
69.0
40.0
12.0
88.0
35.0
41.0
36.0
20.0
46.0
30.0
60.0
9.0
70.0
60.0
125.0
36.0
44.0
59.0
45.0
22.0
80.0
66.0
10.0
68.0
49.0
77.0
52.0
58.0
72.0
76.0
96.0
15.0
38.0
31.0
36.0
32.0
52.0
34.0
63.0
67.0
52.0
47.0
50.0
42.0
23.0
35.0
63.0
25.0
43.0
36.0
46.0
61.0
65.0
48.0
24.0
73.0
87.0
18.0
9.0
44.0
36.0
22.0
29.0
17.0
87.0
27.0
41.0
33.0
90.0
106.0
16.0
99.0
48.0
26.0
18.0
115.0
30.0
30.0
66.0
26.0
68.0
48.0
46.0
44.0
16.0
119.0
9.0
33.0
47.0
58.0
45.0
19.0
48.0
95.0
26.0
119.0
18.0
24.0
64.0
62.0
38.0
82.0
32.0
31.0
26.0
60.0
22.0
52.0
27.0
29.0
80.0
20.0
121.0
26.0
43.0
36.0
53.0
59.0
108.0
100.0
41.0
24.0
28.0
30.0
24.0
62.0
61.0
46.0
62.0
97.0
46.0
60.0
19.0
79.0
11.0
56.0
30.0
12.0
36.0
22.0
44.0
52.0
44.0
27.0
38.0
31.0
53.0
47.0
23.0
40.0
26.0
31.0
115.0
31.0
55.0
40.0
75.0
31.0
53.0
41.0
441.0
14.0
60.0
37.0
23.0
33.0
21.0
31.0
81.0
46.0
52.0
62.0
43.0
24.0
16.0
74.0
28.0
42.0
43.0
55.0
79.0
38.0
9.0
126.0
87.0
28.0
48.0
58.0
64.0
47.0
41.0
27.0
36.0
136.0
75.0
56.0
25.0
36.0
38.0
28.0
47.0
29.0
29.0
29.0
16.0
64.0
49.0
30.0
53.0
36.0
64.0
91.0
141.0
28.0
34.0
20.0
23.0
37.0
209.0
82.0
71.0
35.0
38.0
58.0
90.0
29.0
36.0
31.0
85.0
81.0
49.0
40.0
82.0
71.0
34.0
29.0
80.0
96.0
38.0
63.0
10.0
36.0
31.0
27.0
21.0
11.0
48.0
63.0
43.0
63.0
89.0
23.0
48.0
83.0
42.0
57.0
147.0
45.0
43.0
20.0
176.0
29.0
15.0
36.0
59.0
23.0
12.0
28.0
21.0
25.0
41.0
82.0
24.0
100.0
30.0
157.0
68.0
22.0
40.0
73.0
93.0
75.0
13.0
86.0
87.0
61.0
23.0
44.0
30.0
70.0
25.0
33.0
23.0
22.0
22.0
40.0
76.0
82.0
67.0
15.0
28.0
48.0
56.0
42.0
75.0
52.0
108.0
78.0
56.0
17.0
25.0
44.0
72.0
24.0
67.0
39.0
61.0
45.0
24.0
57.0
37.0
75.0
31.0
89.0
34.0
25.0
29.0
25.0
57.0
68.0
40.0
25.0
81.0
119.0
59.0
33.0
61.0
29.0
14.0
50.0
17.0
30.0
120.0
78.0
29.0
74.0
25.0
43.0
57.0
15.0
15.0
31.0
38.0
52.0
37.0
111.0
55.0
93.0
73.0
24.0
58.0
31.0
88.0
53.0
30.0
69.0
78.0
47.0
54.0
52.0
48.0
36.0
85.0
73.0
41.0
22.0
81.0
74.0
40.0
122.0
29.0
32.0
43.0
45.0
26.0
54.0
12.0
67.0
21.0
37.0
37.0
26.0
11.0
69.0
22.0
78.0
38.0
33.0
11.0
51.0
21.0
42.0
96.0
30.0
32.0
82.0
28.0
61.0
83.0
57.0
41.0
54.0
39.0
29.0
35.0
32.0
87.0
76.0
46.0
27.0
40.0
20.0
34.0
74.0
18.0
80.0
21.0
67.0
76.0
38.0
37.0
69.0
37.0
29.0
31.0
26.0
10.0
152.0
46.0
62.0
62.0
58.0
41.0
28.0
78.0
35.0
38.0
54.0
71.0
24.0
23.0
37.0
50.0
83.0
61.0
54.0
48.0
48.0
17.0
49.0
15.0
53.0
34.0
171.0
25.0
40.0
35.0
32.0
151.0
124.0
78.0
35.0
77.0
100.0
19.0
44.0
9.0
39.0
53.0
39.0
33.0
37.0
25.0
40.0
59.0
43.0
11.0
73.0
59.0
33.0
15.0
37.0
27.0
26.0
86.0
50.0
17.0
52.0
54.0
26.0
29.0
63.0
22.0
67.0
23.0
62.0
58.0
35.0
88.0
24.0
99.0
31.0
38.0
31.0
38.0
44.0
107.0
58.0
34.0
43.0
26.0
50.0
28.0
16.0
24.0
30.0
76.0
46.0
122.0
46.0
48.0
68.0
44.0
113.0
55.0
38.0
18.0
29.0
15.0
26.0
67.0
93.0
54.0
91.0
55.0
40.0
36.0
108.0
58.0
32.0
41.0
55.0
68.0
21.0
93.0
47.0
63.0
40.0
38.0
89.0
74.0
53.0
36.0
7.0
44.0
39.0
133.0
15.0
56.0
87.0
23.0
116.0
101.0
26.0
58.0
37.0
65.0
17.0
74.0
27.0
15.0
63.0
84.0
48.0
58.0
30.0
19.0
58.0
53.0
21.0
29.0
37.0
31.0
81.0
47.0
44.0
39.0
83.0
67.0
16.0
31.0
28.0
186.0
50.0
103.0
72.0
23.0
25.0
36.0
63.0
77.0
42.0
60.0
51.0
58.0
82.0
40.0
14.0
91.0
88.0
59.0
60.0
27.0
45.0
18.0
91.0
22.0
49.0
45.0
89.0
27.0
60.0
105.0
39.0
78.0
21.0
28.0
78.0
34.0
52.0
18.0
32.0
20.0
33.0
47.0
141.0
111.0
23.0
69.0
14.0
26.0
68.0
26.0
5.0
103.0
42.0
32.0
47.0
48.0
185.0
59.0
13.0
44.0
248.0
31.0
43.0
42.0
139.0
95.0
53.0
44.0
31.0
23.0
15.0
62.0
57.0
88.0
90.0
32.0
11.0
51.0
49.0
64.0
92.0
105.0
32.0
78.0
133.0
47.0
48.0
22.0
74.0
52.0
35.0
39.0
65.0
25.0
17.0
45.0
39.0
33.0
72.0
62.0
43.0
33.0
18.0
125.0
45.0
23.0
35.0
27.0
37.0
44.0
46.0
83.0
26.0
38.0
83.0
50.0
29.0
29.0
57.0
231.0
65.0
41.0
47.0
35.0
31.0
48.0
46.0
37.0
36.0
34.0
77.0
73.0
28.0
12.0
69.0
51.0
66.0
75.0
309.0
34.0
40.0
30.0
26.0
29.0
39.0
16.0
43.0
16.0
44.0
54.0
12.0
82.0
18.0
104.0
135.0
47.0
59.0
26.0
48.0
131.0
58.0
190.0
52.0
16.0
176.0
35.0
28.0
46.0
44.0
59.0
97.0
29.0
49.0
35.0
110.0
60.0
32.0
32.0
131.0
41.0
39.0
45.0
40.0
23.0
56.0
68.0
17.0
185.0
35.0
47.0
24.0
79.0
48.0
30.0
23.0
129.0
36.0
120.0
29.0
69.0
54.0
48.0
79.0
24.0
46.0
16.0
34.0
33.0
24.0
39.0
65.0
29.0
47.0
38.0
38.0
37.0
82.0
51.0
30.0
59.0
28.0
56.0
35.0
140.0
32.0
47.0
88.0
73.0
48.0
89.0
46.0
33.0
32.0
51.0
51.0
34.0
60.0
33.0
176.0
35.0
37.0
38.0
49.0
33.0
63.0
45.0
13.0
64.0
63.0
6.0
37.0
41.0
55.0
55.0
133.0
17.0
56.0
82.0
51.0
40.0
121.0
49.0
54.0
51.0
47.0
64.0
23.0
39.0
173.0
31.0
35.0
33.0
99.0
57.0
54.0
89.0
57.0
40.0
134.0
48.0
43.0
65.0
71.0
94.0
22.0
21.0
39.0
30.0
73.0
34.0
28.0
30.0
26.0
97.0
16.0
18.0
23.0
46.0
86.0
46.0
26.0
120.0
55.0
20.0
27.0
16.0
79.0
71.0
50.0
42.0
70.0
58.0
64.0
38.0
126.0
14.0
66.0
18.0
83.0
26.0
102.0
15.0
25.0
30.0
75.0
32.0
74.0
45.0
68.0
39.0
39.0
78.0
25.0
32.0
23.0
48.0
36.0
85.0
79.0
20.0
87.0
29.0
50.0
25.0
108.0
20.0
23.0
66.0
17.0
41.0
68.0
49.0
19.0
47.0
15.0
64.0
96.0
44.0
30.0
24.0
24.0
96.0
59.0
49.0
52.0
61.0
61.0
36.0
61.0
122.0
82.0
33.0
50.0
50.0
112.0
30.0
69.0
35.0
12.0
47.0
30.0
52.0
37.0
65.0
26.0
34.0
71.0
83.0
60.0
24.0
32.0
35.0
38.0
18.0
60.0
22.0
59.0
39.0
64.0
39.0
26.0
46.0
25.0
61.0
43.0
34.0
41.0
32.0
19.0
49.0
51.0
43.0
55.0
32.0
108.0
68.0
48.0
106.0
45.0
90.0
69.0
68.0
60.0
34.0
66.0
29.0
30.0
19.0
28.0
53.0
28.0
36.0
142.0
51.0
62.0
96.0
20.0
30.0
49.0
25.0
52.0
94.0
21.0
48.0
23.0
24.0
37.0
58.0
52.0
28.0
36.0
52.0
58.0
54.0
27.0
67.0
54.0
79.0
86.0
48.0
38.0
24.0
41.0
97.0
44.0
56.0
28.0
56.0
34.0
28.0
97.0
45.0
26.0
64.0
40.0
60.0
31.0
34.0
57.0
43.0
38.0
74.0
41.0
34.0
100.0
56.0
33.0
43.0
52.0
48.0
71.0
14.0
77.0
40.0
39.0
29.0
54.0
30.0
30.0
48.0
33.0
132.0
43.0
68.0
71.0
108.0
74.0
56.0
30.0
42.0
49.0
36.0
25.0
96.0
30.0
74.0
76.0
20.0
92.0
29.0
59.0
28.0
43.0
54.0
104.0
29.0
51.0
28.0
54.0
59.0
27.0
63.0
48.0
96.0
16.0
24.0
55.0
68.0
36.0
63.0
39.0
42.0
51.0
56.0
36.0
75.0
38.0
19.0
53.0
64.0
85.0
74.0
155.0
211.0
36.0
46.0
49.0
52.0
41.0
57.0
14.0
18.0
28.0
43.0
97.0
72.0
26.0
95.0
36.0
37.0
24.0
64.0
45.0
101.0
51.0
22.0
21.0
67.0
28.0
46.0
149.0
26.0
37.0
42.0
32.0
43.0
72.0
44.0
78.0
75.0
82.0
42.0
44.0
100.0
36.0
40.0
58.0
73.0
23.0
26.0
27.0
65.0
73.0
90.0
55.0
50.0
35.0
38.0
29.0
80.0
7.0
65.0
35.0
45.0
49.0
69.0
48.0
47.0
56.0
43.0
70.0
49.0
35.0
19.0
44.0
83.0
51.0
88.0
51.0
47.0
28.0
51.0
65.0
60.0
22.0
28.0
67.0
37.0
71.0
21.0
62.0
27.0
43.0
66.0
44.0
29.0
36.0
58.0
18.0
43.0
80.0
43.0
53.0
66.0
59.0
88.0
79.0
24.0
37.0
38.0
86.0
45.0
41.0
63.0
42.0
41.0
46.0
31.0
23.0
26.0
58.0
112.0
63.0
31.0
39.0
55.0
61.0
81.0
61.0
28.0
51.0
85.0
41.0
95.0
20.0
53.0
70.0
108.0
128.0
54.0
32.0
69.0
84.0
39.0
89.0
84.0
33.0
93.0
71.0
36.0
35.0
17.0
65.0
41.0
77.0
30.0
34.0
65.0
21.0
54.0
55.0
42.0
58.0
38.0
16.0
47.0
40.0
27.0
22.0
29.0
57.0
13.0
45.0
40.0
60.0
10.0
10.0
44.0
51.0
67.0
102.0
42.0
31.0
27.0
48.0
37.0
39.0
108.0
85.0
52.0
71.0
33.0
42.0
21.0
57.0
67.0
23.0
19.0
53.0
58.0
85.0
87.0
46.0
31.0
45.0
29.0
34.0
43.0
15.0
47.0
79.0
36.0
59.0
43.0
57.0
22.0
25.0
61.0
22.0
62.0
50.0
86.0
43.0
54.0
69.0
53.0
74.0
53.0
57.0
48.0
61.0
64.0
43.0
44.0
51.0
62.0
29.0
23.0
75.0
12.0
41.0
90.0
45.0
56.0
34.0
44.0
57.0
79.0
92.0
92.0
20.0
77.0
45.0
31.0
67.0
22.0
72.0
25.0
35.0
38.0
51.0
37.0
43.0
69.0
50.0
50.0
42.0
31.0
30.0
35.0
27.0
43.0
15.0
44.0
31.0
73.0
43.0
38.0
30.0
86.0
54.0
87.0
50.0
81.0
29.0
107.0
50.0
87.0
51.0
14.0
46.0
36.0
21.0
64.0
97.0
34.0
96.0
20.0
30.0
52.0
28.0
44.0
85.0
40.0
74.0
14.0
45.0
71.0
76.0
60.0
47.0
26.0
28.0
58.0
57.0
33.0
48.0
25.0
53.0
18.0
58.0
50.0
48.0
29.0
22.0
60.0
22.0
17.0
59.0
66.0
26.0
57.0
21.0
27.0
55.0
108.0
37.0
123.0
86.0
34.0
36.0
105.0
53.0
25.0
49.0
49.0
48.0
33.0
34.0
71.0
50.0
27.0
91.0
31.0
21.0
101.0
28.0
44.0
24.0
24.0
59.0
48.0
45.0
38.0
40.0
51.0
36.0
90.0
65.0
30.0
28.0
25.0
17.0
96.0
62.0
96.0
36.0
54.0
108.0
54.0
49.0
28.0
57.0
90.0
91.0
41.0
59.0
40.0
47.0
88.0
55.0
48.0
56.0
45.0
22.0
174.0
26.0
59.0
44.0
54.0
22.0
23.0
153.0
69.0
22.0
45.0
17.0
73.0
44.0
27.0
56.0
84.0
68.0
35.0
69.0
55.0
44.0
31.0
41.0
83.0
34.0
82.0
90.0
53.0
35.0
73.0
60.0
43.0
45.0
27.0
51.0
43.0
27.0
41.0
48.0
38.0
97.0
96.0
61.0
48.0
30.0
14.0
152.0
50.0
23.0
65.0
99.0
25.0
72.0
51.0
44.0
33.0
48.0
50.0
53.0
23.0
68.0
88.0
61.0
113.0
25.0
43.0
25.0
35.0
35.0
32.0
57.0
76.0
68.0
13.0
31.0
31.0
106.0
53.0
23.0
70.0
103.0
75.0
93.0
65.0
48.0
42.0
31.0
31.0
13.0
35.0
54.0
13.0
97.0
36.0
86.0
38.0
50.0
59.0
57.0
42.0
38.0
76.0
9.0
122.0
22.0
76.0
49.0
103.0
46.0
50.0
51.0
27.0
57.0
49.0
73.0
46.0
49.0
54.0
98.0
46.0
37.0
35.0
52.0
60.0
92.0
66.0
45.0
64.0
49.0
79.0
94.0
14.0
73.0
52.0
26.0
54.0
78.0
72.0
50.0
78.0
66.0
44.0
51.0
69.0
28.0
80.0
56.0
29.0
26.0
17.0
59.0
25.0
72.0
45.0
82.0
31.0
76.0
16.0
42.0
86.0
118.0
83.0
86.0
83.0
32.0
68.0
45.0
68.0
43.0
22.0
50.0
74.0
65.0
142.0
23.0
85.0
42.0
52.0
55.0
93.0
39.0
17.0
63.0
47.0
36.0
52.0
43.0
69.0
27.0
43.0
84.0
37.0
44.0
33.0
52.0
90.0
58.0
22.0
62.0
42.0
62.0
53.0
23.0
55.0
42.0
28.0
26.0
65.0
107.0
92.0
119.0
29.0
111.0
77.0
21.0
59.0
25.0
113.0
52.0
26.0
21.0
38.0
79.0
82.0
72.0
107.0
52.0
30.0
34.0
51.0
45.0
146.0
36.0
49.0
56.0
50.0
53.0
20.0
31.0
75.0
54.0
67.0
10.0
61.0
46.0
54.0
32.0
26.0
108.0
22.0
74.0
33.0
49.0
72.0
76.0
15.0
79.0
34.0
45.0
39.0
16.0
91.0
130.0
63.0
26.0
64.0
56.0
79.0
61.0
25.0
33.0
72.0
26.0
91.0
37.0
37.0
49.0
48.0
28.0
50.0
53.0
67.0
24.0
71.0
33.0
27.0
74.0
117.0
30.0
92.0
115.0
27.0
75.0
27.0
26.0
38.0
45.0
50.0
84.0
65.0
42.0
29.0
31.0
41.0
67.0
51.0
37.0
39.0
56.0
48.0
44.0
37.0
22.0
74.0
45.0
48.0
54.0
19.0
57.0
98.0
23.0
44.0
83.0
43.0
40.0
51.0
90.0
80.0
32.0
52.0
61.0
54.0
78.0
78.0
37.0
71.0
41.0
41.0
64.0
23.0
76.0
62.0
57.0
110.0
24.0
55.0
31.0
71.0
41.0
21.0
28.0
39.0
19.0
79.0
43.0
17.0
71.0
30.0
61.0
28.0
53.0
50.0
64.0
60.0
58.0
49.0
54.0
41.0
56.0
66.0
53.0
43.0
48.0
98.0
57.0
21.0
23.0
77.0
61.0
49.0
58.0
56.0
68.0
52.0
31.0
32.0
25.0
51.0
49.0
111.0
42.0
40.0
38.0
40.0
107.0
42.0
22.0
48.0
22.0
77.0
32.0
20.0
27.0
39.0
88.0
69.0
82.0
69.0
55.0
38.0
82.0
39.0
44.0
36.0
51.0
58.0
35.0
41.0
53.0
42.0
25.0
42.0
50.0
59.0
87.0
44.0
61.0
37.0
30.0
23.0
54.0
18.0
63.0
45.0
87.0
85.0
57.0
19.0
42.0
28.0
34.0
76.0
74.0
82.0
47.0
24.0
39.0
61.0
28.0
98.0
42.0
98.0
69.0
24.0
64.0
56.0
11.0
39.0
21.0
20.0
33.0
28.0
25.0
41.0
65.0
126.0
78.0
45.0
84.0
23.0
54.0
31.0
75.0
79.0
18.0
53.0
33.0
67.0
79.0
75.0
40.0
23.0
52.0
95.0
63.0
23.0
61.0
35.0
26.0
68.0
56.0
95.0
62.0
36.0
68.0
86.0
36.0
38.0
70.0
52.0
61.0
78.0
53.0
92.0
42.0
57.0
47.0
99.0
53.0
76.0
53.0
68.0
34.0
33.0
51.0
32.0
35.0
33.0
21.0
56.0
22.0
86.0
56.0
27.0
68.0
48.0
42.0
43.0
45.0
92.0
32.0
31.0
98.0
42.0
23.0
91.0
46.0
94.0
73.0
49.0
48.0
24.0
48.0
54.0
34.0
69.0
81.0
79.0
69.0
24.0
56.0
27.0
30.0
49.0
28.0
24.0
46.0
70.0
30.0
24.0
60.0
76.0
109.0
58.0
88.0
46.0
46.0
87.0
36.0
75.0
27.0
35.0
81.0
128.0
66.0
20.0
58.0
61.0
36.0
70.0
59.0
44.0
18.0
57.0
84.0
35.0
47.0
40.0
31.0
45.0
34.0
90.0
28.0
65.0
73.0
66.0
37.0
84.0
46.0
59.0
64.0
45.0
25.0
96.0
72.0
61.0
52.0
150.0
11.0
38.0
22.0
25.0
34.0
48.0
59.0
64.0
50.0
42.0
109.0
126.0
25.0
59.0
36.0
34.0
77.0
39.0
112.0
51.0
57.0
38.0
51.0
33.0
26.0
91.0
38.0
70.0
64.0
60.0
47.0
57.0
21.0
41.0
92.0
46.0
22.0
12.0
24.0
54.0
34.0
45.0
69.0
97.0
32.0
18.0
41.0
31.0
36.0
8.0
119.0
91.0
42.0
27.0
54.0
57.0
48.0
24.0
108.0
73.0
62.0
40.0
66.0
33.0
44.0
66.0
111.0
26.0
82.0
54.0
39.0
116.0
79.0
36.0
20.0
38.0
23.0
26.0
33.0
48.0
50.0
31.0
47.0
45.0
38.0
35.0
49.0
46.0
50.0
14.0
46.0
20.0
64.0
43.0
105.0
25.0
46.0
30.0
25.0
26.0
46.0
36.0
43.0
55.0
42.0
69.0
82.0
54.0
46.0
43.0
67.0
87.0
74.0
43.0
53.0
48.0
100.0
34.0
39.0
98.0
33.0
100.0
96.0
32.0
66.0
22.0
43.0
58.0
41.0
42.0
89.0
69.0
46.0
47.0
23.0
59.0
103.0
56.0
55.0
33.0
37.0
28.0
48.0
72.0
82.0
36.0
41.0
30.0
57.0
33.0
28.0
39.0
32.0
62.0
42.0
30.0
42.0
46.0
15.0
24.0
22.0
73.0
30.0
30.0
68.0
39.0
50.0
89.0
54.0
52.0
114.0
49.0
56.0
26.0
85.0
62.0
77.0
37.0
68.0
40.0
59.0
20.0
46.0
33.0
67.0
38.0
52.0
23.0
51.0
77.0
38.0
112.0
41.0
42.0
38.0
27.0
61.0
93.0
103.0
26.0
41.0
24.0
43.0
35.0
45.0
44.0
120.0
75.0
54.0
79.0
72.0
44.0
54.0
34.0
58.0
29.0
30.0
53.0
46.0
46.0
44.0
64.0
32.0
110.0
57.0
27.0
19.0
25.0
36.0
25.0
39.0
69.0
27.0
57.0
65.0
31.0
9.0
43.0
30.0
74.0
28.0
25.0
52.0
84.0
42.0
32.0
40.0
30.0
77.0
64.0
13.0
67.0
53.0
65.0
36.0
55.0
75.0
71.0
44.0
61.0
27.0
26.0
53.0
49.0
45.0
41.0
57.0
50.0
116.0
65.0
20.0
115.0
27.0
24.0
95.0
51.0
46.0
39.0
74.0
76.0
57.0
66.0
65.0
37.0
44.0
57.0
47.0
68.0
22.0
50.0
39.0
93.0
20.0
42.0
37.0
62.0
41.0
79.0
61.0
50.0
41.0
64.0
64.0
59.0
49.0
38.0
43.0
86.0
27.0
43.0
51.0
50.0
78.0
32.0
51.0
61.0
56.0
32.0
18.0
59.0
35.0
35.0
66.0
31.0
132.0
33.0
31.0
55.0
36.0
47.0
76.0
60.0
40.0
36.0
46.0
60.0
54.0
54.0
58.0
88.0
29.0
63.0
35.0
43.0
33.0
61.0
28.0
65.0
35.0
38.0
54.0
37.0
51.0
33.0
49.0
59.0
62.0
35.0
18.0
139.0
39.0
35.0
67.0
70.0
46.0
28.0
39.0
48.0
27.0
84.0
53.0
98.0
120.0
77.0
37.0
26.0
54.0
42.0
33.0
39.0
78.0
10.0
89.0
45.0
66.0
71.0
81.0
39.0
52.0
30.0
27.0
38.0
59.0
85.0
69.0
38.0
96.0
44.0
41.0
42.0
86.0
42.0
95.0
29.0
49.0
52.0
64.0
56.0
56.0
18.0
36.0
56.0
67.0
46.0
58.0
114.0
72.0
39.0
41.0
29.0
47.0
32.0
73.0
14.0
107.0
50.0
55.0
86.0
52.0
78.0
25.0
45.0
65.0
54.0
86.0
40.0
32.0
13.0
31.0
53.0
37.0
65.0
38.0
95.0
37.0
64.0
38.0
57.0
62.0
66.0
39.0
39.0
18.0
25.0
119.0
46.0
65.0
39.0
70.0
47.0
69.0
98.0
59.0
45.0
18.0
11.0
24.0
48.0
75.0
47.0
160.0
42.0
86.0
45.0
43.0
77.0
59.0
56.0
19.0
37.0
33.0
63.0
22.0
48.0
74.0
61.0
82.0
72.0
45.0
39.0
93.0
22.0
64.0
40.0
43.0
28.0
51.0
47.0
106.0
30.0
66.0
54.0
41.0
47.0
58.0
64.0
26.0
22.0
85.0
58.0
71.0
45.0
54.0
31.0
67.0
86.0
41.0
88.0
44.0
79.0
29.0
42.0
54.0
43.0
19.0
41.0
91.0
112.0
51.0
15.0
59.0
41.0
46.0
25.0
50.0
67.0
61.0
53.0
46.0
39.0
39.0
39.0
57.0
87.0
34.0
33.0
151.0
30.0
96.0
43.0
42.0
82.0
48.0
83.0
40.0
87.0
66.0
50.0
75.0
18.0
46.0
48.0
69.0
68.0
95.0
76.0
63.0
46.0
37.0
66.0
98.0
42.0
91.0
44.0
40.0
53.0
67.0
51.0
50.0
30.0
69.0
39.0
33.0
44.0
83.0
70.0
135.0
54.0
40.0
37.0
47.0
72.0
82.0
40.0
90.0
30.0
64.0
29.0
38.0
13.0
47.0
76.0
22.0
63.0
66.0
105.0
63.0
39.0
60.0
29.0
60.0
56.0
24.0
32.0
83.0
43.0
62.0
66.0
67.0
77.0
48.0
65.0
22.0
173.0
129.0
32.0
20.0
62.0
63.0
110.0
40.0
79.0
59.0
59.0
60.0
59.0
46.0
61.0
64.0
21.0
98.0
34.0
66.0
93.0
54.0
37.0
130.0
51.0
30.0
70.0
24.0
53.0
32.0
87.0
95.0
26.0
89.0
21.0
22.0
83.0
41.0
76.0
49.0
54.0
49.0
31.0
55.0
93.0
79.0
21.0
42.0
65.0
40.0
79.0
48.0
41.0
64.0
66.0
67.0
115.0
24.0
44.0
37.0
40.0
48.0
65.0
50.0
78.0
31.0
33.0
68.0
18.0
44.0
58.0
15.0
33.0
19.0
77.0
51.0
43.0
36.0
50.0
59.0
41.0
34.0
63.0
23.0
50.0
31.0
21.0
78.0
65.0
55.0
47.0
34.0
53.0
59.0
45.0
25.0
37.0
75.0
93.0
52.0
65.0
47.0
113.0
104.0
18.0
93.0
68.0
66.0
36.0
119.0
56.0
15.0
40.0
25.0
48.0
58.0
38.0
67.0
49.0
50.0
40.0
42.0
63.0
95.0
65.0
48.0
21.0
49.0
51.0
80.0
40.0
42.0
48.0
84.0
82.0
60.0
53.0
52.0
61.0
30.0
85.0
62.0
24.0
93.0
35.0
76.0
54.0
52.0
79.0
48.0
41.0
63.0
59.0
21.0
73.0
23.0
64.0
35.0
90.0
79.0
42.0
28.0
32.0
102.0
44.0
51.0
68.0
28.0
35.0
41.0
38.0
65.0
74.0
57.0
29.0
31.0
29.0
42.0
45.0
62.0
45.0
53.0
103.0
58.0
48.0
101.0
37.0
47.0
82.0
57.0
13.0
67.0
41.0
41.0
52.0
61.0
67.0
45.0
102.0
37.0
40.0
41.0
62.0
63.0
31.0
62.0
59.0
27.0
87.0
48.0
61.0
30.0
54.0
26.0
76.0
50.0
73.0
64.0
43.0
70.0
51.0
42.0
38.0
20.0
30.0
88.0
60.0
64.0
50.0
63.0
37.0
31.0
66.0
24.0
46.0
40.0
45.0
59.0
33.0
43.0
51.0
29.0
56.0
89.0
98.0
36.0
44.0
57.0
70.0
55.0
62.0
23.0
58.0
53.0
38.0
42.0
51.0
31.0
103.0
63.0
33.0
66.0
52.0
86.0
62.0
26.0
29.0
70.0
55.0
53.0
29.0
136.0
28.0
32.0
88.0
40.0
48.0
53.0
38.0
47.0
60.0
33.0
76.0
29.0
70.0
40.0
32.0
87.0
41.0
35.0
121.0
69.0
48.0
74.0
44.0
64.0
36.0
44.0
18.0
76.0
43.0
91.0
20.0
31.0
25.0
65.0
39.0
43.0
32.0
85.0
76.0
67.0
47.0
103.0
28.0
34.0
57.0
19.0
31.0
67.0
66.0
95.0
70.0
19.0
66.0
100.0
18.0
48.0
96.0
82.0
55.0
29.0
28.0
53.0
40.0
93.0
95.0
38.0
89.0
65.0
56.0
26.0
31.0
49.0
41.0
75.0
49.0
33.0
40.0
57.0
76.0
48.0
47.0
53.0
44.0
80.0
39.0
43.0
20.0
36.0
71.0
32.0
54.0
45.0
43.0
40.0
63.0
62.0
54.0
53.0
33.0
39.0
57.0
52.0
56.0
31.0
94.0
51.0
77.0
57.0
22.0
78.0
68.0
24.0
49.0
83.0
57.0
99.0
58.0
24.0
53.0
20.0
44.0
63.0
22.0
50.0
56.0
67.0
22.0
43.0
44.0
55.0
41.0
50.0
23.0
105.0
80.0
42.0
31.0
54.0
69.0
41.0
88.0
44.0
56.0
61.0
16.0
78.0
28.0
65.0
47.0
15.0
29.0
39.0
46.0
55.0
45.0
86.0
95.0
38.0
31.0
30.0
28.0
62.0
27.0
131.0
30.0
36.0
147.0
58.0
66.0
40.0
74.0
81.0
20.0
71.0
35.0
24.0
56.0
34.0
23.0
40.0
44.0
30.0
41.0
33.0
52.0
63.0
39.0
57.0
89.0
32.0
40.0
35.0
41.0
57.0
50.0
78.0
56.0
36.0
34.0
92.0
42.0
58.0
30.0
47.0
57.0
67.0
38.0
98.0
60.0
71.0
40.0
67.0
36.0
64.0
53.0
57.0
37.0
46.0
92.0
58.0
47.0
65.0
26.0
40.0
55.0
26.0
87.0
66.0
45.0
68.0
14.0
49.0
52.0
37.0
93.0
60.0
34.0
26.0
47.0
52.0
81.0
101.0
31.0
46.0
44.0
51.0
73.0
11.0
35.0
26.0
45.0
50.0
62.0
93.0
35.0
34.0
33.0
22.0
105.0
53.0
79.0
22.0
78.0
57.0
63.0
65.0
57.0
82.0
93.0
31.0
39.0
52.0
48.0
36.0
66.0
60.0
175.0
23.0
30.0
59.0
61.0
37.0
22.0
36.0
35.0
101.0
38.0
28.0
55.0
106.0
64.0
59.0
49.0
121.0
41.0
59.0
147.0
25.0
33.0
50.0
73.0
92.0
18.0
26.0
36.0
103.0
56.0
45.0
42.0
36.0
55.0
41.0
60.0
19.0
63.0
68.0
23.0
45.0
53.0
70.0
36.0
30.0
34.0
76.0
41.0
34.0
39.0
74.0
41.0
39.0
52.0
68.0
20.0
50.0
40.0
66.0
61.0
68.0
26.0
22.0
70.0
58.0
106.0
65.0
53.0
34.0
60.0
85.0
29.0
33.0
37.0
42.0
45.0
56.0
25.0
56.0
75.0
48.0
74.0
79.0
48.0
78.0
48.0
40.0
37.0
52.0
77.0
33.0
68.0
53.0
31.0
150.0
51.0
63.0
18.0
43.0
73.0
60.0
72.0
76.0
46.0
73.0
35.0
22.0
99.0
47.0
19.0
70.0
10.0
67.0
54.0
54.0
95.0
92.0
21.0
73.0
83.0
57.0
38.0
55.0
43.0
50.0
36.0
68.0
28.0
32.0
32.0
28.0
75.0
56.0
26.0
19.0
58.0
48.0
45.0
61.0
71.0
34.0
44.0
43.0
103.0
19.0
29.0
30.0
51.0
33.0
41.0
48.0
60.0
24.0
46.0
76.0
55.0
84.0
36.0
100.0
50.0
51.0
28.0
46.0
57.0
41.0
77.0
38.0
41.0
60.0
53.0
49.0
35.0
64.0
54.0
56.0
37.0
119.0
56.0
57.0
31.0
70.0
72.0
26.0
102.0
79.0
24.0
45.0
101.0
31.0
124.0
64.0
48.0
56.0
42.0
47.0
53.0
41.0
54.0
81.0
88.0
45.0
64.0
61.0
78.0
62.0
85.0
37.0
77.0
48.0
59.0
45.0
72.0
48.0
54.0
74.0
83.0
50.0
50.0
54.0
12.0
53.0
98.0
26.0
45.0
55.0
28.0
30.0
35.0
87.0
50.0
12.0
60.0
25.0
34.0
65.0
93.0
68.0
51.0
50.0
33.0
39.0
41.0
25.0
93.0
51.0
39.0
43.0
53.0
42.0
19.0
47.0
43.0
133.0
36.0
55.0
42.0
36.0
44.0
37.0
44.0
74.0
67.0
33.0
44.0
70.0
43.0
34.0
53.0
48.0
47.0
61.0
36.0
78.0
69.0
32.0
44.0
167.0
66.0
61.0
72.0
57.0
79.0
38.0
32.0
75.0
30.0
50.0
149.0
84.0
41.0
38.0
43.0
39.0
103.0
64.0
112.0
36.0
10.0
51.0
55.0
45.0
72.0
102.0
36.0
60.0
37.0
69.0
15.0
56.0
35.0
44.0
57.0
28.0
65.0
38.0
36.0
29.0
45.0
63.0
56.0
25.0
50.0
25.0
56.0
83.0
140.0
61.0
58.0
15.0
36.0
42.0
45.0
45.0
31.0
45.0
51.0
31.0
53.0
111.0
44.0
45.0
106.0
40.0
21.0
40.0
55.0
52.0
93.0
22.0
50.0
48.0
52.0
32.0
24.0
61.0
72.0
69.0
69.0
52.0
44.0
20.0
22.0
44.0
58.0
40.0
48.0
21.0
44.0
73.0
43.0
30.0
52.0
23.0
53.0
99.0
66.0
38.0
30.0
58.0
120.0
88.0
57.0
50.0
57.0
119.0
52.0
67.0
98.0
78.0
48.0
33.0
47.0
20.0
26.0
29.0
42.0
31.0
50.0
65.0
24.0
93.0
37.0
85.0
28.0
25.0
29.0
63.0
47.0
17.0
29.0
62.0
40.0
33.0
64.0
68.0
54.0
64.0
75.0
61.0
50.0
44.0
91.0
35.0
60.0
64.0
44.0
54.0
43.0
60.0
56.0
54.0
39.0
31.0
27.0
61.0
40.0
47.0
102.0
30.0
55.0
20.0
19.0
61.0
35.0
44.0
80.0
91.0
18.0
24.0
81.0
29.0
106.0
113.0
39.0
58.0
62.0
62.0
21.0
90.0
85.0
20.0
20.0
132.0
79.0
47.0
28.0
105.0
49.0
50.0
36.0
47.0
64.0
13.0
50.0
43.0
64.0
47.0
13.0
27.0
46.0
95.0
116.0
42.0
60.0
93.0
36.0
46.0
105.0
73.0
32.0
48.0
57.0
102.0
51.0
30.0
43.0
127.0
38.0
32.0
52.0
69.0
28.0
78.0
13.0
38.0
26.0
66.0
43.0
75.0
64.0
20.0
46.0
102.0
40.0
58.0
38.0
57.0
34.0
95.0
60.0
32.0
55.0
63.0
19.0
31.0
52.0
37.0
59.0
59.0
44.0
104.0
60.0
80.0
76.0
69.0
70.0
27.0
31.0
80.0
25.0
72.0
64.0
40.0
56.0
29.0
47.0
23.0
176.0
28.0
75.0
35.0
50.0
35.0
157.0
176.0
28.0
34.0
82.0
63.0
38.0
40.0
62.0
31.0
72.0
60.0
42.0
68.0
121.0
79.0
53.0
49.0
48.0
78.0
30.0
42.0
16.0
28.0
50.0
47.0
38.0
74.0
56.0
36.0
49.0
72.0
49.0
75.0
52.0
23.0
69.0
51.0
66.0
54.0
28.0
41.0
70.0
38.0
55.0
32.0
54.0
45.0
31.0
42.0
76.0
30.0
68.0
43.0
87.0
41.0
65.0
65.0
50.0
36.0
65.0
36.0
41.0
18.0
68.0
36.0
28.0
41.0
55.0
42.0
57.0
31.0
90.0
27.0
40.0
60.0
86.0
58.0
32.0
58.0
92.0
52.0
73.0
97.0
53.0
21.0
56.0
44.0
52.0
78.0
67.0
26.0
71.0
68.0
81.0
69.0
30.0
63.0
107.0
57.0
81.0
79.0
33.0
128.0
51.0
60.0
54.0
81.0
57.0
43.0
38.0
50.0
28.0
110.0
62.0
103.0
42.0
42.0
47.0
22.0
84.0
48.0
64.0
124.0
42.0
45.0
49.0
67.0
43.0
69.0
33.0
30.0
83.0
52.0
55.0
75.0
78.0
35.0
60.0
109.0
117.0
88.0
65.0
77.0
23.0
50.0
54.0
68.0
69.0
33.0
50.0
108.0
28.0
40.0
72.0
35.0
66.0
27.0
17.0
145.0
50.0
60.0
42.0
35.0
36.0
43.0
35.0
65.0
89.0
74.0
62.0
69.0
63.0
56.0
58.0
38.0
43.0
63.0
40.0
24.0
42.0
65.0
33.0
51.0
65.0
86.0
86.0
60.0
59.0
36.0
30.0
49.0
76.0
44.0
45.0
38.0
65.0
87.0
41.0
63.0
38.0
28.0
42.0
46.0
39.0
39.0
97.0
59.0
123.0
16.0
72.0
12.0
43.0
30.0
78.0
92.0
37.0
49.0
69.0
54.0
75.0
55.0
21.0
63.0
50.0
55.0
47.0
52.0
43.0
32.0
66.0
69.0
50.0
37.0
64.0
33.0
31.0
29.0
38.0
38.0
41.0
49.0
60.0
86.0
43.0
41.0
89.0
105.0
30.0
40.0
52.0
71.0
50.0
78.0
30.0
112.0
19.0
43.0
30.0
57.0
31.0
59.0
75.0
93.0
32.0
54.0
28.0
25.0
28.0
29.0
53.0
92.0
59.0
112.0
80.0
59.0
76.0
82.0
21.0
36.0
62.0
75.0
34.0
64.0
56.0
48.0
64.0
65.0
36.0
27.0
37.0
60.0
20.0
40.0
96.0
96.0
44.0
47.0
32.0
17.0
56.0
67.0
27.0
121.0
92.0
42.0
47.0
39.0
25.0
39.0
65.0
84.0
146.0
59.0
50.0
78.0
24.0
39.0
26.0
43.0
126.0
73.0
51.0
53.0
55.0
82.0
31.0
26.0
30.0
31.0
27.0
44.0
80.0
70.0
25.0
45.0
129.0
38.0
67.0
35.0
34.0
50.0
83.0
113.0
33.0
25.0
91.0
28.0
41.0
14.0
104.0
68.0
35.0
46.0
45.0
59.0
55.0
63.0
45.0
36.0
13.0
13.0
89.0
88.0
130.0
16.0
57.0
41.0
48.0
63.0
82.0
67.0
44.0
34.0
89.0
23.0
36.0
39.0
40.0
34.0
41.0
32.0
13.0
40.0
57.0
161.0
22.0
53.0
136.0
78.0
51.0
72.0
35.0
47.0
43.0
35.0
38.0
77.0
35.0
149.0
54.0
41.0
60.0
57.0
135.0
66.0
12.0
58.0
25.0
59.0
64.0
54.0
53.0
57.0
26.0
81.0
96.0
71.0
78.0
64.0
17.0
29.0
76.0
57.0
68.0
50.0
70.0
44.0
78.0
72.0
211.0
25.0
41.0
39.0
34.0
62.0
81.0
91.0
79.0
24.0
15.0
37.0
61.0
63.0
43.0
97.0
59.0
42.0
44.0
24.0
63.0
65.0
81.0
30.0
60.0
43.0
24.0
14.0
51.0
119.0
91.0
39.0
54.0
34.0
49.0
119.0
70.0
45.0
52.0
62.0
66.0
96.0
23.0
38.0
73.0
58.0
33.0
51.0
33.0
98.0
95.0
25.0
62.0
69.0
54.0
52.0
31.0
65.0
34.0
14.0
94.0
43.0
28.0
32.0
110.0
61.0
66.0
116.0
21.0
31.0
46.0
23.0
101.0
60.0
43.0
35.0
88.0
71.0
82.0
48.0
74.0
62.0
101.0
124.0
25.0
48.0
65.0
32.0
50.0
80.0
85.0
71.0
48.0
44.0
72.0
87.0
86.0
71.0
37.0
58.0
64.0
60.0
42.0
63.0
54.0
29.0
24.0
13.0
35.0
39.0
68.0
93.0
32.0
75.0
45.0
27.0
50.0
107.0
35.0
47.0
45.0
93.0
80.0
63.0
48.0
36.0
45.0
43.0
39.0
29.0
26.0
19.0
113.0
39.0
38.0
43.0
34.0
43.0
50.0
43.0
78.0
64.0
105.0
62.0
45.0
18.0
8.0
61.0
50.0
66.0
58.0
52.0
26.0
70.0
33.0
72.0
27.0
30.0
50.0
22.0
46.0
59.0
29.0
46.0
33.0
53.0
43.0
78.0
76.0
79.0
35.0
62.0
98.0
31.0
45.0
97.0
67.0
44.0
51.0
71.0
24.0
28.0
47.0
59.0
20.0
55.0
37.0
129.0
27.0
35.0
83.0
52.0
64.0
78.0
133.0
78.0
49.0
66.0
47.0
27.0
33.0
165.0
90.0
39.0
45.0
23.0
44.0
46.0
42.0
48.0
51.0
32.0
31.0
29.0
55.0
56.0
42.0
49.0
96.0
79.0
21.0
103.0
28.0
13.0
68.0
32.0
27.0
73.0
127.0
12.0
53.0
37.0
28.0
40.0
55.0
9.0
43.0
72.0
58.0
9.0
18.0
73.0
66.0
52.0
49.0
69.0
44.0
23.0
45.0
57.0
62.0
40.0
30.0
47.0
39.0
25.0
50.0
43.0
50.0
37.0
33.0
45.0
97.0
38.0
46.0
88.0
40.0
69.0
59.0
59.0
53.0
145.0
35.0
63.0
158.0
49.0
29.0
62.0
42.0
82.0
122.0
188.0
58.0
15.0
82.0
79.0
170.0
51.0
21.0
88.0
83.0
20.0
43.0
69.0
30.0
13.0
68.0
28.0
42.0
78.0
24.0
55.0
91.0
62.0
81.0
24.0
63.0
23.0
47.0
39.0
61.0
27.0
46.0
31.0
26.0
40.0
45.0
103.0
46.0
48.0
101.0
25.0
48.0
68.0
42.0
39.0
57.0
108.0
60.0
21.0
32.0
22.0
30.0
49.0
21.0
68.0
30.0
32.0
45.0
73.0
9.0
76.0
69.0
69.0
33.0
47.0
50.0
31.0
19.0
60.0
45.0
42.0
78.0
64.0
30.0
45.0
18.0
64.0
49.0
4.0
56.0
29.0
51.0
27.0
86.0
55.0
53.0
35.0
55.0
48.0
46.0
33.0
23.0
67.0
64.0
67.0
33.0
138.0
21.0
20.0
94.0
45.0
31.0
130.0
61.0
98.0
50.0
18.0
27.0
24.0
22.0
85.0
70.0
28.0
48.0
61.0
18.0
68.0
79.0
37.0
66.0
103.0
38.0
35.0
106.0
21.0
54.0
27.0
44.0
46.0
36.0
16.0
30.0
57.0
59.0
91.0
25.0
78.0
60.0
23.0
30.0
38.0
26.0
46.0
18.0
66.0
84.0
35.0
53.0
30.0
37.0
19.0
69.0
42.0
79.0
54.0
43.0
65.0
47.0
33.0
37.0
23.0
60.0
53.0
52.0
38.0
58.0
60.0
80.0
39.0
44.0
42.0
26.0
24.0
71.0
57.0
53.0
56.0
40.0
60.0
39.0
150.0
83.0
33.0
33.0
101.0
40.0
27.0
18.0
93.0
63.0
94.0
16.0
45.0
38.0
69.0
63.0
16.0
102.0
100.0
20.0
43.0
40.0
32.0
68.0
56.0
75.0
15.0
18.0
100.0
70.0
32.0
81.0
32.0
50.0
19.0
54.0
48.0
83.0
31.0
30.0
162.0
80.0
84.0
28.0
90.0
42.0
55.0
38.0
18.0
69.0
102.0
87.0
67.0
46.0
48.0
28.0
36.0
33.0
30.0
37.0
42.0
26.0
35.0
15.0
76.0
31.0
53.0
31.0
60.0
44.0
95.0
38.0
72.0
92.0
47.0
146.0
45.0
95.0
71.0
21.0
42.0
28.0
64.0
35.0
40.0
31.0
92.0
19.0
84.0
60.0
39.0
47.0
38.0
72.0
43.0
134.0
41.0
59.0
64.0
42.0
23.0
183.0
42.0
69.0
27.0
26.0
27.0
55.0
39.0
69.0
79.0
31.0
24.0
97.0
34.0
36.0
85.0
53.0
77.0
23.0
63.0
23.0
71.0
45.0
105.0
9.0
37.0
73.0
52.0
29.0
54.0
21.0
57.0
71.0
41.0
37.0
45.0
53.0
32.0
73.0
114.0
88.0
50.0
42.0
33.0
100.0
49.0
18.0
30.0
48.0
22.0
43.0
189.0
12.0
59.0
93.0
70.0
41.0
59.0
33.0
62.0
53.0
85.0
23.0
42.0
19.0
45.0
30.0
43.0
46.0
27.0
42.0
79.0
65.0
47.0
114.0
31.0
73.0
23.0
47.0
35.0
89.0
79.0
33.0
36.0
47.0
45.0
34.0
38.0
73.0
115.0
50.0
75.0
41.0
49.0
87.0
52.0
38.0
94.0
64.0
33.0
13.0
29.0
34.0
92.0
45.0
93.0
25.0
25.0
33.0
55.0
106.0
57.0
37.0
57.0
86.0
23.0
79.0
47.0
56.0
34.0
69.0
62.0
37.0
41.0
166.0
58.0
27.0
66.0
15.0
50.0
61.0
137.0
76.0
75.0
133.0
38.0
20.0
32.0
75.0
78.0
51.0
50.0
66.0
41.0
58.0
54.0
46.0
136.0
54.0
43.0
46.0
43.0
19.0
46.0
136.0
72.0
43.0
21.0
34.0
18.0
29.0
35.0
107.0
20.0
85.0
82.0
22.0
29.0
46.0
84.0
47.0
72.0
38.0
82.0
20.0
81.0
48.0
94.0
78.0
73.0
52.0
20.0
113.0
71.0
41.0
41.0
69.0
35.0
67.0
21.0
49.0
83.0
54.0
81.0
236.0
37.0
37.0
57.0
81.0
39.0
40.0
25.0
27.0
20.0
31.0
106.0
50.0
111.0
59.0
86.0
17.0
35.0
30.0
52.0
128.0
51.0
87.0
42.0
26.0
80.0
42.0
77.0
50.0
68.0
20.0
64.0
68.0
24.0
73.0
46.0
29.0
34.0
86.0
21.0
127.0
32.0
74.0
28.0
47.0
36.0
46.0
45.0
86.0
56.0
45.0
62.0
31.0
73.0
107.0
70.0
77.0
30.0
38.0
38.0
40.0
48.0
49.0
113.0
26.0
33.0
98.0
39.0
43.0
24.0
94.0
65.0
109.0
70.0
29.0
32.0
37.0
30.0
53.0
70.0
68.0
92.0
39.0
48.0
64.0
59.0
101.0
29.0
33.0
91.0
33.0
35.0
102.0
88.0
52.0
115.0
49.0
72.0
62.0
40.0
28.0
28.0
72.0
117.0
38.0
84.0
54.0
44.0
94.0
11.0
60.0
43.0
74.0
43.0
77.0
123.0
67.0
22.0
123.0
39.0
20.0
64.0
52.0
46.0
40.0
68.0
39.0
69.0
47.0
110.0
118.0
35.0
64.0
25.0
50.0
69.0
34.0
58.0
32.0
31.0
62.0
43.0
25.0
50.0
34.0
17.0
115.0
41.0
107.0
41.0
31.0
34.0
18.0
102.0
118.0
137.0
11.0
103.0
34.0
62.0
33.0
51.0
23.0
16.0
50.0
87.0
42.0
79.0
20.0
80.0
61.0
58.0
43.0
41.0
34.0
43.0
48.0
47.0
19.0
27.0
97.0
57.0
43.0
38.0
31.0
53.0
73.0
42.0
49.0
31.0
58.0
142.0
72.0
42.0
60.0
50.0
46.0
45.0
29.0
48.0
57.0
26.0
80.0
64.0
59.0
52.0
36.0
57.0
74.0
44.0
43.0
10.0
65.0
72.0
31.0
101.0
258.0
29.0
86.0
51.0
30.0
29.0
36.0
54.0
56.0
42.0
54.0
116.0
68.0
55.0
81.0
97.0
65.0
31.0
43.0
24.0
36.0
83.0
28.0
26.0
57.0
106.0
42.0
25.0
22.0
64.0
94.0
17.0
15.0
35.0
152.0
72.0
45.0
64.0
64.0
45.0
12.0
30.0
63.0
49.0
18.0
64.0
47.0
62.0
47.0
81.0
28.0
53.0
39.0
73.0
30.0
87.0
122.0
103.0
47.0
85.0
19.0
54.0
22.0
54.0
34.0
113.0
50.0
22.0
63.0
23.0
82.0
78.0
62.0
108.0
36.0
37.0
14.0
52.0
49.0
63.0
19.0
19.0
92.0
99.0
46.0
80.0
39.0
67.0
99.0
17.0
28.0
105.0
57.0
32.0
78.0
49.0
18.0
48.0
46.0
78.0
44.0
48.0
109.0
46.0
79.0
25.0
31.0
45.0
55.0
32.0
78.0
80.0
35.0
73.0
21.0
198.0
52.0
31.0
116.0
37.0
86.0
78.0
78.0
29.0
16.0
37.0
37.0
77.0
13.0
45.0
36.0
79.0
69.0
31.0
30.0
52.0
75.0
46.0
97.0
73.0
31.0
36.0
53.0
11.0
85.0
61.0
49.0
37.0
32.0
27.0
43.0
78.0
46.0
35.0
55.0
84.0
36.0
20.0
47.0
70.0
53.0
53.0
60.0
67.0
34.0
70.0
23.0
92.0
109.0
51.0
115.0
33.0
31.0
33.0
43.0
33.0
70.0
40.0
59.0
59.0
36.0
34.0
23.0
28.0
146.0
115.0
51.0
61.0
20.0
91.0
20.0
58.0
31.0
48.0
35.0
78.0
75.0
62.0
38.0
47.0
30.0
53.0
38.0
65.0
92.0
105.0
45.0
38.0
33.0
64.0
34.0
77.0
41.0
40.0
21.0
43.0
32.0
53.0
65.0
102.0
161.0
36.0
45.0
103.0
26.0
18.0
27.0
63.0
42.0
47.0
12.0
77.0
37.0
44.0
43.0
23.0
58.0
88.0
58.0
32.0
25.0
75.0
34.0
81.0
20.0
38.0
37.0
55.0
21.0
22.0
28.0
29.0
90.0
68.0
64.0
33.0
73.0
58.0
85.0
48.0
18.0
40.0
52.0
100.0
30.0
58.0
46.0
78.0
29.0
105.0
73.0
19.0
55.0
128.0
32.0
19.0
21.0
97.0
34.0
53.0
53.0
42.0
95.0
44.0
78.0
126.0
34.0
42.0
109.0
578.0
15.0
43.0
24.0
46.0
22.0
87.0
119.0
74.0
30.0
84.0
33.0
28.0
142.0
51.0
127.0
58.0
59.0
47.0
72.0
37.0
104.0
67.0
14.0
30.0
29.0
118.0
28.0
38.0
48.0
26.0
61.0
93.0
32.0
26.0
77.0
41.0
28.0
41.0
61.0
31.0
50.0
49.0
39.0
57.0
75.0
94.0
75.0
71.0
19.0
18.0
28.0
59.0
43.0
24.0
38.0
45.0
79.0
66.0
97.0
26.0
32.0
77.0
39.0
72.0
58.0
142.0
29.0
88.0
58.0
21.0
111.0
26.0
48.0
48.0
60.0
37.0
26.0
61.0
16.0
48.0
44.0
14.0
34.0
168.0
32.0
29.0
94.0
105.0
43.0
102.0
33.0
34.0
66.0
21.0
22.0
124.0
60.0
69.0
82.0
64.0
35.0
43.0
84.0
18.0
52.0
29.0
74.0
43.0
78.0
23.0
38.0
22.0
72.0
74.0
53.0
37.0
121.0
29.0
46.0
73.0
92.0
49.0
42.0
46.0
91.0
46.0
68.0
30.0
63.0
57.0
29.0
53.0
63.0
29.0
29.0
111.0
19.0
20.0
84.0
88.0
14.0
93.0
85.0
36.0
47.0
117.0
27.0
57.0
71.0
96.0
42.0
68.0
19.0
54.0
45.0
27.0
113.0
16.0
54.0
19.0
61.0
11.0
117.0
55.0
31.0
29.0
35.0
124.0
37.0
28.0
55.0
98.0
33.0
56.0
27.0
38.0
34.0
52.0
48.0
62.0
57.0
92.0
51.0
21.0
68.0
61.0
93.0
71.0
75.0
47.0
58.0
112.0
56.0
45.0
155.0
43.0
112.0
53.0
37.0
16.0
35.0
49.0
48.0
42.0
24.0
55.0
44.0
129.0
121.0
49.0
86.0
15.0
69.0
35.0
30.0
66.0
10.0
40.0
33.0
50.0
92.0
80.0
68.0
94.0
44.0
88.0
32.0
55.0
23.0
20.0
38.0
69.0
32.0
41.0
28.0
33.0
93.0
21.0
92.0
25.0
84.0
65.0
75.0
41.0
68.0
50.0
33.0
26.0
27.0
83.0
52.0
15.0
40.0
24.0
29.0
56.0
54.0
30.0
63.0
35.0
45.0
37.0
75.0
119.0
84.0
26.0
37.0
87.0
96.0
47.0
122.0
52.0
101.0
48.0
38.0
131.0
64.0
114.0
23.0
58.0
18.0
75.0
51.0
32.0
110.0
36.0
26.0
53.0
83.0
51.0
20.0
60.0
52.0
28.0
94.0
51.0
28.0
74.0
70.0
34.0
20.0
55.0
15.0
20.0
41.0
169.0
60.0
34.0
34.0
26.0
48.0
102.0
98.0
90.0
31.0
54.0
84.0
24.0
27.0
38.0
43.0
121.0
47.0
58.0
34.0
100.0
73.0
85.0
15.0
19.0
46.0
67.0
50.0
20.0
63.0
151.0
60.0
33.0
102.0
94.0
30.0
41.0
17.0
62.0
23.0
44.0
79.0
17.0
25.0
30.0
34.0
56.0
27.0
50.0
46.0
28.0
40.0
101.0
59.0
51.0
16.0
60.0
66.0
41.0
57.0
61.0
65.0
65.0
66.0
35.0
103.0
88.0
33.0
63.0
34.0
17.0
83.0
95.0
27.0
75.0
35.0
56.0
54.0
41.0
28.0
21.0
33.0
32.0
64.0
26.0
31.0
20.0
38.0
29.0
31.0
65.0
11.0
94.0
58.0
29.0
15.0
27.0
373.0
37.0
11.0
31.0
85.0
80.0
47.0
222.0
103.0
75.0
44.0
25.0
34.0
81.0
50.0
87.0
83.0
54.0
37.0
49.0
82.0
44.0
39.0
135.0
28.0
21.0
62.0
91.0
37.0
117.0
64.0
35.0
60.0
83.0
105.0
77.0
78.0
63.0
23.0
32.0
123.0
25.0
66.0
49.0
59.0
55.0
23.0
12.0
63.0
23.0
23.0
227.0
33.0
70.0
107.0
34.0
54.0
60.0
30.0
43.0
103.0
36.0
85.0
54.0
23.0
30.0
22.0
94.0
91.0
97.0
32.0
50.0
63.0
159.0
66.0
56.0
50.0
96.0
74.0
62.0
54.0
55.0
41.0
40.0
39.0
74.0
94.0
22.0
16.0
57.0
50.0
37.0
202.0
30.0
38.0
110.0
44.0
87.0
55.0
71.0
75.0
43.0
70.0
99.0
21.0
68.0
37.0
139.0
46.0
60.0
21.0
80.0
61.0
18.0
73.0
26.0
34.0
62.0
37.0
48.0
32.0
138.0
31.0
66.0
62.0
40.0
50.0
24.0
41.0
60.0
25.0
18.0
62.0
76.0
79.0
126.0
52.0
71.0
42.0
65.0
113.0
34.0
41.0
44.0
41.0
62.0
62.0
45.0
42.0
46.0
86.0
30.0
191.0
26.0
69.0
25.0
20.0
63.0
64.0
34.0
28.0
30.0
100.0
52.0
72.0
58.0
45.0
36.0
43.0
43.0
67.0
52.0
80.0
58.0
23.0
40.0
49.0
120.0
31.0
45.0
21.0
48.0
32.0
58.0
131.0
60.0
75.0
47.0
14.0
53.0
80.0
29.0
86.0
37.0
76.0
88.0
33.0
76.0
89.0
26.0
33.0
45.0
80.0
71.0
65.0
15.0
91.0
45.0
31.0
88.0
31.0
63.0
19.0
97.0
21.0
39.0
53.0
39.0
41.0
50.0
78.0
70.0
31.0
72.0
78.0
27.0
50.0
57.0
16.0
56.0
28.0
64.0
94.0
185.0
108.0
49.0
76.0
105.0
121.0
19.0
54.0
42.0
48.0
22.0
38.0
46.0
24.0
60.0
32.0
40.0
29.0
71.0
72.0
71.0
35.0
55.0
48.0
34.0
11.0
32.0
58.0
66.0
85.0
17.0
96.0
28.0
33.0
76.0
63.0
29.0
40.0
45.0
152.0
111.0
32.0
39.0
33.0
45.0
32.0
72.0
108.0
115.0
19.0
40.0
52.0
70.0
69.0
55.0
55.0
47.0
32.0
71.0
68.0
48.0
26.0
52.0
34.0
84.0
57.0
84.0
21.0
84.0
33.0
58.0
50.0
59.0
90.0
26.0
20.0
42.0
33.0
85.0
26.0
63.0
24.0
106.0
42.0
39.0
41.0
38.0
27.0
121.0
42.0
36.0
53.0
21.0
62.0
41.0
48.0
132.0
28.0
42.0
87.0
19.0
41.0
57.0
144.0
56.0
53.0
87.0
89.0
39.0
46.0
79.0
35.0
18.0
69.0
85.0
116.0
46.0
44.0
34.0
44.0
47.0
75.0
84.0
18.0
41.0
42.0
31.0
43.0
26.0
64.0
41.0
24.0
131.0
44.0
32.0
15.0
99.0
14.0
23.0
48.0
111.0
40.0
24.0
13.0
66.0
32.0
87.0
63.0
95.0
55.0
27.0
106.0
75.0
68.0
64.0
53.0
61.0
75.0
58.0
51.0
41.0
19.0
58.0
59.0
35.0
76.0
50.0
46.0
237.0
43.0
28.0
23.0
125.0
31.0
19.0
52.0
70.0
90.0
25.0
95.0
37.0
65.0
52.0
234.0
48.0
102.0
43.0
109.0
41.0
36.0
206.0
21.0
28.0
27.0
23.0
44.0
44.0
50.0
26.0
19.0
44.0
26.0
89.0
90.0
42.0
77.0
25.0
21.0
40.0
14.0
64.0
31.0
85.0
28.0
71.0
46.0
28.0
72.0
48.0
31.0
213.0
70.0
60.0
44.0
64.0
26.0
75.0
40.0
25.0
29.0
49.0
43.0
70.0
35.0
61.0
99.0
104.0
13.0
41.0
23.0
67.0
14.0
46.0
17.0
97.0
83.0
13.0
81.0
70.0
82.0
127.0
70.0
73.0
66.0
39.0
65.0
55.0
32.0
67.0
31.0
67.0
38.0
65.0
32.0
37.0
41.0
73.0
67.0
53.0
27.0
46.0
10.0
127.0
68.0
152.0
41.0
22.0
73.0
12.0
90.0
106.0
42.0
42.0
41.0
148.0
50.0
60.0
57.0
31.0
42.0
105.0
47.0
28.0
88.0
58.0
56.0
23.0
43.0
156.0
13.0
50.0
50.0
52.0
52.0
21.0
172.0
21.0
54.0
37.0
52.0
63.0
94.0
24.0
27.0
78.0
30.0
86.0
67.0
44.0
31.0
11.0
34.0
46.0
47.0
75.0
56.0
39.0
28.0
137.0
119.0
136.0
31.0
88.0
43.0
62.0
74.0
45.0
36.0
137.0
18.0
48.0
102.0
35.0
100.0
56.0
30.0
134.0
60.0
53.0
36.0
22.0
45.0
46.0
61.0
40.0
120.0
67.0
23.0
49.0
55.0
38.0
23.0
103.0
21.0
107.0
34.0
61.0
14.0
115.0
41.0
33.0
85.0
36.0
51.0
66.0
27.0
45.0
46.0
71.0
35.0
34.0
28.0
29.0
25.0
150.0
68.0
40.0
27.0
45.0
71.0
62.0
20.0
60.0
70.0
44.0
18.0
42.0
119.0
42.0
97.0
116.0
65.0
30.0
70.0
39.0
41.0
87.0
54.0
10.0
82.0
89.0
29.0
21.0
33.0
33.0
29.0
70.0
19.0
103.0
118.0
15.0
13.0
36.0
50.0
15.0
35.0
197.0
63.0
49.0
50.0
28.0
65.0
46.0
47.0
52.0
87.0
69.0
19.0
60.0
67.0
53.0
41.0
49.0
104.0
92.0
65.0
13.0
41.0
42.0
86.0
27.0
77.0
46.0
15.0
46.0
30.0
45.0
32.0
43.0
18.0
26.0
83.0
205.0
92.0
76.0
60.0
79.0
63.0
95.0
29.0
58.0
50.0
129.0
39.0
23.0
77.0
46.0
77.0
44.0
57.0
48.0
38.0
29.0
57.0
47.0
53.0
38.0
44.0
100.0
81.0
49.0
60.0
60.0
71.0
49.0
19.0
46.0
92.0
56.0
52.0
9.0
23.0
39.0
83.0
65.0
33.0
50.0
54.0
85.0
18.0
167.0
85.0
85.0
36.0
54.0
46.0
76.0
21.0
32.0
42.0
57.0
26.0
28.0
92.0
45.0
74.0
98.0
50.0
37.0
34.0
85.0
99.0
62.0
50.0
54.0
35.0
28.0
33.0
29.0
45.0
29.0
41.0
80.0
88.0
24.0
18.0
39.0
103.0
19.0
134.0
68.0
40.0
42.0
68.0
53.0
34.0
37.0
62.0
37.0
78.0
39.0
104.0
73.0
50.0
70.0
66.0
63.0
60.0
74.0
49.0
45.0
20.0
45.0
44.0
16.0
14.0
23.0
52.0
37.0
102.0
60.0
43.0
199.0
59.0
38.0
57.0
18.0
47.0
37.0
88.0
21.0
51.0
59.0
45.0
39.0
30.0
71.0
108.0
46.0
33.0
78.0
239.0
67.0
40.0
69.0
46.0
40.0
26.0
22.0
60.0
92.0
49.0
19.0
36.0
53.0
49.0
36.0
55.0
111.0
78.0
54.0
82.0
51.0
21.0
26.0
103.0
87.0
75.0
101.0
75.0
39.0
25.0
49.0
21.0
61.0
46.0
74.0
45.0
34.0
125.0
16.0
17.0
32.0
142.0
93.0
62.0
25.0
48.0
26.0
157.0
36.0
74.0
52.0
83.0
16.0
6.0
21.0
19.0
55.0
78.0
48.0
31.0
52.0
28.0
52.0
42.0
66.0
26.0
52.0
73.0
188.0
93.0
123.0
32.0
18.0
25.0
72.0
88.0
51.0
13.0
23.0
33.0
45.0
63.0
132.0
38.0
70.0
20.0
53.0
24.0
35.0
64.0
30.0
64.0
19.0
31.0
116.0
56.0
45.0
39.0
30.0
35.0
52.0
31.0
89.0
125.0
143.0
20.0
64.0
27.0
31.0
43.0
183.0
24.0
26.0
74.0
32.0
25.0
58.0
30.0
47.0
343.0
62.0
65.0
21.0
38.0
42.0
10.0
35.0
67.0
85.0
15.0
36.0
40.0
33.0
107.0
18.0
43.0
47.0
65.0
42.0
68.0
113.0
58.0
24.0
54.0
38.0
74.0
66.0
165.0
31.0
14.0
27.0
68.0
113.0
21.0
29.0
107.0
65.0
68.0
9.0
26.0
74.0
51.0
65.0
39.0
170.0
59.0
73.0
27.0
55.0
74.0
50.0
92.0
215.0
50.0
32.0
25.0
19.0
21.0
50.0
32.0
138.0
32.0
45.0
18.0
52.0
50.0
38.0
33.0
68.0
29.0
75.0
33.0
20.0
144.0
50.0
7.0
28.0
54.0
99.0
24.0
40.0
38.0
29.0
99.0
60.0
116.0
109.0
36.0
82.0
52.0
183.0
11.0
57.0
42.0
38.0
32.0
76.0
38.0
51.0
93.0
32.0
34.0
42.0
109.0
87.0
34.0
60.0
31.0
41.0
20.0
34.0
65.0
62.0
95.0
43.0
62.0
37.0
50.0
109.0
51.0
168.0
50.0
139.0
29.0
91.0
63.0
42.0
20.0
30.0
46.0
67.0
20.0
78.0
82.0
13.0
19.0
55.0
83.0
85.0
110.0
41.0
64.0
6.0
39.0
41.0
16.0
29.0
50.0
47.0
34.0
120.0
43.0
51.0
64.0
91.0
38.0
89.0
48.0
22.0
2.0
84.0
56.0
31.0
32.0
58.0
32.0
73.0
68.0
73.0
48.0
69.0
24.0
76.0
51.0
35.0
44.0
38.0
16.0
39.0
27.0
27.0
122.0
121.0
77.0
39.0
76.0
33.0
50.0
37.0
66.0
46.0
95.0
70.0
30.0
49.0
47.0
34.0
41.0
39.0
24.0
73.0
80.0
61.0
26.0
23.0
43.0
33.0
53.0
50.0
43.0
66.0
139.0
23.0
50.0
54.0
48.0
26.0
41.0
117.0
74.0
34.0
46.0
57.0
21.0
89.0
23.0
48.0
72.0
63.0
96.0
92.0
51.0
41.0
65.0
56.0
26.0
54.0
51.0
31.0
65.0
91.0
50.0
61.0
75.0
12.0
79.0
67.0
19.0
74.0
49.0
51.0
15.0
66.0
74.0
96.0
41.0
54.0
44.0
71.0
136.0
94.0
60.0
21.0
56.0
84.0
21.0
67.0
142.0
36.0
91.0
17.0
90.0
26.0
143.0
42.0
90.0
38.0
44.0
41.0
58.0
30.0
17.0
38.0
12.0
51.0
62.0
29.0
38.0
50.0
53.0
67.0
105.0
56.0
46.0
48.0
54.0
98.0
27.0
67.0
117.0
27.0
29.0
40.0
60.0
57.0
35.0
102.0
34.0
55.0
168.0
34.0
35.0
34.0
69.0
93.0
102.0
56.0
78.0
26.0
66.0
48.0
59.0
90.0
68.0
53.0
41.0
34.0
64.0
36.0
15.0
72.0
86.0
19.0
51.0
29.0
45.0
66.0
59.0
241.0
69.0
54.0
46.0
33.0
58.0
45.0
23.0
55.0
24.0
63.0
52.0
45.0
100.0
37.0
43.0
29.0
26.0
57.0
16.0
32.0
78.0
67.0
122.0
107.0
140.0
73.0
12.0
49.0
124.0
35.0
33.0
62.0
19.0
57.0
60.0
75.0
78.0
70.0
149.0
29.0
48.0
78.0
27.0
72.0
23.0
52.0
151.0
41.0
45.0
58.0
58.0
69.0
16.0
84.0
86.0
114.0
48.0
51.0
91.0
95.0
31.0
24.0
64.0
58.0
32.0
46.0
79.0
19.0
69.0
31.0
53.0
74.0
38.0
26.0
164.0
52.0
43.0
54.0
51.0
50.0
83.0
11.0
28.0
35.0
88.0
73.0
26.0
52.0
77.0
175.0
141.0
31.0
23.0
36.0
17.0
50.0
36.0
117.0
48.0
121.0
46.0
38.0
88.0
51.0
50.0
54.0
81.0
69.0
45.0
91.0
31.0
36.0
31.0
28.0
22.0
51.0
34.0
11.0
176.0
114.0
42.0
63.0
83.0
40.0
19.0
48.0
46.0
52.0
62.0
57.0
62.0
25.0
48.0
37.0
52.0
19.0
50.0
87.0
20.0
54.0
31.0
26.0
48.0
32.0
38.0
36.0
79.0
80.0
32.0
95.0
61.0
106.0
41.0
42.0
70.0
63.0
62.0
62.0
25.0
37.0
76.0
92.0
14.0
63.0
39.0
28.0
57.0
37.0
34.0
18.0
107.0
64.0
94.0
50.0
30.0
88.0
37.0
20.0
23.0
65.0
11.0
80.0
48.0
120.0
150.0
72.0
25.0
17.0
74.0
63.0
87.0
69.0
58.0
54.0
54.0
31.0
102.0
19.0
20.0
102.0
71.0
27.0
165.0
59.0
32.0
31.0
38.0
26.0
68.0
64.0
77.0
27.0
88.0
113.0
104.0
30.0
64.0
25.0
98.0
17.0
36.0
20.0
79.0
130.0
41.0
23.0
27.0
94.0
53.0
108.0
17.0
106.0
79.0
30.0
27.0
68.0
44.0
49.0
24.0
20.0
29.0
51.0
56.0
14.0
96.0
83.0
62.0
49.0
32.0
39.0
77.0
23.0
110.0
63.0
43.0
86.0
95.0
48.0
57.0
40.0
119.0
80.0
23.0
129.0
69.0
19.0
78.0
23.0
35.0
74.0
19.0
90.0
19.0
66.0
64.0
56.0
83.0
31.0
62.0
93.0
75.0
22.0
45.0
43.0
52.0
80.0
39.0
40.0
48.0
106.0
61.0
18.0
69.0
51.0
63.0
26.0
91.0
37.0
55.0
46.0
82.0
111.0
28.0
91.0
20.0
48.0
57.0
34.0
31.0
65.0
16.0
26.0
49.0
33.0
48.0
41.0
45.0
92.0
72.0
28.0
57.0
32.0
226.0
154.0
120.0
48.0
23.0
24.0
80.0
39.0
37.0
121.0
54.0
107.0
28.0
47.0
23.0
50.0
49.0
117.0
39.0
17.0
69.0
125.0
25.0
49.0
54.0
67.0
42.0
40.0
56.0
61.0
81.0
38.0
74.0
47.0
73.0
44.0
89.0
21.0
31.0
35.0
29.0
113.0
34.0
59.0
18.0
88.0
31.0
41.0
61.0
53.0
38.0
35.0
69.0
25.0
37.0
76.0
23.0
67.0
18.0
68.0
38.0
34.0
98.0
26.0
93.0
113.0
43.0
33.0
26.0
38.0
24.0
40.0
13.0
54.0
37.0
61.0
69.0
26.0
327.0
74.0
44.0
30.0
33.0
67.0
35.0
52.0
25.0
70.0
31.0
85.0
50.0
48.0
28.0
48.0
81.0
27.0
97.0
99.0
66.0
36.0
180.0
91.0
80.0
28.0
173.0
18.0
59.0
13.0
39.0
67.0
88.0
28.0
18.0
41.0
46.0
46.0
21.0
26.0
58.0
37.0
31.0
50.0
67.0
38.0
28.0
17.0
183.0
84.0
44.0
113.0
49.0
31.0
39.0
70.0
63.0
77.0
34.0
82.0
33.0
46.0
61.0
46.0
19.0
43.0
55.0
36.0
40.0
47.0
42.0
53.0
48.0
42.0
56.0
21.0
9.0
99.0
8.0
91.0
34.0
77.0
28.0
45.0
91.0
28.0
74.0
35.0
21.0
29.0
221.0
125.0
49.0
56.0
50.0
26.0
30.0
26.0
44.0
42.0
40.0
31.0
45.0
72.0
44.0
27.0
26.0
28.0
46.0
31.0
53.0
73.0
70.0
101.0
54.0
27.0
74.0
34.0
27.0
18.0
27.0
158.0
36.0
115.0
52.0
13.0
38.0
75.0
99.0
41.0
158.0
57.0
27.0
18.0
97.0
55.0
113.0
74.0
46.0
36.0
45.0
35.0
68.0
30.0
110.0
21.0
32.0
83.0
43.0
64.0
47.0
27.0
74.0
93.0
74.0
31.0
40.0
55.0
48.0
37.0
18.0
89.0
44.0
77.0
82.0
111.0
42.0
164.0
43.0
36.0
27.0
38.0
21.0
43.0
40.0
114.0
40.0
40.0
46.0
13.0
63.0
173.0
21.0
58.0
70.0
75.0
82.0
24.0
75.0
44.0
60.0
39.0
15.0
32.0
29.0
57.0
72.0
22.0
47.0
121.0
38.0
26.0
327.0
53.0
42.0
42.0
62.0
28.0
58.0
36.0
59.0
52.0
49.0
31.0
31.0
46.0
59.0
8.0
37.0
32.0
61.0
34.0
66.0
86.0
36.0
62.0
101.0
45.0
81.0
49.0
27.0
48.0
24.0
46.0
78.0
54.0
59.0
79.0
85.0
69.0
36.0
28.0
67.0
58.0
53.0
49.0
59.0
51.0
148.0
30.0
55.0
28.0
23.0
33.0
86.0
24.0
49.0
95.0
149.0
52.0
39.0
86.0
80.0
123.0
73.0
44.0
36.0
85.0
24.0
56.0
52.0
98.0
57.0
41.0
42.0
69.0
48.0
60.0
69.0
44.0
106.0
65.0
52.0
29.0
36.0
78.0
14.0
37.0
51.0
71.0
91.0
44.0
40.0
29.0
27.0
45.0
113.0
25.0
33.0
52.0
107.0
50.0
219.0
33.0
83.0
43.0
61.0
28.0
86.0
25.0
22.0
46.0
97.0
54.0
24.0
42.0
55.0
25.0
42.0
34.0
45.0
53.0
96.0
29.0
63.0
22.0
39.0
132.0
47.0
33.0
17.0
51.0
80.0
69.0
25.0
94.0
26.0
51.0
91.0
43.0
64.0
44.0
70.0
43.0
151.0
50.0
86.0
99.0
22.0
61.0
26.0
24.0
35.0
201.0
77.0
62.0
46.0
67.0
24.0
29.0
37.0
97.0
103.0
78.0
34.0
42.0
49.0
79.0
153.0
110.0
60.0
54.0
46.0
46.0
32.0
43.0
33.0
43.0
44.0
44.0
38.0
79.0
40.0
92.0
26.0
86.0
49.0
90.0
20.0
27.0
31.0
73.0
59.0
51.0
110.0
46.0
36.0
54.0
78.0
30.0
55.0
40.0
53.0
126.0
72.0
29.0
102.0
19.0
100.0
66.0
89.0
12.0
86.0
24.0
90.0
18.0
26.0
58.0
27.0
47.0
68.0
32.0
64.0
105.0
71.0
57.0
73.0
43.0
29.0
175.0
30.0
160.0
34.0
68.0
40.0
58.0
30.0
61.0
36.0
35.0
62.0
204.0
68.0
55.0
20.0
60.0
22.0
37.0
53.0
32.0
41.0
52.0
35.0
56.0
70.0
25.0
25.0
63.0
58.0
65.0
54.0
85.0
83.0
42.0
70.0
62.0
84.0
39.0
22.0
35.0
100.0
42.0
61.0
85.0
24.0
39.0
30.0
74.0
66.0
117.0
26.0
79.0
104.0
37.0
18.0
54.0
19.0
53.0
62.0
87.0
30.0
50.0
55.0
145.0
90.0
68.0
88.0
31.0
81.0
36.0
41.0
33.0
46.0
79.0
66.0
69.0
95.0
97.0
73.0
28.0
92.0
31.0
58.0
58.0
165.0
24.0
105.0
32.0
41.0
42.0
34.0
84.0
44.0
57.0
31.0
40.0
93.0
44.0
82.0
55.0
51.0
39.0
61.0
102.0
56.0
92.0
32.0
71.0
28.0
114.0
60.0
48.0
88.0
40.0
36.0
30.0
74.0
55.0
13.0
132.0
128.0
25.0
11.0
61.0
36.0
77.0
34.0
90.0
33.0
31.0
84.0
51.0
47.0
30.0
28.0
91.0
61.0
43.0
28.0
62.0
20.0
53.0
10.0
47.0
71.0
49.0
41.0
93.0
97.0
24.0
42.0
47.0
80.0
50.0
43.0
50.0
56.0
18.0
46.0
58.0
22.0
50.0
555.0
28.0
50.0
95.0
56.0
84.0
24.0
47.0
60.0
44.0
26.0
57.0
56.0
24.0
40.0
55.0
15.0
45.0
101.0
93.0
64.0
170.0
109.0
111.0
99.0
31.0
45.0
123.0
25.0
88.0
16.0
87.0
70.0
51.0
58.0
41.0
67.0
24.0
37.0
39.0
40.0
44.0
106.0
42.0
164.0
58.0
125.0
53.0
58.0
28.0
118.0
21.0
38.0
71.0
68.0
54.0
23.0
33.0
54.0
98.0
43.0
82.0
55.0
42.0
42.0
40.0
24.0
48.0
31.0
53.0
111.0
51.0
83.0
74.0
59.0
35.0
57.0
74.0
29.0
81.0
60.0
53.0
53.0
30.0
27.0
39.0
95.0
51.0
59.0
52.0
52.0
121.0
18.0
127.0
66.0
66.0
32.0
37.0
46.0
24.0
43.0
70.0
61.0
93.0
27.0
61.0
35.0
40.0
71.0
46.0
51.0
31.0
35.0
49.0
28.0
35.0
29.0
38.0
67.0
23.0
35.0
77.0
114.0
55.0
35.0
72.0
41.0
70.0
36.0
58.0
33.0
65.0
54.0
76.0
82.0
50.0
36.0
87.0
114.0
33.0
52.0
48.0
30.0
57.0
164.0
30.0
136.0
107.0
81.0
32.0
183.0
36.0
70.0
67.0
40.0
56.0
61.0
47.0
52.0
63.0
40.0
31.0
70.0
39.0
23.0
51.0
63.0
53.0
24.0
49.0
41.0
50.0
31.0
58.0
28.0
46.0
102.0
42.0
54.0
82.0
46.0
76.0
28.0
157.0
15.0
29.0
59.0
72.0
78.0
52.0
35.0
79.0
21.0
53.0
55.0
67.0
31.0
68.0
67.0
69.0
47.0
46.0
27.0
36.0
37.0
61.0
115.0
47.0
73.0
18.0
54.0
51.0
33.0
72.0
55.0
71.0
40.0
36.0
47.0
17.0
103.0
66.0
50.0
46.0
59.0
42.0
104.0
67.0
38.0
43.0
68.0
48.0
43.0
44.0
145.0
87.0
42.0
55.0
21.0
98.0
21.0
59.0
16.0
69.0
24.0
40.0
45.0
118.0
92.0
31.0
54.0
68.0
39.0
79.0
24.0
30.0
23.0
56.0
63.0
138.0
53.0
74.0
39.0
52.0
76.0
48.0
34.0
24.0
35.0
53.0
36.0
47.0
33.0
50.0
69.0
65.0
73.0
66.0
32.0
39.0
73.0
50.0
95.0
99.0
42.0
63.0
45.0
35.0
73.0
41.0
70.0
32.0
66.0
59.0
31.0
57.0
56.0
57.0
145.0
86.0
78.0
20.0
58.0
93.0
21.0
84.0
84.0
68.0
26.0
84.0
26.0
48.0
55.0
81.0
42.0
24.0
84.0
80.0
56.0
14.0
42.0
23.0
48.0
64.0
65.0
157.0
66.0
38.0
53.0
47.0
62.0
81.0
57.0
32.0
56.0
40.0
56.0
32.0
46.0
134.0
66.0
78.0
39.0
29.0
38.0
19.0
21.0
41.0
71.0
93.0
53.0
73.0
32.0
44.0
62.0
48.0
36.0
84.0
32.0
48.0
35.0
35.0
98.0
67.0
36.0
38.0
27.0
49.0
50.0
58.0
131.0
30.0
29.0
108.0
75.0
53.0
56.0
34.0
56.0
125.0
27.0
65.0
54.0
34.0
53.0
38.0
39.0
25.0
50.0
54.0
64.0
19.0
65.0
12.0
52.0
39.0
54.0
70.0
96.0
48.0
48.0
20.0
370.0
31.0
38.0
54.0
87.0
40.0
45.0
88.0
21.0
82.0
30.0
35.0
93.0
47.0
129.0
66.0
107.0
61.0
48.0
47.0
56.0
50.0
118.0
24.0
52.0
75.0
25.0
35.0
62.0
96.0
40.0
46.0
37.0
98.0
32.0
39.0
7.0
74.0
36.0
59.0
58.0
41.0
94.0
50.0
32.0
35.0
43.0
52.0
17.0
67.0
20.0
44.0
89.0
39.0
65.0
57.0
62.0
76.0
45.0
55.0
23.0
48.0
36.0
55.0
31.0
54.0
54.0
29.0
48.0
67.0
46.0
66.0
55.0
48.0
121.0
60.0
95.0
65.0
69.0
43.0
28.0
69.0
76.0
19.0
48.0
31.0
29.0
71.0
60.0
43.0
68.0
115.0
43.0
36.0
42.0
34.0
43.0
52.0
13.0
76.0
30.0
28.0
48.0
43.0
37.0
33.0
33.0
44.0
113.0
53.0
29.0
57.0
38.0
74.0
55.0
54.0
131.0
52.0
61.0
58.0
71.0
109.0
26.0
22.0
34.0
27.0
62.0
142.0
29.0
131.0
120.0
51.0
47.0
36.0
107.0
31.0
40.0
35.0
35.0
51.0
107.0
39.0
50.0
32.0
58.0
31.0
18.0
42.0
60.0
47.0
86.0
36.0
31.0
28.0
70.0
43.0
53.0
85.0
33.0
73.0
69.0
43.0
92.0
60.0
35.0
44.0
55.0
35.0
50.0
174.0
100.0
85.0
46.0
34.0
155.0
29.0
21.0
49.0
65.0
41.0
42.0
167.0
119.0
40.0
31.0
41.0
51.0
66.0
102.0
54.0
62.0
101.0
31.0
32.0
85.0
36.0
62.0
53.0
36.0
58.0
161.0
50.0
175.0
63.0
68.0
102.0
26.0
46.0
47.0
36.0
46.0
26.0
58.0
101.0
75.0
34.0
39.0
43.0
77.0
69.0
32.0
65.0
23.0
51.0
22.0
40.0
51.0
72.0
43.0
89.0
66.0
121.0
39.0
131.0
47.0
18.0
61.0
68.0
38.0
55.0
55.0
62.0
60.0
87.0
64.0
94.0
111.0
36.0
67.0
45.0
58.0
31.0
45.0
25.0
33.0
49.0
47.0
22.0
35.0
116.0
89.0
74.0
55.0
71.0
65.0
50.0
39.0
116.0
14.0
75.0
22.0
38.0
97.0
53.0
31.0
40.0
81.0
85.0
71.0
19.0
66.0
125.0
52.0
89.0
41.0
39.0
94.0
39.0
39.0
36.0
45.0
62.0
61.0
64.0
40.0
12.0
40.0
55.0
76.0
50.0
90.0
137.0
18.0
79.0
51.0
76.0
87.0
48.0
108.0
33.0
29.0
49.0
107.0
44.0
89.0
35.0
37.0
63.0
36.0
50.0
26.0
60.0
72.0
33.0
44.0
26.0
128.0
43.0
43.0
47.0
78.0
74.0
42.0
106.0
81.0
46.0
74.0
108.0
44.0
152.0
20.0
56.0
28.0
29.0
45.0
41.0
60.0
55.0
152.0
69.0
40.0
108.0
75.0
38.0
127.0
27.0
26.0
55.0
71.0
109.0
52.0
57.0
82.0
98.0
71.0
30.0
40.0
125.0
48.0
52.0
75.0
42.0
39.0
57.0
28.0
64.0
21.0
34.0
39.0
36.0
30.0
86.0
37.0
30.0
69.0
55.0
50.0
45.0
87.0
28.0
60.0
99.0
22.0
46.0
30.0
35.0
43.0
32.0
70.0
61.0
74.0
52.0
39.0
68.0
40.0
48.0
45.0
73.0
38.0
53.0
63.0
53.0
68.0
48.0
84.0
41.0
45.0
21.0
33.0
42.0
108.0
44.0
54.0
30.0
53.0
31.0
52.0
66.0
42.0
82.0
80.0
45.0
75.0
25.0
62.0
109.0
24.0
81.0
42.0
54.0
104.0
19.0
37.0
73.0
74.0
72.0
48.0
81.0
22.0
35.0
78.0
116.0
46.0
54.0
71.0
40.0
33.0
77.0
66.0
53.0
149.0
66.0
49.0
61.0
71.0
37.0
83.0
25.0
51.0
31.0
49.0
64.0
203.0
35.0
28.0
67.0
46.0
50.0
55.0
19.0
41.0
127.0
55.0
55.0
133.0
31.0
55.0
40.0
67.0
142.0
93.0
121.0
60.0
43.0
29.0
47.0
37.0
52.0
45.0
58.0
51.0
55.0
103.0
138.0
24.0
48.0
60.0
97.0
65.0
23.0
59.0
64.0
66.0
95.0
29.0
90.0
59.0
18.0
95.0
31.0
32.0
63.0
36.0
61.0
58.0
100.0
40.0
13.0
109.0
92.0
36.0
104.0
38.0
90.0
32.0
124.0
18.0
51.0
58.0
67.0
53.0
30.0
61.0
81.0
73.0
52.0
55.0
19.0
105.0
50.0
143.0
73.0
31.0
59.0
35.0
76.0
43.0
95.0
14.0
79.0
53.0
60.0
26.0
49.0
61.0
47.0
64.0
41.0
73.0
96.0
36.0
38.0
46.0
44.0
114.0
47.0
64.0
55.0
28.0
72.0
59.0
60.0
27.0
64.0
164.0
120.0
36.0
45.0
44.0
87.0
104.0
26.0
317.0
297.0
310.0
44.0
32.0
37.0
53.0
68.0
77.0
46.0
57.0
90.0
56.0
126.0
29.0
26.0
34.0
96.0
54.0
59.0
71.0
31.0
79.0
68.0
68.0
77.0
65.0
45.0
77.0
73.0
26.0
36.0
91.0
76.0
32.0
21.0
49.0
86.0
84.0
45.0
72.0
44.0
103.0
39.0
43.0
44.0
48.0
33.0
73.0
66.0
44.0
107.0
64.0
35.0
23.0
38.0
35.0
53.0
31.0
83.0
53.0
87.0
27.0
89.0
24.0
74.0
71.0
33.0
63.0
35.0
45.0
19.0
132.0
97.0
26.0
89.0
69.0
140.0
44.0
69.0
70.0
59.0
58.0
35.0
39.0
38.0
52.0
75.0
43.0
46.0
47.0
98.0
74.0
85.0
43.0
91.0
44.0
77.0
70.0
138.0
60.0
67.0
26.0
70.0
21.0
51.0
27.0
47.0
33.0
52.0
54.0
27.0
71.0
46.0
32.0
45.0
54.0
84.0
73.0
42.0
64.0
57.0
73.0
85.0
29.0
70.0
85.0
42.0
49.0
67.0
62.0
40.0
155.0
34.0
41.0
103.0
77.0
26.0
31.0
54.0
84.0
90.0
37.0
83.0
80.0
41.0
98.0
41.0
47.0
33.0
111.0
48.0
96.0
79.0
33.0
34.0
123.0
44.0
67.0
74.0
63.0
37.0
54.0
64.0
96.0
76.0
29.0
54.0
38.0
37.0
68.0
48.0
25.0
46.0
115.0
44.0
133.0
41.0
24.0
39.0
49.0
16.0
144.0
144.0
170.0
17.0
51.0
63.0
39.0
44.0
11.0
22.0
35.0
73.0
47.0
65.0
64.0
100.0
53.0
75.0
54.0
45.0
64.0
37.0
31.0
40.0
35.0
28.0
35.0
25.0
39.0
56.0
103.0
37.0
52.0
88.0
59.0
22.0
58.0
42.0
64.0
52.0
87.0
121.0
65.0
38.0
42.0
64.0
29.0
93.0
50.0
52.0
40.0
62.0
156.0
58.0
186.0
15.0
63.0
54.0
69.0
14.0
40.0
36.0
56.0
45.0
59.0
54.0
55.0
42.0
48.0
50.0
45.0
48.0
83.0
50.0
81.0
84.0
21.0
53.0
54.0
66.0
36.0
72.0
47.0
35.0
40.0
29.0
79.0
28.0
31.0
32.0
70.0
30.0
21.0
120.0
43.0
74.0
71.0
34.0
46.0
124.0
36.0
28.0
67.0
71.0
50.0
59.0
85.0
94.0
69.0
48.0
46.0
44.0
32.0
45.0
43.0
65.0
44.0
87.0
100.0
45.0
81.0
39.0
60.0
59.0
45.0
103.0
30.0
107.0
47.0
40.0
26.0
49.0
37.0
95.0
39.0
31.0
28.0
53.0
46.0
28.0
45.0
65.0
79.0
45.0
146.0
79.0
37.0
18.0
87.0
80.0
18.0
59.0
48.0
50.0
50.0
36.0
120.0
55.0
42.0
32.0
40.0
32.0
69.0
76.0
51.0
34.0
49.0
109.0
77.0
31.0
55.0
78.0
54.0
56.0
78.0
52.0
24.0
61.0
94.0
55.0
40.0
81.0
25.0
53.0
30.0
74.0
64.0
62.0
41.0
129.0
28.0
39.0
30.0
12.0
74.0
64.0
55.0
65.0
45.0
53.0
27.0
23.0
79.0
78.0
47.0
19.0
53.0
53.0
41.0
46.0
23.0
30.0
41.0
49.0
48.0
91.0
29.0
62.0
54.0
29.0
77.0
109.0
48.0
59.0
34.0
39.0
37.0
30.0
88.0
59.0
91.0
108.0
38.0
64.0
29.0
91.0
46.0
47.0
59.0
42.0
40.0
65.0
74.0
31.0
47.0
38.0
65.0
85.0
29.0
31.0
44.0
29.0
30.0
30.0
60.0
44.0
56.0
29.0
75.0
52.0
35.0
35.0
68.0
49.0
33.0
88.0
28.0
66.0
48.0
43.0
84.0
55.0
58.0
28.0
38.0
112.0
26.0
109.0
34.0
67.0
66.0
53.0
99.0
33.0
149.0
58.0
73.0
46.0
75.0
45.0
30.0
57.0
12.0
101.0
41.0
55.0
52.0
53.0
64.0
46.0
110.0
52.0
56.0
60.0
74.0
100.0
40.0
59.0
52.0
73.0
46.0
65.0
71.0
41.0
11.0
106.0
55.0
41.0
50.0
14.0
99.0
42.0
42.0
43.0
25.0
65.0
84.0
34.0
74.0
65.0
95.0
103.0
132.0
23.0
57.0
86.0
58.0
39.0
56.0
66.0
90.0
54.0
39.0
79.0
40.0
55.0
38.0
86.0
48.0
69.0
88.0
35.0
37.0
43.0
35.0
66.0
77.0
41.0
67.0
66.0
35.0
15.0
88.0
51.0
63.0
71.0
60.0
25.0
50.0
75.0
45.0
52.0
73.0
59.0
63.0
20.0
101.0
54.0
23.0
51.0
76.0
68.0
82.0
46.0
45.0
47.0
47.0
34.0
70.0
47.0
66.0
105.0
77.0
48.0
64.0
51.0
24.0
43.0
83.0
79.0
73.0
49.0
456.0
33.0
43.0
59.0
22.0
51.0
29.0
93.0
60.0
40.0
67.0
68.0
67.0
71.0
68.0
93.0
59.0
52.0
77.0
24.0
58.0
95.0
56.0
36.0
46.0
45.0
101.0
55.0
40.0
79.0
37.0
47.0
39.0
39.0
43.0
70.0
41.0
61.0
52.0
42.0
64.0
45.0
70.0
87.0
47.0
45.0
39.0
60.0
47.0
91.0
125.0
59.0
44.0
47.0
64.0
34.0
49.0
51.0
39.0
87.0
101.0
56.0
93.0
45.0
21.0
44.0
59.0
79.0
62.0
72.0
38.0
36.0
28.0
42.0
67.0
62.0
43.0
55.0
147.0
88.0
19.0
55.0
74.0
70.0
42.0
87.0
94.0
45.0
89.0
63.0
57.0
38.0
85.0
25.0
66.0
84.0
49.0
16.0
99.0
50.0
58.0
21.0
76.0
48.0
31.0
57.0
56.0
41.0
33.0
36.0
45.0
108.0
50.0
54.0
45.0
84.0
52.0
63.0
60.0
34.0
63.0
111.0
39.0
55.0
26.0
36.0
69.0
44.0
32.0
38.0
66.0
100.0
75.0
23.0
51.0
62.0
74.0
57.0
52.0
56.0
34.0
47.0
25.0
45.0
64.0
33.0
52.0
22.0
29.0
59.0
34.0
32.0
83.0
88.0
133.0
93.0
82.0
30.0
55.0
44.0
61.0
51.0
51.0
70.0
55.0
93.0
181.0
27.0
75.0
217.0
60.0
43.0
95.0
27.0
46.0
42.0
48.0
38.0
78.0
92.0
44.0
80.0
24.0
38.0
53.0
45.0
82.0
52.0
53.0
83.0
57.0
70.0
55.0
59.0
12.0
73.0
78.0
42.0
57.0
73.0
38.0
46.0
81.0
50.0
19.0
41.0
87.0
21.0
39.0
127.0
45.0
45.0
73.0
59.0
56.0
53.0
71.0
112.0
39.0
57.0
37.0
77.0
72.0
39.0
97.0
52.0
47.0
22.0
73.0
77.0
58.0
55.0
49.0
60.0
51.0
57.0
89.0
47.0
61.0
28.0
94.0
64.0
78.0
18.0
45.0
68.0
54.0
40.0
77.0
36.0
18.0
21.0
67.0
80.0
87.0
60.0
59.0
35.0
86.0
73.0
64.0
70.0
46.0
35.0
70.0
54.0
65.0
54.0
83.0
23.0
77.0
43.0
105.0
36.0
62.0
62.0
29.0
64.0
215.0
106.0
59.0
79.0
52.0
88.0
66.0
83.0
36.0
41.0
144.0
54.0
58.0
55.0
89.0
54.0
99.0
27.0
107.0
74.0
16.0
36.0
25.0
29.0
78.0
60.0
40.0
106.0
102.0
84.0
58.0
85.0
35.0
69.0
88.0
79.0
30.0
74.0
55.0
41.0
21.0
56.0
130.0
150.0
69.0
57.0
61.0
34.0
96.0
54.0
31.0
53.0
43.0
27.0
38.0
32.0
84.0
24.0
92.0
83.0
48.0
46.0
74.0
77.0
81.0
54.0
24.0
108.0
54.0
89.0
51.0
47.0
55.0
40.0
65.0
44.0
58.0
30.0
82.0
77.0
36.0
37.0
73.0
55.0
22.0
28.0
120.0
82.0
39.0
69.0
49.0
121.0
74.0
35.0
79.0
55.0
32.0
41.0
31.0
66.0
110.0
62.0
64.0
63.0
52.0
44.0
61.0
110.0
52.0
82.0
145.0
21.0
55.0
80.0
95.0
42.0
132.0
66.0
82.0
54.0
34.0
63.0
46.0
49.0
88.0
56.0
52.0
38.0
27.0
118.0
75.0
52.0
46.0
285.0
28.0
43.0
39.0
73.0
35.0
44.0
62.0
58.0
78.0
56.0
44.0
42.0
61.0
81.0
46.0
71.0
71.0
47.0
39.0
79.0
27.0
37.0
19.0
42.0
21.0
83.0
68.0
49.0
21.0
38.0
125.0
47.0
135.0
57.0
58.0
148.0
29.0
59.0
45.0
52.0
20.0
23.0
17.0
39.0
69.0
61.0
54.0
61.0
100.0
67.0
71.0
75.0
71.0
30.0
45.0
26.0
53.0
99.0
81.0
99.0
42.0
45.0
78.0
62.0
42.0
51.0
48.0
49.0
89.0
97.0
40.0
33.0
41.0
69.0
45.0
69.0
75.0
89.0
55.0
61.0
85.0
34.0
34.0
64.0
50.0
43.0
91.0
75.0
62.0
47.0
60.0
31.0
104.0
92.0
83.0
47.0
117.0
78.0
54.0
48.0
44.0
55.0
43.0
18.0
63.0
47.0
25.0
46.0
78.0
40.0
49.0
53.0
84.0
46.0
86.0
29.0
40.0
37.0
48.0
37.0
39.0
118.0
15.0
56.0
53.0
52.0
38.0
52.0
30.0
116.0
42.0
31.0
103.0
37.0
70.0
67.0
35.0
74.0
93.0
112.0
76.0
61.0
96.0
29.0
117.0
24.0
24.0
52.0
69.0
26.0
58.0
75.0
56.0
35.0
144.0
34.0
53.0
48.0
57.0
99.0
42.0
55.0
28.0
97.0
41.0
54.0
46.0
36.0
61.0
55.0
44.0
100.0
35.0
118.0
131.0
45.0
54.0
33.0
53.0
32.0
48.0
161.0
58.0
42.0
60.0
42.0
64.0
116.0
56.0
61.0
75.0
77.0
44.0
101.0
30.0
33.0
49.0
71.0
48.0
17.0
124.0
39.0
70.0
62.0
36.0
59.0
114.0
51.0
51.0
29.0
18.0
73.0
38.0
37.0
41.0
51.0
69.0
37.0
76.0
77.0
83.0
64.0
84.0
75.0
88.0
77.0
36.0
100.0
67.0
39.0
80.0
78.0
54.0
157.0
110.0
33.0
76.0
38.0
57.0
102.0
53.0
69.0
48.0
44.0
41.0
53.0
83.0
20.0
40.0
51.0
169.0
31.0
80.0
49.0
45.0
69.0
71.0
47.0
48.0
36.0
45.0
152.0
66.0
49.0
31.0
28.0
51.0
86.0
48.0
45.0
58.0
62.0
52.0
61.0
26.0
99.0
99.0
49.0
85.0
66.0
35.0
91.0
47.0
43.0
10.0
64.0
37.0
40.0
72.0
66.0
42.0
76.0
43.0
139.0
69.0
56.0
37.0
18.0
45.0
84.0
45.0
22.0
42.0
59.0
79.0
18.0
59.0
45.0
38.0
71.0
56.0
45.0
65.0
22.0
64.0
57.0
72.0
48.0
27.0
75.0
67.0
25.0
20.0
44.0
169.0
101.0
126.0
63.0
97.0
26.0
56.0
77.0
31.0
32.0
94.0
65.0
47.0
34.0
69.0
58.0
43.0
47.0
72.0
32.0
134.0
37.0
111.0
30.0
100.0
72.0
70.0
35.0
35.0
36.0
41.0
41.0
50.0
67.0
114.0
17.0
68.0
17.0
38.0
25.0
15.0
127.0
53.0
95.0
51.0
62.0
65.0
84.0
18.0
40.0
26.0
22.0
42.0
51.0
54.0
41.0
108.0
93.0
54.0
38.0
43.0
42.0
85.0
58.0
40.0
22.0
36.0
57.0
74.0
83.0
21.0
62.0
52.0
75.0
50.0
42.0
80.0
29.0
45.0
91.0
54.0
65.0
60.0
62.0
59.0
59.0
16.0
63.0
38.0
29.0
83.0
55.0
17.0
42.0
54.0
88.0
67.0
49.0
68.0
56.0
36.0
33.0
32.0
26.0
34.0
131.0
68.0
58.0
57.0
78.0
74.0
62.0
88.0
17.0
39.0
91.0
37.0
26.0
71.0
29.0
39.0
40.0
73.0
92.0
66.0
53.0
68.0
68.0
39.0
50.0
107.0
112.0
171.0
53.0
52.0
50.0
46.0
75.0
142.0
55.0
43.0
133.0
59.0
79.0
44.0
69.0
96.0
57.0
85.0
109.0
49.0
48.0
25.0
76.0
26.0
44.0
49.0
51.0
33.0
124.0
100.0
56.0
60.0
32.0
57.0
80.0
46.0
42.0
28.0
40.0
38.0
64.0
101.0
134.0
91.0
58.0
30.0
32.0
78.0
37.0
34.0
69.0
43.0
52.0
40.0
33.0
71.0
106.0
43.0
99.0
32.0
44.0
57.0
72.0
60.0
48.0
48.0
23.0
93.0
48.0
61.0
43.0
149.0
104.0
76.0
30.0
52.0
35.0
61.0
47.0
68.0
52.0
92.0
29.0
43.0
64.0
147.0
46.0
99.0
51.0
53.0
28.0
50.0
35.0
46.0
61.0
44.0
68.0
37.0
73.0
69.0
47.0
57.0
71.0
59.0
66.0
53.0
123.0
47.0
51.0
81.0
25.0
46.0
92.0
36.0
37.0
116.0
66.0
20.0
51.0
37.0
53.0
57.0
49.0
42.0
49.0
13.0
78.0
204.0
103.0
35.0
45.0
31.0
26.0
87.0
52.0
42.0
39.0
74.0
49.0
77.0
69.0
31.0
81.0
46.0
45.0
54.0
58.0
57.0
60.0
21.0
35.0
39.0
64.0
12.0
51.0
93.0
88.0
47.0
61.0
61.0
27.0
55.0
34.0
15.0
33.0
45.0
41.0
80.0
106.0
45.0
57.0
58.0
45.0
92.0
39.0
86.0
30.0
37.0
27.0
26.0
51.0
79.0
45.0
43.0
75.0
47.0
63.0
49.0
53.0
68.0
69.0
37.0
35.0
12.0
72.0
77.0
49.0
64.0
53.0
57.0
44.0
60.0
61.0
67.0
47.0
94.0
49.0
30.0
78.0
79.0
74.0
32.0
40.0
73.0
140.0
93.0
52.0
46.0
53.0
59.0
53.0
41.0
61.0
40.0
31.0
27.0
32.0
58.0
43.0
33.0
53.0
61.0
17.0
21.0
57.0
51.0
57.0
62.0
63.0
52.0
53.0
68.0
70.0
41.0
47.0
43.0
57.0
53.0
40.0
61.0
60.0
68.0
86.0
65.0
63.0
50.0
32.0
21.0
145.0
59.0
78.0
53.0
57.0
70.0
40.0
54.0
30.0
133.0
21.0
30.0
17.0
69.0
45.0
51.0
46.0
36.0
56.0
52.0
62.0
90.0
73.0
62.0
85.0
75.0
70.0
173.0
56.0
77.0
66.0
56.0
77.0
71.0
70.0
37.0
54.0
47.0
48.0
61.0
57.0
65.0
47.0
91.0
74.0
58.0
42.0
31.0
56.0
65.0
63.0
38.0
123.0
61.0
55.0
51.0
92.0
69.0
62.0
43.0
54.0
68.0
57.0
50.0
60.0
88.0
143.0
47.0
80.0
31.0
70.0
23.0
80.0
38.0
40.0
52.0
46.0
55.0
17.0
49.0
25.0
68.0
65.0
58.0
79.0
40.0
167.0
64.0
43.0
47.0
62.0
39.0
59.0
119.0
46.0
86.0
62.0
57.0
43.0
77.0
52.0
103.0
41.0
60.0
92.0
69.0
46.0
66.0
53.0
31.0
74.0
25.0
48.0
93.0
31.0
51.0
71.0
130.0
53.0
43.0
48.0
77.0
27.0
34.0
44.0
45.0
100.0
88.0
44.0
109.0
109.0
52.0
66.0
67.0
92.0
45.0
95.0
32.0
47.0
44.0
80.0
51.0
32.0
37.0
19.0
78.0
40.0
44.0
184.0
96.0
16.0
69.0
97.0
36.0
100.0
89.0
29.0
102.0
61.0
92.0
37.0
57.0
20.0
100.0
62.0
23.0
50.0
12.0
90.0
93.0
47.0
38.0
62.0
37.0
34.0
40.0
43.0
62.0
56.0
20.0
64.0
52.0
63.0
50.0
86.0
92.0
29.0
77.0
56.0
26.0
37.0
136.0
42.0
63.0
73.0
39.0
87.0
184.0
40.0
58.0
103.0
72.0
51.0
49.0
29.0
36.0
75.0
61.0
29.0
169.0
66.0
151.0
81.0
54.0
21.0
83.0
60.0
94.0
30.0
43.0
42.0
238.0
31.0
49.0
51.0
68.0
33.0
36.0
68.0
136.0
44.0
80.0
107.0
43.0
48.0
29.0
73.0
21.0
71.0
94.0
49.0
51.0
53.0
64.0
40.0
57.0
61.0
27.0
31.0
40.0
87.0
71.0
50.0
65.0
134.0
67.0
98.0
84.0
58.0
31.0
78.0
46.0
26.0
89.0
59.0
49.0
30.0
9.0
33.0
73.0
53.0
59.0
32.0
59.0
61.0
59.0
114.0
76.0
38.0
104.0
29.0
60.0
110.0
51.0
35.0
73.0
48.0
57.0
51.0
73.0
56.0
60.0
92.0
88.0
40.0
45.0
48.0
59.0
66.0
29.0
53.0
32.0
83.0
42.0
56.0
64.0
126.0
37.0
57.0
75.0
49.0
64.0
77.0
85.0
18.0
27.0
79.0
23.0
32.0
55.0
55.0
26.0
28.0
66.0
38.0
38.0
99.0
26.0
43.0
65.0
48.0
33.0
76.0
44.0
105.0
87.0
63.0
47.0
68.0
34.0
57.0
59.0
90.0
51.0
31.0
21.0
95.0
42.0
114.0
67.0
132.0
12.0
46.0
65.0
65.0
65.0
86.0
29.0
82.0
50.0
46.0
79.0
100.0
41.0
60.0
19.0
37.0
85.0
68.0
38.0
54.0
70.0
122.0
47.0
11.0
49.0
56.0
52.0
162.0
84.0
119.0
42.0
87.0
37.0
42.0
50.0
63.0
103.0
40.0
94.0
51.0
58.0
93.0
64.0
34.0
42.0
44.0
61.0
42.0
34.0
24.0
99.0
27.0
75.0
37.0
63.0
97.0
61.0
66.0
23.0
63.0
62.0
91.0
76.0
89.0
94.0
92.0
90.0
46.0
127.0
73.0
52.0
85.0
100.0
45.0
49.0
63.0
24.0
50.0
42.0
57.0
131.0
31.0
54.0
23.0
24.0
37.0
35.0
71.0
27.0
84.0
93.0
30.0
50.0
44.0
42.0
63.0
25.0
45.0
58.0
49.0
51.0
72.0
48.0
51.0
47.0
28.0
82.0
33.0
55.0
97.0
37.0
58.0
49.0
70.0
95.0
38.0
111.0
79.0
51.0
28.0
109.0
55.0
58.0
45.0
32.0
102.0
27.0
68.0
86.0
37.0
74.0
67.0
156.0
38.0
77.0
57.0
72.0
90.0
36.0
128.0
55.0
60.0
41.0
122.0
56.0
44.0
72.0
78.0
51.0
69.0
27.0
40.0
39.0
47.0
86.0
38.0
30.0
61.0
43.0
47.0
103.0
37.0
60.0
74.0
145.0
76.0
51.0
54.0
54.0
47.0
56.0
30.0
109.0
22.0
73.0
363.0
69.0
21.0
110.0
39.0
51.0
27.0
76.0
76.0
57.0
26.0
47.0
35.0
28.0
42.0
79.0
77.0
20.0
56.0
75.0
99.0
36.0
12.0
67.0
56.0
56.0
36.0
41.0
241.0
77.0
59.0
61.0
69.0
48.0
57.0
79.0
40.0
19.0
40.0
36.0
33.0
65.0
31.0
66.0
70.0
59.0
72.0
58.0
44.0
39.0
105.0
31.0
38.0
14.0
55.0
41.0
42.0
35.0
27.0
98.0
91.0
32.0
46.0
94.0
100.0
41.0
54.0
79.0
48.0
107.0
59.0
65.0
67.0
96.0
54.0
50.0
43.0
21.0
48.0
95.0
52.0
156.0
29.0
36.0
40.0
191.0
64.0
43.0
36.0
63.0
71.0
78.0
20.0
32.0
56.0
58.0
51.0
75.0
68.0
51.0
39.0
59.0
60.0
67.0
72.0
34.0
32.0
83.0
43.0
95.0
7.0
49.0
30.0
60.0
53.0
54.0
44.0
61.0
99.0
88.0
73.0
37.0
52.0
76.0
133.0
18.0
40.0
57.0
97.0
31.0
109.0
52.0
45.0
38.0
47.0
67.0
26.0
40.0
52.0
47.0
32.0
55.0
68.0
88.0
88.0
30.0
53.0
81.0
70.0
40.0
68.0
63.0
77.0
36.0
55.0
58.0
79.0
46.0
60.0
55.0
68.0
40.0
64.0
96.0
52.0
78.0
47.0
79.0
128.0
21.0
47.0
31.0
51.0
93.0
73.0
83.0
17.0
52.0
97.0
32.0
34.0
46.0
77.0
124.0
32.0
80.0
41.0
57.0
124.0
119.0
132.0
52.0
46.0
43.0
32.0
62.0
36.0
39.0
16.0
35.0
72.0
95.0
54.0
90.0
59.0
27.0
49.0
145.0
57.0
30.0
44.0
171.0
39.0
70.0
105.0
80.0
59.0
42.0
49.0
41.0
24.0
64.0
96.0
27.0
56.0
109.0
44.0
42.0
28.0
115.0
67.0
22.0
43.0
130.0
42.0
53.0
59.0
81.0
77.0
21.0
52.0
51.0
66.0
60.0
56.0
81.0
65.0
42.0
55.0
43.0
104.0
44.0
33.0
153.0
44.0
40.0
62.0
55.0
67.0
70.0
73.0
67.0
30.0
38.0
67.0
30.0
89.0
16.0
55.0
43.0
72.0
64.0
61.0
37.0
34.0
36.0
53.0
62.0
34.0
148.0
37.0
46.0
42.0
35.0
59.0
22.0
38.0
67.0
101.0
124.0
12.0
54.0
40.0
53.0
62.0
121.0
16.0
31.0
41.0
27.0
58.0
50.0
59.0
86.0
108.0
84.0
63.0
42.0
70.0
140.0
83.0
34.0
46.0
104.0
19.0
87.0
48.0
72.0
73.0
60.0
82.0
36.0
47.0
42.0
31.0
51.0
49.0
54.0
43.0
49.0
75.0
32.0
29.0
26.0
67.0
58.0
89.0
49.0
56.0
50.0
76.0
74.0
29.0
68.0
32.0
85.0
44.0
44.0
54.0
155.0
95.0
59.0
27.0
78.0
22.0
74.0
61.0
46.0
97.0
94.0
203.0
66.0
36.0
37.0
47.0
65.0
68.0
95.0
60.0
27.0
38.0
93.0
87.0
50.0
49.0
109.0
57.0
48.0
31.0
50.0
38.0
98.0
47.0
51.0
39.0
104.0
43.0
41.0
71.0
84.0
51.0
52.0
57.0
76.0
55.0
36.0
51.0
60.0
68.0
114.0
22.0
34.0
93.0
34.0
69.0
41.0
60.0
27.0
61.0
52.0
19.0
66.0
57.0
66.0
41.0
42.0
44.0
39.0
45.0
70.0
49.0
49.0
47.0
38.0
20.0
59.0
57.0
5.0
68.0
116.0
64.0
88.0
74.0
41.0
76.0
43.0
42.0
61.0
31.0
62.0
77.0
47.0
44.0
45.0
102.0
45.0
86.0
76.0
30.0
44.0
43.0
44.0
24.0
36.0
40.0
42.0
29.0
58.0
69.0
40.0
28.0
139.0
85.0
98.0
50.0
36.0
76.0
95.0
41.0
129.0
70.0
48.0
68.0
36.0
46.0
72.0
84.0
40.0
57.0
22.0
88.0
37.0
124.0
69.0
36.0
46.0
33.0
41.0
39.0
39.0
59.0
38.0
88.0
120.0
40.0
71.0
53.0
79.0
51.0
60.0
106.0
29.0
71.0
44.0
37.0
60.0
39.0
77.0
95.0
43.0
65.0
58.0
177.0
77.0
44.0
56.0
48.0
30.0
29.0
63.0
48.0
53.0
52.0
96.0
42.0
48.0
36.0
49.0
48.0
48.0
68.0
100.0
36.0
39.0
88.0
57.0
31.0
29.0
67.0
67.0
99.0
80.0
46.0
35.0
75.0
99.0
82.0
67.0
31.0
30.0
30.0
54.0
53.0
46.0
41.0
73.0
50.0
85.0
32.0
47.0
21.0
126.0
95.0
45.0
67.0
14.0
50.0
34.0
39.0
59.0
62.0
67.0
56.0
87.0
118.0
55.0
93.0
43.0
38.0
72.0
40.0
66.0
93.0
38.0
76.0
26.0
65.0
137.0
70.0
90.0
75.0
53.0
44.0
78.0
29.0
29.0
15.0
59.0
38.0
50.0
109.0
128.0
71.0
26.0
39.0
44.0
89.0
35.0
84.0
38.0
36.0
38.0
47.0
65.0
106.0
45.0
31.0
88.0
95.0
47.0
47.0
57.0
55.0
80.0
56.0
57.0
58.0
33.0
31.0
44.0
62.0
43.0
71.0
46.0
34.0
41.0
53.0
35.0
98.0
60.0
60.0
70.0
58.0
115.0
33.0
32.0
27.0
72.0
42.0
58.0
72.0
82.0
61.0
56.0
83.0
24.0
86.0
67.0
118.0
95.0
59.0
158.0
67.0
140.0
89.0
64.0
19.0
60.0
38.0
39.0
100.0
576.0
27.0
62.0
65.0
449.0
103.0
32.0
29.0
55.0
62.0
107.0
24.0
94.0
33.0
57.0
73.0
29.0
30.0
169.0
96.0
66.0
13.0
54.0
58.0
141.0
57.0
107.0
19.0
21.0
67.0
57.0
62.0
166.0
66.0
45.0
46.0
21.0
61.0
56.0
34.0
57.0
122.0
50.0
17.0
59.0
52.0
47.0
42.0
63.0
31.0
59.0
48.0
152.0
80.0
59.0
25.0
57.0
45.0
64.0
40.0
30.0
53.0
28.0
42.0
53.0
64.0
44.0
43.0
38.0
35.0
38.0
51.0
107.0
82.0
65.0
73.0
60.0
26.0
79.0
74.0
32.0
81.0
47.0
66.0
54.0
177.0
22.0
21.0
114.0
25.0
231.0
65.0
38.0
56.0
60.0
56.0
34.0
75.0
66.0
61.0
85.0
55.0
54.0
57.0
103.0
80.0
57.0
40.0
35.0
28.0
48.0
30.0
34.0
42.0
91.0
30.0
50.0
72.0
25.0
67.0
167.0
70.0
23.0
38.0
70.0
65.0
93.0
72.0
60.0
106.0
78.0
82.0
30.0
60.0
129.0
63.0
39.0
42.0
78.0
31.0
39.0
34.0
52.0
65.0
83.0
27.0
25.0
81.0
33.0
26.0
59.0
80.0
86.0
86.0
41.0
140.0
137.0
67.0
26.0
111.0
58.0
12.0
50.0
68.0
44.0
31.0
31.0
51.0
37.0
31.0
59.0
58.0
50.0
82.0
38.0
121.0
101.0
53.0
21.0
89.0
25.0
79.0
85.0
53.0
19.0
30.0
65.0
48.0
97.0
41.0
104.0
101.0
26.0
21.0
49.0
74.0
29.0
98.0
88.0
36.0
69.0
59.0
41.0
47.0
82.0
36.0
71.0
157.0
29.0
133.0
62.0
29.0
111.0
21.0
54.0
34.0
67.0
39.0
54.0
50.0
84.0
47.0
69.0
75.0
73.0
42.0
62.0
21.0
67.0
68.0
41.0
27.0
50.0
63.0
72.0
63.0
48.0
40.0
39.0
116.0
48.0
39.0
39.0
62.0
48.0
69.0
26.0
64.0
39.0
40.0
62.0
93.0
118.0
96.0
32.0
90.0
27.0
98.0
44.0
127.0
90.0
87.0
34.0
78.0
53.0
65.0
136.0
79.0
55.0
42.0
86.0
36.0
40.0
71.0
52.0
92.0
95.0
67.0
43.0
57.0
92.0
70.0
116.0
61.0
78.0
101.0
51.0
63.0
68.0
43.0
41.0
95.0
71.0
82.0
26.0
87.0
94.0
78.0
65.0
46.0
34.0
63.0
58.0
29.0
32.0
32.0
95.0
260.0
162.0
41.0
44.0
83.0
21.0
59.0
69.0
64.0
79.0
28.0
82.0
53.0
52.0
38.0
151.0
54.0
35.0
95.0
62.0
60.0
74.0
26.0
56.0
46.0
99.0
36.0
86.0
58.0
35.0
41.0
26.0
100.0
33.0
38.0
42.0
107.0
52.0
53.0
71.0
66.0
99.0
109.0
21.0
53.0
44.0
42.0
43.0
82.0
105.0
78.0
76.0
73.0
33.0
51.0
63.0
22.0
37.0
34.0
81.0
125.0
40.0
42.0
62.0
45.0
80.0
94.0
70.0
76.0
55.0
51.0
62.0
55.0
38.0
54.0
37.0
168.0
42.0
54.0
27.0
34.0
74.0
61.0
26.0
79.0
184.0
20.0
44.0
37.0
30.0
23.0
50.0
30.0
43.0
42.0
17.0
13.0
180.0
92.0
20.0
50.0
105.0
19.0
33.0
57.0
36.0
84.0
106.0
44.0
28.0
86.0
84.0
46.0
46.0
130.0
59.0
34.0
68.0
25.0
94.0
42.0
49.0
49.0
45.0
25.0
32.0
70.0
38.0
55.0
136.0
35.0
85.0
94.0
46.0
90.0
19.0
25.0
83.0
67.0
75.0
197.0
36.0
64.0
27.0
56.0
91.0
35.0
22.0
119.0
52.0
40.0
49.0
48.0
61.0
81.0
34.0
29.0
58.0
28.0
29.0
44.0
82.0
84.0
41.0
117.0
30.0
87.0
28.0
16.0
67.0
83.0
28.0
54.0
43.0
40.0
82.0
59.0
52.0
38.0
45.0
50.0
18.0
73.0
55.0
111.0
118.0
30.0
143.0
55.0
32.0
48.0
68.0
42.0
105.0
28.0
40.0
69.0
46.0
24.0
108.0
42.0
36.0
52.0
70.0
104.0
94.0
40.0
23.0
125.0
62.0
67.0
79.0
35.0
51.0
21.0
30.0
32.0
57.0
30.0
24.0
37.0
78.0
40.0
117.0
18.0
88.0
28.0
86.0
30.0
35.0
34.0
63.0
24.0
69.0
71.0
167.0
31.0
70.0
38.0
71.0
44.0
74.0
76.0
46.0
65.0
33.0
96.0
87.0
46.0
40.0
81.0
43.0
126.0
92.0
58.0
102.0
28.0
41.0
41.0
23.0
45.0
70.0
55.0
42.0
63.0
198.0
72.0
183.0
54.0
32.0
34.0
62.0
33.0
18.0
18.0
67.0
121.0
88.0
53.0
49.0
80.0
50.0
54.0
97.0
74.0
67.0
65.0
58.0
50.0
45.0
69.0
100.0
30.0
63.0
39.0
58.0
111.0
49.0
92.0
32.0
107.0
63.0
60.0
25.0
121.0
20.0
62.0
32.0
84.0
57.0
44.0
19.0
90.0
20.0
47.0
80.0
39.0
53.0
15.0
29.0
59.0
46.0
36.0
16.0
51.0
104.0
33.0
53.0
116.0
35.0
23.0
62.0
35.0
2.0
89.0
88.0
51.0
285.0
112.0
108.0
26.0
22.0
64.0
50.0
43.0
142.0
127.0
63.0
85.0
30.0
221.0
58.0
36.0
67.0
42.0
110.0
117.0
38.0
68.0
49.0
43.0
804.0
37.0
55.0
21.0
53.0
51.0
123.0
26.0
28.0
151.0
96.0
42.0
55.0
54.0
37.0
29.0
47.0
62.0
73.0
24.0
66.0
37.0
39.0
85.0
33.0
62.0
40.0
85.0
38.0
46.0
55.0
100.0
157.0
53.0
56.0
24.0
77.0
88.0
45.0
107.0
45.0
55.0
55.0
28.0
98.0
109.0
27.0
69.0
63.0
66.0
26.0
63.0
55.0
41.0
45.0
119.0
13.0
72.0
12.0
84.0
28.0
57.0
69.0
49.0
68.0
70.0
67.0
33.0
64.0
32.0
103.0
33.0
42.0
51.0
38.0
39.0
22.0
39.0
23.0
79.0
76.0
44.0
80.0
62.0
29.0
20.0
75.0
89.0
22.0
52.0
42.0
108.0
26.0
48.0
87.0
87.0
28.0
24.0
147.0
28.0
24.0
69.0
38.0
55.0
127.0
119.0
25.0
62.0
56.0
31.0
42.0
27.0
61.0
15.0
67.0
24.0
103.0
45.0
99.0
60.0
45.0
64.0
50.0
120.0
79.0
82.0
19.0
46.0
49.0
66.0
78.0
61.0
57.0
51.0
81.0
49.0
12.0
67.0
29.0
58.0
55.0
65.0
60.0
43.0
40.0
79.0
42.0
38.0
70.0
54.0
51.0
59.0
63.0
70.0
63.0
66.0
31.0
114.0
38.0
29.0
76.0
56.0
42.0
77.0
48.0
16.0
53.0
50.0
64.0
78.0
20.0
34.0
70.0
48.0
93.0
12.0
47.0
61.0
47.0
55.0
60.0
75.0
92.0
88.0
48.0
52.0
31.0
63.0
108.0
31.0
52.0
45.0
61.0
53.0
26.0
59.0
30.0
77.0
83.0
43.0
60.0
81.0
16.0
124.0
52.0
60.0
134.0
22.0
50.0
47.0
86.0
59.0
26.0
27.0
54.0
78.0
100.0
49.0
37.0
43.0
69.0
40.0
52.0
6.0
154.0
41.0
5.0
60.0
186.0
23.0
75.0
19.0
52.0
32.0
61.0
47.0
51.0
99.0
36.0
43.0
32.0
74.0
61.0
76.0
51.0
37.0
69.0
36.0
28.0
76.0
70.0
37.0
66.0
72.0
21.0
68.0
71.0
53.0
70.0
50.0
56.0
43.0
74.0
27.0
30.0
37.0
75.0
60.0
69.0
51.0
46.0
58.0
104.0
52.0
60.0
36.0
64.0
98.0
58.0
37.0
19.0
172.0
36.0
43.0
131.0
69.0
32.0
20.0
40.0
75.0
87.0
46.0
34.0
113.0
38.0
84.0
31.0
91.0
24.0
52.0
44.0
36.0
64.0
78.0
52.0
36.0
28.0
60.0
34.0
62.0
43.0
85.0
1134.0
38.0
49.0
58.0
31.0
78.0
81.0
75.0
34.0
62.0
56.0
47.0
63.0
52.0
42.0
38.0
33.0
166.0
67.0
38.0
57.0
56.0
19.0
82.0
49.0
96.0
41.0
72.0
21.0
100.0
53.0
35.0
91.0
17.0
52.0
6.0
26.0
66.0
53.0
38.0
45.0
76.0
55.0
35.0
46.0
39.0
37.0
45.0
36.0
43.0
89.0
55.0
60.0
64.0
33.0
38.0
52.0
49.0
57.0
51.0
67.0
36.0
71.0
48.0
49.0
30.0
84.0
19.0
59.0
67.0
53.0
23.0
42.0
25.0
59.0
18.0
13.0
79.0
49.0
42.0
34.0
50.0
43.0
39.0
88.0
248.0
75.0
56.0
102.0
112.0
41.0
41.0
64.0
18.0
61.0
60.0
25.0
43.0
37.0
134.0
138.0
105.0
26.0
51.0
53.0
80.0
17.0
89.0
195.0
66.0
132.0
59.0
33.0
36.0
67.0
60.0
80.0
97.0
35.0
60.0
121.0
86.0
14.0
31.0
71.0
46.0
12.0
44.0
64.0
58.0
128.0
37.0
61.0
98.0
75.0
38.0
57.0
80.0
68.0
62.0
66.0
34.0
79.0
45.0
42.0
67.0
57.0
65.0
89.0
29.0
49.0
63.0
52.0
55.0
116.0
60.0
56.0
58.0
55.0
36.0
44.0
82.0
84.0
39.0
45.0
38.0
46.0
50.0
80.0
74.0
48.0
299.0
147.0
39.0
23.0
41.0
94.0
35.0
48.0
48.0
21.0
18.0
77.0
97.0
18.0
133.0
36.0
39.0
207.0
71.0
91.0
45.0
57.0
58.0
60.0
71.0
27.0
50.0
41.0
58.0
62.0
35.0
133.0
82.0
28.0
26.0
126.0
53.0
80.0
39.0
103.0
24.0
77.0
37.0
96.0
70.0
32.0
97.0
42.0
25.0
46.0
7.0
86.0
89.0
123.0
41.0
74.0
31.0
82.0
31.0
91.0
97.0
73.0
21.0
79.0
76.0
88.0
47.0
41.0
29.0
48.0
58.0
62.0
56.0
76.0
65.0
78.0
38.0
65.0
79.0
35.0
21.0
56.0
151.0
80.0
37.0
26.0
48.0
138.0
74.0
61.0
94.0
60.0
44.0
71.0
57.0
47.0
127.0
40.0
34.0
115.0
57.0
33.0
57.0
207.0
80.0
67.0
91.0
33.0
29.0
39.0
37.0
92.0
199.0
23.0
29.0
30.0
137.0
33.0
96.0
102.0
34.0
39.0
99.0
37.0
122.0
70.0
78.0
31.0
69.0
52.0
81.0
61.0
37.0
53.0
32.0
119.0
24.0
17.0
134.0
74.0
53.0
26.0
62.0
111.0
170.0
110.0
33.0
47.0
72.0
68.0
53.0
83.0
38.0
35.0
239.0
40.0
63.0
75.0
94.0
45.0
89.0
53.0
108.0
32.0
48.0
35.0
65.0
116.0
40.0
34.0
84.0
41.0
17.0
30.0
35.0
59.0
36.0
24.0
60.0
49.0
23.0
26.0
54.0
53.0
24.0
43.0
35.0
73.0
45.0
67.0
67.0
24.0
83.0
61.0
99.0
74.0
33.0
68.0
70.0
52.0
69.0
22.0
66.0
30.0
72.0
251.0
69.0
60.0
39.0
34.0
84.0
114.0
16.0
23.0
54.0
51.0
53.0
33.0
51.0
90.0
27.0
111.0
69.0
77.0
123.0
39.0
96.0
29.0
24.0
24.0
240.0
28.0
69.0
55.0
97.0
29.0
56.0
38.0
60.0
88.0
211.0
45.0
69.0
76.0
14.0
73.0
60.0
70.0
198.0
35.0
27.0
57.0
62.0
23.0
107.0
41.0
31.0
35.0
33.0
49.0
40.0
54.0
83.0
101.0
29.0
59.0
46.0
42.0
26.0
37.0
48.0
93.0
16.0
11.0
47.0
151.0
53.0
30.0
25.0
76.0
32.0
73.0
59.0
28.0
31.0
12.0
59.0
77.0
75.0
70.0
84.0
21.0
62.0
37.0
152.0
94.0
49.0
46.0
54.0
78.0
52.0
49.0
54.0
28.0
70.0
74.0
51.0
30.0
66.0
130.0
44.0
101.0
49.0
107.0
34.0
90.0
25.0
38.0
69.0
37.0
53.0
35.0
26.0
79.0
49.0
84.0
158.0
27.0
22.0
28.0
58.0
66.0
35.0
32.0
42.0
42.0
56.0
38.0
67.0
39.0
67.0
40.0
49.0
136.0
71.0
62.0
28.0
70.0
51.0
45.0
37.0
56.0
94.0
35.0
59.0
24.0
55.0
51.0
133.0
51.0
66.0
67.0
41.0
45.0
27.0
20.0
120.0
86.0
84.0
59.0
58.0
164.0
27.0
15.0
50.0
58.0
34.0
137.0
95.0
144.0
70.0
146.0
36.0
32.0
79.0
64.0
75.0
19.0
33.0
78.0
36.0
61.0
76.0
37.0
48.0
80.0
47.0
73.0
54.0
105.0
79.0
31.0
32.0
61.0
25.0
60.0
69.0
27.0
70.0
27.0
138.0
106.0
102.0
45.0
43.0
66.0
55.0
62.0
75.0
38.0
74.0
31.0
61.0
101.0
44.0
15.0
66.0
35.0
43.0
32.0
87.0
37.0
88.0
59.0
105.0
53.0
95.0
212.0
44.0
108.0
30.0
39.0
49.0
97.0
32.0
49.0
78.0
75.0
92.0
76.0
65.0
55.0
122.0
70.0
111.0
89.0
43.0
38.0
29.0
34.0
39.0
25.0
266.0
53.0
42.0
43.0
22.0
27.0
61.0
86.0
38.0
37.0
27.0
159.0
43.0
13.0
39.0
63.0
41.0
34.0
116.0
30.0
40.0
90.0
44.0
29.0
29.0
38.0
27.0
43.0
44.0
42.0
36.0
51.0
65.0
1365.0
75.0
94.0
62.0
45.0
37.0
160.0
23.0
33.0
95.0
35.0
176.0
124.0
13.0
111.0
70.0
76.0
98.0
80.0
48.0
39.0
50.0
47.0
19.0
36.0
47.0
86.0
62.0
28.0
55.0
45.0
51.0
36.0
57.0
61.0
9.0
76.0
48.0
141.0
79.0
53.0
54.0
71.0
35.0
31.0
59.0
69.0
27.0
38.0
73.0
53.0
41.0
44.0
35.0
36.0
111.0
85.0
97.0
27.0
80.0
27.0
72.0
33.0
47.0
98.0
65.0
52.0
27.0
57.0
27.0
127.0
89.0
30.0
61.0
34.0
70.0
62.0
47.0
32.0
57.0
127.0
49.0
64.0
66.0
52.0
18.0
76.0
65.0
17.0
85.0
26.0
28.0
18.0
52.0
51.0
30.0
67.0
36.0
47.0
18.0
29.0
70.0
69.0
68.0
93.0
65.0
59.0
58.0
103.0
20.0
77.0
200.0
48.0
64.0
17.0
76.0
82.0
46.0
85.0
55.0
85.0
63.0
31.0
43.0
57.0
70.0
82.0
56.0
36.0
29.0
49.0
35.0
40.0
25.0
48.0
34.0
34.0
57.0
66.0
137.0
57.0
94.0
50.0
22.0
44.0
45.0
35.0
61.0
45.0
43.0
29.0
118.0
90.0
43.0
54.0
18.0
25.0
61.0
30.0
48.0
106.0
38.0
38.0
69.0
48.0
43.0
106.0
79.0
53.0
62.0
35.0
25.0
28.0
115.0
36.0
178.0
38.0
81.0
26.0
145.0
63.0
87.0
25.0
108.0
24.0
31.0
68.0
41.0
34.0
77.0
62.0
52.0
121.0
107.0
35.0
39.0
73.0
65.0
70.0
48.0
38.0
37.0
147.0
15.0
30.0
38.0
65.0
104.0
27.0
55.0
30.0
65.0
33.0
147.0
23.0
34.0
64.0
77.0
37.0
89.0
44.0
32.0
26.0
80.0
204.0
114.0
33.0
28.0
83.0
62.0
113.0
131.0
38.0
44.0
29.0
92.0
124.0
39.0
41.0
37.0
33.0
79.0
48.0
25.0
66.0
183.0
45.0
80.0
67.0
51.0
91.0
52.0
54.0
124.0
51.0
24.0
51.0
19.0
77.0
73.0
79.0
92.0
42.0
91.0
59.0
35.0
55.0
38.0
36.0
27.0
55.0
28.0
28.0
40.0
200.0
43.0
108.0
49.0
50.0
44.0
25.0
63.0
40.0
61.0
98.0
101.0
27.0
204.0
38.0
64.0
80.0
58.0
49.0
31.0
49.0
30.0
86.0
47.0
24.0
122.0
66.0
62.0
81.0
56.0
28.0
89.0
43.0
63.0
63.0
71.0
32.0
54.0
67.0
40.0
81.0
324.0
55.0
49.0
29.0
71.0
76.0
83.0
21.0
121.0
43.0
61.0
33.0
88.0
36.0
77.0
119.0
33.0
31.0
36.0
144.0
66.0
21.0
60.0
63.0
52.0
36.0
47.0
27.0
122.0
75.0
43.0
60.0
97.0
74.0
17.0
43.0
96.0
61.0
61.0
37.0
80.0
82.0
40.0
21.0
28.0
28.0
71.0
40.0
29.0
44.0
23.0
50.0
54.0
63.0
16.0
91.0
55.0
64.0
91.0
68.0
76.0
97.0
41.0
14.0
129.0
48.0
57.0
27.0
57.0
148.0
70.0
59.0
19.0
63.0
33.0
46.0
16.0
124.0
92.0
23.0
86.0
116.0
7.0
73.0
79.0
40.0
52.0
54.0
61.0
56.0
46.0
22.0
52.0
36.0
200.0
37.0
80.0
85.0
51.0
47.0
77.0
57.0
20.0
75.0
44.0
29.0
36.0
63.0
77.0
23.0
32.0
65.0
64.0
19.0
47.0
26.0
53.0
78.0
49.0
74.0
43.0
54.0
42.0
59.0
53.0
28.0
26.0
46.0
46.0
57.0
104.0
28.0
78.0
30.0
31.0
50.0
77.0
36.0
318.0
127.0
52.0
59.0
100.0
47.0
234.0
17.0
60.0
81.0
97.0
59.0
52.0
71.0
28.0
43.0
103.0
115.0
27.0
48.0
49.0
33.0
42.0
163.0
34.0
124.0
33.0
69.0
114.0
30.0
122.0
96.0
68.0
56.0
37.0
56.0
44.0
94.0
48.0
65.0
20.0
64.0
45.0
107.0
60.0
46.0
115.0
72.0
48.0
108.0
104.0
171.0
21.0
41.0
21.0
44.0
97.0
59.0
32.0
62.0
29.0
80.0
50.0
29.0
48.0
21.0
68.0
46.0
45.0
129.0
37.0
37.0
72.0
85.0
20.0
56.0
80.0
14.0
69.0
152.0
33.0
41.0
55.0
93.0
55.0
76.0
26.0
75.0
61.0
83.0
18.0
23.0
28.0
47.0
180.0
95.0
41.0
58.0
99.0
67.0
27.0
56.0
60.0
12.0
100.0
48.0
66.0
80.0
16.0
39.0
50.0
92.0
76.0
22.0
65.0
21.0
171.0
72.0
59.0
34.0
33.0
40.0
76.0
53.0
57.0
34.0
49.0
98.0
40.0
192.0
16.0
66.0
43.0
47.0
39.0
47.0
98.0
109.0
86.0
87.0
17.0
39.0
46.0
54.0
76.0
30.0
231.0
61.0
85.0
62.0
53.0
94.0
71.0
27.0
44.0
41.0
21.0
35.0
37.0
92.0
43.0
81.0
32.0
74.0
53.0
125.0
86.0
69.0
37.0
61.0
53.0
59.0
55.0
61.0
48.0
97.0
44.0
37.0
179.0
26.0
86.0
50.0
47.0
50.0
56.0
52.0
82.0
74.0
74.0
32.0
53.0
39.0
14.0
53.0
68.0
45.0
58.0
61.0
74.0
118.0
81.0
37.0
59.0
36.0
53.0
42.0
42.0
49.0
158.0
63.0
93.0
68.0
36.0
54.0
64.0
73.0
69.0
37.0
35.0
139.0
32.0
29.0
28.0
50.0
118.0
40.0
30.0
64.0
53.0
151.0
52.0
47.0
38.0
84.0
161.0
40.0
46.0
44.0
49.0
32.0
95.0
63.0
43.0
47.0
59.0
32.0
32.0
70.0
40.0
43.0
43.0
93.0
43.0
43.0
38.0
62.0
24.0
73.0
33.0
37.0
90.0
35.0
80.0
36.0
29.0
37.0
56.0
134.0
42.0
65.0
25.0
67.0
114.0
23.0
91.0
182.0
90.0
67.0
77.0
12.0
30.0
19.0
73.0
84.0
63.0
48.0
31.0
56.0
54.0
78.0
48.0
50.0
63.0
37.0
42.0
28.0
99.0
59.0
57.0
43.0
97.0
42.0
68.0
68.0
54.0
22.0
109.0
20.0
36.0
37.0
175.0
54.0
24.0
53.0
95.0
69.0
30.0
39.0
58.0
107.0
62.0
79.0
48.0
80.0
154.0
47.0
108.0
81.0
17.0
160.0
40.0
29.0
29.0
67.0
41.0
33.0
74.0
67.0
64.0
33.0
36.0
68.0
93.0
66.0
61.0
51.0
61.0
44.0
44.0
133.0
48.0
72.0
113.0
68.0
63.0
45.0
28.0
90.0
326.0
96.0
100.0
65.0
36.0
85.0
31.0
40.0
77.0
30.0
63.0
36.0
125.0
90.0
64.0
24.0
78.0
58.0
95.0
83.0
34.0
18.0
55.0
43.0
64.0
61.0
78.0
67.0
58.0
39.0
44.0
77.0
19.0
52.0
95.0
39.0
43.0
65.0
65.0
66.0
91.0
50.0
89.0
44.0
93.0
81.0
40.0
90.0
35.0
47.0
44.0
400.0
64.0
10.0
66.0
77.0
75.0
53.0
26.0
41.0
51.0
57.0
81.0
56.0
83.0
43.0
86.0
26.0
48.0
57.0
137.0
57.0
71.0
27.0
65.0
53.0
28.0
50.0
43.0
63.0
28.0
73.0
71.0
112.0
41.0
90.0
52.0
34.0
81.0
67.0
39.0
105.0
35.0
147.0
32.0
53.0
51.0
58.0
64.0
27.0
72.0
96.0
49.0
381.0
50.0
62.0
25.0
128.0
66.0
42.0
73.0
98.0
75.0
53.0
90.0
35.0
86.0
46.0
65.0
33.0
67.0
22.0
24.0
48.0
32.0
44.0
98.0
53.0
85.0
76.0
14.0
72.0
46.0
11.0
43.0
110.0
77.0
58.0
61.0
120.0
49.0
34.0
67.0
53.0
67.0
40.0
50.0
59.0
18.0
93.0
67.0
43.0
45.0
21.0
27.0
8.0
55.0
55.0
28.0
50.0
15.0
38.0
42.0
54.0
42.0
45.0
44.0
26.0
62.0
147.0
40.0
72.0
26.0
170.0
93.0
82.0
103.0
96.0
95.0
189.0
21.0
48.0
31.0
75.0
31.0
67.0
109.0
37.0
38.0
149.0
19.0
47.0
53.0
42.0
20.0
27.0
36.0
61.0
66.0
58.0
49.0
54.0
63.0
53.0
54.0
42.0
123.0
64.0
103.0
53.0
24.0
35.0
74.0
29.0
36.0
30.0
39.0
121.0
13.0
159.0
100.0
92.0
68.0
29.0
270.0
24.0
49.0
60.0
20.0
97.0
136.0
97.0
35.0
93.0
54.0
25.0
20.0
26.0
50.0
133.0
21.0
100.0
61.0
87.0
70.0
43.0
92.0
20.0
101.0
60.0
74.0
53.0
53.0
50.0
50.0
35.0
21.0
65.0
21.0
57.0
49.0
57.0
73.0
81.0
58.0
54.0
58.0
20.0
21.0
64.0
37.0
47.0
69.0
37.0
59.0
37.0
60.0
43.0
47.0
30.0
89.0
66.0
36.0
77.0
59.0
59.0
20.0
73.0
26.0
52.0
62.0
102.0
28.0
84.0
14.0
59.0
17.0
82.0
28.0
130.0
136.0
83.0
152.0
31.0
36.0
31.0
41.0
63.0
70.0
26.0
61.0
97.0
34.0
46.0
22.0
75.0
29.0
44.0
60.0
143.0
27.0
85.0
73.0
232.0
38.0
68.0
42.0
31.0
158.0
75.0
86.0
17.0
30.0
57.0
99.0
49.0
25.0
52.0
107.0
21.0
35.0
114.0
83.0
46.0
102.0
33.0
19.0
51.0
71.0
14.0
90.0
35.0
155.0
58.0
35.0
45.0
174.0
18.0
19.0
29.0
49.0
55.0
39.0
62.0
67.0
78.0
135.0
55.0
67.0
87.0
49.0
88.0
61.0
149.0
14.0
25.0
50.0
55.0
68.0
38.0
70.0
56.0
123.0
88.0
103.0
352.0
46.0
35.0
51.0
53.0
59.0
59.0
28.0
38.0
46.0
71.0
84.0
43.0
81.0
39.0
124.0
135.0
87.0
39.0
31.0
59.0
59.0
41.0
55.0
49.0
37.0
101.0
63.0
58.0
39.0
86.0
89.0
52.0
42.0
27.0
30.0
56.0
33.0
40.0
114.0
37.0
45.0
51.0
139.0
37.0
46.0
62.0
63.0
67.0
95.0
58.0
51.0
50.0
27.0
42.0
24.0
26.0
44.0
76.0
20.0
108.0
27.0
81.0
100.0
123.0
53.0
154.0
26.0
36.0
139.0
132.0
124.0
42.0
69.0
34.0
42.0
59.0
70.0
73.0
38.0
103.0
30.0
56.0
46.0
70.0
43.0
151.0
40.0
32.0
107.0
52.0
54.0
82.0
59.0
15.0
17.0
46.0
37.0
58.0
134.0
44.0
24.0
74.0
75.0
74.0
103.0
51.0
38.0
64.0
78.0
25.0
19.0
58.0
36.0
67.0
93.0
36.0
64.0
45.0
67.0
68.0
75.0
171.0
43.0
78.0
66.0
120.0
56.0
57.0
55.0
64.0
52.0
64.0
83.0
14.0
31.0
45.0
52.0
36.0
50.0
73.0
50.0
32.0
31.0
54.0
26.0
21.0
37.0
146.0
77.0
89.0
50.0
69.0
47.0
71.0
52.0
108.0
49.0
73.0
54.0
66.0
47.0
35.0
34.0
42.0
63.0
53.0
57.0
60.0
96.0
59.0
84.0
69.0
55.0
43.0
71.0
71.0
93.0
58.0
41.0
57.0
82.0
125.0
46.0
41.0
67.0
72.0
105.0
67.0
73.0
41.0
40.0
42.0
16.0
34.0
29.0
40.0
40.0
54.0
37.0
31.0
72.0
62.0
62.0
97.0
57.0
54.0
23.0
21.0
29.0
78.0
600.0
86.0
92.0
34.0
47.0
35.0
47.0
145.0
86.0
47.0
37.0
37.0
14.0
64.0
106.0
59.0
59.0
113.0
140.0
67.0
147.0
36.0
75.0
31.0
88.0
41.0
23.0
13.0
152.0
15.0
19.0
50.0
118.0
25.0
25.0
60.0
26.0
51.0
21.0
65.0
105.0
104.0
54.0
61.0
37.0
67.0
73.0
78.0
169.0
60.0
36.0
53.0
84.0
74.0
68.0
43.0
65.0
51.0
38.0
62.0
96.0
70.0
41.0
56.0
217.0
64.0
43.0
80.0
64.0
22.0
72.0
75.0
36.0
72.0
141.0
43.0
44.0
31.0
91.0
36.0
56.0
29.0
73.0
128.0
88.0
43.0
34.0
32.0
71.0
50.0
94.0
25.0
43.0
49.0
65.0
37.0
60.0
108.0
65.0
21.0
32.0
70.0
56.0
51.0
92.0
60.0
25.0
68.0
48.0
47.0
29.0
85.0
53.0
99.0
42.0
73.0
54.0
67.0
57.0
80.0
71.0
105.0
29.0
29.0
78.0
27.0
37.0
92.0
19.0
86.0
20.0
65.0
140.0
81.0
24.0
17.0
29.0
28.0
25.0
194.0
54.0
25.0
78.0
31.0
119.0
111.0
69.0
129.0
55.0
27.0
156.0
46.0
31.0
90.0
47.0
67.0
71.0
69.0
43.0
81.0
53.0
102.0
101.0
17.0
113.0
46.0
63.0
64.0
68.0
71.0
58.0
62.0
69.0
56.0
114.0
46.0
32.0
28.0
73.0
119.0
50.0
19.0
91.0
43.0
59.0
32.0
40.0
75.0
29.0
32.0
62.0
65.0
65.0
22.0
41.0
79.0
41.0
59.0
67.0
165.0
44.0
52.0
48.0
40.0
18.0
121.0
26.0
74.0
31.0
23.0
55.0
89.0
23.0
61.0
39.0
61.0
55.0
92.0
98.0
51.0
55.0
17.0
260.0
74.0
39.0
148.0
66.0
56.0
126.0
52.0
45.0
39.0
76.0
80.0
47.0
40.0
62.0
13.0
71.0
14.0
193.0
81.0
96.0
46.0
89.0
41.0
103.0
37.0
129.0
85.0
110.0
60.0
40.0
71.0
31.0
71.0
37.0
35.0
71.0
46.0
72.0
23.0
47.0
125.0
85.0
36.0
27.0
87.0
60.0
51.0
47.0
10.0
19.0
76.0
18.0
94.0
85.0
42.0
18.0
57.0
77.0
27.0
89.0
88.0
56.0
81.0
57.0
57.0
108.0
53.0
59.0
106.0
27.0
72.0
137.0
60.0
41.0
49.0
77.0
51.0
42.0
83.0
18.0
156.0
45.0
61.0
97.0
43.0
53.0
34.0
23.0
29.0
78.0
92.0
32.0
266.0
97.0
52.0
38.0
23.0
85.0
107.0
104.0
26.0
31.0
50.0
70.0
278.0
53.0
53.0
86.0
83.0
58.0
49.0
54.0
28.0
23.0
41.0
29.0
103.0
49.0
54.0
57.0
31.0
34.0
69.0
89.0
21.0
67.0
64.0
46.0
38.0
68.0
79.0
35.0
63.0
79.0
104.0
54.0
47.0
34.0
66.0
104.0
46.0
72.0
55.0
80.0
175.0
48.0
50.0
103.0
58.0
44.0
35.0
123.0
92.0
29.0
50.0
84.0
95.0
21.0
46.0
36.0
24.0
73.0
67.0
48.0
29.0
36.0
23.0
69.0
46.0
131.0
72.0
56.0
56.0
56.0
41.0
52.0
78.0
31.0
60.0
197.0
33.0
174.0
68.0
25.0
24.0
51.0
42.0
15.0
48.0
21.0
103.0
64.0
61.0
70.0
31.0
75.0
149.0
183.0
78.0
40.0
80.0
63.0
37.0
62.0
57.0
39.0
126.0
42.0
66.0
32.0
71.0
59.0
44.0
78.0
47.0
89.0
49.0
72.0
30.0
31.0
56.0
82.0
107.0
117.0
90.0
38.0
50.0
69.0
102.0
57.0
77.0
32.0
41.0
78.0
55.0
45.0
57.0
60.0
73.0
75.0
56.0
52.0
42.0
63.0
52.0
24.0
63.0
33.0
44.0
155.0
50.0
90.0
56.0
78.0
62.0
74.0
76.0
78.0
87.0
47.0
30.0
47.0
49.0
76.0
26.0
38.0
74.0
73.0
39.0
33.0
67.0
96.0
110.0
135.0
152.0
53.0
31.0
59.0
71.0
20.0
45.0
56.0
30.0
42.0
139.0
102.0
124.0
64.0
70.0
35.0
27.0
64.0
118.0
25.0
128.0
72.0
35.0
59.0
40.0
93.0
92.0
74.0
10.0
114.0
86.0
14.0
35.0
68.0
40.0
32.0
77.0
55.0
46.0
47.0
40.0
93.0
43.0
33.0
37.0
95.0
51.0
25.0
25.0
56.0
93.0
36.0
19.0
79.0
70.0
67.0
24.0
64.0
48.0
64.0
91.0
68.0
45.0
71.0
46.0
93.0
71.0
53.0
28.0
32.0
113.0
40.0
114.0
42.0
27.0
34.0
61.0
44.0
79.0
35.0
156.0
113.0
37.0
48.0
43.0
50.0
58.0
85.0
40.0
34.0
41.0
79.0
85.0
37.0
60.0
60.0
60.0
86.0
34.0
29.0
62.0
32.0
258.0
61.0
140.0
84.0
52.0
37.0
19.0
84.0
103.0
36.0
25.0
48.0
64.0
67.0
53.0
48.0
96.0
64.0
50.0
29.0
38.0
30.0
44.0
31.0
105.0
84.0
108.0
66.0
22.0
66.0
101.0
58.0
58.0
56.0
146.0
43.0
80.0
83.0
56.0
42.0
49.0
63.0
82.0
59.0
45.0
48.0
78.0
55.0
33.0
32.0
89.0
38.0
56.0
50.0
98.0
156.0
33.0
75.0
34.0
73.0
90.0
69.0
91.0
91.0
61.0
44.0
95.0
27.0
93.0
24.0
148.0
95.0
78.0
104.0
46.0
110.0
24.0
28.0
82.0
119.0
59.0
43.0
39.0
37.0
96.0
41.0
35.0
58.0
86.0
58.0
74.0
44.0
59.0
83.0
97.0
33.0
74.0
16.0
65.0
27.0
30.0
65.0
46.0
87.0
68.0
154.0
56.0
24.0
61.0
98.0
28.0
34.0
91.0
46.0
65.0
43.0
116.0
31.0
92.0
33.0
102.0
156.0
60.0
152.0
54.0
70.0
32.0
37.0
41.0
49.0
23.0
45.0
134.0
91.0
52.0
62.0
20.0
77.0
29.0
42.0
66.0
627.0
39.0
65.0
36.0
58.0
86.0
129.0
39.0
47.0
58.0
59.0
35.0
41.0
83.0
66.0
57.0
91.0
66.0
60.0
38.0
12.0
84.0
192.0
42.0
89.0
132.0
68.0
63.0
45.0
35.0
44.0
92.0
49.0
94.0
157.0
92.0
71.0
38.0
39.0
39.0
52.0
43.0
61.0
18.0
168.0
43.0
50.0
55.0
8.0
20.0
32.0
109.0
60.0
50.0
97.0
67.0
60.0
76.0
29.0
57.0
53.0
117.0
46.0
63.0
134.0
60.0
64.0
80.0
105.0
36.0
55.0
33.0
66.0
49.0
89.0
66.0
32.0
79.0
70.0
20.0
65.0
46.0
57.0
38.0
39.0
71.0
42.0
36.0
23.0
38.0
46.0
84.0
71.0
43.0
63.0
62.0
34.0
110.0
85.0
108.0
55.0
37.0
44.0
47.0
56.0
34.0
54.0
103.0
39.0
57.0
135.0
64.0
48.0
35.0
85.0
32.0
47.0
81.0
121.0
53.0
36.0
74.0
39.0
117.0
42.0
39.0
104.0
69.0
82.0
85.0
67.0
32.0
42.0
121.0
69.0
113.0
36.0
62.0
54.0
42.0
84.0
92.0
55.0
52.0
44.0
58.0
57.0
86.0
81.0
71.0
56.0
60.0
84.0
55.0
34.0
27.0
27.0
63.0
143.0
24.0
153.0
42.0
155.0
61.0
41.0
80.0
35.0
51.0
55.0
41.0
38.0
96.0
72.0
72.0
83.0
54.0
35.0
35.0
58.0
25.0
53.0
41.0
42.0
89.0
53.0
57.0
54.0
28.0
25.0
69.0
54.0
77.0
54.0
102.0
54.0
43.0
84.0
45.0
35.0
66.0
58.0
37.0
71.0
62.0
50.0
84.0
45.0
28.0
53.0
53.0
95.0
38.0
59.0
36.0
309.0
52.0
71.0
42.0
36.0
28.0
41.0
51.0
49.0
53.0
45.0
148.0
89.0
36.0
21.0
62.0
97.0
61.0
108.0
47.0
133.0
36.0
59.0
93.0
43.0
39.0
56.0
68.0
89.0
24.0
38.0
63.0
68.0
70.0
50.0
70.0
54.0
59.0
77.0
114.0
216.0
89.0
45.0
68.0
41.0
32.0
77.0
61.0
62.0
65.0
67.0
33.0
117.0
84.0
26.0
97.0
38.0
63.0
68.0
27.0
87.0
46.0
162.0
61.0
75.0
35.0
32.0
22.0
98.0
72.0
39.0
48.0
47.0
87.0
70.0
74.0
25.0
58.0
37.0
63.0
45.0
64.0
40.0
34.0
96.0
58.0
116.0
55.0
56.0
64.0
107.0
58.0
40.0
138.0
37.0
34.0
80.0
83.0
59.0
158.0
72.0
59.0
94.0
58.0
25.0
52.0
34.0
59.0
37.0
33.0
57.0
49.0
116.0
60.0
30.0
54.0
62.0
86.0
42.0
67.0
40.0
81.0
157.0
91.0
67.0
80.0
28.0
33.0
65.0
89.0
51.0
52.0
55.0
50.0
63.0
50.0
67.0
20.0
40.0
45.0
116.0
99.0
122.0
57.0
136.0
27.0
86.0
72.0
72.0
28.0
50.0
90.0
54.0
60.0
51.0
41.0
53.0
44.0
110.0
71.0
39.0
36.0
54.0
76.0
38.0
69.0
146.0
50.0
37.0
49.0
40.0
152.0
50.0
42.0
25.0
54.0
61.0
82.0
77.0
67.0
37.0
23.0
54.0
90.0
54.0
63.0
122.0
47.0
35.0
92.0
69.0
66.0
64.0
160.0
58.0
68.0
45.0
21.0
261.0
40.0
48.0
42.0
43.0
106.0
47.0
17.0
90.0
98.0
90.0
31.0
51.0
34.0
35.0
45.0
132.0
28.0
159.0
23.0
107.0
93.0
40.0
83.0
40.0
24.0
131.0
53.0
71.0
42.0
51.0
56.0
71.0
20.0
41.0
48.0
26.0
47.0
99.0
28.0
41.0
49.0
36.0
54.0
70.0
67.0
86.0
181.0
60.0
72.0
136.0
27.0
31.0
49.0
58.0
42.0
50.0
38.0
81.0
41.0
59.0
54.0
103.0
73.0
59.0
80.0
41.0
130.0
20.0
36.0
70.0
119.0
35.0
62.0
53.0
78.0
44.0
48.0
69.0
133.0
89.0
101.0
148.0
54.0
63.0
23.0
57.0
37.0
39.0
99.0
235.0
32.0
61.0
81.0
59.0
106.0
57.0
68.0
24.0
36.0
59.0
81.0
38.0
48.0
61.0
52.0
77.0
59.0
45.0
61.0
70.0
47.0
156.0
37.0
52.0
63.0
41.0
59.0
75.0
37.0
197.0
99.0
65.0
29.0
47.0
51.0
60.0
57.0
66.0
45.0
39.0
95.0
37.0
57.0
49.0
16.0
55.0
79.0
55.0
57.0
27.0
54.0
108.0
62.0
129.0
82.0
96.0
135.0
43.0
139.0
50.0
48.0
121.0
98.0
104.0
73.0
37.0
50.0
78.0
63.0
46.0
60.0
47.0
103.0
65.0
39.0
48.0
39.0
49.0
88.0
66.0
113.0
71.0
59.0
34.0
65.0
23.0
37.0
63.0
91.0
174.0
34.0
128.0
50.0
89.0
43.0
89.0
91.0
46.0
62.0
43.0
60.0
43.0
72.0
54.0
46.0
97.0
143.0
33.0
45.0
23.0
132.0
50.0
97.0
56.0
30.0
54.0
73.0
67.0
51.0
64.0
29.0
52.0
46.0
144.0
99.0
70.0
59.0
62.0
60.0
72.0
78.0
24.0
81.0
55.0
63.0
65.0
75.0
46.0
34.0
34.0
50.0
152.0
57.0
106.0
32.0
31.0
65.0
32.0
116.0
77.0
41.0
140.0
30.0
41.0
80.0
153.0
67.0
95.0
78.0
25.0
64.0
55.0
53.0
59.0
65.0
55.0
58.0
58.0
75.0
88.0
73.0
98.0
45.0
134.0
55.0
89.0
113.0
38.0
50.0
76.0
102.0
42.0
27.0
35.0
61.0
47.0
68.0
25.0
34.0
54.0
48.0
44.0
71.0
82.0
58.0
44.0
43.0
46.0
25.0
59.0
63.0
61.0
86.0
33.0
50.0
51.0
68.0
54.0
23.0
102.0
55.0
112.0
50.0
62.0
31.0
26.0
49.0
60.0
80.0
69.0
39.0
49.0
47.0
28.0
127.0
35.0
72.0
28.0
65.0
42.0
64.0
35.0
75.0
111.0
57.0
37.0
116.0
100.0
57.0
41.0
57.0
31.0
52.0
59.0
70.0
75.0
137.0
135.0
49.0
36.0
56.0
32.0
53.0
65.0
51.0
22.0
74.0
107.0
62.0
46.0
57.0
43.0
87.0
124.0
57.0
32.0
57.0
83.0
108.0
59.0
35.0
60.0
61.0
69.0
113.0
89.0
45.0
78.0
94.0
90.0
36.0
34.0
27.0
81.0
69.0
16.0
119.0
64.0
69.0
28.0
100.0
58.0
38.0
47.0
70.0
81.0
85.0
24.0
27.0
44.0
25.0
56.0
66.0
55.0
49.0
50.0
41.0
44.0
57.0
54.0
36.0
46.0
110.0
88.0
69.0
74.0
51.0
102.0
66.0
35.0
59.0
112.0
35.0
75.0
23.0
80.0
63.0
46.0
36.0
35.0
39.0
28.0
136.0
129.0
66.0
123.0
83.0
43.0
66.0
58.0
53.0
33.0
26.0
37.0
56.0
57.0
43.0
37.0
65.0
68.0
164.0
211.0
17.0
39.0
107.0
84.0
43.0
29.0
29.0
91.0
41.0
36.0
90.0
120.0
84.0
40.0
95.0
57.0
27.0
56.0
99.0
55.0
54.0
104.0
137.0
67.0
52.0
75.0
51.0
120.0
47.0
85.0
51.0
72.0
47.0
132.0
114.0
54.0
52.0
54.0
94.0
116.0
37.0
22.0
72.0
56.0
72.0
54.0
90.0
65.0
19.0
66.0
48.0
58.0
94.0
48.0
84.0
21.0
124.0
49.0
43.0
53.0
143.0
83.0
66.0
64.0
99.0
34.0
58.0
36.0
42.0
54.0
70.0
56.0
53.0
37.0
84.0
101.0
50.0
35.0
67.0
94.0
51.0
64.0
60.0
67.0
81.0
67.0
42.0
86.0
88.0
32.0
72.0
21.0
51.0
51.0
78.0
34.0
137.0
69.0
68.0
64.0
39.0
23.0
74.0
202.0
42.0
62.0
62.0
43.0
69.0
53.0
65.0
35.0
131.0
58.0
55.0
67.0
56.0
80.0
73.0
45.0
64.0
47.0
43.0
121.0
105.0
57.0
65.0
117.0
63.0
53.0
38.0
47.0
68.0
31.0
102.0
112.0
163.0
48.0
68.0
542.0
31.0
57.0
34.0
71.0
53.0
100.0
69.0
121.0
56.0
54.0
53.0
64.0
30.0
39.0
90.0
54.0
64.0
54.0
50.0
84.0
33.0
84.0
89.0
40.0
64.0
42.0
109.0
70.0
68.0
96.0
78.0
31.0
90.0
63.0
48.0
102.0
27.0
133.0
44.0
87.0
44.0
37.0
41.0
57.0
22.0
53.0
64.0
84.0
54.0
82.0
54.0
37.0
47.0
43.0
37.0
70.0
84.0
116.0
30.0
56.0
39.0
76.0
66.0
39.0
54.0
58.0
49.0
52.0
49.0
78.0
52.0
79.0
50.0
128.0
59.0
63.0
30.0
111.0
66.0
51.0
54.0
91.0
117.0
43.0
12.0
85.0
43.0
134.0
29.0
112.0
36.0
37.0
53.0
81.0
74.0
52.0
53.0
66.0
71.0
135.0
50.0
29.0
78.0
184.0
82.0
95.0
53.0
54.0
43.0
46.0
180.0
59.0
37.0
60.0
42.0
24.0
49.0
61.0
88.0
33.0
53.0
26.0
73.0
89.0
53.0
80.0
34.0
96.0
113.0
102.0
12.0
29.0
69.0
80.0
155.0
52.0
51.0
45.0
122.0
109.0
56.0
41.0
62.0
35.0
49.0
64.0
47.0
53.0
82.0
31.0
87.0
52.0
77.0
25.0
70.0
48.0
66.0
65.0
98.0
64.0
23.0
79.0
89.0
36.0
76.0
65.0
75.0
50.0
45.0
42.0
30.0
65.0
64.0
30.0
126.0
70.0
100.0
94.0
62.0
106.0
49.0
92.0
52.0
70.0
26.0
77.0
50.0
54.0
37.0
45.0
33.0
58.0
69.0
74.0
108.0
39.0
63.0
88.0
29.0
68.0
31.0
84.0
31.0
92.0
25.0
22.0
36.0
98.0
64.0
76.0
49.0
54.0
87.0
93.0
34.0
88.0
80.0
78.0
48.0
45.0
33.0
106.0
40.0
71.0
78.0
50.0
54.0
65.0
59.0
53.0
144.0
22.0
69.0
79.0
98.0
48.0
55.0
20.0
45.0
21.0
38.0
103.0
96.0
103.0
57.0
127.0
28.0
50.0
29.0
49.0
35.0
67.0
106.0
49.0
59.0
31.0
74.0
104.0
53.0
104.0
42.0
65.0
27.0
57.0
87.0
103.0
49.0
43.0
40.0
18.0
34.0
29.0
56.0
66.0
47.0
79.0
45.0
62.0
98.0
53.0
55.0
34.0
64.0
31.0
54.0
132.0
57.0
62.0
86.0
45.0
107.0
93.0
62.0
62.0
38.0
47.0
62.0
82.0
27.0
67.0
32.0
58.0
64.0
76.0
48.0
37.0
44.0
35.0
65.0
59.0
21.0
236.0
53.0
69.0
144.0
34.0
25.0
119.0
35.0
78.0
101.0
83.0
44.0
95.0
112.0
67.0
66.0
36.0
82.0
37.0
50.0
106.0
32.0
105.0
87.0
115.0
45.0
119.0
52.0
46.0
34.0
43.0
30.0
81.0
61.0
80.0
55.0
42.0
55.0
84.0
87.0
68.0
38.0
51.0
87.0
81.0
79.0
109.0
86.0
50.0
69.0
40.0
43.0
51.0
58.0
64.0
46.0
96.0
29.0
49.0
55.0
62.0
66.0
45.0
59.0
58.0
48.0
30.0
39.0
74.0
104.0
96.0
79.0
50.0
37.0
49.0
60.0
36.0
35.0
87.0
71.0
88.0
76.0
49.0
43.0
68.0
60.0
70.0
35.0
98.0
51.0
34.0
78.0
95.0
65.0
59.0
54.0
50.0
56.0
117.0
134.0
122.0
92.0
319.0
22.0
58.0
18.0
33.0
54.0
58.0
48.0
29.0
57.0
36.0
38.0
64.0
89.0
76.0
78.0
167.0
36.0
80.0
89.0
67.0
25.0
37.0
97.0
70.0
21.0
68.0
75.0
52.0
55.0
77.0
9.0
51.0
49.0
68.0
65.0
56.0
31.0
48.0
60.0
47.0
66.0
77.0
61.0
79.0
56.0
131.0
30.0
59.0
57.0
21.0
115.0
77.0
63.0
74.0
30.0
46.0
74.0
26.0
45.0
91.0
39.0
84.0
88.0
63.0
33.0
51.0
65.0
83.0
68.0
69.0
91.0
61.0
115.0
84.0
92.0
67.0
36.0
43.0
88.0
25.0
81.0
56.0
85.0
68.0
45.0
50.0
115.0
51.0
130.0
32.0
114.0
70.0
87.0
71.0
54.0
34.0
87.0
34.0
81.0
42.0
67.0
66.0
57.0
46.0
61.0
66.0
59.0
54.0
54.0
66.0
22.0
33.0
65.0
59.0
45.0
87.0
39.0
30.0
54.0
255.0
78.0
105.0
56.0
53.0
17.0
56.0
60.0
41.0
81.0
71.0
56.0
49.0
59.0
120.0
73.0
117.0
53.0
69.0
89.0
38.0
89.0
65.0
70.0
66.0
39.0
122.0
116.0
68.0
48.0
102.0
30.0
72.0
55.0
75.0
63.0
41.0
35.0
44.0
70.0
46.0
67.0
90.0
59.0
60.0
38.0
36.0
94.0
42.0
63.0
55.0
78.0
76.0
57.0
58.0
89.0
57.0
174.0
116.0
99.0
75.0
36.0
78.0
142.0
53.0
77.0
69.0
67.0
39.0
24.0
49.0
28.0
81.0
64.0
51.0
43.0
47.0
59.0
62.0
56.0
78.0
89.0
32.0
92.0
79.0
76.0
68.0
51.0
64.0
45.0
79.0
103.0
50.0
20.0
67.0
71.0
34.0
34.0
55.0
76.0
74.0
58.0
41.0
39.0
75.0
78.0
166.0
48.0
34.0
82.0
23.0
117.0
50.0
79.0
47.0
51.0
43.0
134.0
81.0
87.0
51.0
51.0
33.0
125.0
88.0
42.0
76.0
32.0
45.0
76.0
67.0
29.0
20.0
48.0
62.0
41.0
53.0
24.0
46.0
44.0
112.0
61.0
57.0
56.0
113.0
64.0
51.0
66.0
107.0
81.0
47.0
32.0
68.0
74.0
40.0
19.0
60.0
134.0
63.0
80.0
64.0
26.0
73.0
57.0
86.0
83.0
104.0
72.0
54.0
54.0
71.0
30.0
61.0
32.0
34.0
34.0
33.0
94.0
73.0
55.0
86.0
59.0
38.0
66.0
65.0
92.0
41.0
73.0
59.0
95.0
131.0
84.0
42.0
55.0
36.0
131.0
42.0
89.0
114.0
61.0
94.0
54.0
58.0
101.0
50.0
102.0
43.0
143.0
47.0
76.0
73.0
54.0
63.0
81.0
33.0
80.0
75.0
64.0
41.0
42.0
89.0
82.0
84.0
42.0
56.0
40.0
24.0
49.0
54.0
55.0
82.0
43.0
83.0
39.0
41.0
66.0
35.0
28.0
38.0
97.0
29.0
41.0
76.0
48.0
41.0
131.0
54.0
45.0
70.0
98.0
53.0
60.0
71.0
110.0
55.0
55.0
43.0
25.0
108.0
63.0
114.0
65.0
62.0
93.0
76.0
92.0
78.0
106.0
16.0
75.0
36.0
29.0
62.0
64.0
60.0
99.0
67.0
30.0
67.0
26.0
164.0
32.0
71.0
53.0
65.0
89.0
88.0
113.0
92.0
58.0
39.0
104.0
57.0
88.0
44.0
58.0
117.0
34.0
58.0
76.0
47.0
65.0
143.0
41.0
36.0
35.0
95.0
85.0
72.0
30.0
113.0
45.0
73.0
90.0
64.0
42.0
23.0
40.0
27.0
56.0
156.0
33.0
48.0
133.0
69.0
67.0
49.0
47.0
89.0
63.0
26.0
36.0
24.0
88.0
68.0
92.0
111.0
61.0
76.0
55.0
99.0
69.0
52.0
63.0
46.0
102.0
70.0
93.0
70.0
130.0
67.0
64.0
21.0
93.0
76.0
91.0
61.0
60.0
60.0
71.0
61.0
25.0
85.0
87.0
35.0
21.0
95.0
80.0
59.0
72.0
67.0
49.0
66.0
40.0
109.0
54.0
122.0
47.0
67.0
97.0
43.0
45.0
45.0
106.0
55.0
42.0
83.0
33.0
123.0
88.0
72.0
123.0
31.0
8.0
79.0
85.0
86.0
64.0
69.0
77.0
79.0
43.0
154.0
71.0
54.0
79.0
46.0
80.0
84.0
125.0
94.0
20.0
71.0
112.0
35.0
63.0
46.0
49.0
77.0
54.0
97.0
70.0
38.0
78.0
75.0
65.0
38.0
179.0
32.0
86.0
29.0
104.0
68.0
72.0
68.0
55.0
56.0
34.0
99.0
94.0
8.0
37.0
46.0
104.0
67.0
65.0
34.0
73.0
52.0
62.0
81.0
130.0
39.0
60.0
100.0
29.0
61.0
55.0
49.0
23.0
74.0
202.0
109.0
133.0
38.0
82.0
56.0
58.0
57.0
45.0
69.0
84.0
55.0
38.0
111.0
120.0
116.0
142.0
44.0
61.0
171.0
77.0
136.0
63.0
97.0
69.0
33.0
43.0
69.0
87.0
33.0
65.0
82.0
129.0
52.0
132.0
34.0
42.0
49.0
70.0
29.0
79.0
23.0
63.0
108.0
40.0
112.0
92.0
51.0
43.0
49.0
78.0
57.0
45.0
32.0
42.0
87.0
52.0
51.0
78.0
68.0
84.0
96.0
112.0
45.0
74.0
60.0
72.0
41.0
58.0
58.0
50.0
61.0
63.0
85.0
76.0
75.0
62.0
113.0
76.0
46.0
80.0
95.0
76.0
45.0
52.0
83.0
77.0
60.0
47.0
46.0
82.0
76.0
59.0
40.0
60.0
52.0
66.0
94.0
69.0
65.0
40.0
43.0
60.0
127.0
70.0
44.0
61.0
103.0
39.0
65.0
118.0
34.0
58.0
63.0
107.0
79.0
46.0
100.0
92.0
38.0
88.0
63.0
61.0
92.0
23.0
129.0
27.0
75.0
58.0
84.0
56.0
48.0
44.0
48.0
41.0
70.0
60.0
62.0
50.0
75.0
100.0
47.0
74.0
65.0
43.0
49.0
85.0
53.0
65.0
54.0
85.0
50.0
105.0
69.0
69.0
62.0
51.0
44.0
33.0
69.0
61.0
61.0
34.0
73.0
67.0
50.0
34.0
76.0
77.0
47.0
105.0
106.0
40.0
27.0
87.0
48.0
39.0
103.0
59.0
89.0
52.0
107.0
92.0
39.0
89.0
155.0
112.0
33.0
18.0
124.0
82.0
33.0
56.0
62.0
50.0
89.0
48.0
77.0
67.0
40.0
51.0
74.0
54.0
32.0
39.0
97.0
46.0
72.0
49.0
72.0
54.0
79.0
94.0
69.0
50.0
41.0
21.0
110.0
46.0
54.0
47.0
82.0
102.0
71.0
38.0
71.0
108.0
79.0
78.0
99.0
84.0
45.0
63.0
47.0
25.0
92.0
62.0
41.0
46.0
76.0
58.0
73.0
77.0
52.0
113.0
48.0
64.0
88.0
46.0
27.0
122.0
44.0
64.0
35.0
68.0
39.0
36.0
94.0
68.0
63.0
33.0
40.0
65.0
66.0
88.0
60.0
52.0
52.0
65.0
47.0
34.0
81.0
70.0
49.0
33.0
31.0
40.0
25.0
116.0
66.0
73.0
29.0
30.0
41.0
55.0
76.0
115.0
87.0
66.0
60.0
137.0
41.0
67.0
89.0
61.0
91.0
32.0
40.0
87.0
128.0
87.0
44.0
47.0
73.0
46.0
79.0
73.0
49.0
54.0
119.0
85.0
86.0
66.0
185.0
117.0
42.0
31.0
87.0
58.0
52.0
76.0
152.0
24.0
73.0
49.0
42.0
89.0
57.0
76.0
60.0
70.0
71.0
47.0
145.0
86.0
51.0
116.0
43.0
43.0
55.0
36.0
78.0
48.0
98.0
48.0
76.0
35.0
39.0
58.0
33.0
77.0
36.0
34.0
46.0
49.0
41.0
55.0
90.0
100.0
58.0
50.0
46.0
30.0
113.0
45.0
70.0
65.0
43.0
47.0
107.0
77.0
54.0
57.0
81.0
90.0
109.0
49.0
55.0
34.0
63.0
40.0
40.0
38.0
22.0
64.0
62.0
35.0
127.0
34.0
68.0
34.0
95.0
25.0
49.0
47.0
80.0
36.0
76.0
55.0
89.0
71.0
72.0
63.0
26.0
61.0
40.0
22.0
56.0
77.0
59.0
133.0
42.0
265.0
78.0
36.0
75.0
64.0
44.0
87.0
59.0
85.0
66.0
39.0
28.0
17.0
30.0
33.0
29.0
69.0
107.0
44.0
45.0
68.0
75.0
64.0
54.0
61.0
45.0
87.0
46.0
76.0
39.0
50.0
121.0
67.0
89.0
37.0
48.0
82.0
59.0
51.0
60.0
45.0
103.0
63.0
32.0
45.0
33.0
96.0
78.0
33.0
61.0
36.0
42.0
112.0
35.0
60.0
68.0
73.0
80.0
47.0
64.0
98.0
71.0
52.0
72.0
26.0
87.0
63.0
61.0
50.0
17.0
95.0
84.0
28.0
151.0
32.0
77.0
27.0
65.0
65.0
94.0
54.0
86.0
58.0
78.0
70.0
73.0
68.0
38.0
42.0
75.0
101.0
42.0
61.0
117.0
60.0
52.0
47.0
92.0
65.0
65.0
83.0
72.0
76.0
24.0
79.0
60.0
90.0
56.0
45.0
81.0
25.0
47.0
62.0
92.0
67.0
58.0
39.0
79.0
141.0
48.0
50.0
84.0
48.0
79.0
91.0
99.0
55.0
73.0
42.0
16.0
73.0
62.0
85.0
39.0
50.0
71.0
65.0
54.0
52.0
120.0
41.0
37.0
63.0
99.0
70.0
44.0
71.0
49.0
97.0
35.0
55.0
51.0
59.0
64.0
70.0
40.0
46.0
49.0
27.0
95.0
95.0
49.0
121.0
59.0
81.0
40.0
107.0
46.0
47.0
48.0
79.0
63.0
52.0
99.0
82.0
60.0
67.0
42.0
85.0
44.0
129.0
58.0
50.0
44.0
77.0
99.0
51.0
34.0
46.0
64.0
64.0
32.0
88.0
49.0
88.0
48.0
91.0
48.0
45.0
107.0
40.0
63.0
56.0
51.0
38.0
135.0
69.0
81.0
59.0
58.0
131.0
80.0
52.0
75.0
71.0
46.0
123.0
72.0
61.0
49.0
11.0
45.0
48.0
29.0
104.0
85.0
85.0
38.0
68.0
114.0
38.0
32.0
69.0
51.0
32.0
104.0
44.0
56.0
99.0
145.0
17.0
40.0
81.0
153.0
48.0
33.0
50.0
89.0
45.0
62.0
37.0
59.0
67.0
38.0
56.0
66.0
44.0
69.0
51.0
57.0
130.0
52.0
66.0
71.0
98.0
54.0
77.0
43.0
41.0
62.0
48.0
99.0
86.0
135.0
117.0
76.0
78.0
65.0
60.0
128.0
52.0
61.0
61.0
29.0
58.0
85.0
127.0
100.0
118.0
76.0
56.0
76.0
39.0
26.0
38.0
28.0
52.0
63.0
75.0
50.0
38.0
39.0
67.0
59.0
73.0
91.0
82.0
48.0
84.0
100.0
64.0
83.0
61.0
86.0
164.0
35.0
59.0
81.0
103.0
55.0
28.0
74.0
69.0
68.0
21.0
75.0
84.0
82.0
51.0
32.0
56.0
135.0
59.0
100.0
56.0
33.0
39.0
63.0
68.0
106.0
56.0
46.0
74.0
38.0
115.0
95.0
66.0
64.0
59.0
55.0
39.0
34.0
30.0
54.0
49.0
53.0
85.0
40.0
73.0
85.0
85.0
87.0
83.0
119.0
54.0
29.0
94.0
154.0
87.0
111.0
70.0
42.0
62.0
97.0
40.0
117.0
50.0
94.0
83.0
17.0
57.0
56.0
78.0
49.0
109.0
34.0
33.0
107.0
26.0
106.0
42.0
102.0
129.0
60.0
58.0
62.0
84.0
33.0
42.0
102.0
90.0
152.0
63.0
52.0
31.0
70.0
38.0
131.0
61.0
162.0
103.0
58.0
42.0
103.0
65.0
131.0
26.0
54.0
89.0
53.0
48.0
112.0
14.0
30.0
68.0
74.0
37.0
64.0
55.0
53.0
43.0
28.0
51.0
91.0
140.0
150.0
32.0
43.0
44.0
79.0
26.0
50.0
61.0
39.0
64.0
68.0
96.0
56.0
62.0
43.0
109.0
48.0
102.0
43.0
66.0
87.0
35.0
101.0
72.0
62.0
108.0
48.0
108.0
108.0
33.0
84.0
69.0
77.0
61.0
165.0
53.0
49.0
61.0
61.0
59.0
86.0
36.0
128.0
58.0
69.0
59.0
69.0
67.0
84.0
109.0
29.0
44.0
41.0
107.0
59.0
37.0
60.0
69.0
85.0
84.0
75.0
50.0
109.0
70.0
85.0
95.0
67.0
90.0
63.0
84.0
89.0
78.0
55.0
14.0
80.0
86.0
129.0
55.0
78.0
110.0
38.0
121.0
72.0
118.0
50.0
42.0
68.0
137.0
103.0
29.0
68.0
119.0
64.0
48.0
46.0
88.0
41.0
45.0
44.0
78.0
53.0
100.0
43.0
39.0
74.0
107.0
47.0
52.0
63.0
60.0
10.0
73.0
42.0
97.0
109.0
129.0
51.0
94.0
84.0
49.0
54.0
68.0
45.0
50.0
59.0
55.0
63.0
72.0
92.0
26.0
144.0
186.0
45.0
54.0
73.0
54.0
53.0
84.0
67.0
55.0
65.0
50.0
67.0
64.0
28.0
55.0
134.0
99.0
80.0
78.0
27.0
57.0
93.0
51.0
93.0
66.0
35.0
70.0
59.0
94.0
72.0
77.0
62.0
47.0
44.0
123.0
208.0
22.0
129.0
39.0
58.0
109.0
33.0
28.0
90.0
113.0
87.0
48.0
65.0
66.0
118.0
56.0
81.0
35.0
78.0
76.0
66.0
88.0
31.0
39.0
29.0
62.0
86.0
115.0
92.0
68.0
73.0
32.0
59.0
52.0
34.0
60.0
29.0
79.0
87.0
63.0
122.0
61.0
69.0
56.0
50.0
57.0
48.0
69.0
31.0
118.0
46.0
131.0
63.0
73.0
67.0
101.0
51.0
76.0
112.0
72.0
52.0
65.0
38.0
45.0
28.0
65.0
116.0
31.0
58.0
47.0
49.0
111.0
53.0
90.0
69.0
47.0
79.0
55.0
57.0
40.0
62.0
28.0
72.0
51.0
58.0
54.0
37.0
116.0
51.0
51.0
66.0
34.0
103.0
37.0
103.0
13.0
108.0
35.0
95.0
64.0
84.0
76.0
53.0
74.0
102.0
75.0
84.0
15.0
49.0
60.0
71.0
45.0
39.0
84.0
24.0
64.0
43.0
75.0
51.0
110.0
99.0
57.0
27.0
35.0
75.0
104.0
53.0
38.0
56.0
71.0
60.0
75.0
81.0
100.0
47.0
95.0
55.0
55.0
70.0
152.0
38.0
75.0
90.0
43.0
74.0
19.0
114.0
43.0
42.0
35.0
58.0
24.0
33.0
73.0
48.0
59.0
94.0
45.0
64.0
41.0
91.0
61.0
81.0
59.0
57.0
49.0
56.0
51.0
42.0
70.0
95.0
53.0
79.0
90.0
28.0
76.0
120.0
74.0
63.0
51.0
41.0
78.0
53.0
79.0
91.0
118.0
25.0
73.0
82.0
25.0
49.0
70.0
33.0
71.0
70.0
36.0
37.0
58.0
73.0
26.0
102.0
67.0
44.0
130.0
39.0
115.0
94.0
53.0
25.0
59.0
63.0
88.0
57.0
41.0
71.0
51.0
114.0
51.0
38.0
56.0
69.0
46.0
57.0
39.0
51.0
48.0
80.0
25.0
65.0
74.0
63.0
103.0
55.0
79.0
82.0
69.0
104.0
31.0
50.0
67.0
58.0
22.0
51.0
50.0
77.0
96.0
28.0
42.0
31.0
71.0
93.0
75.0
111.0
52.0
43.0
91.0
39.0
71.0
152.0
49.0
67.0
87.0
48.0
53.0
22.0
69.0
76.0
24.0
72.0
75.0
60.0
107.0
143.0
78.0
200.0
61.0
29.0
85.0
120.0
26.0
76.0
68.0
72.0
41.0
18.0
69.0
85.0
138.0
47.0
92.0
88.0
43.0
40.0
79.0
36.0
78.0
114.0
41.0
42.0
51.0
45.0
104.0
112.0
28.0
115.0
78.0
69.0
27.0
29.0
25.0
56.0
47.0
60.0
30.0
43.0
93.0
112.0
88.0
89.0
83.0
89.0
74.0
22.0
19.0
95.0
39.0
31.0
44.0
38.0
16.0
43.0
43.0
96.0
37.0
50.0
30.0
32.0
56.0
47.0
103.0
51.0
65.0
58.0
51.0
133.0
111.0
24.0
67.0
64.0
77.0
130.0
61.0
85.0
58.0
148.0
38.0
81.0
77.0
46.0
22.0
38.0
59.0
48.0
49.0
41.0
23.0
57.0
118.0
39.0
54.0
73.0
43.0
82.0
49.0
44.0
108.0
58.0
23.0
76.0
38.0
41.0
70.0
125.0
51.0
54.0
66.0
74.0
27.0
39.0
50.0
20.0
68.0
130.0
137.0
73.0
58.0
32.0
64.0
43.0
60.0
25.0
79.0
57.0
109.0
63.0
90.0
43.0
59.0
55.0
76.0
32.0
41.0
50.0
61.0
37.0
69.0
47.0
30.0
41.0
80.0
66.0
71.0
52.0
56.0
44.0
50.0
83.0
84.0
67.0
35.0
41.0
88.0
41.0
27.0
84.0
62.0
57.0
39.0
111.0
39.0
85.0
107.0
38.0
117.0
100.0
33.0
53.0
37.0
65.0
47.0
26.0
92.0
93.0
25.0
100.0
66.0
78.0
44.0
47.0
170.0
44.0
31.0
41.0
74.0
48.0
58.0
73.0
29.0
68.0
78.0
37.0
41.0
88.0
91.0
67.0
92.0
67.0
47.0
72.0
60.0
80.0
171.0
80.0
51.0
98.0
27.0
66.0
35.0
51.0
82.0
66.0
69.0
87.0
80.0
76.0
85.0
58.0
51.0
69.0
65.0
92.0
69.0
50.0
99.0
100.0
105.0
45.0
84.0
55.0
75.0
89.0
64.0
26.0
74.0
77.0
45.0
17.0
131.0
55.0
42.0
102.0
46.0
143.0
97.0
46.0
47.0
69.0
145.0
72.0
53.0
95.0
114.0
76.0
95.0
42.0
99.0
62.0
89.0
55.0
78.0
35.0
28.0
54.0
29.0
56.0
44.0
77.0
41.0
118.0
53.0
58.0
67.0
49.0
65.0
63.0
39.0
82.0
48.0
85.0
59.0
69.0
25.0
84.0
81.0
112.0
90.0
37.0
67.0
56.0
79.0
35.0
59.0
39.0
45.0
68.0
151.0
72.0
85.0
89.0
61.0
57.0
53.0
59.0
131.0
87.0
52.0
39.0
42.0
45.0
68.0
57.0
99.0
63.0
47.0
44.0
52.0
85.0
70.0
93.0
27.0
63.0
40.0
68.0
153.0
79.0
95.0
103.0
96.0
63.0
24.0
99.0
92.0
85.0
120.0
136.0
77.0
69.0
63.0
80.0
24.0
54.0
69.0
57.0
55.0
15.0
53.0
66.0
159.0
125.0
28.0
68.0
80.0
23.0
50.0
90.0
67.0
35.0
38.0
72.0
73.0
51.0
78.0
51.0
69.0
87.0
33.0
99.0
81.0
103.0
53.0
108.0
93.0
37.0
88.0
77.0
29.0
35.0
91.0
48.0
123.0
107.0
50.0
85.0
32.0
38.0
41.0
55.0
60.0
77.0
51.0
65.0
115.0
89.0
91.0
50.0
40.0
39.0
32.0
65.0
131.0
103.0
87.0
30.0
59.0
61.0
119.0
101.0
75.0
50.0
63.0
55.0
68.0
47.0
118.0
75.0
104.0
87.0
93.0
95.0
66.0
70.0
129.0
36.0
82.0
25.0
73.0
37.0
77.0
58.0
90.0
90.0
73.0
99.0
36.0
50.0
45.0
144.0
61.0
20.0
37.0
82.0
83.0
11.0
40.0
45.0
99.0
76.0
74.0
54.0
45.0
32.0
160.0
66.0
52.0
107.0
73.0
42.0
59.0
65.0
49.0
72.0
95.0
43.0
44.0
79.0
41.0
29.0
82.0
136.0
31.0
62.0
37.0
166.0
123.0
92.0
184.0
121.0
27.0
28.0
40.0
82.0
95.0
76.0
59.0
43.0
52.0
112.0
67.0
81.0
75.0
58.0
31.0
23.0
147.0
96.0
73.0
115.0
82.0
50.0
72.0
50.0
137.0
66.0
20.0
68.0
41.0
103.0
74.0
96.0
74.0
125.0
117.0
49.0
132.0
53.0
140.0
95.0
60.0
118.0
110.0
44.0
87.0
80.0
89.0
65.0
37.0
49.0
104.0
19.0
83.0
117.0
54.0
35.0
98.0
98.0
113.0
38.0
38.0
63.0
56.0
52.0
47.0
54.0
60.0
68.0
15.0
33.0
109.0
94.0
60.0
33.0
18.0
106.0
62.0
65.0
105.0
112.0
150.0
59.0
35.0
20.0
123.0
38.0
54.0
92.0
166.0
34.0
87.0
60.0
115.0
51.0
83.0
68.0
141.0
101.0
40.0
50.0
125.0
58.0
102.0
77.0
74.0
52.0
44.0
30.0
55.0
29.0
33.0
53.0
48.0
34.0
56.0
32.0
75.0
72.0
78.0
67.0
81.0
118.0
43.0
98.0
91.0
74.0
61.0
27.0
74.0
90.0
77.0
122.0
51.0
37.0
183.0
36.0
88.0
61.0
97.0
90.0
110.0
60.0
37.0
86.0
132.0
35.0
76.0
85.0
48.0
80.0
38.0
50.0
38.0
21.0
91.0
51.0
64.0
71.0
81.0
64.0
36.0
121.0
46.0
36.0
23.0
34.0
103.0
41.0
24.0
100.0
25.0
41.0
81.0
31.0
70.0
74.0
91.0
36.0
96.0
87.0
16.0
51.0
56.0
25.0
101.0
115.0
102.0
34.0
160.0
69.0
195.0
70.0
34.0
127.0
21.0
39.0
25.0
102.0
44.0
151.0
23.0
95.0
89.0
72.0
23.0
52.0
41.0
30.0
96.0
37.0
28.0
51.0
80.0
68.0
59.0
74.0
30.0
68.0
76.0
43.0
59.0
30.0
61.0
56.0
75.0
49.0
60.0
88.0
153.0
173.0
43.0
130.0
76.0
48.0
59.0
58.0
116.0
33.0
45.0
68.0
62.0
48.0
64.0
82.0
32.0
209.0
65.0
49.0
54.0
70.0
53.0
83.0
59.0
63.0
44.0
129.0
59.0
27.0
82.0
118.0
52.0
102.0
42.0
80.0
50.0
28.0
62.0
34.0
25.0
93.0
44.0
69.0
51.0
92.0
29.0
54.0
17.0
72.0
11.0
23.0
52.0
74.0
47.0
89.0
97.0
21.0
90.0
53.0
30.0
60.0
73.0
185.0
47.0
22.0
110.0
33.0
49.0
65.0
72.0
47.0
22.0
54.0
124.0
121.0
36.0
65.0
95.0
41.0
68.0
75.0
56.0
25.0
28.0
67.0
50.0
92.0
68.0
33.0
81.0
38.0
96.0
85.0
92.0
25.0
39.0
32.0
73.0
108.0
78.0
55.0
192.0
89.0
79.0
93.0
73.0
139.0
32.0
33.0
29.0
61.0
22.0
70.0
123.0
102.0
63.0
46.0
93.0
22.0
35.0
167.0
92.0
228.0
41.0
72.0
31.0
46.0
72.0
41.0
70.0
43.0
52.0
158.0
115.0
61.0
48.0
31.0
39.0
87.0
40.0
19.0
43.0
33.0
48.0
102.0
109.0
15.0
76.0
83.0
38.0
30.0
90.0
11.0
133.0
58.0
47.0
101.0
36.0
32.0
49.0
66.0
47.0
39.0
75.0
41.0
91.0
63.0
78.0
29.0
57.0
54.0
133.0
81.0
83.0
59.0
31.0
63.0
236.0
81.0
64.0
37.0
53.0
63.0
74.0
84.0
46.0
44.0
36.0
77.0
52.0
95.0
53.0
110.0
88.0
49.0
55.0
88.0
70.0
62.0
65.0
106.0
82.0
41.0
42.0
56.0
85.0
49.0
55.0
76.0
39.0
111.0
89.0
133.0
51.0
41.0
198.0
33.0
46.0
58.0
27.0
88.0
68.0
49.0
87.0
34.0
144.0
65.0
42.0
75.0
103.0
46.0
34.0
111.0
48.0
60.0
56.0
25.0
49.0
33.0
81.0
43.0
66.0
34.0
85.0
51.0
28.0
65.0
28.0
60.0
78.0
55.0
34.0
45.0
87.0
61.0
49.0
50.0
170.0
51.0
49.0
69.0
66.0
101.0
70.0
75.0
38.0
34.0
42.0
62.0
66.0
82.0
80.0
59.0
138.0
44.0
40.0
18.0
44.0
83.0
90.0
66.0
44.0
72.0
52.0
56.0
72.0
25.0
96.0
61.0
34.0
46.0
87.0
39.0
98.0
104.0
31.0
87.0
72.0
50.0
61.0
102.0
120.0
96.0
100.0
79.0
35.0
48.0
45.0
48.0
72.0
111.0
81.0
30.0
72.0
19.0
89.0
186.0
97.0
36.0
39.0
60.0
37.0
33.0
30.0
157.0
38.0
55.0
89.0
38.0
100.0
57.0
68.0
41.0
46.0
86.0
49.0
26.0
96.0
58.0
83.0
54.0
43.0
27.0
57.0
24.0
71.0
84.0
39.0
65.0
68.0
41.0
102.0
76.0
63.0
71.0
69.0
74.0
107.0
68.0
107.0
35.0
51.0
91.0
37.0
75.0
51.0
71.0
81.0
52.0
27.0
93.0
57.0
57.0
52.0
74.0
59.0
28.0
78.0
61.0
25.0
42.0
47.0
14.0
104.0
63.0
149.0
47.0
65.0
74.0
177.0
38.0
56.0
36.0
78.0
104.0
67.0
29.0
68.0
122.0
47.0
26.0
75.0
69.0
18.0
49.0
50.0
83.0
35.0
67.0
84.0
33.0
105.0
47.0
89.0
34.0
55.0
40.0
104.0
78.0
20.0
60.0
62.0
70.0
92.0
114.0
88.0
54.0
55.0
31.0
82.0
58.0
59.0
71.0
82.0
80.0
63.0
42.0
42.0
73.0
17.0
44.0
167.0
36.0
27.0
52.0
76.0
75.0
21.0
77.0
63.0
50.0
56.0
71.0
49.0
56.0
33.0
37.0
100.0
55.0
66.0
32.0
37.0
57.0
18.0
81.0
57.0
64.0
111.0
63.0
110.0
42.0
55.0
174.0
29.0
79.0
62.0
56.0
153.0
45.0
54.0
63.0
69.0
102.0
55.0
80.0
54.0
50.0
68.0
38.0
106.0
94.0
83.0
51.0
42.0
74.0
78.0
39.0
54.0
48.0
68.0
83.0
95.0
34.0
67.0
172.0
54.0
71.0
61.0
67.0
76.0
55.0
88.0
50.0
70.0
110.0
76.0
88.0
60.0
62.0
69.0
28.0
122.0
35.0
92.0
28.0
131.0
91.0
66.0
66.0
54.0
32.0
13.0
124.0
120.0
96.0
52.0
129.0
56.0
102.0
90.0
53.0
137.0
54.0
67.0
64.0
69.0
64.0
42.0
26.0
72.0
156.0
83.0
35.0
60.0
73.0
18.0
54.0
67.0
15.0
28.0
70.0
137.0
81.0
29.0
88.0
198.0
50.0
101.0
35.0
48.0
48.0
32.0
65.0
58.0
51.0
30.0
80.0
76.0
62.0
95.0
118.0
85.0
78.0
58.0
54.0
36.0
54.0
100.0
56.0
79.0
41.0
49.0
74.0
29.0
44.0
41.0
129.0
74.0
23.0
42.0
75.0
46.0
91.0
161.0
105.0
81.0
58.0
98.0
30.0
23.0
67.0
118.0
37.0
58.0
108.0
44.0
26.0
99.0
109.0
49.0
65.0
70.0
45.0
46.0
108.0
44.0
296.0
34.0
40.0
137.0
34.0
106.0
48.0
46.0
48.0
82.0
33.0
36.0
142.0
81.0
65.0
83.0
77.0
87.0
42.0
60.0
88.0
73.0
27.0
40.0
59.0
27.0
47.0
169.0
84.0
91.0
33.0
56.0
54.0
135.0
40.0
50.0
72.0
38.0
115.0
64.0
38.0
84.0
70.0
64.0
55.0
86.0
113.0
87.0
46.0
167.0
90.0
75.0
31.0
137.0
39.0
23.0
38.0
94.0
103.0
60.0
51.0
101.0
65.0
71.0
46.0
102.0
155.0
29.0
65.0
58.0
99.0
108.0
44.0
88.0
30.0
22.0
84.0
123.0
76.0
53.0
98.0
78.0
157.0
52.0
48.0
48.0
61.0
31.0
91.0
70.0
78.0
19.0
44.0
38.0
100.0
99.0
27.0
67.0
91.0
26.0
48.0
64.0
108.0
82.0
141.0
64.0
66.0
111.0
49.0
120.0
29.0
38.0
31.0
69.0
81.0
178.0
49.0
41.0
68.0
84.0
23.0
102.0
58.0
74.0
13.0
59.0
44.0
85.0
62.0
28.0
62.0
57.0
30.0
137.0
72.0
67.0
43.0
74.0
93.0
64.0
80.0
43.0
46.0
82.0
32.0
154.0
143.0
47.0
72.0
77.0
93.0
34.0
83.0
84.0
38.0
51.0
96.0
36.0
137.0
38.0
67.0
53.0
58.0
56.0
28.0
79.0
104.0
102.0
49.0
47.0
38.0
127.0
102.0
46.0
224.0
43.0
19.0
15.0
80.0
21.0
107.0
38.0
16.0
69.0
68.0
15.0
171.0
101.0
59.0
35.0
78.0
51.0
54.0
112.0
122.0
102.0
144.0
71.0
32.0
20.0
114.0
57.0
6.0
30.0
88.0
73.0
66.0
26.0
59.0
33.0
58.0
41.0
27.0
31.0
58.0
43.0
18.0
125.0
65.0
58.0
47.0
53.0
156.0
71.0
65.0
156.0
141.0
88.0
114.0
61.0
85.0
57.0
70.0
36.0
50.0
76.0
87.0
80.0
85.0
66.0
56.0
49.0
79.0
53.0
60.0
127.0
47.0
41.0
39.0
137.0
112.0
32.0
51.0
51.0
75.0
65.0
79.0
41.0
67.0
43.0
73.0
70.0
66.0
34.0
60.0
72.0
61.0
87.0
129.0
88.0
49.0
42.0
53.0
27.0
49.0
38.0
88.0
95.0
38.0
55.0
43.0
48.0
108.0
88.0
50.0
194.0
81.0
33.0
84.0
31.0
37.0
38.0
122.0
39.0
21.0
60.0
47.0
51.0
45.0
58.0
96.0
48.0
47.0
66.0
105.0
60.0
58.0
34.0
25.0
116.0
96.0
55.0
65.0
50.0
118.0
100.0
67.0
33.0
58.0
35.0
70.0
152.0
29.0
121.0
23.0
60.0
110.0
25.0
109.0
107.0
202.0
44.0
97.0
78.0
28.0
86.0
56.0
33.0
49.0
45.0
115.0
63.0
34.0
59.0
96.0
44.0
45.0
39.0
55.0
60.0
27.0
64.0
98.0
77.0
105.0
54.0
28.0
44.0
57.0
48.0
81.0
40.0
65.0
32.0
36.0
73.0
132.0
201.0
42.0
260.0
60.0
76.0
39.0
109.0
61.0
72.0
48.0
32.0
21.0
54.0
49.0
95.0
46.0
52.0
35.0
61.0
62.0
91.0
50.0
63.0
30.0
47.0
83.0
77.0
55.0
81.0
25.0
70.0
76.0
99.0
68.0
63.0
42.0
111.0
40.0
113.0
92.0
21.0
62.0
47.0
64.0
82.0
76.0
168.0
50.0
46.0
88.0
42.0
64.0
198.0
116.0
99.0
43.0
67.0
138.0
119.0
78.0
87.0
8.0
136.0
81.0
18.0
56.0
83.0
31.0
47.0
99.0
58.0
42.0
120.0
34.0
74.0
46.0
98.0
56.0
24.0
100.0
69.0
58.0
98.0
84.0
51.0
79.0
98.0
77.0
100.0
54.0
39.0
25.0
62.0
90.0
166.0
46.0
104.0
49.0
37.0
62.0
51.0
67.0
377.0
68.0
44.0
123.0
48.0
48.0
135.0
26.0
55.0
126.0
52.0
35.0
114.0
27.0
72.0
57.0
54.0
163.0
199.0
59.0
49.0
118.0
28.0
51.0
58.0
30.0
68.0
70.0
127.0
45.0
132.0
44.0
42.0
39.0
60.0
69.0
22.0
24.0
64.0
55.0
60.0
31.0
55.0
69.0
108.0
53.0
63.0
46.0
402.0
71.0
29.0
46.0
119.0
54.0
41.0
94.0
75.0
25.0
32.0
72.0
54.0
56.0
30.0
53.0
94.0
191.0
42.0
97.0
51.0
68.0
84.0
54.0
142.0
53.0
107.0
178.0
92.0
35.0
46.0
40.0
87.0
76.0
115.0
101.0
54.0
93.0
79.0
101.0
53.0
113.0
34.0
60.0
66.0
94.0
35.0
57.0
37.0
33.0
119.0
47.0
69.0
55.0
24.0
52.0
96.0
50.0
18.0
59.0
72.0
79.0
96.0
62.0
59.0
97.0
98.0
60.0
26.0
59.0
113.0
158.0
119.0
30.0
121.0
59.0
63.0
68.0
71.0
78.0
100.0
80.0
68.0
58.0
205.0
63.0
50.0
69.0
44.0
96.0
74.0
43.0
116.0
51.0
94.0
34.0
47.0
75.0
112.0
40.0
54.0
99.0
27.0
20.0
97.0
56.0
65.0
49.0
36.0
73.0
60.0
96.0
100.0
60.0
66.0
80.0
28.0
52.0
175.0
24.0
57.0
67.0
66.0
60.0
47.0
129.0
22.0
77.0
58.0
61.0
109.0
32.0
45.0
68.0
152.0
49.0
50.0
54.0
74.0
62.0
104.0
45.0
56.0
97.0
61.0
62.0
96.0
21.0
101.0
53.0
48.0
87.0
59.0
37.0
66.0
48.0
49.0
64.0
51.0
111.0
65.0
65.0
12.0
79.0
76.0
68.0
33.0
93.0
85.0
27.0
19.0
72.0
102.0
50.0
78.0
56.0
50.0
55.0
39.0
82.0
100.0
134.0
37.0
36.0
94.0
63.0
85.0
47.0
33.0
38.0
59.0
45.0
44.0
40.0
25.0
51.0
32.0
107.0
78.0
49.0
159.0
61.0
86.0
37.0
38.0
35.0
52.0
40.0
147.0
83.0
108.0
24.0
41.0
147.0
81.0
44.0
45.0
30.0
43.0
47.0
46.0
27.0
57.0
33.0
48.0
30.0
89.0
53.0
117.0
28.0
61.0
101.0
28.0
73.0
65.0
64.0
61.0
39.0
49.0
53.0
21.0
45.0
18.0
59.0
45.0
111.0
71.0
45.0
123.0
71.0
112.0
27.0
67.0
38.0
52.0
93.0
29.0
49.0
42.0
127.0
78.0
69.0
46.0
36.0
75.0
41.0
23.0
90.0
46.0
42.0
79.0
45.0
62.0
41.0
61.0
87.0
25.0
71.0
78.0
85.0
39.0
70.0
81.0
35.0
52.0
40.0
46.0
59.0
43.0
41.0
39.0
25.0
78.0
32.0
70.0
58.0
73.0
40.0
82.0
99.0
36.0
91.0
121.0
64.0
35.0
62.0
43.0
61.0
175.0
117.0
96.0
124.0
39.0
38.0
25.0
36.0
95.0
60.0
20.0
184.0
28.0
71.0
51.0
81.0
45.0
59.0
46.0
34.0
40.0
55.0
61.0
145.0
61.0
84.0
86.0
26.0
60.0
31.0
64.0
53.0
71.0
84.0
58.0
136.0
56.0
69.0
56.0
108.0
16.0
74.0
92.0
43.0
68.0
24.0
66.0
37.0
82.0
89.0
70.0
73.0
47.0
30.0
85.0
128.0
88.0
58.0
86.0
63.0
83.0
37.0
24.0
80.0
69.0
61.0
31.0
41.0
83.0
101.0
58.0
49.0
50.0
27.0
89.0
86.0
102.0
94.0
35.0
22.0
95.0
79.0
78.0
82.0
21.0
108.0
41.0
44.0
87.0
145.0
42.0
29.0
125.0
50.0
100.0
14.0
65.0
192.0
29.0
49.0
55.0
91.0
84.0
60.0
31.0
79.0
48.0
32.0
29.0
55.0
79.0
65.0
27.0
48.0
40.0
57.0
27.0
61.0
57.0
77.0
96.0
57.0
87.0
42.0
87.0
81.0
95.0
39.0
69.0
109.0
67.0
44.0
77.0
118.0
71.0
65.0
53.0
50.0
40.0
34.0
33.0
93.0
121.0
91.0
16.0
61.0
110.0
56.0
40.0
45.0
76.0
31.0
148.0
85.0
69.0
79.0
30.0
27.0
31.0
41.0
165.0
108.0
79.0
45.0
25.0
56.0
75.0
62.0
102.0
66.0
81.0
129.0
33.0
39.0
60.0
28.0
86.0
59.0
110.0
44.0
40.0
51.0
38.0
44.0
50.0
77.0
47.0
66.0
39.0
34.0
24.0
89.0
55.0
59.0
32.0
173.0
56.0
65.0
52.0
84.0
40.0
121.0
61.0
85.0
73.0
33.0
30.0
41.0
17.0
66.0
57.0
47.0
68.0
77.0
42.0
171.0
77.0
38.0
54.0
63.0
121.0
95.0
62.0
63.0
63.0
77.0
45.0
48.0
76.0
30.0
78.0
172.0
72.0
25.0
40.0
51.0
29.0
70.0
50.0
95.0
103.0
42.0
114.0
45.0
76.0
115.0
42.0
177.0
22.0
36.0
42.0
65.0
83.0
58.0
54.0
85.0
45.0
71.0
45.0
138.0
77.0
44.0
72.0
85.0
63.0
117.0
73.0
37.0
23.0
84.0
70.0
139.0
54.0
57.0
19.0
102.0
79.0
32.0
112.0
22.0
69.0
60.0
51.0
116.0
45.0
61.0
48.0
61.0
42.0
61.0
46.0
87.0
45.0
80.0
49.0
90.0
114.0
122.0
51.0
56.0
94.0
25.0
73.0
203.0
51.0
47.0
34.0
67.0
69.0
55.0
53.0
31.0
54.0
66.0
195.0
21.0
72.0
107.0
86.0
94.0
121.0
61.0
25.0
130.0
88.0
52.0
43.0
28.0
80.0
134.0
33.0
108.0
606.0
90.0
110.0
42.0
49.0
91.0
73.0
42.0
84.0
25.0
74.0
95.0
40.0
46.0
62.0
35.0
47.0
17.0
34.0
63.0
16.0
37.0
59.0
28.0
123.0
69.0
82.0
60.0
51.0
77.0
118.0
46.0
75.0
51.0
94.0
39.0
44.0
237.0
36.0
114.0
58.0
74.0
40.0
62.0
55.0
68.0
69.0
154.0
108.0
51.0
88.0
34.0
166.0
60.0
114.0
57.0
102.0
98.0
120.0
63.0
144.0
57.0
117.0
48.0
35.0
38.0
79.0
48.0
144.0
42.0
53.0
34.0
66.0
41.0
91.0
107.0
92.0
75.0
91.0
94.0
68.0
21.0
159.0
68.0
31.0
174.0
40.0
97.0
89.0
31.0
46.0
55.0
55.0
90.0
55.0
119.0
53.0
171.0
43.0
69.0
56.0
43.0
100.0
82.0
21.0
168.0
17.0
96.0
58.0
28.0
35.0
101.0
78.0
94.0
44.0
89.0
52.0
29.0
103.0
68.0
45.0
74.0
60.0
93.0
25.0
64.0
33.0
72.0
86.0
36.0
34.0
86.0
89.0
40.0
91.0
86.0
54.0
56.0
78.0
27.0
46.0
765.0
49.0
99.0
78.0
55.0
179.0
111.0
76.0
37.0
103.0
114.0
13.0
46.0
61.0
79.0
42.0
61.0
150.0
62.0
45.0
34.0
58.0
136.0
35.0
58.0
54.0
66.0
71.0
17.0
39.0
205.0
85.0
39.0
78.0
29.0
174.0
97.0
54.0
135.0
70.0
76.0
73.0
54.0
90.0
61.0
85.0
41.0
51.0
25.0
60.0
30.0
74.0
54.0
71.0
42.0
74.0
116.0
54.0
56.0
111.0
31.0
43.0
43.0
129.0
95.0
57.0
46.0
197.0
37.0
129.0
105.0
32.0
59.0
35.0
53.0
97.0
137.0
49.0
181.0
36.0
74.0
44.0
110.0
55.0
38.0
46.0
33.0
65.0
33.0
74.0
97.0
51.0
179.0
52.0
140.0
38.0
126.0
66.0
28.0
82.0
72.0
65.0
73.0
126.0
121.0
63.0
247.0
100.0
76.0
150.0
53.0
58.0
36.0
95.0
73.0
32.0
52.0
71.0
49.0
37.0
49.0
116.0
71.0
53.0
69.0
88.0
36.0
82.0
34.0
66.0
113.0
59.0
37.0
124.0
111.0
82.0
32.0
27.0
44.0
89.0
39.0
169.0
58.0
80.0
52.0
113.0
51.0
52.0
43.0
60.0
48.0
56.0
67.0
264.0
43.0
53.0
67.0
52.0
126.0
41.0
177.0
97.0
126.0
43.0
37.0
92.0
55.0
25.0
30.0
104.0
25.0
81.0
72.0
67.0
80.0
45.0
42.0
77.0
72.0
138.0
192.0
46.0
52.0
44.0
115.0
102.0
75.0
64.0
30.0
83.0
29.0
46.0
54.0
59.0
108.0
105.0
71.0
38.0
37.0
98.0
58.0
63.0
29.0
32.0
88.0
49.0
49.0
66.0
35.0
46.0
33.0
137.0
65.0
70.0
88.0
27.0
37.0
25.0
112.0
125.0
160.0
63.0
54.0
30.0
32.0
133.0
95.0
102.0
71.0
48.0
58.0
84.0
38.0
127.0
75.0
112.0
54.0
65.0
131.0
48.0
75.0
81.0
23.0
134.0
42.0
38.0
97.0
68.0
49.0
60.0
88.0
49.0
34.0
57.0
123.0
20.0
50.0
99.0
26.0
54.0
135.0
29.0
42.0
53.0
31.0
73.0
57.0
66.0
38.0
48.0
80.0
38.0
16.0
113.0
89.0
56.0
51.0
56.0
92.0
61.0
34.0
58.0
46.0
71.0
33.0
73.0
27.0
63.0
55.0
139.0
72.0
90.0
58.0
67.0
88.0
36.0
79.0
84.0
43.0
31.0
80.0
72.0
45.0
153.0
39.0
71.0
23.0
116.0
47.0
36.0
49.0
73.0
25.0
105.0
61.0
36.0
60.0
84.0
44.0
67.0
30.0
85.0
72.0
87.0
36.0
57.0
105.0
41.0
35.0
137.0
46.0
137.0
84.0
63.0
75.0
34.0
66.0
176.0
35.0
80.0
51.0
38.0
68.0
16.0
95.0
55.0
46.0
53.0
35.0
54.0
43.0
80.0
67.0
50.0
95.0
70.0
50.0
26.0
60.0
45.0
59.0
52.0
91.0
42.0
46.0
98.0
30.0
56.0
21.0
64.0
132.0
36.0
50.0
150.0
91.0
49.0
31.0
63.0
77.0
37.0
31.0
65.0
46.0
52.0
21.0
75.0
122.0
42.0
57.0
54.0
59.0
11.0
52.0
38.0
80.0
65.0
30.0
33.0
62.0
43.0
135.0
60.0
61.0
77.0
115.0
95.0
59.0
110.0
68.0
59.0
90.0
29.0
85.0
37.0
128.0
40.0
50.0
54.0
108.0
23.0
62.0
29.0
66.0
96.0
9.0
118.0
75.0
124.0
63.0
24.0
65.0
60.0
73.0
54.0
48.0
38.0
96.0
36.0
94.0
50.0
83.0
56.0
54.0
38.0
68.0
26.0
197.0
36.0
106.0
93.0
86.0
44.0
27.0
56.0
50.0
101.0
56.0
55.0
39.0
90.0
74.0
64.0
134.0
117.0
59.0
48.0
55.0
71.0
160.0
45.0
24.0
39.0
98.0
46.0
60.0
59.0
57.0
79.0
38.0
124.0
25.0
39.0
23.0
24.0
15.0
53.0
42.0
61.0
95.0
87.0
87.0
100.0
40.0
26.0
44.0
70.0
77.0
60.0
49.0
66.0
62.0
68.0
79.0
85.0
48.0
49.0
82.0
66.0
51.0
149.0
80.0
59.0
58.0
39.0
158.0
73.0
40.0
45.0
113.0
25.0
43.0
30.0
54.0
80.0
111.0
38.0
30.0
66.0
71.0
68.0
63.0
53.0
46.0
30.0
93.0
58.0
28.0
33.0
33.0
61.0
68.0
120.0
178.0
18.0
33.0
77.0
21.0
64.0
28.0
39.0
57.0
55.0
97.0
111.0
111.0
100.0
47.0
35.0
52.0
42.0
74.0
140.0
26.0
75.0
25.0
136.0
82.0
41.0
71.0
34.0
20.0
53.0
29.0
57.0
85.0
80.0
26.0
52.0
75.0
77.0
58.0
39.0
45.0
99.0
48.0
99.0
65.0
155.0
59.0
49.0
77.0
45.0
34.0
51.0
37.0
82.0
123.0
47.0
71.0
104.0
63.0
58.0
71.0
45.0
63.0
83.0
43.0
43.0
34.0
42.0
98.0
138.0
59.0
71.0
52.0
69.0
20.0
15.0
95.0
63.0
15.0
42.0
79.0
109.0
33.0
37.0
95.0
120.0
75.0
54.0
33.0
86.0
70.0
46.0
99.0
29.0
45.0
58.0
87.0
46.0
51.0
76.0
32.0
46.0
21.0
68.0
94.0
50.0
63.0
94.0
51.0
29.0
69.0
80.0
69.0
105.0
115.0
63.0
83.0
41.0
108.0
114.0
40.0
40.0
42.0
22.0
26.0
15.0
19.0
37.0
41.0
98.0
58.0
35.0
17.0
142.0
64.0
49.0
67.0
102.0
58.0
108.0
80.0
176.0
39.0
127.0
97.0
118.0
182.0
34.0
33.0
47.0
52.0
116.0
48.0
101.0
79.0
57.0
62.0
107.0
89.0
36.0
42.0
201.0
47.0
34.0
53.0
37.0
116.0
40.0
57.0
51.0
30.0
38.0
35.0
53.0
23.0
40.0
87.0
74.0
62.0
86.0
171.0
44.0
24.0
79.0
54.0
25.0
29.0
58.0
65.0
63.0
27.0
48.0
136.0
99.0
86.0
183.0
40.0
73.0
70.0
144.0
87.0
39.0
37.0
59.0
15.0
120.0
61.0
82.0
97.0
107.0
74.0
33.0
33.0
60.0
41.0
91.0
95.0
44.0
37.0
148.0
32.0
62.0
54.0
62.0
65.0
32.0
58.0
26.0
123.0
84.0
110.0
38.0
23.0
46.0
120.0
67.0
73.0
53.0
81.0
61.0
71.0
75.0
71.0
105.0
632.0
91.0
55.0
93.0
39.0
110.0
50.0
60.0
40.0
63.0
58.0
35.0
60.0
56.0
69.0
57.0
67.0
114.0
47.0
101.0
38.0
55.0
97.0
46.0
35.0
31.0
42.0
70.0
56.0
103.0
47.0
34.0
66.0
57.0
77.0
51.0
32.0
69.0
67.0
31.0
112.0
127.0
26.0
136.0
30.0
48.0
39.0
232.0
91.0
32.0
209.0
192.0
53.0
66.0
137.0
36.0
51.0
109.0
94.0
92.0
33.0
63.0
61.0
27.0
58.0
38.0
37.0
145.0
106.0
79.0
53.0
62.0
166.0
123.0
41.0
28.0
64.0
75.0
51.0
59.0
11.0
71.0
23.0
40.0
49.0
64.0
23.0
89.0
104.0
39.0
75.0
54.0
104.0
300.0
116.0
79.0
86.0
239.0
31.0
60.0
63.0
80.0
94.0
131.0
65.0
58.0
12.0
146.0
88.0
70.0
86.0
64.0
89.0
77.0
130.0
51.0
60.0
62.0
69.0
58.0
134.0
78.0
48.0
23.0
29.0
21.0
31.0
38.0
36.0
82.0
47.0
40.0
176.0
104.0
44.0
72.0
42.0
26.0
138.0
81.0
106.0
71.0
44.0
31.0
88.0
592.0
91.0
40.0
125.0
43.0
64.0
39.0
83.0
58.0
54.0
82.0
105.0
80.0
59.0
88.0
42.0
89.0
63.0
76.0
40.0
49.0
57.0
39.0
77.0
123.0
47.0
259.0
26.0
130.0
45.0
35.0
46.0
125.0
49.0
36.0
136.0
91.0
93.0
19.0
52.0
29.0
121.0
77.0
39.0
127.0
60.0
102.0
33.0
45.0
102.0
134.0
61.0
39.0
64.0
73.0
51.0
58.0
140.0
42.0
70.0
36.0
83.0
104.0
92.0
163.0
83.0
95.0
58.0
194.0
61.0
81.0
42.0
111.0
95.0
57.0
68.0
55.0
106.0
55.0
64.0
54.0
173.0
82.0
63.0
155.0
51.0
39.0
72.0
92.0
30.0
153.0
88.0
28.0
38.0
74.0
30.0
81.0
28.0
49.0
151.0
123.0
124.0
62.0
76.0
77.0
69.0
32.0
29.0
99.0
57.0
40.0
91.0
58.0
63.0
71.0
104.0
55.0
49.0
65.0
93.0
39.0
105.0
86.0
48.0
48.0
66.0
91.0
54.0
127.0
35.0
105.0
49.0
42.0
133.0
26.0
55.0
104.0
132.0
79.0
28.0
60.0
51.0
55.0
41.0
48.0
47.0
172.0
36.0
119.0
122.0
49.0
43.0
83.0
130.0
62.0
50.0
85.0
56.0
66.0
143.0
52.0
70.0
151.0
77.0
42.0
74.0
55.0
49.0
101.0
126.0
46.0
42.0
102.0
41.0
56.0
47.0
64.0
105.0
31.0
90.0
120.0
76.0
98.0
66.0
63.0
85.0
145.0
94.0
66.0
62.0
61.0
66.0
52.0
97.0
42.0
191.0
51.0
45.0
44.0
68.0
44.0
56.0
98.0
69.0
82.0
42.0
31.0
59.0
66.0
151.0
71.0
78.0
140.0
71.0
34.0
132.0
43.0
41.0
71.0
44.0
57.0
84.0
38.0
33.0
44.0
68.0
73.0
67.0
115.0
106.0
67.0
32.0
46.0
166.0
64.0
129.0
62.0
63.0
31.0
57.0
107.0
43.0
91.0
60.0
147.0
46.0
50.0
76.0
118.0
84.0
53.0
58.0
31.0
79.0
38.0
102.0
54.0
102.0
46.0
47.0
42.0
54.0
143.0
73.0
50.0
29.0
76.0
44.0
175.0
32.0
75.0
83.0
126.0
41.0
143.0
77.0
87.0
38.0
53.0
58.0
49.0
46.0
38.0
34.0
95.0
71.0
44.0
74.0
46.0
70.0
96.0
85.0
49.0
70.0
105.0
60.0
70.0
83.0
67.0
44.0
145.0
38.0
60.0
63.0
63.0
57.0
128.0
71.0
41.0
64.0
45.0
52.0
83.0
91.0
67.0
33.0
52.0
16.0
82.0
78.0
46.0
54.0
49.0
91.0
36.0
62.0
51.0
74.0
113.0
121.0
116.0
53.0
96.0
50.0
76.0
66.0
119.0
31.0
89.0
37.0
104.0
54.0
130.0
93.0
58.0
31.0
62.0
98.0
32.0
32.0
66.0
40.0
42.0
25.0
39.0
122.0
51.0
69.0
22.0
220.0
79.0
80.0
41.0
40.0
64.0
123.0
78.0
73.0
43.0
53.0
32.0
41.0
55.0
56.0
92.0
40.0
75.0
48.0
47.0
65.0
56.0
66.0
79.0
25.0
67.0
78.0
60.0
41.0
116.0
63.0
35.0
36.0
34.0
58.0
42.0
81.0
37.0
49.0
31.0
157.0
101.0
103.0
54.0
24.0
30.0
94.0
100.0
39.0
58.0
64.0
40.0
69.0
43.0
81.0
78.0
57.0
96.0
64.0
47.0
84.0
25.0
49.0
43.0
28.0
80.0
82.0
92.0
32.0
56.0
110.0
129.0
104.0
69.0
91.0
37.0
96.0
120.0
27.0
81.0
45.0
106.0
123.0
38.0
36.0
26.0
51.0
59.0
13.0
111.0
55.0
54.0
73.0
116.0
46.0
101.0
37.0
66.0
94.0
48.0
91.0
98.0
76.0
65.0
55.0
101.0
38.0
124.0
43.0
55.0
64.0
51.0
55.0
58.0
46.0
72.0
70.0
102.0
138.0
94.0
25.0
33.0
93.0
16.0
134.0
39.0
72.0
65.0
77.0
110.0
67.0
79.0
34.0
88.0
84.0
34.0
41.0
61.0
75.0
45.0
45.0
193.0
95.0
168.0
111.0
33.0
76.0
97.0
80.0
93.0
80.0
65.0
65.0
45.0
43.0
100.0
61.0
124.0
55.0
131.0
57.0
100.0
109.0
20.0
82.0
46.0
41.0
76.0
54.0
86.0
45.0
25.0
87.0
52.0
56.0
42.0
44.0
94.0
25.0
45.0
94.0
56.0
50.0
23.0
54.0
63.0
165.0
70.0
40.0
128.0
41.0
32.0
104.0
25.0
56.0
74.0
98.0
23.0
42.0
54.0
39.0
85.0
77.0
46.0
59.0
86.0
76.0
52.0
43.0
70.0
112.0
113.0
69.0
130.0
60.0
78.0
98.0
75.0
37.0
41.0
57.0
72.0
42.0
92.0
42.0
27.0
87.0
79.0
64.0
93.0
78.0
84.0
183.0
58.0
19.0
34.0
135.0
37.0
52.0
84.0
64.0
59.0
43.0
54.0
102.0
128.0
23.0
36.0
37.0
44.0
46.0
66.0
113.0
33.0
51.0
53.0
87.0
83.0
219.0
75.0
60.0
41.0
75.0
48.0
30.0
39.0
42.0
58.0
80.0
38.0
162.0
55.0
89.0
50.0
35.0
37.0
30.0
21.0
91.0
41.0
40.0
79.0
49.0
85.0
162.0
102.0
135.0
61.0
44.0
32.0
86.0
45.0
41.0
58.0
105.0
78.0
30.0
105.0
43.0
58.0
53.0
64.0
35.0
55.0
144.0
118.0
50.0
58.0
76.0
32.0
79.0
66.0
27.0
68.0
39.0
46.0
58.0
88.0
52.0
79.0
57.0
35.0
40.0
57.0
118.0
87.0
23.0
100.0
49.0
63.0
97.0
123.0
39.0
74.0
107.0
43.0
157.0
29.0
26.0
68.0
43.0
42.0
71.0
58.0
99.0
34.0
77.0
66.0
43.0
38.0
46.0
105.0
24.0
27.0
77.0
79.0
144.0
26.0
98.0
44.0
113.0
65.0
49.0
103.0
62.0
67.0
74.0
69.0
23.0
169.0
31.0
81.0
42.0
37.0
99.0
144.0
26.0
55.0
82.0
109.0
58.0
69.0
64.0
56.0
63.0
20.0
111.0
86.0
99.0
95.0
69.0
168.0
58.0
33.0
92.0
89.0
52.0
74.0
105.0
60.0
59.0
30.0
38.0
83.0
41.0
88.0
70.0
53.0
47.0
44.0
40.0
60.0
63.0
144.0
49.0
54.0
74.0
62.0
53.0
60.0
111.0
44.0
121.0
23.0
50.0
39.0
53.0
103.0
81.0
66.0
31.0
48.0
43.0
415.0
98.0
40.0
23.0
25.0
37.0
66.0
26.0
61.0
57.0
81.0
71.0
70.0
62.0
51.0
48.0
59.0
70.0
94.0
47.0
104.0
93.0
37.0
43.0
38.0
116.0
134.0
64.0
44.0
81.0
69.0
52.0
134.0
97.0
29.0
54.0
68.0
102.0
98.0
53.0
37.0
38.0
74.0
48.0
62.0
49.0
377.0
78.0
42.0
70.0
47.0
165.0
49.0
50.0
72.0
121.0
53.0
37.0
95.0
48.0
51.0
95.0
142.0
57.0
48.0
61.0
21.0
51.0
61.0
74.0
117.0
38.0
59.0
148.0
42.0
58.0
28.0
43.0
55.0
47.0
42.0
174.0
43.0
58.0
170.0
45.0
61.0
64.0
71.0
102.0
27.0
105.0
72.0
62.0
38.0
53.0
70.0
137.0
56.0
91.0
58.0
77.0
43.0
140.0
39.0
39.0
69.0
57.0
59.0
42.0
44.0
111.0
34.0
74.0
87.0
81.0
65.0
51.0
112.0
101.0
79.0
56.0
120.0
80.0
112.0
51.0
47.0
53.0
71.0
94.0
117.0
41.0
19.0
53.0
61.0
33.0
133.0
39.0
73.0
87.0
73.0
44.0
35.0
52.0
32.0
86.0
35.0
126.0
77.0
112.0
63.0
37.0
89.0
54.0
70.0
243.0
39.0
64.0
84.0
35.0
89.0
38.0
82.0
59.0
29.0
69.0
59.0
26.0
36.0
50.0
124.0
158.0
64.0
52.0
96.0
100.0
59.0
75.0
102.0
31.0
63.0
91.0
70.0
37.0
42.0
48.0
50.0
77.0
66.0
36.0
37.0
60.0
68.0
51.0
99.0
79.0
75.0
70.0
62.0
44.0
83.0
62.0
52.0
44.0
54.0
79.0
74.0
187.0
25.0
65.0
47.0
81.0
102.0
24.0
49.0
86.0
51.0
104.0
110.0
69.0
59.0
39.0
130.0
101.0
56.0
87.0
48.0
41.0
69.0
59.0
45.0
64.0
30.0
170.0
71.0
94.0
62.0
160.0
75.0
41.0
34.0
31.0
39.0
40.0
98.0
82.0
78.0
34.0
36.0
50.0
98.0
58.0
119.0
58.0
84.0
29.0
96.0
69.0
130.0
97.0
77.0
49.0
98.0
61.0
42.0
123.0
64.0
102.0
40.0
67.0
65.0
50.0
81.0
70.0
89.0
186.0
29.0
55.0
56.0
162.0
51.0
37.0
168.0
63.0
94.0
38.0
47.0
41.0
16.0
81.0
74.0
92.0
74.0
64.0
141.0
56.0
40.0
63.0
26.0
106.0
144.0
20.0
74.0
46.0
184.0
136.0
40.0
35.0
57.0
83.0
138.0
47.0
35.0
106.0
39.0
39.0
16.0
88.0
43.0
27.0
69.0
198.0
61.0
42.0
61.0
133.0
79.0
225.0
59.0
57.0
63.0
73.0
64.0
98.0
126.0
50.0
43.0
72.0
82.0
96.0
43.0
72.0
88.0
117.0
87.0
30.0
103.0
19.0
87.0
130.0
56.0
155.0
57.0
77.0
139.0
75.0
39.0
69.0
52.0
63.0
44.0
97.0
69.0
51.0
98.0
79.0
44.0
65.0
40.0
120.0
73.0
109.0
67.0
52.0
96.0
80.0
142.0
76.0
55.0
59.0
58.0
98.0
27.0
49.0
90.0
62.0
60.0
162.0
96.0
61.0
75.0
54.0
51.0
65.0
65.0
33.0
49.0
77.0
46.0
30.0
43.0
54.0
53.0
56.0
79.0
76.0
79.0
22.0
60.0
292.0
80.0
79.0
133.0
50.0
164.0
10.0
48.0
34.0
96.0
89.0
125.0
26.0
30.0
67.0
39.0
79.0
107.0
63.0
110.0
108.0
71.0
69.0
70.0
59.0
88.0
92.0
73.0
114.0
66.0
90.0
43.0
65.0
46.0
45.0
57.0
93.0
67.0
44.0
92.0
66.0
67.0
94.0
84.0
34.0
57.0
81.0
70.0
100.0
101.0
25.0
76.0
35.0
56.0
54.0
46.0
37.0
65.0
81.0
190.0
47.0
111.0
100.0
45.0
40.0
53.0
99.0
103.0
78.0
76.0
109.0
86.0
76.0
35.0
134.0
57.0
93.0
91.0
98.0
47.0
98.0
34.0
65.0
55.0
126.0
85.0
62.0
129.0
71.0
79.0
95.0
97.0
28.0
38.0
154.0
51.0
46.0
55.0
46.0
99.0
69.0
63.0
75.0
78.0
84.0
56.0
41.0
85.0
72.0
47.0
34.0
65.0
41.0
39.0
60.0
109.0
59.0
52.0
101.0
94.0
48.0
82.0
124.0
50.0
88.0
53.0
52.0
106.0
79.0
79.0
80.0
47.0
59.0
110.0
63.0
114.0
86.0
44.0
65.0
121.0
104.0
40.0
37.0
103.0
49.0
99.0
61.0
68.0
45.0
20.0
149.0
160.0
80.0
69.0
72.0
77.0
115.0
63.0
50.0
107.0
45.0
97.0
90.0
45.0
96.0
58.0
43.0
57.0
74.0
95.0
95.0
61.0
39.0
52.0
58.0
60.0
52.0
64.0
105.0
46.0
69.0
22.0
77.0
74.0
76.0
51.0
153.0
76.0
57.0
29.0
38.0
109.0
69.0
39.0
87.0
33.0
46.0
109.0
43.0
105.0
69.0
80.0
42.0
65.0
61.0
24.0
48.0
72.0
57.0
48.0
40.0
42.0
128.0
66.0
101.0
81.0
37.0
98.0
47.0
48.0
37.0
47.0
109.0
85.0
66.0
63.0
40.0
94.0
76.0
44.0
106.0
154.0
104.0
64.0
82.0
126.0
45.0
88.0
64.0
97.0
48.0
40.0
42.0
56.0
53.0
71.0
43.0
119.0
84.0
101.0
59.0
187.0
43.0
111.0
59.0
116.0
65.0
44.0
72.0
34.0
66.0
61.0
81.0
69.0
76.0
68.0
70.0
103.0
60.0
104.0
48.0
127.0
122.0
79.0
46.0
109.0
71.0
25.0
53.0
164.0
122.0
166.0
85.0
47.0
54.0
34.0
82.0
67.0
42.0
78.0
38.0
97.0
61.0
66.0
41.0
154.0
48.0
88.0
70.0
100.0
95.0
55.0
62.0
35.0
61.0
68.0
95.0
70.0
19.0
75.0
88.0
69.0
60.0
53.0
75.0
64.0
75.0
71.0
122.0
33.0
62.0
42.0
44.0
29.0
66.0
158.0
59.0
79.0
43.0
37.0
40.0
63.0
68.0
35.0
90.0
91.0
34.0
43.0
48.0
86.0
32.0
33.0
115.0
38.0
61.0
61.0
41.0
94.0
34.0
84.0
43.0
73.0
43.0
81.0
86.0
45.0
72.0
39.0
70.0
57.0
71.0
58.0
45.0
86.0
36.0
75.0
72.0
50.0
48.0
97.0
66.0
150.0
45.0
37.0
85.0
35.0
82.0
82.0
102.0
70.0
56.0
99.0
79.0
63.0
78.0
71.0
69.0
64.0
58.0
42.0
51.0
82.0
58.0
82.0
111.0
64.0
27.0
66.0
47.0
56.0
50.0
78.0
78.0
95.0
74.0
44.0
81.0
93.0
47.0
50.0
79.0
38.0
62.0
97.0
70.0
37.0
86.0
31.0
61.0
27.0
45.0
62.0
127.0
50.0
105.0
50.0
50.0
77.0
31.0
77.0
93.0
78.0
39.0
38.0
69.0
81.0
34.0
84.0
48.0
66.0
82.0
44.0
56.0
99.0
40.0
76.0
43.0
77.0
37.0
101.0
78.0
53.0
59.0
131.0
65.0
113.0
47.0
47.0
123.0
56.0
103.0
34.0
58.0
43.0
91.0
98.0
51.0
105.0
53.0
67.0
82.0
40.0
74.0
33.0
52.0
69.0
53.0
43.0
100.0
67.0
69.0
81.0
153.0
46.0
72.0
155.0
71.0
27.0
34.0
91.0
56.0
57.0
86.0
62.0
37.0
52.0
66.0
50.0
92.0
57.0
64.0
39.0
53.0
90.0
80.0
41.0
57.0
106.0
51.0
52.0
59.0
49.0
135.0
78.0
40.0
86.0
152.0
32.0
57.0
82.0
56.0
80.0
35.0
82.0
141.0
62.0
131.0
31.0
120.0
49.0
50.0
46.0
96.0
73.0
41.0
96.0
33.0
46.0
102.0
29.0
66.0
58.0
124.0
95.0
55.0
105.0
84.0
33.0
76.0
50.0
45.0
76.0
155.0
127.0
56.0
91.0
57.0
91.0
52.0
52.0
53.0
115.0
43.0
59.0
63.0
61.0
60.0
68.0
39.0
89.0
108.0
65.0
90.0
50.0
53.0
61.0
60.0
33.0
123.0
43.0
97.0
122.0
53.0
71.0
53.0
80.0
75.0
36.0
31.0
183.0
34.0
61.0
15.0
38.0
92.0
68.0
58.0
39.0
44.0
69.0
61.0
45.0
66.0
81.0
37.0
65.0
47.0
54.0
77.0
40.0
138.0
50.0
74.0
61.0
45.0
125.0
59.0
42.0
59.0
102.0
98.0
39.0
65.0
55.0
55.0
185.0
77.0
80.0
97.0
83.0
69.0
39.0
117.0
58.0
100.0
174.0
48.0
47.0
68.0
64.0
52.0
90.0
66.0
75.0
118.0
27.0
85.0
54.0
81.0
48.0
15.0
67.0
73.0
59.0
58.0
80.0
86.0
94.0
86.0
87.0
29.0
89.0
93.0
57.0
66.0
78.0
74.0
67.0
22.0
71.0
82.0
119.0
160.0
40.0
57.0
141.0
49.0
88.0
41.0
93.0
89.0
26.0
43.0
100.0
31.0
79.0
86.0
48.0
65.0
84.0
83.0
98.0
34.0
106.0
36.0
40.0
42.0
91.0
77.0
34.0
55.0
77.0
32.0
78.0
43.0
78.0
85.0
47.0
76.0
73.0
66.0
88.0
42.0
76.0
86.0
59.0
90.0
82.0
109.0
75.0
104.0
74.0
95.0
56.0
89.0
41.0
86.0
120.0
37.0
136.0
51.0
81.0
52.0
80.0
195.0
62.0
77.0
37.0
163.0
75.0
99.0
34.0
85.0
68.0
46.0
129.0
11.0
56.0
38.0
66.0
77.0
114.0
40.0
78.0
51.0
27.0
116.0
104.0
12.0
56.0
97.0
108.0
51.0
145.0
34.0
51.0
51.0
49.0
66.0
59.0
45.0
106.0
140.0
67.0
48.0
86.0
107.0
104.0
56.0
101.0
89.0
62.0
73.0
57.0
55.0
148.0
78.0
74.0
62.0
60.0
66.0
51.0
53.0
24.0
47.0
55.0
123.0
83.0
24.0
63.0
52.0
113.0
91.0
67.0
33.0
76.0
61.0
96.0
37.0
81.0
137.0
46.0
55.0
83.0
33.0
51.0
85.0
50.0
70.0
38.0
70.0
44.0
62.0
81.0
111.0
78.0
178.0
49.0
56.0
91.0
62.0
232.0
41.0
50.0
67.0
87.0
77.0
51.0
144.0
32.0
31.0
86.0
125.0
122.0
59.0
50.0
40.0
26.0
201.0
54.0
40.0
58.0
71.0
67.0
41.0
50.0
47.0
111.0
157.0
75.0
54.0
32.0
101.0
172.0
94.0
85.0
76.0
40.0
71.0
47.0
66.0
30.0
94.0
81.0
75.0
37.0
78.0
68.0
47.0
88.0
44.0
36.0
111.0
64.0
148.0
138.0
22.0
74.0
112.0
84.0
39.0
69.0
38.0
80.0
102.0
72.0
37.0
85.0
59.0
62.0
62.0
24.0
30.0
56.0
51.0
136.0
49.0
50.0
35.0
54.0
45.0
123.0
56.0
63.0
117.0
148.0
70.0
58.0
32.0
22.0
74.0
79.0
81.0
73.0
65.0
32.0
88.0
136.0
34.0
72.0
106.0
71.0
36.0
98.0
36.0
65.0
78.0
120.0
130.0
22.0
62.0
67.0
97.0
42.0
64.0
86.0
91.0
56.0
45.0
61.0
58.0
71.0
78.0
44.0
71.0
116.0
52.0
42.0
145.0
71.0
51.0
99.0
107.0
67.0
163.0
52.0
97.0
74.0
76.0
60.0
52.0
125.0
104.0
21.0
51.0
70.0
43.0
51.0
66.0
157.0
40.0
39.0
84.0
77.0
79.0
48.0
31.0
50.0
71.0
32.0
40.0
196.0
72.0
124.0
38.0
61.0
48.0
90.0
135.0
90.0
94.0
59.0
92.0
83.0
85.0
61.0
42.0
65.0
85.0
73.0
83.0
100.0
51.0
84.0
65.0
78.0
103.0
125.0
80.0
117.0
44.0
111.0
77.0
75.0
56.0
65.0
82.0
85.0
87.0
43.0
107.0
58.0
65.0
94.0
36.0
35.0
33.0
108.0
50.0
104.0
54.0
109.0
55.0
80.0
71.0
17.0
83.0
63.0
37.0
105.0
106.0
68.0
32.0
49.0
97.0
58.0
143.0
69.0
85.0
94.0
56.0
24.0
36.0
109.0
66.0
54.0
74.0
66.0
146.0
170.0
95.0
64.0
49.0
49.0
127.0
62.0
105.0
75.0
54.0
74.0
50.0
99.0
93.0
42.0
137.0
63.0
90.0
54.0
65.0
103.0
29.0
53.0
59.0
129.0
98.0
110.0
81.0
37.0
86.0
42.0
53.0
81.0
92.0
53.0
60.0
72.0
88.0
79.0
52.0
180.0
95.0
74.0
74.0
75.0
82.0
70.0
77.0
62.0
50.0
77.0
71.0
101.0
144.0
33.0
112.0
54.0
93.0
47.0
94.0
133.0
77.0
67.0
32.0
110.0
80.0
38.0
37.0
46.0
54.0
55.0
29.0
81.0
58.0
78.0
36.0
151.0
59.0
113.0
176.0
56.0
48.0
21.0
73.0
80.0
93.0
62.0
51.0
68.0
48.0
59.0
60.0
160.0
144.0
42.0
80.0
56.0
55.0
109.0
58.0
51.0
55.0
53.0
65.0
52.0
67.0
40.0
104.0
40.0
43.0
58.0
91.0
69.0
49.0
76.0
89.0
81.0
101.0
81.0
126.0
61.0
85.0
70.0
35.0
64.0
91.0
27.0
98.0
87.0
62.0
137.0
122.0
61.0
89.0
64.0
58.0
15.0
57.0
70.0
63.0
87.0
122.0
89.0
62.0
76.0
62.0
54.0
43.0
50.0
96.0
61.0
60.0
130.0
75.0
21.0
81.0
124.0
112.0
50.0
109.0
55.0
85.0
45.0
40.0
68.0
87.0
82.0
68.0
70.0
71.0
74.0
34.0
50.0
84.0
56.0
97.0
57.0
82.0
48.0
52.0
115.0
105.0
106.0
59.0
68.0
58.0
87.0
96.0
49.0
65.0
41.0
113.0
73.0
23.0
68.0
60.0
114.0
81.0
48.0
109.0
101.0
69.0
126.0
38.0
69.0
50.0
31.0
55.0
28.0
27.0
122.0
48.0
38.0
66.0
95.0
60.0
44.0
59.0
89.0
58.0
59.0
52.0
84.0
46.0
36.0
39.0
117.0
95.0
76.0
49.0
59.0
95.0
118.0
86.0
97.0
78.0
43.0
85.0
61.0
143.0
133.0
82.0
70.0
74.0
18.0
84.0
93.0
57.0
59.0
51.0
60.0
39.0
56.0
43.0
32.0
55.0
76.0
30.0
35.0
43.0
87.0
107.0
89.0
72.0
83.0
96.0
61.0
35.0
85.0
47.0
73.0
58.0
98.0
110.0
42.0
60.0
34.0
113.0
42.0
78.0
56.0
73.0
57.0
68.0
71.0
53.0
107.0
61.0
71.0
52.0
56.0
85.0
71.0
47.0
61.0
74.0
83.0
73.0
50.0
81.0
73.0
36.0
60.0
73.0
70.0
75.0
91.0
66.0
39.0
37.0
35.0
39.0
81.0
99.0
64.0
74.0
67.0
43.0
72.0
64.0
60.0
27.0
48.0
103.0
58.0
89.0
64.0
66.0
80.0
59.0
83.0
126.0
46.0
71.0
46.0
39.0
114.0
58.0
154.0
50.0
53.0
26.0
78.0
179.0
68.0
54.0
28.0
70.0
101.0
100.0
63.0
72.0
85.0
79.0
28.0
55.0
121.0
42.0
132.0
70.0
36.0
89.0
98.0
42.0
66.0
97.0
46.0
73.0
86.0
83.0
22.0
75.0
42.0
73.0
56.0
34.0
60.0
57.0
65.0
87.0
69.0
101.0
137.0
124.0
71.0
37.0
98.0
61.0
183.0
85.0
71.0
56.0
46.0
39.0
59.0
114.0
72.0
72.0
104.0
72.0
48.0
63.0
61.0
44.0
68.0
66.0
63.0
85.0
52.0
57.0
20.0
108.0
43.0
75.0
59.0
37.0
79.0
108.0
76.0
103.0
58.0
38.0
51.0
32.0
26.0
65.0
42.0
60.0
62.0
33.0
49.0
101.0
107.0
94.0
51.0
43.0
40.0
57.0
35.0
89.0
93.0
53.0
85.0
125.0
42.0
140.0
96.0
141.0
71.0
44.0
74.0
78.0
58.0
55.0
52.0
56.0
53.0
76.0
102.0
75.0
44.0
102.0
120.0
53.0
124.0
54.0
64.0
72.0
76.0
101.0
81.0
30.0
47.0
64.0
70.0
110.0
57.0
43.0
160.0
68.0
84.0
71.0
57.0
55.0
65.0
56.0
94.0
50.0
80.0
97.0
66.0
74.0
134.0
46.0
32.0
134.0
83.0
55.0
43.0
91.0
44.0
43.0
122.0
55.0
71.0
41.0
54.0
34.0
85.0
56.0
94.0
54.0
21.0
71.0
34.0
46.0
39.0
79.0
72.0
56.0
66.0
45.0
188.0
44.0
63.0
62.0
56.0
70.0
34.0
49.0
89.0
51.0
55.0
133.0
61.0
99.0
86.0
81.0
107.0
44.0
110.0
148.0
105.0
23.0
165.0
74.0
120.0
147.0
59.0
46.0
20.0
84.0
60.0
103.0
110.0
42.0
98.0
48.0
33.0
83.0
68.0
82.0
61.0
48.0
103.0
72.0
59.0
85.0
94.0
115.0
85.0
58.0
85.0
33.0
44.0
33.0
70.0
68.0
69.0
120.0
39.0
50.0
74.0
64.0
82.0
55.0
50.0
91.0
103.0
81.0
123.0
31.0
98.0
80.0
81.0
136.0
118.0
84.0
47.0
57.0
98.0
156.0
87.0
38.0
98.0
38.0
94.0
101.0
32.0
56.0
99.0
83.0
61.0
74.0
52.0
125.0
111.0
74.0
110.0
37.0
29.0
73.0
64.0
185.0
55.0
53.0
61.0
69.0
81.0
124.0
81.0
100.0
28.0
66.0
38.0
60.0
34.0
36.0
110.0
99.0
70.0
120.0
65.0
95.0
64.0
44.0
123.0
92.0
96.0
89.0
106.0
24.0
62.0
64.0
66.0
84.0
59.0
97.0
102.0
56.0
57.0
71.0
65.0
125.0
63.0
88.0
49.0
53.0
66.0
73.0
64.0
46.0
107.0
97.0
62.0
91.0
44.0
39.0
52.0
72.0
60.0
38.0
92.0
47.0
32.0
61.0
36.0
122.0
20.0
66.0
51.0
84.0
53.0
99.0
150.0
62.0
65.0
73.0
125.0
69.0
64.0
133.0
56.0
73.0
121.0
110.0
53.0
63.0
70.0
72.0
66.0
54.0
76.0
36.0
49.0
84.0
81.0
21.0
71.0
77.0
84.0
66.0
79.0
67.0
51.0
66.0
70.0
56.0
84.0
80.0
128.0
67.0
65.0
79.0
80.0
64.0
98.0
45.0
44.0
63.0
92.0
59.0
69.0
84.0
57.0
44.0
74.0
42.0
69.0
54.0
68.0
176.0
101.0
96.0
67.0
68.0
117.0
57.0
54.0
113.0
53.0
119.0
69.0
81.0
28.0
81.0
65.0
81.0
144.0
72.0
52.0
26.0
65.0
25.0
120.0
95.0
41.0
53.0
74.0
61.0
59.0
52.0
82.0
59.0
67.0
67.0
143.0
38.0
55.0
73.0
71.0
34.0
30.0
80.0
70.0
100.0
69.0
64.0
64.0
87.0
39.0
52.0
179.0
50.0
134.0
49.0
46.0
61.0
116.0
62.0
127.0
74.0
85.0
106.0
92.0
32.0
28.0
94.0
70.0
88.0
81.0
67.0
98.0
78.0
102.0
65.0
72.0
29.0
42.0
65.0
76.0
33.0
86.0
39.0
66.0
23.0
62.0
56.0
90.0
95.0
157.0
77.0
71.0
58.0
48.0
69.0
76.0
77.0
48.0
80.0
49.0
46.0
72.0
107.0
121.0
82.0
45.0
180.0
37.0
73.0
38.0
66.0
61.0
53.0
41.0
141.0
24.0
120.0
77.0
59.0
43.0
72.0
67.0
63.0
60.0
58.0
72.0
79.0
27.0
59.0
76.0
122.0
67.0
80.0
48.0
80.0
136.0
119.0
57.0
73.0
61.0
132.0
47.0
67.0
127.0
30.0
95.0
92.0
36.0
37.0
54.0
75.0
82.0
57.0
71.0
50.0
85.0
85.0
153.0
36.0
26.0
54.0
44.0
73.0
76.0
77.0
56.0
134.0
135.0
56.0
99.0
87.0
39.0
36.0
65.0
30.0
69.0
61.0
102.0
49.0
45.0
93.0
63.0
60.0
93.0
50.0
70.0
58.0
64.0
105.0
77.0
61.0
81.0
86.0
93.0
102.0
108.0
30.0
93.0
105.0
85.0
63.0
71.0
71.0
80.0
78.0
65.0
86.0
80.0
76.0
72.0
59.0
71.0
52.0
44.0
48.0
60.0
72.0
63.0
76.0
61.0
72.0
95.0
78.0
71.0
68.0
34.0
64.0
79.0
97.0
116.0
95.0
37.0
166.0
103.0
63.0
46.0
73.0
92.0
97.0
69.0
61.0
35.0
60.0
75.0
109.0
26.0
109.0
74.0
33.0
55.0
60.0
76.0
99.0
49.0
136.0
104.0
57.0
136.0
52.0
51.0
79.0
38.0
58.0
53.0
32.0
87.0
132.0
34.0
45.0
92.0
113.0
68.0
43.0
108.0
40.0
104.0
89.0
58.0
56.0
82.0
56.0
170.0
112.0
112.0
64.0
42.0
57.0
74.0
74.0
63.0
114.0
54.0
71.0
101.0
69.0
77.0
125.0
53.0
65.0
37.0
113.0
52.0
62.0
54.0
86.0
57.0
86.0
85.0
118.0
82.0
90.0
70.0
84.0
50.0
67.0
36.0
74.0
67.0
95.0
170.0
29.0
103.0
33.0
169.0
47.0
45.0
84.0
26.0
48.0
152.0
67.0
45.0
44.0
74.0
85.0
70.0
119.0
50.0
167.0
35.0
65.0
78.0
47.0
58.0
69.0
20.0
53.0
85.0
79.0
66.0
112.0
37.0
48.0
60.0
103.0
67.0
77.0
52.0
35.0
27.0
96.0
152.0
48.0
98.0
48.0
76.0
80.0
65.0
85.0
62.0
65.0
34.0
56.0
224.0
109.0
39.0
92.0
84.0
54.0
47.0
77.0
71.0
32.0
59.0
97.0
62.0
68.0
12.0
24.0
45.0
65.0
56.0
41.0
90.0
87.0
79.0
19.0
136.0
88.0
165.0
74.0
90.0
41.0
53.0
130.0
53.0
46.0
41.0
73.0
54.0
23.0
60.0
104.0
62.0
86.0
107.0
74.0
151.0
68.0
69.0
61.0
60.0
72.0
130.0
24.0
39.0
67.0
95.0
54.0
50.0
58.0
32.0
78.0
94.0
122.0
119.0
68.0
175.0
84.0
45.0
100.0
126.0
142.0
137.0
36.0
50.0
62.0
55.0
39.0
61.0
43.0
39.0
101.0
45.0
63.0
84.0
94.0
86.0
65.0
82.0
116.0
106.0
28.0
55.0
54.0
125.0
55.0
53.0
57.0
126.0
78.0
54.0
78.0
88.0
102.0
91.0
70.0
74.0
62.0
85.0
86.0
28.0
100.0
199.0
93.0
72.0
32.0
26.0
69.0
52.0
73.0
33.0
47.0
36.0
39.0
86.0
53.0
53.0
80.0
120.0
52.0
31.0
36.0
71.0
87.0
78.0
89.0
118.0
152.0
96.0
88.0
76.0
68.0
62.0
55.0
90.0
33.0
55.0
36.0
99.0
72.0
68.0
34.0
53.0
60.0
49.0
86.0
124.0
73.0
49.0
42.0
55.0
88.0
45.0
89.0
82.0
111.0
35.0
40.0
65.0
91.0
86.0
47.0
80.0
49.0
53.0
118.0
70.0
59.0
94.0
63.0
117.0
50.0
62.0
84.0
121.0
107.0
25.0
72.0
50.0
126.0
90.0
126.0
33.0
114.0
99.0
19.0
56.0
114.0
77.0
54.0
85.0
43.0
86.0
98.0
54.0
68.0
56.0
101.0
68.0
98.0
70.0
99.0
38.0
73.0
109.0
61.0
123.0
97.0
74.0
70.0
70.0
67.0
71.0
36.0
70.0
94.0
36.0
91.0
44.0
85.0
67.0
132.0
79.0
133.0
36.0
77.0
38.0
37.0
67.0
89.0
42.0
39.0
91.0
43.0
76.0
80.0
63.0
70.0
95.0
66.0
36.0
96.0
58.0
43.0
132.0
48.0
37.0
94.0
80.0
76.0
30.0
55.0
74.0
86.0
54.0
70.0
46.0
57.0
40.0
58.0
70.0
76.0
56.0
70.0
142.0
79.0
69.0
54.0
57.0
92.0
70.0
48.0
43.0
89.0
58.0
89.0
43.0
75.0
117.0
54.0
59.0
38.0
117.0
62.0
27.0
35.0
55.0
145.0
67.0
32.0
49.0
84.0
59.0
63.0
59.0
55.0
54.0
56.0
54.0
116.0
61.0
47.0
73.0
69.0
81.0
115.0
57.0
97.0
171.0
152.0
67.0
85.0
64.0
114.0
81.0
97.0
70.0
57.0
60.0
57.0
72.0
99.0
63.0
200.0
72.0
86.0
40.0
37.0
64.0
58.0
99.0
59.0
98.0
70.0
36.0
40.0
98.0
86.0
65.0
24.0
102.0
121.0
84.0
72.0
50.0
55.0
82.0
98.0
61.0
104.0
42.0
70.0
98.0
58.0
134.0
85.0
25.0
59.0
74.0
97.0
60.0
65.0
74.0
78.0
46.0
60.0
63.0
74.0
47.0
79.0
47.0
41.0
85.0
62.0
41.0
27.0
88.0
102.0
106.0
59.0
103.0
94.0
70.0
102.0
43.0
28.0
98.0
70.0
51.0
64.0
95.0
94.0
113.0
70.0
114.0
21.0
103.0
56.0
121.0
115.0
63.0
88.0
85.0
103.0
105.0
60.0
32.0
116.0
31.0
96.0
116.0
40.0
115.0
67.0
47.0
43.0
90.0
56.0
48.0
46.0
72.0
122.0
59.0
53.0
123.0
92.0
88.0
145.0
67.0
55.0
85.0
46.0
79.0
78.0
110.0
77.0
98.0
40.0
164.0
88.0
104.0
57.0
81.0
45.0
74.0
59.0
61.0
105.0
35.0
116.0
40.0
36.0
99.0
42.0
63.0
65.0
136.0
139.0
35.0
40.0
39.0
181.0
47.0
90.0
95.0
74.0
81.0
100.0
77.0
104.0
37.0
54.0
94.0
77.0
86.0
43.0
92.0
84.0
102.0
37.0
116.0
86.0
43.0
54.0
66.0
28.0
32.0
53.0
78.0
134.0
117.0
113.0
68.0
54.0
109.0
97.0
132.0
92.0
87.0
36.0
44.0
56.0
162.0
88.0
96.0
77.0
53.0
49.0
58.0
53.0
35.0
33.0
19.0
66.0
79.0
45.0
78.0
75.0
128.0
76.0
22.0
72.0
77.0
51.0
112.0
135.0
109.0
84.0
102.0
98.0
57.0
36.0
51.0
40.0
94.0
100.0
83.0
102.0
84.0
69.0
211.0
45.0
60.0
47.0
45.0
82.0
33.0
42.0
45.0
48.0
99.0
57.0
41.0
146.0
59.0
33.0
66.0
50.0
89.0
60.0
74.0
51.0
44.0
41.0
26.0
84.0
75.0
147.0
84.0
72.0
145.0
69.0
128.0
80.0
56.0
49.0
36.0
41.0
133.0
66.0
66.0
50.0
85.0
95.0
164.0
37.0
79.0
117.0
64.0
41.0
75.0
29.0
33.0
77.0
161.0
58.0
117.0
133.0
54.0
73.0
33.0
35.0
19.0
77.0
98.0
28.0
106.0
82.0
64.0
129.0
70.0
41.0
118.0
47.0
54.0
50.0
96.0
113.0
33.0
48.0
26.0
41.0
30.0
62.0
82.0
173.0
49.0
100.0
63.0
116.0
72.0
65.0
145.0
70.0
44.0
59.0
89.0
18.0
79.0
53.0
82.0
85.0
22.0
106.0
89.0
79.0
65.0
83.0
92.0
43.0
107.0
65.0
47.0
26.0
40.0
145.0
32.0
141.0
67.0
35.0
46.0
40.0
135.0
39.0
289.0
28.0
101.0
85.0
68.0
85.0
51.0
40.0
35.0
101.0
143.0
67.0
37.0
100.0
61.0
120.0
40.0
120.0
64.0
33.0
52.0
24.0
54.0
56.0
95.0
47.0
79.0
69.0
88.0
71.0
110.0
60.0
47.0
66.0
59.0
97.0
56.0
82.0
62.0
40.0
128.0
88.0
81.0
95.0
56.0
57.0
42.0
64.0
49.0
101.0
71.0
72.0
102.0
92.0
63.0
134.0
58.0
106.0
81.0
61.0
56.0
58.0
75.0
53.0
78.0
179.0
73.0
77.0
61.0
66.0
62.0
51.0
72.0
79.0
49.0
87.0
68.0
41.0
50.0
154.0
65.0
44.0
51.0
88.0
82.0
74.0
41.0
104.0
68.0
36.0
126.0
44.0
52.0
71.0
48.0
30.0
89.0
54.0
63.0
102.0
73.0
113.0
139.0
56.0
106.0
62.0
48.0
103.0
35.0
91.0
72.0
64.0
112.0
75.0
65.0
38.0
69.0
24.0
69.0
90.0
72.0
62.0
83.0
49.0
40.0
90.0
64.0
43.0
69.0
34.0
43.0
90.0
88.0
54.0
51.0
96.0
73.0
110.0
74.0
146.0
56.0
122.0
55.0
42.0
124.0
83.0
64.0
109.0
58.0
59.0
60.0
71.0
77.0
48.0
34.0
93.0
52.0
73.0
44.0
103.0
31.0
95.0
64.0
83.0
45.0
66.0
90.0
66.0
66.0
58.0
43.0
30.0
84.0
36.0
73.0
21.0
88.0
100.0
209.0
77.0
102.0
49.0
74.0
101.0
64.0
109.0
80.0
83.0
36.0
47.0
62.0
55.0
67.0
35.0
67.0
41.0
100.0
83.0
35.0
98.0
40.0
80.0
54.0
68.0
106.0
21.0
34.0
34.0
150.0
72.0
97.0
44.0
34.0
80.0
82.0
72.0
41.0
75.0
34.0
80.0
44.0
57.0
37.0
95.0
50.0
155.0
40.0
46.0
47.0
80.0
151.0
69.0
38.0
71.0
75.0
129.0
49.0
85.0
108.0
66.0
148.0
77.0
87.0
114.0
95.0
105.0
111.0
43.0
113.0
58.0
21.0
111.0
52.0
56.0
86.0
36.0
28.0
60.0
44.0
70.0
58.0
198.0
65.0
55.0
81.0
161.0
76.0
73.0
58.0
76.0
58.0
107.0
101.0
46.0
60.0
69.0
75.0
95.0
31.0
102.0
67.0
68.0
98.0
100.0
80.0
46.0
54.0
70.0
82.0
78.0
46.0
133.0
71.0
55.0
46.0
120.0
93.0
41.0
55.0
37.0
30.0
55.0
90.0
96.0
78.0
40.0
33.0
72.0
52.0
56.0
81.0
82.0
60.0
35.0
121.0
50.0
54.0
75.0
33.0
32.0
57.0
109.0
64.0
20.0
86.0
84.0
41.0
81.0
124.0
23.0
64.0
53.0
60.0
43.0
65.0
62.0
77.0
94.0
38.0
46.0
65.0
43.0
142.0
184.0
88.0
115.0
150.0
131.0
46.0
62.0
67.0
51.0
68.0
60.0
62.0
70.0
50.0
50.0
105.0
61.0
95.0
31.0
81.0
35.0
119.0
190.0
48.0
75.0
89.0
54.0
82.0
57.0
58.0
124.0
97.0
102.0
113.0
80.0
85.0
68.0
40.0
51.0
45.0
58.0
88.0
111.0
58.0
79.0
96.0
84.0
26.0
68.0
376.0
32.0
53.0
74.0
92.0
31.0
63.0
66.0
55.0
71.0
47.0
72.0
42.0
94.0
60.0
79.0
91.0
50.0
56.0
92.0
63.0
67.0
90.0
121.0
107.0
32.0
48.0
50.0
74.0
69.0
64.0
87.0
107.0
63.0
49.0
38.0
88.0
68.0
59.0
64.0
42.0
68.0
54.0
21.0
85.0
45.0
35.0
53.0
54.0
78.0
78.0
50.0
44.0
89.0
48.0
100.0
115.0
87.0
64.0
64.0
136.0
60.0
158.0
171.0
102.0
42.0
42.0
136.0
60.0
42.0
75.0
45.0
41.0
50.0
46.0
45.0
46.0
70.0
99.0
62.0
28.0
74.0
60.0
110.0
49.0
94.0
21.0
104.0
50.0
84.0
67.0
81.0
33.0
44.0
46.0
51.0
18.0
82.0
95.0
79.0
61.0
55.0
49.0
66.0
150.0
63.0
94.0
66.0
107.0
57.0
91.0
57.0
90.0
59.0
169.0
41.0
29.0
100.0
34.0
104.0
54.0
68.0
32.0
43.0
122.0
131.0
41.0
56.0
48.0
34.0
52.0
121.0
81.0
63.0
52.0
87.0
68.0
37.0
84.0
72.0
47.0
60.0
60.0
134.0
45.0
47.0
124.0
103.0
68.0
71.0
67.0
206.0
68.0
52.0
110.0
151.0
55.0
97.0
72.0
126.0
48.0
25.0
46.0
88.0
72.0
69.0
69.0
73.0
75.0
58.0
23.0
71.0
50.0
112.0
62.0
59.0
68.0
19.0
144.0
137.0
74.0
101.0
28.0
43.0
127.0
34.0
77.0
52.0
32.0
104.0
60.0
28.0
92.0
48.0
47.0
95.0
67.0
48.0
37.0
51.0
69.0
48.0
152.0
73.0
84.0
48.0
83.0
122.0
78.0
80.0
77.0
27.0
141.0
27.0
84.0
122.0
223.0
52.0
39.0
110.0
27.0
98.0
68.0
48.0
145.0
47.0
123.0
49.0
116.0
81.0
58.0
78.0
109.0
49.0
49.0
85.0
56.0
113.0
57.0
56.0
54.0
70.0
98.0
98.0
41.0
62.0
63.0
126.0
77.0
80.0
116.0
146.0
79.0
87.0
64.0
79.0
62.0
110.0
45.0
41.0
52.0
33.0
46.0
49.0
186.0
41.0
104.0
109.0
31.0
20.0
71.0
56.0
44.0
82.0
51.0
63.0
68.0
38.0
107.0
50.0
59.0
104.0
57.0
109.0
67.0
75.0
69.0
77.0
77.0
31.0
73.0
52.0
42.0
63.0
70.0
146.0
57.0
53.0
51.0
55.0
55.0
87.0
45.0
148.0
58.0
35.0
59.0
48.0
40.0
80.0
49.0
70.0
100.0
36.0
78.0
76.0
40.0
81.0
81.0
80.0
114.0
81.0
45.0
75.0
79.0
78.0
121.0
59.0
97.0
85.0
63.0
85.0
57.0
150.0
58.0
177.0
96.0
45.0
63.0
94.0
40.0
89.0
30.0
31.0
141.0
37.0
48.0
77.0
61.0
117.0
56.0
110.0
57.0
68.0
97.0
57.0
71.0
102.0
100.0
61.0
28.0
168.0
44.0
139.0
85.0
55.0
77.0
102.0
47.0
87.0
65.0
107.0
73.0
19.0
36.0
92.0
51.0
38.0
52.0
53.0
46.0
28.0
60.0
41.0
49.0
70.0
47.0
100.0
73.0
40.0
80.0
38.0
98.0
55.0
65.0
68.0
109.0
113.0
55.0
67.0
91.0
107.0
68.0
64.0
110.0
96.0
103.0
68.0
79.0
79.0
118.0
127.0
99.0
109.0
104.0
58.0
43.0
44.0
28.0
50.0
81.0
53.0
148.0
34.0
37.0
46.0
30.0
103.0
72.0
32.0
16.0
107.0
36.0
72.0
129.0
202.0
82.0
117.0
61.0
72.0
80.0
64.0
62.0
83.0
54.0
65.0
76.0
49.0
102.0
54.0
27.0
70.0
61.0
101.0
107.0
77.0
76.0
44.0
65.0
109.0
69.0
66.0
72.0
60.0
100.0
83.0
128.0
95.0
34.0
55.0
49.0
48.0
96.0
50.0
145.0
51.0
46.0
26.0
25.0
59.0
112.0
62.0
114.0
124.0
76.0
36.0
82.0
55.0
71.0
81.0
33.0
69.0
79.0
67.0
62.0
29.0
94.0
105.0
67.0
27.0
108.0
33.0
78.0
117.0
38.0
51.0
113.0
118.0
61.0
94.0
104.0
116.0
85.0
66.0
40.0
90.0
96.0
80.0
115.0
27.0
71.0
67.0
76.0
73.0
95.0
91.0
46.0
125.0
129.0
43.0
66.0
28.0
67.0
64.0
118.0
72.0
76.0
71.0
57.0
109.0
69.0
81.0
28.0
69.0
109.0
57.0
64.0
107.0
49.0
41.0
101.0
20.0
51.0
90.0
67.0
77.0
74.0
75.0
76.0
108.0
92.0
98.0
61.0
56.0
79.0
133.0
127.0
101.0
62.0
72.0
129.0
78.0
33.0
43.0
123.0
86.0
63.0
48.0
73.0
52.0
76.0
50.0
74.0
21.0
83.0
61.0
73.0
162.0
55.0
44.0
73.0
94.0
105.0
72.0
73.0
103.0
176.0
68.0
111.0
70.0
93.0
79.0
113.0
78.0
60.0
39.0
60.0
104.0
97.0
19.0
94.0
30.0
40.0
42.0
85.0
55.0
72.0
66.0
101.0
96.0
151.0
53.0
80.0
35.0
39.0
85.0
50.0
41.0
24.0
81.0
129.0
58.0
45.0
43.0
47.0
51.0
30.0
75.0
35.0
163.0
96.0
69.0
55.0
181.0
32.0
60.0
165.0
59.0
60.0
77.0
56.0
89.0
81.0
62.0
211.0
104.0
51.0
72.0
95.0
72.0
38.0
100.0
70.0
21.0
115.0
61.0
70.0
47.0
55.0
91.0
45.0
74.0
91.0
25.0
86.0
48.0
54.0
40.0
58.0
71.0
150.0
52.0
30.0
122.0
62.0
83.0
41.0
54.0
67.0
50.0
37.0
36.0
57.0
110.0
104.0
122.0
153.0
90.0
28.0
94.0
35.0
103.0
48.0
45.0
214.0
96.0
54.0
50.0
51.0
71.0
38.0
59.0
26.0
56.0
76.0
72.0
70.0
55.0
105.0
67.0
61.0
80.0
145.0
47.0
35.0
98.0
63.0
80.0
48.0
105.0
66.0
33.0
57.0
53.0
46.0
116.0
59.0
174.0
249.0
94.0
54.0
52.0
117.0
26.0
81.0
27.0
35.0
90.0
76.0
92.0
35.0
41.0
41.0
75.0
60.0
57.0
68.0
49.0
77.0
50.0
45.0
45.0
67.0
74.0
57.0
19.0
86.0
64.0
64.0
52.0
54.0
63.0
68.0
30.0
35.0
127.0
53.0
53.0
47.0
60.0
21.0
88.0
107.0
40.0
40.0
45.0
102.0
36.0
65.0
182.0
58.0
52.0
104.0
81.0
81.0
42.0
52.0
44.0
36.0
100.0
40.0
66.0
131.0
127.0
33.0
70.0
60.0
50.0
82.0
92.0
73.0
15.0
43.0
75.0
111.0
78.0
50.0
59.0
85.0
52.0
83.0
149.0
51.0
62.0
121.0
40.0
90.0
114.0
100.0
33.0
23.0
65.0
31.0
115.0
101.0
71.0
66.0
50.0
37.0
100.0
62.0
189.0
100.0
43.0
80.0
30.0
119.0
25.0
60.0
67.0
50.0
141.0
84.0
87.0
51.0
71.0
28.0
47.0
77.0
107.0
167.0
21.0
101.0
91.0
18.0
100.0
55.0
50.0
117.0
32.0
60.0
30.0
31.0
110.0
122.0
140.0
91.0
102.0
78.0
33.0
79.0
39.0
63.0
48.0
25.0
62.0
73.0
43.0
23.0
38.0
90.0
115.0
68.0
64.0
35.0
88.0
110.0
56.0
69.0
36.0
33.0
67.0
53.0
68.0
126.0
107.0
34.0
51.0
83.0
59.0
69.0
63.0
101.0
116.0
37.0
44.0
67.0
65.0
116.0
75.0
36.0
121.0
40.0
103.0
121.0
101.0
80.0
64.0
60.0
112.0
58.0
109.0
58.0
81.0
63.0
160.0
117.0
57.0
61.0
42.0
67.0
77.0
44.0
73.0
58.0
134.0
73.0
25.0
212.0
56.0
86.0
151.0
50.0
76.0
73.0
291.0
51.0
50.0
46.0
66.0
94.0
76.0
119.0
112.0
59.0
112.0
41.0
82.0
65.0
31.0
115.0
100.0
55.0
30.0
75.0
71.0
64.0
88.0
87.0
47.0
49.0
30.0
64.0
96.0
72.0
92.0
56.0
74.0
64.0
109.0
58.0
73.0
55.0
70.0
78.0
66.0
126.0
37.0
47.0
74.0
24.0
25.0
72.0
79.0
48.0
32.0
52.0
69.0
10.0
44.0
96.0
53.0
65.0
111.0
96.0
87.0
63.0
120.0
77.0
20.0
38.0
88.0
80.0
74.0
131.0
31.0
57.0
185.0
73.0
45.0
90.0
274.0
71.0
132.0
73.0
60.0
58.0
36.0
35.0
60.0
60.0
35.0
26.0
43.0
48.0
139.0
61.0
156.0
144.0
42.0
100.0
24.0
167.0
91.0
51.0
53.0
140.0
49.0
105.0
74.0
36.0
41.0
76.0
74.0
28.0
71.0
26.0
98.0
84.0
56.0
41.0
113.0
108.0
125.0
86.0
45.0
28.0
68.0
87.0
34.0
47.0
25.0
110.0
32.0
53.0
106.0
74.0
44.0
63.0
23.0
77.0
56.0
82.0
109.0
87.0
10.0
68.0
50.0
141.0
150.0
47.0
71.0
68.0
93.0
45.0
52.0
105.0
72.0
64.0
55.0
35.0
104.0
105.0
58.0
123.0
35.0
69.0
81.0
37.0
82.0
138.0
43.0
61.0
48.0
94.0
96.0
74.0
22.0
106.0
21.0
100.0
53.0
42.0
114.0
119.0
81.0
166.0
99.0
48.0
121.0
34.0
62.0
82.0
49.0
66.0
88.0
55.0
50.0
29.0
74.0
96.0
101.0
168.0
53.0
309.0
68.0
67.0
99.0
61.0
34.0
69.0
61.0
43.0
98.0
47.0
87.0
56.0
102.0
117.0
76.0
43.0
70.0
48.0
23.0
42.0
172.0
38.0
74.0
64.0
50.0
66.0
100.0
28.0
47.0
33.0
48.0
52.0
38.0
87.0
101.0
73.0
92.0
46.0
97.0
34.0
128.0
45.0
66.0
111.0
31.0
99.0
68.0
47.0
75.0
94.0
63.0
297.0
81.0
35.0
60.0
59.0
161.0
66.0
63.0
135.0
60.0
133.0
23.0
91.0
89.0
78.0
66.0
114.0
69.0
64.0
27.0
45.0
49.0
121.0
41.0
58.0
79.0
26.0
94.0
59.0
37.0
290.0
44.0
59.0
75.0
93.0
89.0
56.0
85.0
79.0
55.0
48.0
85.0
117.0
88.0
106.0
41.0
85.0
45.0
57.0
177.0
62.0
60.0
48.0
46.0
22.0
35.0
77.0
121.0
30.0
80.0
79.0
91.0
87.0
49.0
84.0
32.0
51.0
75.0
60.0
53.0
57.0
68.0
115.0
60.0
62.0
43.0
72.0
46.0
74.0
88.0
105.0
80.0
87.0
72.0
24.0
44.0
33.0
100.0
113.0
42.0
38.0
197.0
84.0
90.0
60.0
86.0
92.0
44.0
123.0
54.0
71.0
32.0
73.0
48.0
88.0
99.0
56.0
39.0
86.0
60.0
91.0
35.0
69.0
87.0
84.0
91.0
99.0
63.0
67.0
74.0
75.0
65.0
55.0
31.0
110.0
82.0
68.0
467.0
116.0
111.0
51.0
85.0
141.0
72.0
26.0
123.0
59.0
45.0
64.0
55.0
88.0
56.0
46.0
72.0
72.0
78.0
35.0
31.0
85.0
71.0
49.0
54.0
27.0
66.0
76.0
61.0
38.0
90.0
109.0
88.0
114.0
17.0
65.0
60.0
79.0
40.0
64.0
53.0
44.0
42.0
47.0
117.0
26.0
69.0
45.0
59.0
127.0
73.0
71.0
116.0
61.0
61.0
56.0
63.0
34.0
68.0
24.0
81.0
51.0
91.0
80.0
37.0
121.0
84.0
86.0
92.0
80.0
58.0
95.0
61.0
75.0
93.0
40.0
64.0
12.0
65.0
108.0
57.0
55.0
47.0
72.0
107.0
62.0
73.0
110.0
121.0
109.0
80.0
61.0
55.0
108.0
106.0
100.0
31.0
61.0
73.0
22.0
76.0
121.0
75.0
87.0
206.0
41.0
136.0
77.0
80.0
74.0
79.0
61.0
247.0
56.0
76.0
113.0
56.0
71.0
92.0
89.0
92.0
81.0
94.0
73.0
57.0
57.0
31.0
50.0
56.0
95.0
85.0
69.0
101.0
79.0
58.0
72.0
46.0
17.0
85.0
59.0
53.0
84.0
58.0
28.0
95.0
65.0
123.0
35.0
97.0
46.0
109.0
39.0
110.0
70.0
76.0
29.0
69.0
59.0
44.0
85.0
19.0
56.0
43.0
92.0
98.0
63.0
59.0
46.0
122.0
36.0
64.0
387.0
155.0
107.0
40.0
73.0
71.0
55.0
46.0
26.0
139.0
68.0
77.0
164.0
32.0
121.0
160.0
92.0
35.0
277.0
42.0
36.0
43.0
108.0
90.0
87.0
28.0
113.0
36.0
90.0
112.0
82.0
26.0
73.0
136.0
60.0
107.0
124.0
31.0
30.0
37.0
59.0
62.0
85.0
94.0
73.0
63.0
84.0
123.0
98.0
93.0
55.0
17.0
41.0
162.0
56.0
54.0
55.0
130.0
87.0
109.0
44.0
116.0
89.0
45.0
94.0
37.0
88.0
107.0
30.0
74.0
138.0
15.0
69.0
110.0
71.0
64.0
83.0
101.0
55.0
44.0
35.0
41.0
85.0
81.0
47.0
109.0
85.0
27.0
49.0
67.0
150.0
79.0
41.0
77.0
55.0
114.0
43.0
50.0
38.0
172.0
92.0
78.0
75.0
141.0
180.0
108.0
63.0
91.0
124.0
79.0
100.0
45.0
36.0
85.0
101.0
113.0
326.0
17.0
144.0
95.0
40.0
69.0
56.0
73.0
83.0
54.0
146.0
38.0
50.0
26.0
103.0
28.0
56.0
67.0
65.0
67.0
59.0
87.0
64.0
75.0
19.0
32.0
95.0
69.0
99.0
90.0
80.0
42.0
107.0
66.0
60.0
72.0
77.0
27.0
44.0
56.0
91.0
46.0
84.0
60.0
52.0
86.0
32.0
72.0
54.0
75.0
46.0
123.0
41.0
111.0
120.0
43.0
169.0
68.0
29.0
33.0
38.0
74.0
42.0
68.0
41.0
112.0
101.0
82.0
73.0
116.0
52.0
100.0
37.0
147.0
113.0
35.0
65.0
98.0
99.0
63.0
53.0
32.0
188.0
19.0
56.0
66.0
41.0
34.0
86.0
78.0
44.0
111.0
51.0
185.0
80.0
61.0
61.0
51.0
34.0
117.0
36.0
44.0
80.0
40.0
124.0
133.0
49.0
59.0
86.0
219.0
54.0
135.0
160.0
105.0
63.0
58.0
54.0
80.0
55.0
61.0
31.0
38.0
60.0
70.0
49.0
83.0
65.0
69.0
79.0
99.0
60.0
25.0
45.0
136.0
41.0
82.0
64.0
45.0
118.0
60.0
73.0
35.0
37.0
106.0
93.0
52.0
57.0
77.0
21.0
87.0
37.0
37.0
62.0
86.0
28.0
97.0
74.0
102.0
22.0
40.0
113.0
111.0
35.0
123.0
33.0
44.0
26.0
76.0
51.0
53.0
46.0
112.0
95.0
100.0
72.0
98.0
78.0
79.0
186.0
64.0
65.0
38.0
31.0
101.0
142.0
35.0
48.0
57.0
91.0
21.0
40.0
38.0
93.0
267.0
74.0
263.0
94.0
47.0
43.0
45.0
78.0
61.0
97.0
83.0
111.0
63.0
33.0
63.0
74.0
293.0
57.0
161.0
35.0
31.0
62.0
86.0
144.0
56.0
104.0
59.0
67.0
32.0
32.0
118.0
73.0
74.0
107.0
43.0
73.0
82.0
60.0
45.0
29.0
66.0
92.0
71.0
98.0
47.0
102.0
33.0
153.0
125.0
41.0
69.0
57.0
103.0
90.0
49.0
84.0
33.0
84.0
83.0
66.0
65.0
102.0
74.0
71.0
60.0
30.0
165.0
47.0
39.0
45.0
86.0
43.0
64.0
36.0
103.0
86.0
61.0
120.0
62.0
64.0
36.0
58.0
28.0
104.0
63.0
81.0
71.0
122.0
55.0
198.0
57.0
80.0
41.0
42.0
64.0
44.0
43.0
93.0
170.0
106.0
26.0
79.0
121.0
45.0
166.0
94.0
58.0
60.0
103.0
50.0
62.0
33.0
49.0
55.0
143.0
70.0
70.0
40.0
92.0
33.0
63.0
148.0
80.0
115.0
36.0
135.0
22.0
49.0
97.0
50.0
37.0
41.0
42.0
58.0
76.0
88.0
87.0
81.0
112.0
22.0
61.0
84.0
81.0
65.0
64.0
172.0
63.0
85.0
70.0
119.0
37.0
142.0
61.0
39.0
30.0
46.0
44.0
113.0
51.0
42.0
72.0
22.0
70.0
41.0
126.0
119.0
23.0
61.0
55.0
71.0
98.0
83.0
100.0
126.0
70.0
41.0
60.0
47.0
58.0
27.0
54.0
30.0
68.0
31.0
56.0
32.0
17.0
91.0
26.0
71.0
84.0
47.0
49.0
71.0
530.0
30.0
32.0
57.0
71.0
30.0
107.0
41.0
30.0
123.0
104.0
31.0
116.0
94.0
62.0
138.0
55.0
51.0
115.0
91.0
102.0
84.0
138.0
88.0
114.0
50.0
79.0
53.0
83.0
65.0
61.0
68.0
53.0
65.0
131.0
49.0
62.0
70.0
63.0
50.0
235.0
57.0
70.0
41.0
67.0
94.0
89.0
35.0
79.0
35.0
54.0
112.0
53.0
143.0
20.0
146.0
73.0
66.0
50.0
69.0
116.0
51.0
34.0
48.0
57.0
88.0
55.0
89.0
35.0
104.0
49.0
94.0
38.0
49.0
108.0
72.0
136.0
33.0
63.0
106.0
50.0
42.0
163.0
28.0
87.0
48.0
96.0
53.0
17.0
71.0
71.0
44.0
48.0
68.0
28.0
133.0
52.0
187.0
46.0
122.0
97.0
66.0
44.0
59.0
183.0
75.0
79.0
66.0
42.0
66.0
111.0
56.0
27.0
140.0
101.0
93.0
65.0
60.0
69.0
53.0
447.0
112.0
54.0
248.0
38.0
36.0
65.0
61.0
55.0
85.0
86.0
35.0
93.0
85.0
84.0
59.0
63.0
134.0
75.0
146.0
52.0
51.0
100.0
62.0
36.0
49.0
61.0
71.0
65.0
87.0
45.0
69.0
78.0
68.0
68.0
29.0
63.0
30.0
88.0
36.0
141.0
104.0
69.0
105.0
116.0
65.0
63.0
49.0
77.0
224.0
79.0
64.0
50.0
80.0
174.0
33.0
37.0
78.0
311.0
29.0
98.0
61.0
98.0
68.0
73.0
70.0
48.0
34.0
69.0
92.0
67.0
83.0
24.0
103.0
21.0
46.0
55.0
121.0
69.0
111.0
64.0
256.0
66.0
40.0
59.0
77.0
40.0
52.0
85.0
62.0
43.0
59.0
286.0
49.0
53.0
130.0
114.0
25.0
61.0
72.0
69.0
70.0
52.0
64.0
56.0
53.0
49.0
58.0
86.0
41.0
180.0
136.0
141.0
29.0
199.0
37.0
39.0
46.0
16.0
37.0
125.0
114.0
63.0
46.0
46.0
114.0
126.0
64.0
42.0
46.0
80.0
176.0
62.0
57.0
82.0
47.0
54.0
78.0
46.0
85.0
53.0
52.0
78.0
45.0
85.0
90.0
54.0
93.0
91.0
64.0
60.0
68.0
101.0
122.0
135.0
18.0
55.0
52.0
58.0
32.0
117.0
43.0
40.0
33.0
44.0
101.0
77.0
116.0
30.0
45.0
85.0
72.0
44.0
83.0
141.0
52.0
78.0
39.0
138.0
55.0
59.0
60.0
73.0
33.0
760.0
73.0
111.0
81.0
36.0
50.0
42.0
245.0
32.0
115.0
78.0
133.0
78.0
67.0
124.0
83.0
112.0
73.0
54.0
50.0
62.0
95.0
47.0
18.0
27.0
95.0
101.0
57.0
51.0
65.0
63.0
34.0
76.0
79.0
105.0
57.0
55.0
50.0
62.0
113.0
50.0
120.0
56.0
24.0
96.0
59.0
96.0
103.0
77.0
44.0
86.0
45.0
167.0
47.0
123.0
74.0
25.0
70.0
34.0
35.0
61.0
41.0
69.0
140.0
117.0
82.0
94.0
55.0
58.0
70.0
88.0
62.0
33.0
62.0
62.0
39.0
94.0
44.0
43.0
88.0
74.0
66.0
94.0
30.0
86.0
42.0
50.0
62.0
78.0
63.0
68.0
132.0
86.0
53.0
39.0
186.0
59.0
81.0
102.0
87.0
120.0
68.0
62.0
54.0
173.0
90.0
97.0
37.0
66.0
37.0
682.0
38.0
61.0
93.0
194.0
176.0
31.0
33.0
55.0
57.0
60.0
94.0
34.0
89.0
67.0
113.0
52.0
51.0
78.0
11.0
136.0
56.0
60.0
67.0
80.0
73.0
76.0
80.0
122.0
42.0
27.0
53.0
37.0
44.0
110.0
90.0
70.0
91.0
51.0
66.0
73.0
48.0
59.0
59.0
55.0
25.0
87.0
43.0
57.0
228.0
84.0
132.0
70.0
61.0
72.0
26.0
81.0
81.0
87.0
59.0
66.0
74.0
66.0
87.0
29.0
52.0
118.0
143.0
30.0
112.0
111.0
52.0
79.0
73.0
54.0
100.0
25.0
135.0
78.0
114.0
63.0
20.0
55.0
92.0
71.0
108.0
63.0
182.0
39.0
44.0
33.0
140.0
132.0
59.0
25.0
133.0
25.0
86.0
87.0
164.0
113.0
91.0
96.0
43.0
41.0
36.0
17.0
121.0
47.0
77.0
74.0
121.0
58.0
82.0
111.0
40.0
97.0
79.0
65.0
105.0
129.0
13.0
176.0
60.0
63.0
21.0
18.0
87.0
35.0
81.0
70.0
112.0
59.0
31.0
107.0
88.0
39.0
100.0
106.0
153.0
21.0
55.0
58.0
114.0
99.0
37.0
77.0
70.0
61.0
38.0
48.0
41.0
31.0
85.0
72.0
110.0
30.0
50.0
30.0
79.0
219.0
69.0
127.0
144.0
116.0
96.0
43.0
42.0
67.0
54.0
22.0
83.0
56.0
257.0
98.0
88.0
48.0
85.0
98.0
114.0
42.0
48.0
156.0
89.0
38.0
78.0
131.0
120.0
41.0
100.0
65.0
95.0
36.0
48.0
18.0
41.0
41.0
88.0
40.0
98.0
131.0
105.0
43.0
174.0
67.0
109.0
32.0
36.0
37.0
73.0
67.0
61.0
50.0
41.0
51.0
66.0
32.0
116.0
77.0
45.0
70.0
7.0
60.0
47.0
67.0
73.0
43.0
182.0
203.0
68.0
120.0
87.0
89.0
26.0
40.0
31.0
63.0
36.0
49.0
72.0
61.0
53.0
78.0
55.0
61.0
66.0
42.0
55.0
67.0
59.0
124.0
42.0
77.0
69.0
70.0
43.0
376.0
97.0
24.0
132.0
51.0
54.0
101.0
50.0
52.0
472.0
36.0
113.0
86.0
52.0
27.0
51.0
47.0
85.0
51.0
135.0
116.0
85.0
55.0
83.0
139.0
68.0
63.0
93.0
19.0
84.0
56.0
48.0
144.0
71.0
38.0
87.0
56.0
68.0
57.0
43.0
182.0
56.0
112.0
78.0
120.0
143.0
81.0
58.0
92.0
31.0
39.0
41.0
85.0
83.0
75.0
34.0
49.0
87.0
61.0
52.0
62.0
108.0
22.0
68.0
72.0
39.0
18.0
70.0
50.0
63.0
43.0
63.0
107.0
56.0
90.0
104.0
64.0
52.0
90.0
61.0
117.0
92.0
71.0
31.0
76.0
92.0
33.0
153.0
84.0
71.0
44.0
51.0
50.0
66.0
31.0
30.0
55.0
120.0
41.0
32.0
58.0
98.0
69.0
104.0
82.0
187.0
50.0
79.0
63.0
78.0
184.0
104.0
91.0
84.0
92.0
63.0
157.0
41.0
91.0
72.0
50.0
39.0
44.0
201.0
50.0
36.0
81.0
88.0
71.0
82.0
76.0
135.0
87.0
125.0
41.0
48.0
116.0
37.0
322.0
70.0
47.0
41.0
36.0
108.0
68.0
37.0
65.0
65.0
67.0
42.0
61.0
109.0
94.0
59.0
180.0
60.0
44.0
106.0
98.0
65.0
51.0
72.0
146.0
75.0
45.0
23.0
73.0
42.0
62.0
24.0
42.0
82.0
149.0
19.0
32.0
42.0
67.0
36.0
105.0
74.0
91.0
40.0
102.0
62.0
119.0
55.0
29.0
43.0
66.0
54.0
26.0
30.0
109.0
47.0
189.0
71.0
57.0
87.0
54.0
40.0
42.0
92.0
40.0
131.0
52.0
113.0
71.0
70.0
42.0
162.0
51.0
99.0
48.0
133.0
70.0
24.0
46.0
98.0
61.0
84.0
97.0
101.0
176.0
76.0
50.0
54.0
75.0
28.0
136.0
37.0
45.0
89.0
62.0
70.0
86.0
54.0
70.0
50.0
127.0
96.0
142.0
115.0
141.0
60.0
62.0
54.0
63.0
54.0
198.0
74.0
62.0
72.0
148.0
68.0
71.0
37.0
157.0
164.0
89.0
48.0
43.0
18.0
69.0
43.0
47.0
75.0
40.0
23.0
74.0
115.0
79.0
55.0
50.0
40.0
50.0
131.0
71.0
81.0
46.0
56.0
54.0
99.0
70.0
91.0
55.0
15.0
78.0
31.0
70.0
96.0
43.0
37.0
34.0
75.0
61.0
185.0
69.0
31.0
134.0
90.0
46.0
73.0
32.0
50.0
26.0
53.0
299.0
52.0
49.0
60.0
60.0
61.0
33.0
94.0
57.0
56.0
72.0
53.0
38.0
61.0
69.0
124.0
65.0
180.0
33.0
124.0
34.0
60.0
67.0
40.0
103.0
89.0
21.0
75.0
65.0
67.0
122.0
51.0
96.0
46.0
125.0
61.0
133.0
45.0
90.0
58.0
133.0
58.0
91.0
76.0
56.0
94.0
43.0
65.0
40.0
82.0
69.0
102.0
97.0
102.0
73.0
51.0
62.0
44.0
59.0
27.0
40.0
36.0
31.0
70.0
92.0
63.0
57.0
153.0
42.0
126.0
110.0
42.0
54.0
87.0
88.0
56.0
53.0
100.0
49.0
38.0
171.0
99.0
73.0
50.0
99.0
101.0
91.0
70.0
102.0
67.0
67.0
65.0
83.0
35.0
40.0
58.0
77.0
90.0
48.0
69.0
48.0
87.0
75.0
56.0
126.0
48.0
127.0
65.0
46.0
57.0
80.0
76.0
48.0
86.0
50.0
42.0
115.0
78.0
343.0
33.0
46.0
40.0
72.0
107.0
29.0
63.0
36.0
58.0
60.0
83.0
55.0
78.0
181.0
54.0
53.0
168.0
67.0
58.0
69.0
56.0
284.0
36.0
43.0
116.0
152.0
124.0
81.0
107.0
84.0
56.0
90.0
60.0
50.0
89.0
65.0
24.0
142.0
101.0
63.0
62.0
104.0
90.0
55.0
33.0
60.0
34.0
40.0
132.0
62.0
122.0
56.0
65.0
132.0
88.0
45.0
94.0
56.0
78.0
65.0
37.0
61.0
61.0
208.0
66.0
71.0
113.0
105.0
77.0
48.0
76.0
308.0
71.0
64.0
64.0
48.0
37.0
69.0
86.0
123.0
100.0
66.0
45.0
94.0
41.0
43.0
60.0
164.0
49.0
75.0
74.0
50.0
51.0
47.0
44.0
49.0
72.0
47.0
96.0
38.0
121.0
225.0
137.0
41.0
118.0
34.0
84.0
125.0
79.0
99.0
56.0
35.0
45.0
63.0
84.0
31.0
86.0
98.0
57.0
85.0
82.0
82.0
149.0
336.0
36.0
53.0
110.0
118.0
89.0
35.0
97.0
62.0
77.0
51.0
41.0
67.0
72.0
53.0
52.0
100.0
42.0
56.0
39.0
55.0
54.0
154.0
94.0
90.0
147.0
31.0
27.0
60.0
117.0
40.0
71.0
95.0
99.0
103.0
102.0
122.0
102.0
61.0
35.0
62.0
67.0
41.0
93.0
144.0
95.0
91.0
102.0
117.0
98.0
27.0
123.0
83.0
51.0
99.0
42.0
90.0
59.0
120.0
50.0
185.0
171.0
62.0
52.0
140.0
44.0
59.0
33.0
58.0
85.0
54.0
47.0
165.0
86.0
88.0
39.0
80.0
118.0
73.0
30.0
87.0
67.0
49.0
231.0
56.0
74.0
133.0
62.0
27.0
36.0
115.0
89.0
86.0
64.0
47.0
79.0
43.0
77.0
34.0
148.0
67.0
38.0
63.0
44.0
71.0
110.0
63.0
30.0
42.0
74.0
58.0
28.0
55.0
47.0
258.0
62.0
107.0
49.0
66.0
129.0
113.0
54.0
60.0
103.0
92.0
90.0
69.0
39.0
107.0
68.0
72.0
86.0
60.0
79.0
60.0
45.0
45.0
45.0
33.0
102.0
147.0
64.0
41.0
44.0
48.0
62.0
63.0
91.0
126.0
110.0
54.0
110.0
57.0
46.0
67.0
104.0
40.0
56.0
58.0
78.0
87.0
105.0
113.0
41.0
41.0
78.0
34.0
49.0
105.0
23.0
46.0
75.0
38.0
40.0
195.0
70.0
69.0
78.0
54.0
92.0
81.0
74.0
52.0
69.0
103.0
42.0
118.0
75.0
71.0
74.0
97.0
27.0
45.0
59.0
59.0
71.0
190.0
63.0
57.0
43.0
97.0
34.0
28.0
25.0
45.0
66.0
38.0
104.0
55.0
123.0
61.0
59.0
48.0
43.0
71.0
63.0
96.0
143.0
84.0
100.0
66.0
41.0
118.0
59.0
58.0
77.0
69.0
58.0
99.0
120.0
89.0
94.0
52.0
53.0
119.0
73.0
41.0
93.0
63.0
76.0
106.0
117.0
46.0
70.0
40.0
44.0
46.0
35.0
47.0
63.0
47.0
36.0
35.0
56.0
73.0
53.0
55.0
98.0
58.0
78.0
66.0
54.0
61.0
33.0
63.0
54.0
69.0
67.0
88.0
146.0
40.0
69.0
58.0
69.0
96.0
63.0
118.0
74.0
110.0
56.0
60.0
89.0
120.0
109.0
63.0
40.0
64.0
48.0
43.0
63.0
25.0
53.0
75.0
115.0
77.0
92.0
38.0
84.0
93.0
54.0
89.0
56.0
123.0
72.0
41.0
78.0
67.0
54.0
193.0
82.0
119.0
64.0
64.0
47.0
26.0
54.0
110.0
94.0
89.0
37.0
33.0
53.0
47.0
106.0
32.0
80.0
27.0
47.0
40.0
90.0
128.0
66.0
60.0
129.0
163.0
36.0
104.0
65.0
29.0
65.0
49.0
57.0
76.0
42.0
76.0
169.0
90.0
48.0
189.0
65.0
119.0
60.0
73.0
64.0
53.0
16.0
70.0
95.0
53.0
105.0
64.0
77.0
73.0
24.0
62.0
45.0
127.0
67.0
83.0
121.0
97.0
59.0
46.0
34.0
30.0
41.0
32.0
58.0
137.0
49.0
84.0
61.0
57.0
138.0
52.0
98.0
72.0
49.0
44.0
107.0
83.0
24.0
90.0
93.0
79.0
92.0
119.0
48.0
138.0
100.0
41.0
37.0
56.0
69.0
83.0
70.0
92.0
162.0
66.0
264.0
71.0
112.0
63.0
85.0
42.0
63.0
53.0
68.0
58.0
96.0
65.0
102.0
58.0
49.0
91.0
114.0
124.0
73.0
57.0
54.0
93.0
64.0
71.0
135.0
60.0
103.0
103.0
59.0
60.0
86.0
68.0
70.0
96.0
86.0
58.0
35.0
81.0
113.0
62.0
161.0
84.0
69.0
171.0
68.0
102.0
66.0
61.0
29.0
49.0
75.0
30.0
111.0
127.0
112.0
95.0
66.0
109.0
41.0
60.0
63.0
74.0
75.0
72.0
152.0
49.0
49.0
86.0
65.0
39.0
73.0
50.0
48.0
95.0
122.0
46.0
103.0
53.0
121.0
87.0
73.0
88.0
108.0
101.0
80.0
55.0
61.0
78.0
100.0
59.0
44.0
109.0
98.0
121.0
63.0
30.0
36.0
44.0
96.0
171.0
99.0
46.0
51.0
52.0
71.0
94.0
75.0
138.0
54.0
58.0
106.0
77.0
40.0
29.0
35.0
48.0
114.0
23.0
77.0
93.0
140.0
53.0
51.0
195.0
127.0
85.0
45.0
54.0
66.0
31.0
47.0
61.0
68.0
22.0
84.0
125.0
66.0
77.0
82.0
84.0
30.0
93.0
149.0
67.0
56.0
151.0
51.0
85.0
109.0
36.0
35.0
118.0
87.0
89.0
68.0
81.0
56.0
38.0
86.0
80.0
163.0
78.0
40.0
35.0
59.0
126.0
38.0
126.0
78.0
31.0
53.0
98.0
85.0
70.0
93.0
33.0
93.0
48.0
18.0
83.0
143.0
195.0
35.0
101.0
59.0
52.0
45.0
81.0
76.0
60.0
71.0
40.0
61.0
59.0
63.0
86.0
51.0
74.0
57.0
71.0
72.0
74.0
159.0
60.0
59.0
66.0
72.0
104.0
117.0
47.0
80.0
32.0
58.0
64.0
58.0
119.0
49.0
32.0
39.0
56.0
177.0
42.0
108.0
136.0
67.0
62.0
55.0
27.0
119.0
35.0
79.0
47.0
120.0
55.0
118.0
54.0
64.0
58.0
88.0
49.0
66.0
57.0
98.0
28.0
80.0
61.0
131.0
103.0
130.0
106.0
68.0
74.0
59.0
96.0
82.0
127.0
87.0
68.0
66.0
79.0
100.0
50.0
70.0
87.0
62.0
177.0
154.0
45.0
50.0
60.0
71.0
58.0
111.0
89.0
86.0
98.0
54.0
53.0
44.0
48.0
71.0
116.0
94.0
60.0
47.0
39.0
47.0
170.0
57.0
194.0
72.0
123.0
59.0
93.0
34.0
45.0
65.0
68.0
84.0
88.0
141.0
112.0
85.0
72.0
48.0
43.0
128.0
116.0
43.0
85.0
165.0
67.0
63.0
39.0
45.0
93.0
53.0
118.0
79.0
56.0
26.0
61.0
49.0
57.0
129.0
73.0
45.0
61.0
17.0
66.0
41.0
82.0
37.0
61.0
53.0
97.0
60.0
76.0
72.0
145.0
77.0
56.0
63.0
34.0
55.0
123.0
43.0
61.0
86.0
115.0
62.0
163.0
115.0
114.0
66.0
132.0
76.0
59.0
52.0
34.0
66.0
120.0
41.0
38.0
65.0
41.0
105.0
128.0
65.0
144.0
95.0
44.0
99.0
59.0
73.0
19.0
129.0
48.0
111.0
33.0
47.0
80.0
65.0
122.0
102.0
86.0
72.0
55.0
89.0
90.0
41.0
49.0
75.0
84.0
72.0
124.0
78.0
46.0
43.0
90.0
153.0
36.0
110.0
79.0
37.0
39.0
118.0
54.0
66.0
114.0
40.0
61.0
47.0
101.0
127.0
51.0
63.0
65.0
64.0
102.0
59.0
77.0
48.0
38.0
44.0
87.0
68.0
53.0
71.0
43.0
111.0
92.0
94.0
41.0
137.0
166.0
68.0
65.0
80.0
119.0
50.0
75.0
92.0
119.0
66.0
83.0
87.0
70.0
99.0
98.0
52.0
61.0
41.0
45.0
63.0
48.0
48.0
154.0
119.0
64.0
47.0
62.0
49.0
54.0
132.0
143.0
67.0
91.0
43.0
105.0
56.0
71.0
54.0
139.0
76.0
85.0
72.0
132.0
74.0
202.0
96.0
52.0
107.0
66.0
72.0
47.0
37.0
59.0
59.0
145.0
59.0
59.0
63.0
58.0
71.0
57.0
91.0
112.0
92.0
56.0
45.0
51.0
85.0
125.0
82.0
58.0
75.0
76.0
65.0
64.0
95.0
77.0
36.0
45.0
28.0
69.0
30.0
57.0
39.0
88.0
113.0
121.0
183.0
104.0
55.0
64.0
91.0
198.0
34.0
45.0
51.0
67.0
98.0
72.0
73.0
54.0
64.0
75.0
52.0
39.0
124.0
68.0
29.0
58.0
200.0
44.0
107.0
67.0
70.0
40.0
62.0
42.0
134.0
75.0
82.0
20.0
72.0
44.0
35.0
100.0
46.0
54.0
96.0
20.0
86.0
112.0
79.0
59.0
77.0
99.0
53.0
57.0
89.0
86.0
70.0
85.0
54.0
39.0
98.0
80.0
49.0
82.0
151.0
67.0
96.0
71.0
57.0
60.0
122.0
82.0
92.0
105.0
53.0
79.0
97.0
115.0
78.0
29.0
106.0
180.0
16.0
91.0
80.0
66.0
101.0
63.0
128.0
76.0
86.0
64.0
125.0
43.0
33.0
71.0
92.0
116.0
110.0
43.0
71.0
37.0
48.0
97.0
70.0
99.0
52.0
56.0
127.0
139.0
38.0
83.0
110.0
155.0
111.0
72.0
50.0
36.0
161.0
93.0
48.0
147.0
47.0
100.0
43.0
49.0
87.0
136.0
45.0
75.0
69.0
59.0
46.0
164.0
91.0
68.0
46.0
85.0
78.0
53.0
60.0
75.0
32.0
40.0
84.0
109.0
91.0
60.0
36.0
47.0
124.0
55.0
82.0
96.0
86.0
96.0
79.0
89.0
94.0
115.0
115.0
34.0
91.0
24.0
67.0
58.0
86.0
47.0
28.0
50.0
45.0
56.0
94.0
90.0
44.0
23.0
43.0
74.0
88.0
79.0
81.0
58.0
88.0
93.0
118.0
45.0
123.0
91.0
135.0
72.0
79.0
153.0
49.0
94.0
92.0
122.0
84.0
130.0
53.0
57.0
82.0
100.0
73.0
113.0
105.0
89.0
45.0
63.0
52.0
90.0
137.0
108.0
91.0
81.0
48.0
118.0
40.0
61.0
76.0
45.0
52.0
47.0
129.0
97.0
157.0
64.0
30.0
66.0
61.0
107.0
59.0
68.0
55.0
101.0
195.0
92.0
43.0
42.0
63.0
83.0
105.0
40.0
71.0
108.0
39.0
64.0
56.0
96.0
86.0
41.0
122.0
40.0
104.0
147.0
44.0
105.0
34.0
58.0
168.0
89.0
31.0
28.0
28.0
175.0
40.0
28.0
44.0
46.0
138.0
97.0
70.0
43.0
58.0
93.0
66.0
92.0
130.0
107.0
95.0
57.0
85.0
84.0
103.0
92.0
110.0
93.0
101.0
81.0
91.0
140.0
60.0
98.0
71.0
83.0
125.0
70.0
47.0
52.0
117.0
68.0
105.0
58.0
43.0
40.0
62.0
48.0
96.0
45.0
57.0
75.0
39.0
61.0
116.0
70.0
61.0
43.0
87.0
57.0
56.0
77.0
84.0
79.0
108.0
57.0
42.0
33.0
127.0
75.0
62.0
48.0
77.0
107.0
41.0
102.0
54.0
87.0
68.0
58.0
103.0
110.0
66.0
68.0
121.0
48.0
106.0
61.0
80.0
102.0
78.0
62.0
98.0
81.0
33.0
102.0
93.0
128.0
75.0
157.0
119.0
103.0
31.0
59.0
30.0
34.0
108.0
35.0
85.0
91.0
64.0
129.0
85.0
39.0
100.0
90.0
94.0
96.0
42.0
57.0
95.0
64.0
95.0
80.0
124.0
82.0
54.0
59.0
67.0
66.0
106.0
91.0
51.0
56.0
81.0
75.0
89.0
65.0
128.0
142.0
102.0
75.0
48.0
86.0
41.0
49.0
25.0
58.0
69.0
73.0
71.0
63.0
36.0
36.0
81.0
49.0
156.0
82.0
59.0
80.0
39.0
50.0
74.0
69.0
61.0
74.0
52.0
64.0
57.0
65.0
107.0
113.0
143.0
74.0
51.0
95.0
46.0
117.0
55.0
78.0
47.0
80.0
136.0
86.0
91.0
90.0
30.0
60.0
35.0
58.0
64.0
40.0
124.0
72.0
33.0
59.0
79.0
55.0
76.0
51.0
120.0
75.0
73.0
134.0
91.0
61.0
68.0
61.0
73.0
64.0
80.0
134.0
17.0
66.0
69.0
47.0
36.0
179.0
153.0
133.0
92.0
155.0
45.0
49.0
121.0
57.0
92.0
59.0
141.0
133.0
74.0
72.0
67.0
75.0
86.0
84.0
56.0
42.0
55.0
46.0
43.0
96.0
92.0
47.0
86.0
89.0
43.0
48.0
103.0
77.0
50.0
94.0
61.0
67.0
65.0
70.0
85.0
62.0
73.0
24.0
164.0
40.0
119.0
70.0
77.0
42.0
112.0
53.0
83.0
48.0
60.0
161.0
115.0
55.0
82.0
55.0
50.0
102.0
122.0
105.0
51.0
66.0
53.0
86.0
78.0
57.0
87.0
45.0
70.0
60.0
87.0
53.0
94.0
90.0
67.0
57.0
47.0
89.0
32.0
70.0
101.0
53.0
98.0
91.0
17.0
76.0
45.0
65.0
140.0
90.0
62.0
48.0
60.0
89.0
118.0
55.0
83.0
72.0
42.0
41.0
59.0
52.0
106.0
110.0
100.0
73.0
45.0
46.0
86.0
131.0
141.0
50.0
66.0
83.0
79.0
62.0
39.0
52.0
132.0
99.0
49.0
72.0
66.0
47.0
29.0
46.0
38.0
106.0
66.0
52.0
81.0
47.0
48.0
142.0
55.0
34.0
65.0
80.0
42.0
111.0
95.0
56.0
76.0
109.0
57.0
82.0
49.0
82.0
117.0
50.0
72.0
95.0
57.0
107.0
63.0
67.0
52.0
82.0
128.0
93.0
94.0
56.0
100.0
134.0
83.0
110.0
40.0
31.0
48.0
85.0
56.0
79.0
43.0
114.0
42.0
85.0
60.0
125.0
44.0
44.0
87.0
54.0
47.0
106.0
39.0
75.0
98.0
72.0
70.0
48.0
74.0
67.0
55.0
83.0
127.0
58.0
74.0
121.0
60.0
51.0
100.0
164.0
39.0
85.0
71.0
64.0
73.0
112.0
89.0
61.0
76.0
116.0
76.0
55.0
117.0
75.0
41.0
103.0
77.0
61.0
75.0
83.0
121.0
69.0
45.0
47.0
98.0
48.0
63.0
48.0
80.0
75.0
45.0
61.0
86.0
54.0
75.0
44.0
92.0
57.0
120.0
93.0
124.0
39.0
54.0
79.0
76.0
102.0
113.0
81.0
63.0
75.0
79.0
59.0
42.0
149.0
81.0
122.0
30.0
74.0
59.0
169.0
41.0
48.0
55.0
47.0
148.0
153.0
54.0
85.0
111.0
47.0
32.0
52.0
41.0
45.0
63.0
74.0
86.0
75.0
122.0
86.0
77.0
34.0
66.0
137.0
78.0
137.0
72.0
56.0
62.0
64.0
65.0
103.0
80.0
39.0
28.0
48.0
79.0
107.0
117.0
82.0
55.0
86.0
126.0
105.0
84.0
85.0
90.0
142.0
57.0
85.0
98.0
100.0
53.0
73.0
30.0
56.0
69.0
107.0
97.0
102.0
40.0
51.0
70.0
55.0
105.0
38.0
103.0
65.0
72.0
77.0
67.0
121.0
91.0
55.0
71.0
49.0
54.0
89.0
73.0
91.0
60.0
82.0
146.0
42.0
50.0
69.0
33.0
69.0
95.0
100.0
91.0
48.0
55.0
94.0
65.0
59.0
88.0
119.0
66.0
25.0
163.0
136.0
159.0
90.0
27.0
128.0
71.0
41.0
114.0
85.0
105.0
117.0
115.0
81.0
124.0
98.0
40.0
51.0
52.0
109.0
61.0
84.0
88.0
75.0
104.0
66.0
86.0
82.0
65.0
86.0
78.0
71.0
64.0
58.0
101.0
62.0
75.0
65.0
94.0
147.0
77.0
96.0
81.0
22.0
126.0
58.0
95.0
78.0
59.0
166.0
35.0
64.0
47.0
47.0
77.0
63.0
65.0
100.0
97.0
141.0
79.0
121.0
50.0
82.0
47.0
88.0
66.0
126.0
35.0
125.0
77.0
90.0
120.0
59.0
106.0
49.0
87.0
86.0
78.0
81.0
74.0
89.0
74.0
111.0
78.0
82.0
134.0
50.0
45.0
78.0
67.0
76.0
96.0
96.0
131.0
37.0
29.0
73.0
86.0
79.0
62.0
49.0
47.0
72.0
36.0
80.0
49.0
74.0
103.0
116.0
65.0
93.0
78.0
39.0
168.0
77.0
136.0
110.0
57.0
80.0
120.0
33.0
45.0
124.0
55.0
77.0
41.0
59.0
83.0
75.0
63.0
71.0
118.0
79.0
47.0
117.0
97.0
44.0
96.0
152.0
57.0
78.0
42.0
60.0
109.0
48.0
63.0
59.0
77.0
74.0
37.0
133.0
50.0
82.0
51.0
63.0
28.0
47.0
88.0
128.0
56.0
136.0
91.0
100.0
82.0
66.0
82.0
51.0
92.0
182.0
68.0
63.0
58.0
57.0
84.0
132.0
61.0
49.0
81.0
163.0
67.0
52.0
78.0
26.0
83.0
99.0
99.0
129.0
49.0
87.0
60.0
85.0
42.0
64.0
74.0
40.0
72.0
121.0
25.0
62.0
60.0
79.0
66.0
43.0
133.0
104.0
75.0
136.0
50.0
30.0
83.0
122.0
70.0
60.0
47.0
82.0
160.0
103.0
40.0
121.0
71.0
75.0
117.0
79.0
56.0
63.0
54.0
98.0
49.0
87.0
78.0
55.0
63.0
90.0
181.0
57.0
105.0
44.0
54.0
31.0
83.0
107.0
31.0
87.0
98.0
96.0
55.0
145.0
53.0
135.0
72.0
103.0
25.0
82.0
52.0
56.0
81.0
77.0
72.0
66.0
92.0
73.0
170.0
69.0
49.0
104.0
105.0
133.0
35.0
85.0
67.0
68.0
148.0
43.0
181.0
86.0
61.0
54.0
110.0
67.0
143.0
67.0
36.0
110.0
93.0
69.0
78.0
57.0
81.0
122.0
146.0
76.0
81.0
86.0
60.0
61.0
85.0
52.0
51.0
55.0
94.0
42.0
58.0
81.0
98.0
64.0
90.0
26.0
212.0
56.0
99.0
65.0
102.0
91.0
110.0
73.0
81.0
99.0
49.0
87.0
40.0
29.0
124.0
49.0
63.0
115.0
86.0
35.0
37.0
56.0
85.0
42.0
74.0
77.0
72.0
42.0
68.0
92.0
55.0
130.0
123.0
47.0
55.0
105.0
79.0
97.0
95.0
95.0
98.0
87.0
76.0
66.0
64.0
78.0
96.0
88.0
116.0
72.0
67.0
32.0
107.0
95.0
54.0
86.0
73.0
51.0
147.0
59.0
101.0
91.0
92.0
43.0
28.0
76.0
52.0
118.0
68.0
141.0
122.0
62.0
38.0
64.0
139.0
106.0
74.0
63.0
67.0
155.0
83.0
84.0
109.0
97.0
64.0
80.0
84.0
105.0
44.0
64.0
53.0
92.0
36.0
54.0
29.0
56.0
126.0
86.0
90.0
106.0
76.0
55.0
43.0
174.0
129.0
90.0
182.0
60.0
59.0
80.0
62.0
41.0
51.0
56.0
87.0
53.0
34.0
91.0
57.0
82.0
53.0
123.0
152.0
94.0
50.0
95.0
128.0
90.0
55.0
116.0
71.0
140.0
35.0
39.0
109.0
141.0
47.0
95.0
144.0
88.0
35.0
38.0
37.0
101.0
56.0
86.0
61.0
50.0
40.0
58.0
111.0
55.0
108.0
24.0
42.0
73.0
59.0
67.0
93.0
137.0
69.0
87.0
55.0
82.0
101.0
67.0
109.0
122.0
78.0
86.0
64.0
144.0
149.0
108.0
98.0
56.0
40.0
66.0
119.0
64.0
70.0
103.0
93.0
145.0
58.0
91.0
111.0
66.0
90.0
66.0
66.0
51.0
147.0
77.0
81.0
66.0
39.0
145.0
119.0
124.0
93.0
67.0
67.0
77.0
79.0
99.0
59.0
77.0
69.0
65.0
89.0
77.0
45.0
54.0
130.0
32.0
69.0
40.0
55.0
80.0
88.0
75.0
83.0
109.0
109.0
63.0
72.0
55.0
90.0
63.0
49.0
74.0
104.0
106.0
74.0
78.0
84.0
90.0
99.0
69.0
59.0
66.0
67.0
76.0
93.0
106.0
104.0
119.0
65.0
79.0
78.0
77.0
105.0
75.0
40.0
55.0
55.0
47.0
127.0
125.0
44.0
93.0
67.0
66.0
58.0
65.0
40.0
68.0
69.0
47.0
162.0
79.0
41.0
61.0
40.0
95.0
134.0
153.0
133.0
103.0
74.0
47.0
54.0
126.0
70.0
75.0
44.0
79.0
49.0
51.0
93.0
75.0
47.0
70.0
107.0
36.0
80.0
53.0
108.0
58.0
65.0
82.0
77.0
77.0
81.0
56.0
78.0
69.0
64.0
114.0
76.0
107.0
77.0
73.0
20.0
107.0
51.0
78.0
64.0
55.0
73.0
54.0
84.0
51.0
104.0
58.0
113.0
50.0
49.0
72.0
56.0
68.0
50.0
120.0
38.0
122.0
69.0
96.0
88.0
66.0
57.0
52.0
124.0
51.0
86.0
56.0
50.0
106.0
49.0
54.0
41.0
109.0
71.0
148.0
48.0
55.0
88.0
83.0
53.0
103.0
48.0
62.0
95.0
98.0
66.0
74.0
100.0
41.0
39.0
77.0
26.0
66.0
52.0
87.0
50.0
104.0
66.0
86.0
87.0
49.0
146.0
93.0
72.0
119.0
94.0
56.0
54.0
97.0
27.0
34.0
77.0
53.0
32.0
59.0
92.0
99.0
88.0
35.0
96.0
70.0
155.0
49.0
94.0
146.0
76.0
78.0
64.0
68.0
38.0
59.0
104.0
35.0
125.0
58.0
72.0
97.0
87.0
67.0
34.0
84.0
46.0
56.0
32.0
39.0
144.0
50.0
54.0
34.0
78.0
112.0
118.0
15.0
88.0
66.0
66.0
98.0
31.0
79.0
44.0
96.0
56.0
63.0
78.0
41.0
55.0
54.0
131.0
150.0
35.0
61.0
82.0
101.0
80.0
28.0
75.0
176.0
88.0
47.0
34.0
70.0
95.0
94.0
52.0
72.0
135.0
74.0
75.0
170.0
62.0
93.0
63.0
80.0
109.0
66.0
38.0
90.0
103.0
109.0
107.0
62.0
84.0
30.0
95.0
84.0
65.0
63.0
113.0
85.0
40.0
65.0
40.0
52.0
29.0
76.0
73.0
108.0
61.0
61.0
85.0
120.0
52.0
78.0
65.0
83.0
105.0
74.0
44.0
85.0
71.0
55.0
76.0
103.0
101.0
42.0
50.0
64.0
40.0
79.0
94.0
73.0
81.0
58.0
67.0
83.0
84.0
87.0
82.0
44.0
66.0
82.0
80.0
79.0
92.0
27.0
65.0
89.0
70.0
51.0
59.0
132.0
37.0
75.0
67.0
68.0
94.0
120.0
58.0
52.0
74.0
85.0
60.0
69.0
43.0
73.0
57.0
68.0
86.0
89.0
42.0
91.0
91.0
44.0
37.0
66.0
83.0
35.0
56.0
85.0
131.0
91.0
148.0
135.0
119.0
31.0
63.0
104.0
100.0
45.0
46.0
58.0
56.0
94.0
83.0
114.0
62.0
33.0
104.0
49.0
101.0
60.0
165.0
101.0
66.0
62.0
45.0
91.0
112.0
51.0
42.0
102.0
67.0
46.0
88.0
43.0
43.0
81.0
54.0
61.0
88.0
77.0
29.0
73.0
81.0
107.0
99.0
59.0
99.0
67.0
41.0
105.0
87.0
60.0
56.0
151.0
75.0
78.0
44.0
86.0
151.0
57.0
80.0
118.0
75.0
101.0
70.0
79.0
47.0
50.0
49.0
129.0
55.0
52.0
57.0
111.0
61.0
50.0
73.0
80.0
76.0
110.0
48.0
96.0
69.0
54.0
66.0
109.0
63.0
63.0
179.0
101.0
68.0
76.0
88.0
82.0
63.0
129.0
45.0
58.0
123.0
51.0
124.0
55.0
49.0
72.0
111.0
70.0
26.0
70.0
85.0
22.0
49.0
117.0
81.0
182.0
47.0
86.0
91.0
157.0
62.0
104.0
58.0
141.0
34.0
98.0
188.0
120.0
91.0
152.0
49.0
50.0
49.0
77.0
41.0
158.0
26.0
128.0
73.0
87.0
109.0
56.0
108.0
59.0
64.0
144.0
83.0
51.0
85.0
56.0
50.0
96.0
143.0
130.0
64.0
172.0
104.0
36.0
60.0
81.0
68.0
60.0
108.0
94.0
27.0
80.0
55.0
61.0
39.0
141.0
85.0
77.0
34.0
105.0
158.0
82.0
36.0
58.0
124.0
43.0
103.0
62.0
46.0
41.0
99.0
57.0
60.0
195.0
89.0
74.0
166.0
52.0
46.0
39.0
120.0
52.0
70.0
59.0
68.0
156.0
51.0
56.0
159.0
71.0
96.0
114.0
104.0
117.0
73.0
43.0
52.0
44.0
60.0
94.0
143.0
48.0
142.0
176.0
34.0
89.0
35.0
112.0
125.0
62.0
84.0
93.0
61.0
108.0
104.0
36.0
83.0
103.0
108.0
96.0
60.0
69.0
79.0
64.0
65.0
212.0
97.0
56.0
44.0
120.0
69.0
164.0
100.0
81.0
40.0
69.0
62.0
78.0
87.0
60.0
129.0
52.0
45.0
95.0
37.0
72.0
126.0
72.0
80.0
55.0
72.0
123.0
101.0
44.0
39.0
51.0
47.0
78.0
104.0
96.0
88.0
74.0
57.0
76.0
71.0
102.0
48.0
46.0
97.0
24.0
46.0
70.0
91.0
115.0
39.0
92.0
125.0
65.0
63.0
104.0
160.0
33.0
82.0
85.0
71.0
63.0
66.0
95.0
70.0
54.0
143.0
65.0
152.0
46.0
190.0
49.0
42.0
31.0
46.0
43.0
93.0
52.0
58.0
69.0
120.0
62.0
83.0
121.0
106.0
84.0
71.0
85.0
71.0
44.0
80.0
39.0
48.0
55.0
76.0
130.0
101.0
138.0
100.0
52.0
246.0
47.0
41.0
76.0
83.0
72.0
67.0
125.0
95.0
26.0
24.0
35.0
84.0
70.0
76.0
85.0
142.0
102.0
65.0
48.0
87.0
63.0
75.0
50.0
61.0
46.0
101.0
40.0
61.0
81.0
134.0
122.0
82.0
88.0
55.0
73.0
80.0
47.0
139.0
80.0
141.0
87.0
123.0
82.0
88.0
60.0
56.0
83.0
102.0
65.0
51.0
65.0
171.0
84.0
71.0
73.0
54.0
137.0
96.0
64.0
66.0
70.0
94.0
49.0
95.0
87.0
80.0
93.0
66.0
47.0
88.0
53.0
125.0
50.0
63.0
83.0
94.0
23.0
35.0
60.0
60.0
69.0
68.0
43.0
192.0
148.0
27.0
68.0
183.0
101.0
53.0
84.0
155.0
74.0
42.0
73.0
91.0
84.0
75.0
33.0
146.0
69.0
83.0
151.0
40.0
52.0
75.0
41.0
73.0
96.0
110.0
86.0
85.0
75.0
89.0
60.0
67.0
87.0
72.0
62.0
83.0
90.0
69.0
54.0
101.0
129.0
99.0
33.0
111.0
138.0
104.0
75.0
56.0
37.0
89.0
74.0
64.0
80.0
50.0
91.0
94.0
37.0
137.0
110.0
38.0
73.0
76.0
33.0
82.0
89.0
49.0
163.0
81.0
37.0
78.0
98.0
146.0
57.0
87.0
60.0
110.0
91.0
80.0
59.0
51.0
65.0
60.0
135.0
59.0
91.0
90.0
73.0
27.0
54.0
76.0
49.0
88.0
76.0
87.0
93.0
46.0
70.0
97.0
44.0
45.0
105.0
98.0
48.0
122.0
91.0
78.0
184.0
201.0
66.0
74.0
83.0
72.0
79.0
47.0
51.0
70.0
70.0
95.0
34.0
103.0
86.0
54.0
94.0
46.0
36.0
56.0
228.0
65.0
91.0
51.0
120.0
94.0
44.0
131.0
97.0
61.0
92.0
68.0
46.0
89.0
45.0
70.0
57.0
138.0
80.0
90.0
58.0
67.0
106.0
62.0
66.0
92.0
63.0
54.0
109.0
58.0
78.0
47.0
155.0
83.0
53.0
115.0
60.0
79.0
65.0
197.0
90.0
70.0
101.0
86.0
109.0
93.0
62.0
85.0
78.0
202.0
85.0
104.0
89.0
174.0
108.0
77.0
52.0
52.0
49.0
68.0
96.0
92.0
91.0
76.0
70.0
122.0
56.0
42.0
144.0
77.0
86.0
99.0
96.0
65.0
50.0
135.0
93.0
81.0
107.0
109.0
54.0
78.0
88.0
113.0
49.0
117.0
46.0
54.0
56.0
62.0
82.0
46.0
75.0
77.0
100.0
64.0
68.0
68.0
69.0
130.0
85.0
74.0
65.0
76.0
72.0
127.0
96.0
57.0
174.0
56.0
66.0
69.0
53.0
78.0
98.0
46.0
69.0
54.0
113.0
53.0
48.0
55.0
79.0
159.0
39.0
112.0
107.0
100.0
173.0
92.0
55.0
41.0
49.0
88.0
52.0
25.0
84.0
92.0
56.0
158.0
34.0
113.0
45.0
71.0
58.0
61.0
101.0
156.0
77.0
45.0
27.0
160.0
27.0
41.0
44.0
112.0
138.0
54.0
96.0
52.0
59.0
48.0
61.0
76.0
65.0
97.0
111.0
76.0
69.0
96.0
82.0
43.0
93.0
79.0
101.0
122.0
43.0
43.0
55.0
127.0
54.0
70.0
67.0
65.0
124.0
45.0
83.0
66.0
86.0
15.0
72.0
95.0
68.0
95.0
55.0
41.0
165.0
75.0
39.0
73.0
104.0
58.0
41.0
89.0
56.0
66.0
58.0
18.0
91.0
55.0
87.0
103.0
60.0
33.0
49.0
55.0
159.0
58.0
43.0
135.0
12.0
92.0
50.0
165.0
42.0
194.0
53.0
61.0
28.0
121.0
66.0
82.0
80.0
99.0
50.0
108.0
27.0
68.0
84.0
77.0
116.0
45.0
95.0
129.0
81.0
67.0
61.0
34.0
49.0
50.0
78.0
46.0
108.0
62.0
118.0
131.0
71.0
54.0
72.0
52.0
62.0
89.0
103.0
93.0
40.0
85.0
129.0
115.0
70.0
61.0
72.0
37.0
49.0
67.0
38.0
38.0
104.0
115.0
43.0
45.0
78.0
75.0
110.0
47.0
84.0
82.0
123.0
41.0
44.0
103.0
78.0
135.0
60.0
59.0
36.0
97.0
87.0
96.0
39.0
47.0
62.0
44.0
50.0
69.0
55.0
55.0
76.0
94.0
56.0
106.0
30.0
61.0
82.0
123.0
52.0
119.0
55.0
74.0
84.0
77.0
77.0
47.0
126.0
79.0
83.0
108.0
74.0
82.0
93.0
56.0
59.0
138.0
95.0
75.0
110.0
116.0
131.0
86.0
89.0
143.0
53.0
76.0
99.0
64.0
129.0
68.0
52.0
44.0
91.0
51.0
70.0
35.0
82.0
127.0
104.0
78.0
27.0
32.0
61.0
65.0
93.0
90.0
69.0
48.0
57.0
87.0
63.0
47.0
38.0
58.0
65.0
105.0
47.0
49.0
53.0
77.0
80.0
62.0
69.0
48.0
35.0
92.0
93.0
107.0
67.0
110.0
113.0
51.0
46.0
43.0
85.0
61.0
76.0
78.0
94.0
80.0
54.0
42.0
67.0
90.0
77.0
89.0
65.0
87.0
115.0
65.0
102.0
50.0
55.0
101.0
95.0
65.0
74.0
46.0
51.0
50.0
121.0
102.0
69.0
49.0
101.0
72.0
82.0
66.0
72.0
60.0
54.0
65.0
80.0
69.0
55.0
60.0
136.0
99.0
112.0
94.0
77.0
26.0
74.0
94.0
97.0
56.0
91.0
116.0
78.0
68.0
60.0
86.0
115.0
88.0
84.0
37.0
41.0
53.0
52.0
60.0
28.0
46.0
64.0
79.0
35.0
54.0
71.0
93.0
82.0
77.0
70.0
65.0
94.0
53.0
62.0
86.0
59.0
94.0
158.0
140.0
91.0
43.0
71.0
46.0
77.0
31.0
72.0
68.0
67.0
38.0
40.0
80.0
74.0
89.0
61.0
146.0
79.0
153.0
93.0
71.0
138.0
84.0
84.0
103.0
54.0
73.0
80.0
35.0
101.0
29.0
122.0
40.0
117.0
48.0
133.0
159.0
82.0
49.0
56.0
78.0
39.0
54.0
124.0
70.0
90.0
75.0
77.0
61.0
48.0
140.0
29.0
106.0
151.0
94.0
84.0
63.0
110.0
103.0
115.0
76.0
118.0
102.0
68.0
105.0
56.0
64.0
47.0
56.0
67.0
73.0
47.0
63.0
114.0
54.0
78.0
123.0
69.0
80.0
31.0
60.0
29.0
53.0
106.0
64.0
69.0
85.0
63.0
348.0
84.0
56.0
55.0
62.0
124.0
145.0
34.0
135.0
121.0
92.0
56.0
104.0
73.0
63.0
74.0
50.0
102.0
42.0
78.0
92.0
165.0
58.0
74.0
68.0
102.0
66.0
27.0
70.0
101.0
93.0
177.0
61.0
86.0
237.0
85.0
55.0
85.0
51.0
82.0
86.0
42.0
106.0
50.0
59.0
68.0
63.0
70.0
63.0
91.0
77.0
83.0
57.0
94.0
51.0
72.0
57.0
80.0
68.0
107.0
79.0
88.0
59.0
47.0
157.0
62.0
40.0
44.0
50.0
63.0
76.0
133.0
66.0
92.0
84.0
44.0
82.0
68.0
49.0
42.0
77.0
39.0
70.0
103.0
69.0
185.0
62.0
99.0
122.0
32.0
36.0
69.0
165.0
95.0
59.0
65.0
78.0
83.0
258.0
105.0
47.0
136.0
79.0
43.0
82.0
39.0
69.0
62.0
99.0
109.0
124.0
61.0
73.0
58.0
205.0
58.0
72.0
91.0
77.0
121.0
79.0
84.0
85.0
52.0
44.0
66.0
150.0
63.0
50.0
90.0
79.0
58.0
39.0
68.0
79.0
44.0
37.0
73.0
45.0
55.0
47.0
38.0
80.0
86.0
119.0
50.0
109.0
95.0
96.0
50.0
95.0
74.0
100.0
62.0
109.0
49.0
73.0
54.0
35.0
170.0
70.0
62.0
78.0
60.0
132.0
101.0
59.0
57.0
68.0
53.0
101.0
76.0
39.0
85.0
169.0
49.0
116.0
78.0
45.0
89.0
77.0
67.0
120.0
39.0
130.0
65.0
116.0
64.0
128.0
90.0
88.0
148.0
63.0
26.0
97.0
72.0
102.0
81.0
80.0
98.0
39.0
66.0
73.0
78.0
67.0
53.0
69.0
151.0
72.0
26.0
72.0
73.0
78.0
54.0
196.0
74.0
47.0
45.0
68.0
188.0
95.0
93.0
48.0
40.0
58.0
117.0
89.0
93.0
37.0
52.0
143.0
101.0
26.0
74.0
106.0
147.0
49.0
137.0
101.0
47.0
48.0
95.0
125.0
69.0
64.0
61.0
27.0
89.0
48.0
64.0
60.0
115.0
170.0
64.0
108.0
93.0
69.0
155.0
69.0
45.0
113.0
75.0
126.0
44.0
84.0
113.0
137.0
113.0
92.0
68.0
52.0
134.0
61.0
104.0
61.0
53.0
82.0
195.0
94.0
63.0
95.0
69.0
102.0
75.0
61.0
75.0
70.0
39.0
91.0
83.0
101.0
31.0
90.0
63.0
34.0
56.0
74.0
98.0
66.0
55.0
57.0
128.0
88.0
119.0
39.0
66.0
132.0
48.0
104.0
81.0
49.0
122.0
139.0
46.0
58.0
49.0
129.0
40.0
126.0
59.0
116.0
109.0
107.0
66.0
44.0
76.0
60.0
105.0
58.0
103.0
34.0
61.0
46.0
75.0
91.0
69.0
129.0
72.0
105.0
71.0
56.0
146.0
85.0
59.0
76.0
72.0
96.0
69.0
101.0
148.0
69.0
66.0
76.0
60.0
87.0
57.0
25.0
102.0
88.0
95.0
165.0
60.0
58.0
43.0
66.0
197.0
60.0
79.0
58.0
93.0
149.0
31.0
77.0
50.0
79.0
116.0
235.0
160.0
114.0
144.0
180.0
69.0
70.0
45.0
88.0
122.0
58.0
72.0
57.0
66.0
75.0
69.0
48.0
58.0
137.0
28.0
80.0
56.0
39.0
40.0
77.0
134.0
27.0
107.0
64.0
58.0
95.0
71.0
82.0
135.0
78.0
50.0
80.0
199.0
81.0
79.0
94.0
101.0
126.0
75.0
90.0
45.0
88.0
81.0
153.0
66.0
65.0
74.0
81.0
65.0
37.0
99.0
78.0
67.0
309.0
52.0
75.0
73.0
45.0
114.0
103.0
95.0
52.0
44.0
44.0
139.0
55.0
81.0
62.0
100.0
83.0
167.0
76.0
70.0
109.0
71.0
34.0
144.0
159.0
89.0
118.0
123.0
26.0
62.0
94.0
74.0
71.0
120.0
46.0
47.0
96.0
76.0
81.0
184.0
406.0
125.0
61.0
80.0
61.0
151.0
127.0
137.0
48.0
95.0
33.0
46.0
72.0
36.0
71.0
58.0
98.0
47.0
118.0
142.0
42.0
75.0
42.0
67.0
96.0
21.0
68.0
40.0
39.0
43.0
49.0
55.0
119.0
109.0
55.0
67.0
100.0
93.0
79.0
94.0
108.0
58.0
123.0
39.0
79.0
82.0
130.0
129.0
42.0
60.0
130.0
201.0
95.0
99.0
63.0
52.0
87.0
65.0
121.0
71.0
64.0
46.0
94.0
61.0
141.0
76.0
87.0
111.0
70.0
89.0
42.0
42.0
69.0
104.0
83.0
191.0
59.0
136.0
55.0
66.0
87.0
142.0
62.0
63.0
35.0
181.0
26.0
76.0
134.0
62.0
62.0
31.0
118.0
60.0
31.0
123.0
151.0
64.0
60.0
87.0
45.0
60.0
94.0
87.0
127.0
87.0
67.0
74.0
90.0
48.0
66.0
92.0
64.0
122.0
64.0
68.0
50.0
99.0
60.0
93.0
43.0
53.0
58.0
53.0
68.0
116.0
80.0
61.0
86.0
35.0
86.0
78.0
62.0
112.0
49.0
54.0
44.0
60.0
18.0
168.0
97.0
55.0
35.0
68.0
51.0
63.0
110.0
42.0
67.0
97.0
99.0
79.0
142.0
120.0
66.0
77.0
53.0
46.0
119.0
58.0
60.0
46.0
222.0
77.0
91.0
99.0
101.0
106.0
84.0
102.0
37.0
37.0
87.0
72.0
89.0
71.0
42.0
108.0
55.0
97.0
48.0
103.0
67.0
37.0
44.0
93.0
61.0
53.0
57.0
99.0
38.0
106.0
46.0
34.0
73.0
147.0
110.0
63.0
123.0
144.0
94.0
50.0
119.0
85.0
155.0
39.0
62.0
152.0
83.0
103.0
32.0
84.0
82.0
65.0
67.0
49.0
62.0
55.0
68.0
100.0
89.0
151.0
47.0
65.0
60.0
82.0
32.0
91.0
74.0
98.0
134.0
71.0
41.0
37.0
66.0
120.0
55.0
61.0
161.0
38.0
59.0
86.0
45.0
24.0
51.0
55.0
37.0
107.0
90.0
61.0
44.0
86.0
87.0
67.0
101.0
123.0
30.0
150.0
104.0
101.0
70.0
60.0
139.0
63.0
35.0
102.0
53.0
61.0
45.0
111.0
96.0
68.0
141.0
27.0
51.0
116.0
39.0
66.0
53.0
78.0
62.0
83.0
69.0
79.0
90.0
46.0
64.0
42.0
55.0
52.0
75.0
48.0
118.0
36.0
65.0
107.0
128.0
79.0
117.0
97.0
136.0
45.0
63.0
99.0
56.0
97.0
44.0
51.0
94.0
102.0
46.0
74.0
81.0
91.0
51.0
40.0
42.0
88.0
95.0
39.0
60.0
61.0
50.0
44.0
97.0
94.0
70.0
56.0
61.0
103.0
93.0
82.0
90.0
84.0
110.0
117.0
66.0
55.0
59.0
126.0
47.0
85.0
97.0
90.0
64.0
65.0
92.0
75.0
77.0
55.0
83.0
57.0
114.0
75.0
35.0
59.0
68.0
43.0
92.0
106.0
38.0
59.0
52.0
56.0
76.0
94.0
99.0
72.0
63.0
65.0
37.0
158.0
72.0
67.0
67.0
67.0
79.0
55.0
68.0
120.0
68.0
64.0
69.0
81.0
98.0
65.0
47.0
58.0
80.0
27.0
108.0
31.0
77.0
30.0
75.0
37.0
111.0
37.0
63.0
88.0
56.0
88.0
54.0
73.0
104.0
76.0
141.0
26.0
103.0
49.0
79.0
44.0
95.0
66.0
96.0
83.0
43.0
59.0
97.0
64.0
61.0
105.0
65.0
59.0
109.0
87.0
25.0
40.0
105.0
87.0
191.0
105.0
49.0
175.0
88.0
37.0
105.0
45.0
41.0
58.0
59.0
152.0
75.0
64.0
57.0
180.0
103.0
28.0
51.0
73.0
74.0
68.0
110.0
91.0
149.0
107.0
57.0
78.0
91.0
118.0
88.0
43.0
42.0
31.0
44.0
96.0
30.0
69.0
98.0
122.0
54.0
63.0
62.0
84.0
47.0
67.0
45.0
106.0
116.0
129.0
94.0
58.0
101.0
87.0
133.0
124.0
50.0
89.0
24.0
40.0
141.0
91.0
122.0
42.0
24.0
78.0
94.0
45.0
64.0
49.0
61.0
29.0
58.0
89.0
110.0
34.0
97.0
51.0
69.0
166.0
148.0
70.0
58.0
47.0
93.0
33.0
141.0
57.0
92.0
70.0
91.0
92.0
89.0
157.0
85.0
38.0
104.0
93.0
49.0
83.0
61.0
82.0
68.0
227.0
68.0
51.0
195.0
94.0
73.0
82.0
71.0
39.0
68.0
22.0
88.0
53.0
55.0
97.0
64.0
78.0
101.0
73.0
29.0
50.0
150.0
53.0
62.0
86.0
50.0
148.0
71.0
63.0
58.0
69.0
58.0
87.0
76.0
137.0
45.0
35.0
71.0
98.0
49.0
63.0
69.0
101.0
54.0
96.0
35.0
59.0
86.0
50.0
71.0
65.0
71.0
39.0
129.0
65.0
69.0
86.0
119.0
51.0
77.0
55.0
61.0
94.0
70.0
75.0
45.0
61.0
43.0
99.0
152.0
78.0
31.0
92.0
98.0
178.0
113.0
68.0
127.0
143.0
129.0
73.0
86.0
64.0
47.0
126.0
85.0
118.0
61.0
75.0
79.0
80.0
23.0
55.0
52.0
139.0
78.0
83.0
93.0
104.0
62.0
97.0
64.0
115.0
92.0
70.0
62.0
60.0
87.0
63.0
99.0
100.0
40.0
73.0
31.0
58.0
56.0
69.0
30.0
52.0
41.0
44.0
112.0
70.0
49.0
50.0
70.0
43.0
75.0
65.0
151.0
29.0
154.0
28.0
60.0
115.0
90.0
81.0
145.0
134.0
45.0
231.0
55.0
80.0
87.0
74.0
121.0
133.0
49.0
102.0
135.0
92.0
101.0
127.0
69.0
46.0
63.0
58.0
64.0
153.0
52.0
104.0
75.0
77.0
77.0
56.0
44.0
54.0
78.0
105.0
78.0
55.0
60.0
125.0
92.0
60.0
85.0
67.0
269.0
68.0
74.0
89.0
26.0
192.0
120.0
79.0
105.0
69.0
63.0
98.0
119.0
127.0
67.0
27.0
119.0
103.0
37.0
71.0
56.0
55.0
78.0
26.0
45.0
52.0
82.0
99.0
68.0
76.0
138.0
84.0
104.0
77.0
52.0
85.0
269.0
100.0
88.0
97.0
83.0
57.0
68.0
44.0
43.0
41.0
84.0
112.0
77.0
101.0
69.0
72.0
50.0
109.0
108.0
184.0
42.0
61.0
128.0
85.0
108.0
62.0
49.0
57.0
115.0
45.0
163.0
59.0
45.0
58.0
77.0
82.0
202.0
141.0
65.0
58.0
162.0
64.0
66.0
38.0
185.0
58.0
134.0
74.0
62.0
41.0
54.0
74.0
62.0
65.0
69.0
91.0
68.0
174.0
246.0
52.0
42.0
75.0
31.0
72.0
44.0
145.0
93.0
127.0
110.0
81.0
67.0
23.0
69.0
67.0
75.0
89.0
100.0
60.0
169.0
80.0
121.0
52.0
68.0
32.0
101.0
53.0
62.0
253.0
58.0
76.0
61.0
74.0
100.0
114.0
41.0
84.0
134.0
59.0
234.0
85.0
127.0
84.0
40.0
133.0
122.0
71.0
78.0
92.0
49.0
42.0
68.0
101.0
27.0
53.0
69.0
161.0
75.0
89.0
67.0
53.0
107.0
82.0
181.0
100.0
181.0
90.0
26.0
157.0
45.0
62.0
151.0
71.0
61.0
89.0
55.0
78.0
65.0
139.0
39.0
105.0
76.0
113.0
45.0
367.0
69.0
90.0
78.0
64.0
37.0
58.0
48.0
40.0
133.0
66.0
110.0
97.0
56.0
67.0
71.0
115.0
61.0
57.0
66.0
39.0
68.0
49.0
71.0
57.0
126.0
81.0
120.0
23.0
87.0
119.0
27.0
50.0
186.0
175.0
35.0
102.0
29.0
128.0
31.0
58.0
113.0
95.0
51.0
120.0
222.0
147.0
140.0
89.0
63.0
80.0
120.0
196.0
108.0
89.0
64.0
83.0
59.0
51.0
48.0
215.0
96.0
68.0
101.0
64.0
91.0
42.0
46.0
55.0
46.0
70.0
77.0
109.0
89.0
82.0
107.0
235.0
127.0
70.0
67.0
35.0
179.0
61.0
58.0
165.0
57.0
69.0
134.0
107.0
47.0
65.0
59.0
59.0
91.0
21.0
43.0
94.0
84.0
42.0
78.0
80.0
110.0
55.0
95.0
137.0
68.0
51.0
47.0
40.0
113.0
71.0
36.0
55.0
59.0
86.0
68.0
121.0
78.0
136.0
82.0
37.0
83.0
47.0
67.0
102.0
45.0
19.0
62.0
55.0
130.0
100.0
119.0
97.0
125.0
72.0
64.0
33.0
154.0
114.0
22.0
77.0
79.0
63.0
101.0
161.0
114.0
93.0
64.0
137.0
30.0
170.0
86.0
55.0
103.0
76.0
155.0
102.0
77.0
175.0
34.0
79.0
42.0
73.0
176.0
92.0
40.0
39.0
98.0
90.0
119.0
103.0
135.0
39.0
54.0
69.0
59.0
60.0
126.0
51.0
82.0
99.0
93.0
90.0
42.0
69.0
87.0
83.0
115.0
87.0
54.0
84.0
48.0
99.0
92.0
34.0
34.0
61.0
122.0
29.0
70.0
50.0
59.0
72.0
101.0
56.0
150.0
138.0
114.0
44.0
128.0
65.0
92.0
68.0
90.0
49.0
75.0
82.0
97.0
74.0
54.0
195.0
62.0
35.0
57.0
55.0
153.0
77.0
90.0
56.0
100.0
35.0
68.0
31.0
97.0
48.0
46.0
59.0
116.0
32.0
113.0
43.0
155.0
96.0
94.0
103.0
57.0
153.0
57.0
42.0
20.0
93.0
77.0
56.0
26.0
58.0
61.0
73.0
78.0
99.0
35.0
57.0
90.0
234.0
16.0
43.0
65.0
55.0
77.0
176.0
149.0
100.0
98.0
114.0
70.0
69.0
35.0
54.0
31.0
132.0
41.0
87.0
36.0
244.0
53.0
74.0
79.0
77.0
23.0
116.0
41.0
49.0
100.0
111.0
120.0
73.0
67.0
116.0
103.0
86.0
56.0
89.0
79.0
36.0
161.0
35.0
87.0
89.0
48.0
72.0
128.0
101.0
76.0
44.0
42.0
57.0
48.0
130.0
45.0
17.0
82.0
40.0
47.0
75.0
38.0
39.0
74.0
92.0
94.0
78.0
89.0
72.0
151.0
84.0
41.0
94.0
189.0
126.0
80.0
73.0
76.0
48.0
81.0
43.0
86.0
80.0
46.0
54.0
28.0
140.0
97.0
67.0
62.0
45.0
86.0
56.0
120.0
56.0
102.0
85.0
78.0
100.0
201.0
45.0
75.0
101.0
60.0
108.0
63.0
73.0
55.0
104.0
91.0
64.0
60.0
60.0
113.0
65.0
47.0
41.0
45.0
62.0
81.0
113.0
79.0
50.0
100.0
124.0
39.0
33.0
53.0
47.0
38.0
180.0
73.0
71.0
74.0
78.0
70.0
61.0
126.0
43.0
140.0
48.0
90.0
89.0
74.0
98.0
42.0
20.0
94.0
111.0
67.0
108.0
97.0
49.0
78.0
76.0
61.0
76.0
48.0
170.0
57.0
24.0
51.0
51.0
122.0
86.0
47.0
129.0
42.0
37.0
82.0
78.0
66.0
85.0
45.0
78.0
74.0
50.0
100.0
104.0
73.0
52.0
38.0
144.0
84.0
53.0
134.0
81.0
56.0
85.0
108.0
86.0
139.0
93.0
23.0
103.0
41.0
128.0
47.0
84.0
24.0
43.0
73.0
76.0
99.0
69.0
82.0
58.0
116.0
68.0
47.0
47.0
119.0
60.0
101.0
50.0
71.0
49.0
191.0
58.0
60.0
67.0
19.0
93.0
63.0
73.0
133.0
63.0
122.0
66.0
68.0
95.0
39.0
148.0
55.0
63.0
79.0
102.0
168.0
83.0
49.0
104.0
59.0
49.0
37.0
58.0
56.0
75.0
69.0
40.0
72.0
43.0
65.0
250.0
143.0
76.0
49.0
31.0
84.0
51.0
68.0
86.0
81.0
70.0
125.0
81.0
35.0
63.0
81.0
61.0
59.0
104.0
105.0
106.0
76.0
61.0
28.0
110.0
79.0
56.0
60.0
73.0
49.0
101.0
55.0
150.0
64.0
38.0
76.0
126.0
100.0
77.0
25.0
156.0
108.0
133.0
98.0
79.0
21.0
95.0
121.0
70.0
84.0
62.0
81.0
103.0
110.0
31.0
81.0
67.0
76.0
61.0
95.0
45.0
166.0
72.0
87.0
55.0
106.0
101.0
121.0
58.0
55.0
53.0
35.0
57.0
56.0
24.0
103.0
44.0
36.0
91.0
84.0
200.0
60.0
66.0
42.0
57.0
44.0
62.0
93.0
61.0
148.0
46.0
42.0
71.0
102.0
46.0
45.0
25.0
59.0
241.0
94.0
42.0
46.0
30.0
50.0
101.0
74.0
56.0
60.0
81.0
89.0
75.0
36.0
47.0
54.0
83.0
74.0
62.0
198.0
50.0
57.0
68.0
112.0
68.0
92.0
96.0
107.0
66.0
85.0
24.0
62.0
83.0
113.0
87.0
119.0
106.0
143.0
42.0
35.0
45.0
74.0
134.0
58.0
55.0
93.0
48.0
70.0
85.0
75.0
69.0
77.0
119.0
84.0
113.0
57.0
109.0
49.0
48.0
56.0
69.0
114.0
48.0
96.0
56.0
58.0
49.0
58.0
104.0
57.0
95.0
35.0
93.0
43.0
78.0
51.0
98.0
50.0
38.0
86.0
35.0
51.0
94.0
36.0
50.0
131.0
121.0
67.0
106.0
88.0
70.0
83.0
56.0
272.0
63.0
148.0
101.0
47.0
77.0
52.0
168.0
129.0
71.0
77.0
50.0
48.0
76.0
38.0
58.0
60.0
133.0
103.0
111.0
34.0
43.0
148.0
113.0
161.0
54.0
92.0
123.0
67.0
43.0
52.0
105.0
78.0
94.0
43.0
41.0
66.0
58.0
58.0
47.0
121.0
30.0
123.0
84.0
59.0
129.0
53.0
37.0
138.0
95.0
56.0
53.0
48.0
78.0
54.0
44.0
74.0
110.0
136.0
106.0
103.0
108.0
50.0
98.0
52.0
58.0
60.0
34.0
52.0
185.0
49.0
57.0
148.0
117.0
79.0
70.0
102.0
60.0
116.0
65.0
54.0
115.0
116.0
78.0
88.0
52.0
62.0
162.0
45.0
77.0
53.0
95.0
93.0
91.0
74.0
106.0
50.0
90.0
109.0
62.0
90.0
64.0
136.0
123.0
64.0
56.0
37.0
85.0
65.0
67.0
120.0
123.0
179.0
71.0
125.0
52.0
60.0
60.0
56.0
115.0
61.0
117.0
46.0
57.0
36.0
90.0
136.0
66.0
114.0
191.0
70.0
38.0
60.0
46.0
56.0
75.0
108.0
85.0
116.0
62.0
126.0
115.0
47.0
102.0
126.0
29.0
115.0
27.0
50.0
36.0
84.0
61.0
169.0
64.0
55.0
84.0
165.0
135.0
43.0
52.0
109.0
124.0
86.0
132.0
39.0
54.0
83.0
171.0
55.0
100.0
67.0
83.0
73.0
77.0
29.0
25.0
111.0
54.0
31.0
39.0
48.0
381.0
86.0
73.0
27.0
101.0
85.0
77.0
49.0
50.0
109.0
85.0
62.0
53.0
49.0
227.0
110.0
184.0
51.0
35.0
77.0
80.0
66.0
82.0
112.0
32.0
71.0
58.0
84.0
57.0
124.0
57.0
45.0
248.0
107.0
47.0
90.0
55.0
54.0
241.0
52.0
57.0
48.0
64.0
39.0
62.0
47.0
46.0
120.0
52.0
252.0
69.0
54.0
49.0
167.0
35.0
36.0
37.0
62.0
73.0
55.0
83.0
85.0
110.0
54.0
36.0
29.0
86.0
76.0
57.0
57.0
108.0
55.0
107.0
59.0
159.0
49.0
40.0
112.0
36.0
83.0
449.0
137.0
44.0
46.0
54.0
121.0
139.0
245.0
55.0
55.0
63.0
83.0
81.0
62.0
45.0
114.0
155.0
138.0
33.0
81.0
95.0
171.0
101.0
110.0
37.0
108.0
73.0
55.0
72.0
115.0
98.0
74.0
49.0
79.0
85.0
101.0
80.0
81.0
79.0
35.0
104.0
34.0
54.0
57.0
78.0
32.0
56.0
49.0
138.0
90.0
127.0
51.0
57.0
68.0
71.0
32.0
71.0
147.0
74.0
137.0
140.0
97.0
118.0
93.0
47.0
73.0
127.0
108.0
94.0
24.0
81.0
171.0
35.0
94.0
220.0
165.0
128.0
60.0
114.0
71.0
101.0
144.0
86.0
30.0
66.0
84.0
94.0
82.0
126.0
48.0
63.0
80.0
93.0
80.0
99.0
40.0
70.0
55.0
27.0
68.0
135.0
107.0
91.0
195.0
81.0
86.0
89.0
64.0
89.0
136.0
156.0
44.0
31.0
69.0
62.0
49.0
83.0
30.0
73.0
65.0
47.0
156.0
90.0
141.0
58.0
53.0
57.0
55.0
51.0
75.0
137.0
42.0
38.0
66.0
91.0
54.0
51.0
69.0
45.0
55.0
69.0
33.0
63.0
69.0
74.0
98.0
100.0
148.0
132.0
93.0
110.0
30.0
100.0
124.0
87.0
66.0
51.0
65.0
80.0
107.0
107.0
101.0
101.0
54.0
95.0
132.0
79.0
79.0
66.0
82.0
32.0
64.0
115.0
93.0
75.0
88.0
91.0
131.0
109.0
179.0
97.0
61.0
134.0
26.0
64.0
84.0
49.0
61.0
36.0
71.0
113.0
69.0
142.0
77.0
75.0
38.0
51.0
79.0
48.0
26.0
177.0
56.0
73.0
39.0
24.0
24.0
185.0
92.0
182.0
70.0
84.0
134.0
59.0
108.0
55.0
75.0
35.0
131.0
72.0
55.0
23.0
58.0
60.0
185.0
29.0
51.0
78.0
64.0
23.0
77.0
87.0
55.0
72.0
126.0
62.0
89.0
40.0
36.0
46.0
41.0
83.0
84.0
79.0
86.0
152.0
78.0
95.0
108.0
224.0
137.0
78.0
100.0
110.0
39.0
102.0
109.0
42.0
72.0
29.0
30.0
48.0
140.0
36.0
131.0
372.0
180.0
114.0
90.0
61.0
83.0
105.0
60.0
22.0
46.0
52.0
46.0
75.0
51.0
43.0
139.0
71.0
65.0
86.0
83.0
47.0
75.0
50.0
140.0
45.0
58.0
51.0
74.0
80.0
32.0
73.0
96.0
101.0
43.0
102.0
67.0
89.0
133.0
115.0
61.0
244.0
59.0
104.0
96.0
85.0
20.0
120.0
157.0
135.0
66.0
54.0
73.0
78.0
35.0
89.0
84.0
65.0
69.0
46.0
22.0
75.0
32.0
90.0
96.0
77.0
127.0
126.0
33.0
92.0
86.0
97.0
120.0
61.0
55.0
32.0
79.0
134.0
84.0
107.0
53.0
60.0
32.0
61.0
69.0
215.0
98.0
64.0
48.0
52.0
99.0
44.0
105.0
67.0
48.0
173.0
57.0
82.0
149.0
72.0
40.0
93.0
88.0
83.0
47.0
126.0
46.0
66.0
74.0
96.0
136.0
184.0
87.0
71.0
48.0
39.0
148.0
77.0
40.0
59.0
51.0
208.0
57.0
72.0
48.0
49.0
164.0
81.0
85.0
88.0
46.0
58.0
89.0
74.0
97.0
40.0
78.0
50.0
104.0
100.0
98.0
76.0
39.0
104.0
57.0
64.0
55.0
126.0
45.0
51.0
54.0
29.0
48.0
70.0
55.0
183.0
82.0
76.0
88.0
70.0
113.0
43.0
72.0
47.0
50.0
69.0
52.0
89.0
78.0
215.0
155.0
38.0
91.0
34.0
65.0
80.0
79.0
44.0
54.0
61.0
167.0
85.0
72.0
31.0
103.0
56.0
36.0
132.0
66.0
64.0
25.0
52.0
58.0
43.0
87.0
90.0
47.0
78.0
97.0
46.0
70.0
102.0
77.0
70.0
59.0
81.0
67.0
108.0
48.0
83.0
177.0
146.0
99.0
90.0
81.0
78.0
113.0
124.0
120.0
87.0
21.0
83.0
114.0
86.0
46.0
73.0
137.0
50.0
55.0
37.0
42.0
65.0
73.0
78.0
166.0
57.0
91.0
50.0
76.0
139.0
84.0
28.0
19.0
48.0
50.0
59.0
82.0
46.0
87.0
79.0
104.0
151.0
88.0
62.0
41.0
31.0
62.0
84.0
114.0
84.0
26.0
96.0
58.0
93.0
61.0
96.0
123.0
62.0
150.0
54.0
146.0
34.0
45.0
73.0
98.0
74.0
102.0
57.0
61.0
159.0
31.0
83.0
103.0
136.0
27.0
184.0
61.0
105.0
59.0
81.0
30.0
74.0
57.0
72.0
94.0
122.0
198.0
91.0
113.0
61.0
45.0
68.0
54.0
37.0
322.0
80.0
63.0
45.0
169.0
58.0
40.0
140.0
84.0
94.0
211.0
57.0
80.0
35.0
66.0
62.0
51.0
96.0
152.0
59.0
49.0
67.0
120.0
66.0
52.0
36.0
93.0
66.0
18.0
43.0
35.0
138.0
98.0
90.0
37.0
64.0
84.0
63.0
74.0
43.0
102.0
70.0
63.0
116.0
66.0
44.0
38.0
103.0
112.0
44.0
159.0
95.0
69.0
34.0
53.0
29.0
38.0
54.0
94.0
107.0
63.0
95.0
115.0
38.0
58.0
47.0
194.0
93.0
78.0
90.0
102.0
42.0
219.0
91.0
85.0
75.0
64.0
43.0
85.0
84.0
55.0
45.0
60.0
42.0
137.0
109.0
121.0
56.0
55.0
45.0
46.0
68.0
78.0
57.0
113.0
113.0
76.0
185.0
84.0
65.0
48.0
91.0
186.0
69.0
106.0
41.0
58.0
33.0
96.0
34.0
57.0
34.0
97.0
54.0
78.0
164.0
61.0
69.0
67.0
44.0
40.0
72.0
53.0
94.0
54.0
48.0
37.0
75.0
33.0
62.0
63.0
98.0
37.0
53.0
39.0
95.0
88.0
124.0
48.0
88.0
99.0
47.0
221.0
19.0
127.0
35.0
56.0
116.0
59.0
132.0
114.0
53.0
46.0
166.0
30.0
115.0
110.0
59.0
99.0
102.0
58.0
85.0
26.0
47.0
174.0
95.0
69.0
75.0
60.0
52.0
49.0
59.0
82.0
66.0
127.0
62.0
44.0
112.0
129.0
102.0
70.0
61.0
63.0
93.0
51.0
83.0
83.0
153.0
165.0
145.0
64.0
68.0
26.0
68.0
70.0
43.0
58.0
47.0
103.0
82.0
57.0
89.0
80.0
58.0
75.0
70.0
132.0
52.0
70.0
96.0
67.0
116.0
180.0
104.0
24.0
99.0
49.0
138.0
63.0
115.0
104.0
89.0
170.0
84.0
104.0
61.0
104.0
34.0
68.0
55.0
64.0
71.0
54.0
64.0
41.0
77.0
52.0
141.0
59.0
110.0
77.0
54.0
67.0
70.0
65.0
63.0
183.0
95.0
27.0
150.0
156.0
146.0
28.0
137.0
112.0
94.0
82.0
32.0
57.0
54.0
44.0
91.0
44.0
116.0
32.0
124.0
53.0
58.0
98.0
124.0
60.0
118.0
110.0
31.0
53.0
97.0
55.0
58.0
77.0
88.0
135.0
93.0
114.0
96.0
143.0
86.0
57.0
40.0
77.0
72.0
95.0
103.0
37.0
52.0
51.0
115.0
141.0
84.0
77.0
40.0
129.0
104.0
30.0
36.0
38.0
73.0
50.0
49.0
116.0
32.0
119.0
49.0
77.0
46.0
62.0
29.0
115.0
61.0
107.0
68.0
97.0
84.0
85.0
123.0
91.0
99.0
31.0
146.0
52.0
80.0
70.0
65.0
51.0
28.0
71.0
35.0
49.0
223.0
45.0
152.0
51.0
53.0
71.0
140.0
75.0
183.0
61.0
125.0
101.0
102.0
35.0
61.0
222.0
45.0
30.0
106.0
99.0
78.0
47.0
61.0
44.0
64.0
35.0
89.0
96.0
36.0
57.0
249.0
102.0
37.0
139.0
80.0
64.0
98.0
37.0
108.0
92.0
81.0
53.0
78.0
150.0
47.0
127.0
96.0
55.0
65.0
145.0
93.0
112.0
34.0
63.0
61.0
61.0
40.0
61.0
50.0
47.0
95.0
50.0
176.0
57.0
46.0
31.0
97.0
85.0
88.0
84.0
86.0
105.0
101.0
225.0
30.0
37.0
105.0
97.0
75.0
41.0
140.0
67.0
45.0
25.0
172.0
99.0
68.0
51.0
59.0
90.0
93.0
72.0
53.0
78.0
137.0
86.0
35.0
136.0
67.0
67.0
137.0
160.0
96.0
20.0
74.0
154.0
57.0
82.0
85.0
49.0
133.0
75.0
88.0
39.0
43.0
51.0
141.0
127.0
94.0
225.0
48.0
112.0
47.0
52.0
73.0
23.0
79.0
72.0
56.0
49.0
112.0
60.0
31.0
121.0
90.0
42.0
85.0
48.0
52.0
116.0
62.0
43.0
39.0
72.0
56.0
391.0
83.0
94.0
117.0
135.0
99.0
82.0
98.0
86.0
61.0
84.0
88.0
105.0
44.0
84.0
121.0
152.0
73.0
58.0
48.0
100.0
87.0
37.0
48.0
32.0
53.0
114.0
62.0
155.0
42.0
101.0
104.0
95.0
65.0
75.0
51.0
103.0
59.0
68.0
30.0
116.0
32.0
77.0
40.0
156.0
58.0
53.0
105.0
32.0
200.0
79.0
55.0
44.0
101.0
66.0
56.0
68.0
47.0
71.0
140.0
48.0
97.0
98.0
52.0
54.0
78.0
65.0
93.0
91.0
79.0
82.0
68.0
138.0
51.0
88.0
53.0
105.0
152.0
114.0
59.0
65.0
127.0
77.0
63.0
45.0
133.0
155.0
62.0
125.0
120.0
157.0
73.0
43.0
166.0
186.0
60.0
52.0
118.0
82.0
41.0
26.0
128.0
149.0
77.0
57.0
89.0
63.0
49.0
106.0
72.0
94.0
149.0
97.0
58.0
116.0
37.0
106.0
37.0
68.0
94.0
54.0
92.0
85.0
33.0
78.0
89.0
46.0
50.0
134.0
59.0
38.0
130.0
100.0
50.0
55.0
39.0
109.0
64.0
65.0
63.0
80.0
89.0
91.0
50.0
45.0
120.0
174.0
47.0
54.0
70.0
59.0
61.0
89.0
99.0
149.0
78.0
94.0
52.0
32.0
143.0
98.0
57.0
79.0
154.0
69.0
185.0
25.0
85.0
78.0
103.0
52.0
74.0
46.0
35.0
39.0
45.0
122.0
70.0
55.0
76.0
58.0
118.0
101.0
89.0
71.0
63.0
63.0
48.0
50.0
153.0
69.0
174.0
62.0
114.0
54.0
167.0
264.0
76.0
147.0
71.0
55.0
36.0
57.0
53.0
32.0
54.0
72.0
103.0
200.0
44.0
50.0
35.0
81.0
42.0
225.0
20.0
257.0
86.0
30.0
69.0
182.0
78.0
35.0
109.0
27.0
45.0
47.0
156.0
42.0
158.0
122.0
50.0
132.0
169.0
49.0
20.0
124.0
49.0
55.0
220.0
111.0
61.0
46.0
46.0
152.0
63.0
99.0
60.0
103.0
86.0
36.0
92.0
61.0
43.0
94.0
82.0
30.0
109.0
142.0
25.0
34.0
76.0
122.0
167.0
90.0
49.0
114.0
27.0
74.0
22.0
21.0
100.0
83.0
36.0
79.0
78.0
50.0
93.0
29.0
117.0
145.0
153.0
118.0
65.0
57.0
80.0
58.0
118.0
39.0
78.0
178.0
58.0
159.0
42.0
79.0
37.0
55.0
140.0
35.0
108.0
55.0
86.0
138.0
107.0
94.0
76.0
99.0
51.0
41.0
57.0
164.0
260.0
68.0
133.0
300.0
35.0
74.0
152.0
62.0
96.0
43.0
58.0
67.0
100.0
66.0
56.0
83.0
24.0
62.0
49.0
50.0
89.0
64.0
85.0
60.0
71.0
39.0
71.0
52.0
112.0
83.0
41.0
46.0
145.0
47.0
68.0
145.0
87.0
87.0
56.0
48.0
55.0
49.0
130.0
114.0
23.0
175.0
61.0
83.0
39.0
230.0
86.0
117.0
50.0
46.0
38.0
31.0
79.0
167.0
96.0
106.0
106.0
37.0
50.0
100.0
81.0
57.0
64.0
84.0
49.0
85.0
70.0
63.0
71.0
194.0
76.0
47.0
74.0
104.0
55.0
97.0
44.0
54.0
44.0
117.0
47.0
127.0
61.0
32.0
43.0
126.0
113.0
50.0
46.0
97.0
94.0
55.0
76.0
137.0
59.0
151.0
111.0
58.0
80.0
113.0
116.0
164.0
105.0
75.0
77.0
78.0
65.0
60.0
53.0
117.0
45.0
98.0
94.0
67.0
127.0
66.0
87.0
96.0
49.0
55.0
33.0
69.0
63.0
86.0
92.0
92.0
37.0
144.0
67.0
58.0
57.0
65.0
41.0
99.0
54.0
56.0
18.0
144.0
97.0
130.0
110.0
89.0
106.0
101.0
95.0
64.0
62.0
101.0
95.0
56.0
104.0
59.0
70.0
41.0
74.0
145.0
44.0
78.0
129.0
65.0
37.0
74.0
70.0
70.0
82.0
64.0
88.0
157.0
62.0
77.0
31.0
43.0
78.0
87.0
127.0
97.0
43.0
90.0
43.0
48.0
44.0
156.0
62.0
88.0
63.0
76.0
58.0
64.0
67.0
65.0
88.0
114.0
143.0
122.0
60.0
96.0
57.0
67.0
99.0
87.0
91.0
54.0
71.0
195.0
72.0
47.0
101.0
79.0
59.0
144.0
99.0
51.0
60.0
61.0
65.0
65.0
28.0
54.0
89.0
42.0
117.0
66.0
67.0
113.0
51.0
46.0
69.0
89.0
99.0
27.0
56.0
44.0
31.0
63.0
54.0
105.0
68.0
112.0
60.0
63.0
51.0
70.0
58.0
146.0
104.0
112.0
56.0
40.0
55.0
91.0
130.0
75.0
83.0
89.0
79.0
62.0
41.0
181.0
78.0
52.0
49.0
63.0
60.0
48.0
99.0
89.0
135.0
59.0
65.0
47.0
157.0
75.0
99.0
61.0
70.0
97.0
289.0
252.0
37.0
59.0
46.0
37.0
186.0
65.0
80.0
51.0
54.0
87.0
118.0
80.0
81.0
80.0
102.0
67.0
84.0
132.0
52.0
110.0
94.0
59.0
73.0
162.0
61.0
42.0
48.0
93.0
27.0
123.0
30.0
73.0
44.0
59.0
33.0
85.0
36.0
110.0
54.0
69.0
39.0
71.0
102.0
56.0
31.0
81.0
100.0
71.0
55.0
83.0
92.0
118.0
158.0
82.0
61.0
73.0
95.0
19.0
26.0
136.0
185.0
49.0
65.0
78.0
48.0
52.0
66.0
81.0
62.0
170.0
89.0
73.0
69.0
103.0
96.0
60.0
50.0
78.0
95.0
54.0
60.0
94.0
61.0
94.0
62.0
116.0
84.0
73.0
65.0
102.0
109.0
38.0
60.0
60.0
73.0
197.0
40.0
118.0
45.0
342.0
34.0
77.0
222.0
64.0
156.0
87.0
117.0
135.0
115.0
131.0
71.0
70.0
107.0
112.0
96.0
61.0
69.0
29.0
62.0
101.0
95.0
86.0
94.0
50.0
74.0
108.0
75.0
161.0
50.0
36.0
54.0
76.0
29.0
80.0
78.0
44.0
70.0
67.0
110.0
30.0
96.0
93.0
92.0
93.0
69.0
88.0
83.0
61.0
35.0
58.0
77.0
64.0
40.0
55.0
71.0
61.0
66.0
140.0
76.0
70.0
108.0
116.0
70.0
81.0
147.0
32.0
55.0
81.0
76.0
138.0
78.0
43.0
138.0
46.0
146.0
86.0
75.0
47.0
103.0
67.0
106.0
89.0
57.0
72.0
37.0
92.0
48.0
37.0
51.0
46.0
153.0
104.0
114.0
95.0
76.0
55.0
83.0
113.0
50.0
67.0
139.0
26.0
117.0
178.0
80.0
53.0
69.0
168.0
65.0
277.0
118.0
88.0
117.0
85.0
33.0
98.0
75.0
25.0
158.0
109.0
136.0
40.0
34.0
75.0
87.0
91.0
87.0
65.0
74.0
128.0
112.0
95.0
59.0
80.0
94.0
64.0
39.0
54.0
97.0
50.0
146.0
35.0
129.0
50.0
83.0
59.0
47.0
95.0
79.0
17.0
139.0
94.0
72.0
90.0
77.0
40.0
61.0
45.0
105.0
33.0
63.0
115.0
113.0
91.0
52.0
52.0
83.0
57.0
82.0
82.0
57.0
72.0
98.0
106.0
74.0
43.0
60.0
161.0
130.0
75.0
66.0
137.0
71.0
88.0
84.0
69.0
84.0
79.0
59.0
59.0
49.0
91.0
106.0
63.0
75.0
53.0
111.0
84.0
104.0
58.0
51.0
93.0
44.0
82.0
72.0
50.0
172.0
110.0
169.0
62.0
43.0
240.0
46.0
77.0
28.0
156.0
84.0
90.0
69.0
81.0
41.0
81.0
126.0
198.0
71.0
36.0
64.0
107.0
142.0
42.0
116.0
111.0
153.0
54.0
120.0
65.0
98.0
78.0
133.0
67.0
113.0
103.0
39.0
96.0
49.0
101.0
46.0
38.0
68.0
73.0
72.0
125.0
131.0
38.0
64.0
60.0
136.0
54.0
71.0
89.0
140.0
56.0
134.0
51.0
55.0
39.0
23.0
196.0
109.0
42.0
96.0
75.0
139.0
97.0
61.0
81.0
59.0
71.0
59.0
37.0
67.0
91.0
111.0
84.0
91.0
56.0
89.0
100.0
67.0
90.0
53.0
61.0
62.0
65.0
45.0
79.0
136.0
47.0
91.0
76.0
232.0
65.0
82.0
51.0
67.0
111.0
59.0
148.0
88.0
69.0
93.0
113.0
108.0
104.0
56.0
66.0
73.0
150.0
110.0
145.0
49.0
73.0
93.0
60.0
66.0
67.0
179.0
116.0
101.0
119.0
70.0
86.0
57.0
156.0
47.0
196.0
147.0
48.0
80.0
186.0
36.0
49.0
80.0
51.0
100.0
86.0
31.0
109.0
83.0
79.0
112.0
87.0
73.0
95.0
111.0
162.0
43.0
88.0
59.0
118.0
54.0
174.0
93.0
146.0
53.0
89.0
72.0
65.0
63.0
129.0
63.0
120.0
57.0
62.0
48.0
193.0
54.0
80.0
29.0
60.0
76.0
68.0
92.0
65.0
52.0
93.0
57.0
82.0
50.0
76.0
87.0
144.0
85.0
74.0
124.0
84.0
88.0
87.0
50.0
152.0
96.0
100.0
67.0
24.0
113.0
82.0
69.0
77.0
106.0
79.0
61.0
49.0
66.0
191.0
74.0
56.0
61.0
62.0
95.0
80.0
80.0
116.0
75.0
56.0
55.0
24.0
111.0
64.0
24.0
112.0
71.0
102.0
122.0
39.0
96.0
99.0
110.0
80.0
103.0
38.0
108.0
58.0
117.0
76.0
41.0
62.0
85.0
65.0
66.0
88.0
96.0
95.0
100.0
54.0
57.0
61.0
102.0
75.0
61.0
109.0
59.0
166.0
74.0
60.0
127.0
72.0
81.0
88.0
85.0
32.0
131.0
129.0
54.0
121.0
29.0
81.0
126.0
40.0
134.0
96.0
74.0
57.0
113.0
127.0
56.0
57.0
91.0
72.0
130.0
110.0
48.0
40.0
86.0
55.0
61.0
121.0
82.0
93.0
73.0
17.0
115.0
59.0
68.0
308.0
113.0
90.0
50.0
52.0
41.0
105.0
90.0
78.0
58.0
67.0
62.0
89.0
46.0
87.0
64.0
78.0
49.0
151.0
140.0
72.0
42.0
91.0
56.0
54.0
111.0
81.0
43.0
45.0
91.0
88.0
88.0
233.0
46.0
49.0
91.0
81.0
84.0
63.0
78.0
123.0
43.0
152.0
24.0
41.0
70.0
81.0
124.0
54.0
67.0
98.0
36.0
75.0
69.0
106.0
74.0
117.0
54.0
64.0
59.0
36.0
121.0
100.0
64.0
61.0
107.0
155.0
52.0
74.0
65.0
59.0
51.0
83.0
166.0
65.0
107.0
84.0
80.0
48.0
142.0
70.0
133.0
83.0
145.0
100.0
82.0
88.0
69.0
33.0
75.0
103.0
49.0
56.0
148.0
103.0
87.0
102.0
67.0
32.0
138.0
99.0
175.0
48.0
89.0
50.0
41.0
30.0
59.0
98.0
208.0
91.0
56.0
41.0
63.0
33.0
66.0
111.0
69.0
288.0
93.0
91.0
38.0
57.0
113.0
34.0
85.0
48.0
103.0
71.0
60.0
101.0
76.0
46.0
90.0
75.0
32.0
72.0
72.0
68.0
87.0
49.0
136.0
193.0
69.0
59.0
50.0
73.0
68.0
123.0
93.0
106.0
85.0
146.0
74.0
66.0
112.0
44.0
93.0
103.0
34.0
128.0
114.0
82.0
85.0
86.0
104.0
112.0
126.0
110.0
90.0
29.0
127.0
79.0
151.0
126.0
110.0
72.0
105.0
44.0
76.0
83.0
144.0
106.0
58.0
34.0
51.0
126.0
52.0
87.0
54.0
162.0
94.0
151.0
86.0
61.0
135.0
84.0
62.0
61.0
48.0
38.0
70.0
91.0
85.0
132.0
95.0
41.0
61.0
33.0
91.0
56.0
140.0
77.0
75.0
35.0
113.0
61.0
53.0
147.0
103.0
192.0
69.0
97.0
106.0
29.0
76.0
55.0
101.0
85.0
30.0
134.0
131.0
155.0
61.0
35.0
79.0
59.0
71.0
200.0
105.0
72.0
117.0
59.0
89.0
81.0
110.0
69.0
67.0
97.0
43.0
90.0
71.0
80.0
76.0
27.0
237.0
59.0
80.0
68.0
39.0
84.0
41.0
255.0
82.0
81.0
94.0
144.0
127.0
92.0
120.0
86.0
67.0
82.0
66.0
61.0
63.0
42.0
93.0
100.0
59.0
95.0
45.0
44.0
41.0
64.0
90.0
91.0
75.0
78.0
57.0
77.0
115.0
152.0
104.0
48.0
52.0
54.0
117.0
78.0
77.0
49.0
103.0
103.0
55.0
113.0
40.0
84.0
72.0
103.0
110.0
93.0
86.0
81.0
88.0
62.0
65.0
53.0
62.0
140.0
81.0
55.0
42.0
114.0
102.0
61.0
57.0
76.0
45.0
48.0
73.0
79.0
72.0
62.0
56.0
83.0
98.0
112.0
49.0
94.0
105.0
86.0
87.0
84.0
69.0
95.0
50.0
55.0
100.0
43.0
143.0
47.0
81.0
86.0
56.0
66.0
75.0
112.0
77.0
127.0
24.0
148.0
86.0
84.0
87.0
72.0
74.0
137.0
74.0
63.0
93.0
101.0
107.0
77.0
88.0
66.0
176.0
104.0
61.0
32.0
47.0
85.0
63.0
106.0
116.0
139.0
118.0
87.0
74.0
55.0
83.0
71.0
17.0
40.0
76.0
74.0
67.0
58.0
54.0
91.0
99.0
64.0
87.0
27.0
69.0
64.0
104.0
93.0
47.0
118.0
63.0
45.0
155.0
63.0
137.0
86.0
140.0
44.0
41.0
59.0
88.0
33.0
78.0
72.0
74.0
42.0
93.0
133.0
63.0
37.0
46.0
107.0
90.0
78.0
79.0
61.0
83.0
76.0
131.0
63.0
78.0
72.0
60.0
48.0
203.0
48.0
67.0
67.0
113.0
66.0
54.0
65.0
143.0
88.0
117.0
61.0
53.0
88.0
81.0
78.0
76.0
70.0
56.0
134.0
44.0
57.0
90.0
66.0
69.0
93.0
56.0
50.0
155.0
48.0
68.0
105.0
88.0
83.0
102.0
81.0
53.0
59.0
95.0
81.0
75.0
69.0
94.0
139.0
104.0
109.0
129.0
106.0
57.0
103.0
131.0
52.0
76.0
168.0
28.0
70.0
90.0
58.0
64.0
41.0
56.0
39.0
104.0
129.0
73.0
38.0
84.0
69.0
75.0
114.0
80.0
34.0
94.0
185.0
67.0
78.0
26.0
76.0
64.0
44.0
64.0
235.0
47.0
70.0
116.0
76.0
34.0
37.0
60.0
62.0
106.0
52.0
75.0
108.0
77.0
108.0
82.0
78.0
45.0
117.0
51.0
57.0
100.0
52.0
88.0
72.0
98.0
73.0
108.0
31.0
53.0
138.0
106.0
104.0
31.0
101.0
102.0
47.0
117.0
125.0
132.0
126.0
118.0
87.0
147.0
70.0
69.0
127.0
54.0
84.0
89.0
59.0
40.0
38.0
72.0
66.0
151.0
66.0
114.0
146.0
52.0
64.0
52.0
173.0
55.0
110.0
104.0
131.0
83.0
82.0
111.0
53.0
107.0
91.0
34.0
87.0
88.0
27.0
72.0
84.0
47.0
71.0
71.0
202.0
140.0
195.0
54.0
78.0
137.0
104.0
105.0
53.0
145.0
90.0
61.0
92.0
57.0
89.0
84.0
59.0
74.0
54.0
126.0
127.0
79.0
124.0
64.0
34.0
84.0
43.0
83.0
72.0
60.0
81.0
75.0
108.0
36.0
42.0
104.0
147.0
143.0
65.0
105.0
90.0
82.0
47.0
95.0
91.0
99.0
135.0
144.0
60.0
53.0
31.0
60.0
83.0
89.0
149.0
67.0
51.0
157.0
65.0
81.0
100.0
130.0
100.0
95.0
41.0
94.0
101.0
56.0
86.0
124.0
49.0
74.0
44.0
67.0
54.0
121.0
117.0
84.0
64.0
71.0
26.0
88.0
52.0
149.0
116.0
104.0
107.0
82.0
39.0
215.0
105.0
132.0
114.0
64.0
121.0
94.0
53.0
88.0
42.0
126.0
50.0
94.0
104.0
156.0
79.0
63.0
153.0
114.0
119.0
106.0
142.0
113.0
81.0
151.0
77.0
98.0
63.0
35.0
35.0
155.0
101.0
93.0
130.0
53.0
59.0
109.0
76.0
89.0
89.0
52.0
49.0
63.0
30.0
145.0
53.0
60.0
30.0
117.0
42.0
55.0
108.0
71.0
85.0
50.0
38.0
75.0
74.0
117.0
117.0
77.0
97.0
123.0
76.0
109.0
128.0
69.0
36.0
70.0
137.0
117.0
52.0
123.0
48.0
71.0
93.0
60.0
59.0
94.0
65.0
83.0
129.0
94.0
75.0
67.0
44.0
48.0
109.0
53.0
123.0
104.0
105.0
109.0
97.0
75.0
146.0
102.0
63.0
111.0
54.0
96.0
170.0
136.0
71.0
146.0
90.0
98.0
64.0
106.0
72.0
69.0
70.0
70.0
133.0
107.0
92.0
118.0
55.0
75.0
154.0
73.0
142.0
35.0
113.0
111.0
80.0
62.0
143.0
72.0
123.0
59.0
107.0
72.0
105.0
178.0
85.0
55.0
72.0
84.0
63.0
87.0
130.0
96.0
41.0
48.0
78.0
68.0
100.0
148.0
70.0
60.0
39.0
86.0
75.0
64.0
71.0
128.0
92.0
39.0
113.0
45.0
121.0
155.0
53.0
92.0
134.0
39.0
120.0
121.0
64.0
68.0
40.0
89.0
70.0
38.0
36.0
66.0
21.0
67.0
89.0
58.0
62.0
40.0
86.0
62.0
102.0
103.0
43.0
95.0
81.0
88.0
60.0
106.0
119.0
94.0
63.0
128.0
80.0
110.0
93.0
130.0
115.0
75.0
136.0
47.0
77.0
116.0
67.0
69.0
79.0
75.0
83.0
41.0
80.0
87.0
85.0
107.0
57.0
92.0
49.0
71.0
104.0
74.0
142.0
94.0
105.0
82.0
114.0
66.0
31.0
68.0
114.0
60.0
135.0
88.0
86.0
90.0
122.0
93.0
109.0
79.0
68.0
50.0
72.0
101.0
57.0
35.0
89.0
70.0
78.0
86.0
94.0
39.0
49.0
92.0
58.0
63.0
39.0
66.0
95.0
101.0
50.0
100.0
94.0
32.0
74.0
120.0
45.0
127.0
189.0
46.0
91.0
89.0
101.0
51.0
130.0
91.0
41.0
110.0
79.0
69.0
110.0
101.0
251.0
71.0
79.0
33.0
49.0
114.0
48.0
67.0
68.0
49.0
54.0
117.0
67.0
68.0
85.0
51.0
76.0
75.0
100.0
81.0
74.0
84.0
110.0
139.0
86.0
22.0
75.0
59.0
126.0
48.0
70.0
70.0
70.0
55.0
81.0
87.0
47.0
59.0
176.0
54.0
142.0
57.0
43.0
78.0
66.0
117.0
83.0
126.0
78.0
102.0
65.0
33.0
43.0
153.0
62.0
30.0
49.0
43.0
63.0
76.0
51.0
81.0
128.0
68.0
89.0
105.0
87.0
82.0
75.0
69.0
70.0
84.0
129.0
64.0
23.0
107.0
43.0
111.0
79.0
52.0
41.0
84.0
170.0
68.0
76.0
52.0
63.0
83.0
41.0
55.0
65.0
108.0
161.0
116.0
142.0
61.0
92.0
70.0
121.0
61.0
196.0
73.0
98.0
65.0
100.0
151.0
63.0
76.0
91.0
76.0
35.0
100.0
41.0
101.0
50.0
60.0
91.0
69.0
112.0
73.0
67.0
125.0
72.0
32.0
59.0
183.0
114.0
63.0
124.0
78.0
91.0
59.0
47.0
108.0
86.0
76.0
114.0
112.0
73.0
177.0
68.0
76.0
98.0
40.0
93.0
75.0
98.0
54.0
115.0
105.0
79.0
37.0
72.0
70.0
46.0
57.0
74.0
62.0
43.0
92.0
158.0
72.0
59.0
119.0
154.0
28.0
35.0
52.0
80.0
132.0
82.0
80.0
95.0
74.0
139.0
50.0
118.0
107.0
99.0
58.0
143.0
65.0
154.0
94.0
111.0
86.0
53.0
61.0
89.0
83.0
82.0
163.0
36.0
111.0
199.0
67.0
104.0
72.0
102.0
41.0
77.0
57.0
35.0
128.0
69.0
57.0
80.0
94.0
144.0
103.0
62.0
102.0
56.0
48.0
38.0
77.0
83.0
103.0
64.0
58.0
108.0
91.0
101.0
86.0
85.0
127.0
73.0
54.0
71.0
48.0
103.0
77.0
58.0
152.0
87.0
99.0
97.0
88.0
82.0
72.0
65.0
92.0
52.0
85.0
51.0
144.0
151.0
104.0
73.0
77.0
70.0
71.0
58.0
130.0
95.0
56.0
142.0
58.0
76.0
53.0
109.0
63.0
58.0
46.0
165.0
77.0
57.0
119.0
49.0
81.0
94.0
59.0
210.0
59.0
65.0
108.0
77.0
85.0
91.0
113.0
91.0
93.0
60.0
87.0
86.0
67.0
45.0
76.0
96.0
126.0
81.0
51.0
79.0
29.0
86.0
110.0
94.0
101.0
110.0
75.0
60.0
60.0
66.0
45.0
53.0
29.0
116.0
70.0
122.0
143.0
40.0
69.0
47.0
104.0
71.0
89.0
40.0
87.0
67.0
171.0
96.0
91.0
56.0
56.0
162.0
109.0
95.0
79.0
74.0
43.0
94.0
74.0
57.0
87.0
70.0
113.0
61.0
119.0
92.0
48.0
148.0
53.0
74.0
39.0
107.0
66.0
68.0
72.0
90.0
70.0
73.0
83.0
74.0
72.0
138.0
87.0
64.0
101.0
50.0
96.0
82.0
78.0
163.0
56.0
72.0
86.0
53.0
57.0
86.0
138.0
93.0
104.0
56.0
96.0
143.0
75.0
130.0
56.0
130.0
98.0
118.0
163.0
132.0
63.0
73.0
69.0
113.0
51.0
74.0
113.0
71.0
114.0
108.0
59.0
98.0
74.0
86.0
93.0
53.0
136.0
102.0
52.0
41.0
125.0
54.0
79.0
77.0
45.0
87.0
43.0
116.0
71.0
87.0
92.0
48.0
84.0
58.0
167.0
43.0
97.0
101.0
75.0
112.0
54.0
64.0
110.0
91.0
152.0
46.0
81.0
70.0
110.0
89.0
131.0
131.0
43.0
96.0
95.0
56.0
49.0
94.0
226.0
94.0
50.0
75.0
29.0
34.0
98.0
68.0
50.0
38.0
152.0
61.0
33.0
109.0
95.0
35.0
72.0
87.0
135.0
81.0
72.0
36.0
113.0
69.0
142.0
69.0
138.0
84.0
69.0
78.0
42.0
118.0
121.0
58.0
119.0
71.0
59.0
111.0
50.0
164.0
56.0
45.0
52.0
61.0
159.0
127.0
66.0
81.0
41.0
101.0
155.0
71.0
127.0
97.0
75.0
64.0
113.0
37.0
94.0
141.0
52.0
93.0
87.0
83.0
92.0
65.0
113.0
65.0
62.0
130.0
42.0
37.0
51.0
140.0
76.0
51.0
90.0
93.0
95.0
55.0
106.0
96.0
103.0
63.0
22.0
130.0
107.0
41.0
105.0
58.0
88.0
101.0
120.0
96.0
64.0
107.0
133.0
83.0
93.0
69.0
58.0
69.0
111.0
80.0
74.0
164.0
75.0
80.0
132.0
111.0
64.0
63.0
73.0
57.0
109.0
49.0
70.0
70.0
55.0
40.0
40.0
53.0
106.0
98.0
92.0
74.0
56.0
120.0
98.0
117.0
98.0
96.0
66.0
55.0
77.0
89.0
132.0
55.0
81.0
49.0
98.0
120.0
112.0
281.0
76.0
27.0
87.0
100.0
44.0
146.0
86.0
99.0
81.0
104.0
174.0
107.0
72.0
53.0
70.0
125.0
93.0
131.0
68.0
108.0
105.0
93.0
79.0
74.0
65.0
54.0
50.0
55.0
99.0
68.0
36.0
27.0
86.0
161.0
58.0
47.0
39.0
122.0
57.0
85.0
90.0
97.0
47.0
168.0
186.0
110.0
114.0
75.0
55.0
91.0
31.0
108.0
69.0
45.0
52.0
76.0
65.0
83.0
86.0
79.0
86.0
48.0
131.0
105.0
93.0
76.0
61.0
113.0
101.0
61.0
45.0
110.0
115.0
50.0
123.0
74.0
92.0
125.0
63.0
103.0
57.0
158.0
66.0
152.0
63.0
39.0
93.0
89.0
122.0
78.0
116.0
96.0
89.0
41.0
87.0
81.0
109.0
63.0
218.0
66.0
106.0
67.0
145.0
106.0
103.0
80.0
79.0
57.0
73.0
65.0
104.0
90.0
57.0
88.0
87.0
48.0
89.0
38.0
143.0
61.0
100.0
82.0
86.0
116.0
59.0
140.0
143.0
55.0
70.0
90.0
72.0
82.0
105.0
29.0
56.0
69.0
92.0
151.0
90.0
68.0
66.0
149.0
85.0
68.0
87.0
75.0
140.0
58.0
143.0
161.0
101.0
167.0
41.0
33.0
91.0
107.0
90.0
146.0
72.0
41.0
61.0
65.0
48.0
111.0
75.0
26.0
74.0
92.0
148.0
200.0
55.0
77.0
33.0
95.0
41.0
104.0
58.0
116.0
75.0
72.0
109.0
86.0
43.0
87.0
102.0
83.0
56.0
114.0
74.0
63.0
87.0
94.0
62.0
107.0
105.0
80.0
134.0
77.0
128.0
35.0
82.0
47.0
155.0
130.0
37.0
63.0
99.0
48.0
49.0
47.0
66.0
71.0
41.0
30.0
86.0
100.0
114.0
120.0
206.0
68.0
45.0
93.0
74.0
108.0
135.0
56.0
76.0
201.0
68.0
69.0
204.0
139.0
68.0
104.0
46.0
60.0
28.0
63.0
94.0
100.0
123.0
56.0
86.0
33.0
78.0
52.0
103.0
61.0
81.0
62.0
133.0
97.0
63.0
52.0
101.0
115.0
42.0
136.0
49.0
141.0
43.0
64.0
108.0
68.0
76.0
98.0
116.0
39.0
32.0
58.0
82.0
59.0
62.0
137.0
134.0
75.0
85.0
59.0
60.0
97.0
80.0
53.0
55.0
77.0
85.0
92.0
117.0
86.0
141.0
69.0
102.0
61.0
48.0
115.0
65.0
43.0
80.0
132.0
74.0
137.0
73.0
43.0
133.0
47.0
73.0
72.0
103.0
125.0
50.0
86.0
97.0
90.0
135.0
59.0
82.0
81.0
51.0
102.0
114.0
137.0
206.0
77.0
120.0
77.0
59.0
57.0
67.0
87.0
55.0
125.0
113.0
154.0
66.0
53.0
81.0
99.0
69.0
116.0
67.0
62.0
39.0
52.0
157.0
44.0
97.0
53.0
75.0
40.0
101.0
109.0
131.0
85.0
71.0
119.0
93.0
59.0
47.0
110.0
31.0
95.0
48.0
134.0
99.0
89.0
124.0
124.0
86.0
23.0
59.0
78.0
83.0
70.0
46.0
103.0
62.0
69.0
68.0
62.0
69.0
48.0
53.0
61.0
72.0
69.0
81.0
42.0
90.0
95.0
49.0
84.0
91.0
134.0
53.0
79.0
64.0
67.0
86.0
110.0
57.0
92.0
113.0
145.0
102.0
68.0
58.0
78.0
91.0
87.0
53.0
178.0
204.0
307.0
90.0
49.0
135.0
92.0
67.0
51.0
57.0
69.0
86.0
62.0
58.0
97.0
60.0
70.0
122.0
130.0
89.0
74.0
66.0
44.0
68.0
76.0
142.0
73.0
107.0
120.0
92.0
83.0
53.0
79.0
90.0
33.0
90.0
107.0
123.0
115.0
98.0
195.0
57.0
70.0
46.0
61.0
74.0
40.0
62.0
69.0
78.0
152.0
76.0
76.0
85.0
86.0
70.0
89.0
50.0
111.0
79.0
40.0
35.0
147.0
45.0
77.0
181.0
42.0
58.0
58.0
92.0
77.0
80.0
131.0
46.0
67.0
48.0
79.0
52.0
43.0
91.0
84.0
91.0
76.0
102.0
109.0
76.0
79.0
76.0
38.0
67.0
87.0
120.0
98.0
119.0
73.0
47.0
87.0
69.0
108.0
71.0
149.0
57.0
173.0
77.0
90.0
155.0
63.0
73.0
53.0
131.0
85.0
81.0
60.0
55.0
63.0
62.0
60.0
65.0
114.0
63.0
41.0
123.0
49.0
90.0
102.0
108.0
151.0
66.0
109.0
80.0
105.0
69.0
51.0
154.0
90.0
194.0
61.0
80.0
33.0
182.0
100.0
133.0
84.0
51.0
107.0
138.0
59.0
111.0
51.0
59.0
101.0
64.0
84.0
60.0
94.0
101.0
41.0
61.0
71.0
63.0
78.0
142.0
122.0
83.0
63.0
54.0
79.0
42.0
67.0
67.0
105.0
36.0
86.0
64.0
83.0
82.0
101.0
94.0
80.0
94.0
65.0
109.0
92.0
116.0
139.0
122.0
113.0
60.0
137.0
35.0
55.0
109.0
67.0
72.0
124.0
49.0
143.0
63.0
43.0
117.0
130.0
97.0
66.0
60.0
102.0
71.0
61.0
121.0
114.0
92.0
50.0
59.0
46.0
118.0
137.0
61.0
105.0
131.0
60.0
42.0
36.0
57.0
110.0
59.0
72.0
108.0
116.0
55.0
96.0
63.0
44.0
173.0
106.0
81.0
88.0
73.0
94.0
63.0
96.0
100.0
51.0
64.0
90.0
102.0
85.0
58.0
93.0
73.0
54.0
49.0
67.0
120.0
128.0
57.0
64.0
108.0
36.0
106.0
156.0
83.0
71.0
83.0
53.0
103.0
58.0
204.0
87.0
58.0
76.0
66.0
159.0
96.0
63.0
53.0
85.0
73.0
134.0
68.0
81.0
91.0
90.0
106.0
83.0
97.0
126.0
150.0
54.0
77.0
120.0
61.0
98.0
44.0
60.0
39.0
109.0
77.0
29.0
134.0
70.0
67.0
79.0
45.0
106.0
102.0
180.0
71.0
80.0
105.0
62.0
72.0
100.0
40.0
83.0
56.0
95.0
65.0
93.0
41.0
95.0
146.0
51.0
79.0
42.0
103.0
42.0
63.0
87.0
100.0
86.0
35.0
78.0
105.0
79.0
107.0
45.0
100.0
109.0
86.0
98.0
62.0
91.0
93.0
94.0
79.0
76.0
75.0
110.0
82.0
109.0
48.0
86.0
98.0
94.0
48.0
120.0
115.0
99.0
59.0
88.0
97.0
93.0
92.0
61.0
61.0
110.0
61.0
70.0
54.0
94.0
83.0
60.0
112.0
58.0
54.0
65.0
81.0
54.0
205.0
58.0
58.0
65.0
57.0
90.0
78.0
134.0
69.0
142.0
83.0
116.0
73.0
111.0
82.0
51.0
78.0
69.0
55.0
116.0
120.0
53.0
90.0
93.0
91.0
63.0
413.0
79.0
121.0
108.0
41.0
107.0
102.0
135.0
40.0
70.0
103.0
53.0
85.0
108.0
83.0
58.0
64.0
110.0
73.0
125.0
52.0
40.0
102.0
102.0
55.0
41.0
63.0
62.0
184.0
102.0
102.0
178.0
24.0
103.0
76.0
87.0
93.0
156.0
51.0
61.0
61.0
64.0
80.0
74.0
124.0
75.0
77.0
59.0
44.0
97.0
82.0
54.0
79.0
71.0
65.0
37.0
64.0
60.0
122.0
68.0
78.0
53.0
87.0
88.0
32.0
79.0
165.0
81.0
56.0
132.0
117.0
101.0
61.0
92.0
36.0
43.0
94.0
103.0
129.0
68.0
63.0
109.0
84.0
59.0
93.0
53.0
154.0
45.0
189.0
129.0
54.0
90.0
124.0
44.0
91.0
147.0
89.0
101.0
134.0
84.0
24.0
112.0
60.0
63.0
80.0
65.0
72.0
95.0
136.0
98.0
104.0
121.0
38.0
126.0
83.0
70.0
96.0
49.0
141.0
125.0
66.0
57.0
86.0
72.0
79.0
17.0
59.0
57.0
50.0
61.0
257.0
117.0
121.0
138.0
66.0
50.0
65.0
69.0
96.0
79.0
108.0
80.0
67.0
53.0
141.0
61.0
97.0
72.0
100.0
73.0
120.0
84.0
71.0
81.0
92.0
49.0
133.0
65.0
78.0
106.0
82.0
97.0
77.0
93.0
146.0
77.0
89.0
97.0
52.0
101.0
108.0
81.0
112.0
41.0
72.0
56.0
37.0
126.0
98.0
69.0
73.0
177.0
60.0
66.0
62.0
78.0
105.0
93.0
150.0
52.0
127.0
54.0
177.0
112.0
112.0
47.0
133.0
54.0
157.0
66.0
81.0
29.0
43.0
53.0
66.0
57.0
61.0
57.0
62.0
64.0
112.0
66.0
67.0
60.0
148.0
95.0
87.0
81.0
82.0
91.0
210.0
123.0
55.0
141.0
107.0
123.0
77.0
100.0
36.0
83.0
65.0
92.0
75.0
52.0
66.0
85.0
61.0
73.0
63.0
92.0
123.0
132.0
102.0
34.0
68.0
96.0
111.0
133.0
84.0
108.0
58.0
105.0
99.0
82.0
85.0
48.0
92.0
94.0
77.0
115.0
116.0
77.0
79.0
72.0
49.0
159.0
21.0
72.0
101.0
52.0
103.0
133.0
41.0
103.0
166.0
74.0
122.0
89.0
27.0
43.0
99.0
154.0
93.0
42.0
44.0
76.0
91.0
49.0
69.0
90.0
130.0
119.0
71.0
77.0
115.0
56.0
102.0
93.0
53.0
57.0
115.0
62.0
63.0
116.0
55.0
100.0
133.0
81.0
115.0
46.0
53.0
58.0
58.0
78.0
60.0
113.0
56.0
63.0
73.0
110.0
68.0
91.0
107.0
163.0
105.0
63.0
89.0
122.0
60.0
64.0
53.0
32.0
97.0
41.0
124.0
67.0
51.0
133.0
105.0
72.0
72.0
53.0
72.0
94.0
50.0
105.0
97.0
79.0
109.0
89.0
170.0
132.0
53.0
83.0
76.0
128.0
91.0
57.0
36.0
58.0
84.0
58.0
105.0
188.0
125.0
61.0
76.0
72.0
45.0
89.0
97.0
95.0
74.0
54.0
58.0
39.0
52.0
76.0
106.0
41.0
109.0
52.0
66.0
91.0
66.0
23.0
55.0
35.0
45.0
83.0
117.0
123.0
99.0
70.0
61.0
72.0
40.0
96.0
136.0
45.0
67.0
68.0
80.0
75.0
48.0
48.0
94.0
97.0
84.0
82.0
145.0
138.0
57.0
65.0
107.0
82.0
142.0
74.0
118.0
36.0
112.0
120.0
70.0
75.0
75.0
69.0
72.0
91.0
140.0
64.0
64.0
59.0
56.0
59.0
90.0
55.0
136.0
64.0
81.0
70.0
145.0
83.0
55.0
54.0
57.0
90.0
51.0
77.0
53.0
119.0
76.0
161.0
79.0
64.0
62.0
63.0
120.0
68.0
112.0
114.0
60.0
109.0
23.0
68.0
79.0
88.0
59.0
126.0
66.0
35.0
62.0
116.0
110.0
119.0
38.0
79.0
40.0
49.0
76.0
63.0
83.0
58.0
105.0
64.0
104.0
40.0
86.0
110.0
73.0
58.0
107.0
53.0
157.0
97.0
58.0
139.0
80.0
62.0
51.0
115.0
73.0
152.0
142.0
37.0
67.0
111.0
53.0
110.0
65.0
155.0
63.0
56.0
63.0
67.0
88.0
99.0
88.0
26.0
91.0
81.0
58.0
49.0
96.0
108.0
67.0
109.0
117.0
51.0
53.0
73.0
66.0
51.0
239.0
82.0
84.0
68.0
91.0
90.0
107.0
93.0
62.0
88.0
48.0
92.0
135.0
109.0
78.0
82.0
43.0
100.0
46.0
126.0
112.0
165.0
56.0
73.0
104.0
59.0
113.0
66.0
51.0
25.0
39.0
81.0
138.0
102.0
59.0
115.0
55.0
122.0
107.0
142.0
69.0
62.0
76.0
35.0
46.0
61.0
76.0
87.0
57.0
67.0
132.0
120.0
129.0
55.0
41.0
119.0
95.0
56.0
87.0
61.0
446.0
71.0
90.0
97.0
73.0
115.0
83.0
91.0
47.0
53.0
98.0
36.0
24.0
72.0
131.0
109.0
90.0
97.0
87.0
129.0
108.0
90.0
48.0
72.0
89.0
52.0
41.0
127.0
112.0
39.0
130.0
60.0
83.0
86.0
157.0
91.0
39.0
66.0
135.0
68.0
158.0
54.0
87.0
54.0
113.0
121.0
96.0
86.0
88.0
69.0
131.0
79.0
101.0
78.0
100.0
96.0
64.0
82.0
41.0
59.0
76.0
187.0
143.0
89.0
60.0
76.0
80.0
118.0
96.0
93.0
113.0
45.0
77.0
61.0
47.0
66.0
88.0
85.0
96.0
148.0
49.0
100.0
86.0
68.0
64.0
48.0
27.0
55.0
97.0
131.0
77.0
37.0
88.0
100.0
111.0
73.0
147.0
77.0
58.0
96.0
167.0
123.0
63.0
43.0
89.0
96.0
77.0
51.0
105.0
125.0
55.0
50.0
64.0
105.0
77.0
50.0
73.0
108.0
98.0
63.0
81.0
110.0
42.0
36.0
222.0
75.0
182.0
51.0
91.0
90.0
108.0
64.0
102.0
113.0
96.0
116.0
71.0
118.0
112.0
165.0
45.0
149.0
104.0
96.0
75.0
81.0
67.0
165.0
75.0
65.0
69.0
91.0
70.0
93.0
127.0
90.0
144.0
90.0
55.0
82.0
119.0
85.0
54.0
61.0
63.0
123.0
89.0
35.0
59.0
47.0
93.0
69.0
79.0
79.0
151.0
71.0
124.0
60.0
170.0
80.0
131.0
73.0
46.0
184.0
131.0
126.0
44.0
59.0
65.0
82.0
44.0
53.0
54.0
68.0
70.0
99.0
63.0
49.0
54.0
90.0
164.0
83.0
61.0
84.0
102.0
150.0
55.0
138.0
96.0
25.0
108.0
92.0
133.0
81.0
63.0
60.0
63.0
83.0
40.0
41.0
81.0
140.0
90.0
42.0
124.0
46.0
75.0
91.0
78.0
90.0
92.0
87.0
98.0
120.0
73.0
47.0
64.0
89.0
81.0
70.0
50.0
93.0
90.0
115.0
113.0
56.0
57.0
90.0
99.0
56.0
56.0
114.0
126.0
119.0
59.0
63.0
78.0
67.0
39.0
51.0
84.0
113.0
40.0
83.0
141.0
100.0
69.0
63.0
63.0
88.0
106.0
95.0
77.0
66.0
93.0
102.0
119.0
91.0
59.0
90.0
80.0
143.0
92.0
86.0
204.0
71.0
55.0
65.0
97.0
81.0
81.0
77.0
96.0
80.0
76.0
49.0
41.0
64.0
67.0
74.0
35.0
81.0
95.0
71.0
162.0
77.0
66.0
104.0
61.0
128.0
150.0
78.0
106.0
28.0
24.0
82.0
46.0
51.0
124.0
103.0
110.0
75.0
42.0
81.0
89.0
65.0
76.0
75.0
48.0
104.0
77.0
63.0
88.0
48.0
79.0
86.0
82.0
80.0
103.0
136.0
50.0
118.0
187.0
80.0
64.0
73.0
91.0
21.0
101.0
58.0
80.0
149.0
139.0
48.0
32.0
55.0
46.0
46.0
106.0
89.0
121.0
46.0
82.0
93.0
81.0
32.0
85.0
130.0
90.0
137.0
51.0
84.0
121.0
63.0
87.0
104.0
116.0
40.0
65.0
106.0
60.0
182.0
100.0
54.0
54.0
104.0
67.0
92.0
111.0
147.0
108.0
101.0
81.0
77.0
84.0
66.0
93.0
118.0
51.0
73.0
77.0
58.0
50.0
474.0
92.0
82.0
108.0
100.0
117.0
75.0
77.0
138.0
62.0
96.0
63.0
36.0
116.0
43.0
90.0
77.0
103.0
88.0
63.0
88.0
93.0
125.0
111.0
71.0
109.0
77.0
82.0
44.0
183.0
74.0
85.0
56.0
82.0
101.0
63.0
99.0
53.0
58.0
134.0
91.0
98.0
49.0
92.0
105.0
88.0
79.0
50.0
87.0
79.0
52.0
59.0
62.0
52.0
57.0
43.0
73.0
65.0
68.0
68.0
90.0
110.0
51.0
98.0
91.0
151.0
76.0
36.0
181.0
91.0
99.0
114.0
111.0
150.0
157.0
57.0
86.0
55.0
100.0
73.0
55.0
77.0
63.0
94.0
107.0
49.0
105.0
120.0
90.0
133.0
96.0
202.0
58.0
144.0
56.0
87.0
132.0
61.0
74.0
60.0
66.0
84.0
83.0
42.0
129.0
61.0
136.0
139.0
129.0
126.0
93.0
59.0
84.0
83.0
131.0
98.0
66.0
99.0
107.0
84.0
81.0
35.0
162.0
105.0
59.0
70.0
111.0
109.0
105.0
24.0
93.0
99.0
28.0
157.0
84.0
74.0
87.0
52.0
86.0
58.0
89.0
225.0
51.0
182.0
87.0
51.0
61.0
81.0
54.0
82.0
74.0
57.0
31.0
188.0
125.0
128.0
78.0
69.0
89.0
37.0
233.0
45.0
85.0
48.0
85.0
110.0
75.0
52.0
60.0
158.0
96.0
193.0
105.0
90.0
77.0
60.0
93.0
54.0
63.0
110.0
89.0
60.0
67.0
76.0
33.0
98.0
98.0
78.0
29.0
102.0
90.0
63.0
66.0
89.0
63.0
188.0
71.0
58.0
120.0
78.0
160.0
61.0
55.0
55.0
62.0
61.0
43.0
144.0
53.0
90.0
80.0
81.0
79.0
37.0
93.0
82.0
63.0
57.0
77.0
133.0
60.0
171.0
65.0
143.0
94.0
58.0
73.0
47.0
75.0
131.0
79.0
84.0
79.0
87.0
78.0
125.0
39.0
100.0
76.0
68.0
64.0
108.0
62.0
95.0
57.0
107.0
80.0
230.0
67.0
70.0
36.0
103.0
50.0
91.0
81.0
53.0
64.0
106.0
95.0
121.0
99.0
95.0
44.0
86.0
135.0
60.0
161.0
105.0
74.0
80.0
97.0
96.0
139.0
82.0
74.0
82.0
101.0
38.0
63.0
50.0
72.0
131.0
55.0
61.0
111.0
121.0
64.0
33.0
130.0
51.0
77.0
60.0
37.0
187.0
109.0
99.0
86.0
63.0
74.0
95.0
58.0
76.0
187.0
98.0
99.0
69.0
59.0
85.0
129.0
64.0
42.0
65.0
83.0
70.0
63.0
55.0
54.0
77.0
50.0
47.0
111.0
85.0
54.0
93.0
56.0
73.0
54.0
54.0
81.0
94.0
84.0
115.0
45.0
79.0
44.0
106.0
181.0
189.0
76.0
114.0
109.0
103.0
48.0
49.0
38.0
137.0
79.0
49.0
297.0
79.0
152.0
83.0
107.0
49.0
65.0
56.0
54.0
40.0
30.0
152.0
122.0
103.0
29.0
44.0
41.0
164.0
48.0
192.0
47.0
46.0
41.0
99.0
102.0
92.0
56.0
47.0
104.0
24.0
61.0
89.0
92.0
73.0
44.0
88.0
93.0
64.0
66.0
102.0
89.0
33.0
38.0
60.0
92.0
61.0
104.0
106.0
85.0
90.0
80.0
56.0
62.0
81.0
87.0
154.0
65.0
69.0
52.0
86.0
70.0
205.0
88.0
59.0
164.0
79.0
56.0
185.0
70.0
43.0
100.0
71.0
75.0
89.0
59.0
33.0
51.0
73.0
56.0
121.0
82.0
62.0
42.0
68.0
61.0
84.0
51.0
102.0
118.0
138.0
85.0
63.0
53.0
44.0
132.0
41.0
104.0
129.0
100.0
68.0
97.0
113.0
52.0
102.0
218.0
32.0
140.0
86.0
67.0
71.0
58.0
105.0
85.0
71.0
71.0
99.0
120.0
92.0
104.0
60.0
66.0
103.0
102.0
51.0
113.0
73.0
82.0
72.0
66.0
75.0
57.0
103.0
40.0
31.0
79.0
121.0
78.0
67.0
40.0
94.0
66.0
148.0
95.0
82.0
106.0
138.0
25.0
66.0
80.0
60.0
66.0
91.0
76.0
150.0
152.0
56.0
57.0
94.0
69.0
97.0
81.0
72.0
77.0
92.0
62.0
64.0
149.0
68.0
96.0
51.0
60.0
113.0
91.0
60.0
68.0
146.0
60.0
122.0
93.0
61.0
181.0
59.0
48.0
118.0
121.0
64.0
177.0
78.0
98.0
80.0
105.0
55.0
98.0
81.0
48.0
73.0
205.0
69.0
92.0
46.0
157.0
98.0
69.0
150.0
71.0
116.0
30.0
85.0
60.0
117.0
54.0
57.0
52.0
34.0
134.0
72.0
54.0
79.0
92.0
83.0
100.0
79.0
76.0
46.0
111.0
53.0
58.0
51.0
58.0
62.0
50.0
78.0
110.0
52.0
110.0
92.0
79.0
88.0
74.0
61.0
41.0
38.0
69.0
168.0
69.0
103.0
33.0
98.0
60.0
138.0
96.0
82.0
50.0
85.0
63.0
52.0
103.0
72.0
93.0
62.0
120.0
193.0
231.0
184.0
49.0
76.0
98.0
82.0
107.0
61.0
127.0
51.0
80.0
61.0
31.0
80.0
62.0
75.0
93.0
66.0
135.0
57.0
104.0
106.0
78.0
42.0
144.0
68.0
89.0
64.0
152.0
40.0
78.0
150.0
58.0
140.0
47.0
80.0
99.0
142.0
118.0
89.0
53.0
87.0
104.0
47.0
118.0
30.0
70.0
78.0
86.0
39.0
122.0
94.0
60.0
100.0
63.0
81.0
65.0
55.0
156.0
70.0
84.0
21.0
129.0
77.0
91.0
36.0
69.0
59.0
155.0
71.0
67.0
54.0
137.0
50.0
50.0
94.0
50.0
97.0
69.0
67.0
75.0
34.0
57.0
76.0
105.0
154.0
42.0
123.0
177.0
68.0
55.0
119.0
112.0
73.0
70.0
111.0
71.0
44.0
152.0
103.0
117.0
113.0
79.0
69.0
116.0
46.0
125.0
39.0
65.0
76.0
188.0
142.0
76.0
152.0
52.0
30.0
144.0
63.0
78.0
95.0
56.0
82.0
99.0
147.0
59.0
65.0
58.0
112.0
138.0
81.0
85.0
104.0
76.0
134.0
54.0
327.0
102.0
103.0
81.0
52.0
65.0
118.0
70.0
104.0
81.0
78.0
61.0
70.0
108.0
79.0
61.0
95.0
61.0
68.0
112.0
124.0
36.0
106.0
101.0
75.0
146.0
165.0
29.0
126.0
50.0
116.0
124.0
139.0
71.0
99.0
37.0
43.0
94.0
112.0
58.0
120.0
72.0
44.0
43.0
48.0
108.0
123.0
132.0
63.0
40.0
61.0
44.0
87.0
72.0
117.0
56.0
140.0
84.0
30.0
76.0
75.0
127.0
96.0
144.0
78.0
73.0
35.0
115.0
113.0
109.0
34.0
69.0
66.0
45.0
110.0
54.0
46.0
56.0
83.0
43.0
55.0
59.0
91.0
81.0
73.0
82.0
100.0
92.0
100.0
50.0
199.0
101.0
31.0
86.0
67.0
67.0
86.0
96.0
99.0
73.0
119.0
124.0
73.0
153.0
44.0
51.0
51.0
33.0
48.0
78.0
151.0
124.0
107.0
102.0
79.0
292.0
63.0
94.0
45.0
48.0
56.0
110.0
129.0
43.0
65.0
100.0
85.0
45.0
76.0
114.0
118.0
95.0
59.0
159.0
33.0
37.0
128.0
70.0
68.0
43.0
116.0
40.0
109.0
51.0
116.0
73.0
75.0
99.0
51.0
177.0
74.0
103.0
91.0
140.0
35.0
134.0
57.0
60.0
87.0
47.0
60.0
63.0
81.0
62.0
111.0
104.0
139.0
86.0
76.0
48.0
61.0
47.0
90.0
133.0
95.0
86.0
56.0
54.0
61.0
81.0
43.0
115.0
131.0
103.0
111.0
47.0
57.0
75.0
108.0
74.0
69.0
49.0
47.0
137.0
164.0
169.0
49.0
94.0
47.0
39.0
113.0
111.0
47.0
96.0
178.0
69.0
368.0
76.0
66.0
67.0
88.0
38.0
91.0
71.0
148.0
143.0
125.0
166.0
44.0
160.0
84.0
61.0
163.0
72.0
53.0
61.0
111.0
75.0
128.0
74.0
111.0
84.0
99.0
91.0
53.0
58.0
90.0
135.0
41.0
108.0
137.0
67.0
57.0
77.0
134.0
53.0
68.0
105.0
130.0
107.0
39.0
124.0
47.0
80.0
102.0
132.0
57.0
148.0
43.0
66.0
100.0
56.0
57.0
66.0
74.0
57.0
115.0
68.0
96.0
92.0
84.0
40.0
177.0
104.0
117.0
109.0
53.0
56.0
38.0
76.0
89.0
54.0
73.0
116.0
37.0
45.0
25.0
72.0
112.0
66.0
46.0
70.0
73.0
53.0
274.0
114.0
67.0
166.0
63.0
163.0
17.0
44.0
77.0
53.0
244.0
88.0
179.0
44.0
101.0
122.0
77.0
115.0
94.0
72.0
57.0
46.0
192.0
84.0
64.0
86.0
50.0
65.0
118.0
58.0
67.0
44.0
123.0
144.0
52.0
114.0
49.0
39.0
54.0
56.0
47.0
80.0
117.0
67.0
152.0
112.0
125.0
106.0
88.0
53.0
69.0
95.0
95.0
64.0
103.0
58.0
58.0
142.0
108.0
39.0
74.0
95.0
117.0
38.0
32.0
80.0
98.0
72.0
88.0
79.0
106.0
29.0
41.0
45.0
74.0
74.0
22.0
95.0
182.0
142.0
183.0
73.0
143.0
145.0
43.0
59.0
263.0
68.0
62.0
88.0
51.0
56.0
78.0
120.0
85.0
30.0
90.0
150.0
111.0
90.0
87.0
20.0
48.0
166.0
80.0
124.0
89.0
60.0
74.0
136.0
83.0
57.0
113.0
221.0
154.0
73.0
95.0
106.0
107.0
101.0
86.0
101.0
56.0
48.0
93.0
113.0
93.0
124.0
49.0
65.0
109.0
27.0
104.0
145.0
126.0
84.0
58.0
66.0
54.0
106.0
87.0
83.0
48.0
24.0
75.0
119.0
108.0
145.0
36.0
81.0
49.0
302.0
93.0
188.0
103.0
46.0
44.0
86.0
145.0
76.0
98.0
79.0
35.0
89.0
50.0
41.0
81.0
102.0
140.0
144.0
80.0
48.0
138.0
102.0
87.0
151.0
56.0
49.0
37.0
63.0
71.0
72.0
48.0
77.0
132.0
77.0
94.0
94.0
123.0
94.0
85.0
84.0
54.0
50.0
142.0
66.0
102.0
114.0
95.0
29.0
78.0
62.0
87.0
67.0
82.0
31.0
70.0
166.0
114.0
90.0
97.0
46.0
47.0
99.0
73.0
63.0
66.0
154.0
93.0
82.0
127.0
118.0
45.0
66.0
87.0
82.0
119.0
65.0
76.0
212.0
87.0
73.0
73.0
53.0
76.0
99.0
93.0
70.0
41.0
30.0
164.0
114.0
66.0
77.0
125.0
71.0
99.0
59.0
117.0
47.0
91.0
99.0
59.0
69.0
46.0
86.0
112.0
49.0
71.0
61.0
82.0
66.0
133.0
55.0
70.0
163.0
22.0
85.0
114.0
59.0
73.0
68.0
75.0
51.0
89.0
75.0
143.0
70.0
183.0
57.0
183.0
17.0
30.0
145.0
142.0
42.0
101.0
82.0
49.0
99.0
50.0
133.0
160.0
70.0
111.0
56.0
48.0
82.0
61.0
72.0
61.0
28.0
202.0
73.0
43.0
67.0
44.0
90.0
121.0
231.0
47.0
193.0
60.0
57.0
66.0
65.0
48.0
77.0
55.0
65.0
82.0
34.0
118.0
54.0
73.0
146.0
49.0
45.0
154.0
96.0
52.0
60.0
90.0
53.0
80.0
96.0
74.0
51.0
141.0
93.0
112.0
99.0
46.0
174.0
41.0
131.0
82.0
59.0
71.0
83.0
160.0
37.0
34.0
137.0
65.0
130.0
60.0
76.0
72.0
106.0
84.0
68.0
61.0
93.0
93.0
125.0
78.0
50.0
104.0
89.0
116.0
114.0
100.0
35.0
105.0
42.0
63.0
86.0
84.0
97.0
114.0
92.0
123.0
137.0
90.0
83.0
100.0
58.0
56.0
45.0
85.0
97.0
36.0
139.0
104.0
56.0
44.0
75.0
111.0
59.0
36.0
74.0
57.0
72.0
54.0
89.0
64.0
100.0
65.0
73.0
55.0
241.0
69.0
67.0
94.0
150.0
76.0
83.0
53.0
98.0
53.0
45.0
107.0
102.0
171.0
41.0
41.0
75.0
49.0
136.0
110.0
178.0
102.0
58.0
67.0
45.0
104.0
59.0
50.0
117.0
92.0
122.0
77.0
49.0
96.0
64.0
54.0
228.0
91.0
153.0
124.0
56.0
77.0
45.0
78.0
73.0
61.0
76.0
74.0
117.0
132.0
70.0
63.0
58.0
81.0
71.0
44.0
42.0
36.0
34.0
85.0
96.0
55.0
53.0
85.0
124.0
91.0
72.0
157.0
94.0
47.0
70.0
67.0
120.0
44.0
126.0
173.0
161.0
107.0
66.0
69.0
57.0
124.0
66.0
98.0
154.0
58.0
57.0
28.0
79.0
117.0
99.0
67.0
69.0
147.0
82.0
158.0
70.0
139.0
79.0
58.0
74.0
116.0
119.0
90.0
47.0
37.0
131.0
62.0
74.0
69.0
116.0
97.0
47.0
61.0
56.0
88.0
72.0
61.0
55.0
52.0
57.0
171.0
54.0
39.0
74.0
73.0
48.0
171.0
51.0
91.0
104.0
24.0
74.0
257.0
50.0
85.0
91.0
103.0
53.0
103.0
93.0
168.0
71.0
61.0
99.0
53.0
58.0
99.0
38.0
84.0
90.0
142.0
81.0
128.0
72.0
47.0
67.0
122.0
69.0
76.0
75.0
22.0
54.0
137.0
177.0
66.0
87.0
99.0
112.0
85.0
148.0
84.0
40.0
110.0
83.0
123.0
42.0
161.0
84.0
54.0
73.0
104.0
86.0
88.0
153.0
76.0
36.0
50.0
119.0
50.0
80.0
43.0
45.0
138.0
109.0
67.0
106.0
67.0
159.0
208.0
56.0
68.0
57.0
183.0
111.0
73.0
119.0
102.0
92.0
49.0
53.0
50.0
54.0
57.0
40.0
62.0
37.0
105.0
107.0
79.0
62.0
70.0
36.0
104.0
75.0
28.0
44.0
90.0
61.0
64.0
105.0
225.0
72.0
71.0
50.0
47.0
52.0
91.0
34.0
191.0
52.0
84.0
75.0
119.0
106.0
368.0
120.0
51.0
229.0
148.0
104.0
94.0
56.0
83.0
64.0
66.0
40.0
142.0
51.0
55.0
26.0
114.0
137.0
102.0
64.0
38.0
97.0
134.0
55.0
92.0
131.0
130.0
86.0
73.0
76.0
64.0
59.0
105.0
63.0
114.0
88.0
141.0
57.0
147.0
76.0
125.0
63.0
123.0
110.0
123.0
83.0
70.0
75.0
56.0
71.0
49.0
219.0
58.0
126.0
61.0
158.0
36.0
118.0
44.0
72.0
47.0
64.0
84.0
105.0
94.0
64.0
78.0
146.0
100.0
47.0
47.0
44.0
77.0
81.0
98.0
34.0
124.0
93.0
127.0
52.0
47.0
109.0
70.0
100.0
75.0
57.0
85.0
77.0
36.0
71.0
89.0
66.0
105.0
74.0
150.0
103.0
67.0
82.0
40.0
60.0
184.0
49.0
71.0
242.0
42.0
146.0
72.0
111.0
81.0
72.0
34.0
118.0
140.0
25.0
115.0
95.0
41.0
68.0
44.0
57.0
56.0
118.0
87.0
91.0
68.0
51.0
99.0
63.0
73.0
76.0
69.0
53.0
70.0
70.0
75.0
73.0
82.0
46.0
110.0
70.0
168.0
117.0
86.0
117.0
96.0
87.0
41.0
103.0
71.0
69.0
76.0
53.0
167.0
139.0
87.0
153.0
85.0
180.0
89.0
88.0
70.0
55.0
60.0
52.0
60.0
86.0
61.0
85.0
69.0
87.0
123.0
79.0
70.0
128.0
93.0
162.0
59.0
55.0
69.0
125.0
159.0
31.0
127.0
137.0
65.0
120.0
307.0
54.0
100.0
96.0
64.0
63.0
90.0
122.0
245.0
199.0
72.0
50.0
54.0
49.0
67.0
182.0
67.0
103.0
56.0
52.0
89.0
140.0
93.0
94.0
78.0
81.0
46.0
60.0
113.0
153.0
55.0
140.0
61.0
114.0
60.0
119.0
73.0
103.0
53.0
107.0
39.0
44.0
142.0
91.0
112.0
100.0
43.0
73.0
169.0
124.0
123.0
113.0
78.0
58.0
58.0
95.0
98.0
35.0
78.0
81.0
45.0
61.0
91.0
110.0
80.0
82.0
55.0
62.0
83.0
79.0
168.0
355.0
89.0
74.0
91.0
57.0
55.0
95.0
47.0
82.0
43.0
87.0
61.0
41.0
95.0
172.0
215.0
79.0
100.0
128.0
67.0
47.0
100.0
150.0
34.0
57.0
79.0
160.0
81.0
46.0
79.0
45.0
190.0
41.0
112.0
78.0
127.0
65.0
191.0
131.0
184.0
66.0
75.0
86.0
40.0
74.0
75.0
98.0
103.0
56.0
80.0
57.0
52.0
75.0
56.0
150.0
51.0
77.0
38.0
187.0
68.0
46.0
42.0
44.0
111.0
101.0
86.0
283.0
74.0
41.0
46.0
81.0
67.0
123.0
100.0
24.0
451.0
134.0
144.0
79.0
83.0
113.0
84.0
88.0
79.0
72.0
30.0
124.0
37.0
68.0
56.0
55.0
97.0
85.0
91.0
58.0
64.0
54.0
48.0
207.0
56.0
56.0
109.0
108.0
73.0
119.0
106.0
42.0
102.0
168.0
68.0
110.0
76.0
127.0
23.0
162.0
133.0
58.0
50.0
39.0
71.0
78.0
39.0
97.0
60.0
212.0
83.0
80.0
69.0
61.0
72.0
111.0
40.0
86.0
171.0
34.0
49.0
94.0
34.0
92.0
79.0
95.0
153.0
70.0
191.0
86.0
235.0
69.0
88.0
64.0
38.0
42.0
83.0
43.0
77.0
100.0
77.0
116.0
60.0
92.0
116.0
298.0
109.0
98.0
110.0
103.0
76.0
88.0
47.0
57.0
45.0
89.0
44.0
133.0
93.0
97.0
55.0
99.0
27.0
55.0
120.0
87.0
82.0
140.0
82.0
100.0
124.0
74.0
72.0
60.0
94.0
62.0
77.0
84.0
79.0
148.0
129.0
69.0
82.0
89.0
100.0
67.0
60.0
67.0
71.0
102.0
53.0
122.0
45.0
102.0
40.0
130.0
220.0
118.0
123.0
98.0
56.0
88.0
83.0
109.0
66.0
108.0
51.0
74.0
60.0
70.0
84.0
58.0
47.0
135.0
155.0
117.0
60.0
111.0
71.0
113.0
35.0
141.0
69.0
63.0
89.0
122.0
48.0
110.0
44.0
68.0
107.0
231.0
85.0
148.0
170.0
61.0
94.0
59.0
101.0
92.0
59.0
155.0
43.0
113.0
55.0
74.0
166.0
248.0
83.0
82.0
86.0
165.0
56.0
91.0
138.0
66.0
76.0
84.0
88.0
29.0
43.0
122.0
111.0
39.0
79.0
114.0
121.0
96.0
69.0
85.0
61.0
65.0
88.0
90.0
65.0
56.0
57.0
138.0
46.0
65.0
57.0
107.0
163.0
106.0
159.0
87.0
193.0
101.0
64.0
52.0
81.0
70.0
74.0
67.0
80.0
103.0
76.0
96.0
105.0
70.0
28.0
68.0
155.0
107.0
92.0
55.0
43.0
64.0
59.0
128.0
43.0
31.0
70.0
54.0
59.0
195.0
81.0
43.0
87.0
147.0
35.0
91.0
54.0
51.0
35.0
122.0
27.0
34.0
174.0
122.0
99.0
85.0
77.0
168.0
82.0
168.0
57.0
92.0
33.0
111.0
100.0
135.0
115.0
134.0
80.0
102.0
63.0
29.0
74.0
121.0
79.0
49.0
31.0
56.0
141.0
36.0
140.0
75.0
125.0
129.0
55.0
45.0
114.0
56.0
94.0
113.0
112.0
75.0
62.0
117.0
38.0
141.0
56.0
95.0
104.0
58.0
102.0
155.0
72.0
42.0
95.0
124.0
69.0
57.0
86.0
49.0
106.0
60.0
88.0
73.0
116.0
66.0
59.0
57.0
90.0
88.0
76.0
87.0
67.0
80.0
103.0
80.0
55.0
170.0
84.0
64.0
68.0
71.0
122.0
116.0
75.0
44.0
68.0
93.0
53.0
472.0
37.0
89.0
74.0
65.0
66.0
103.0
73.0
62.0
119.0
47.0
53.0
76.0
96.0
86.0
27.0
69.0
62.0
73.0
75.0
86.0
56.0
63.0
81.0
101.0
96.0
67.0
90.0
58.0
126.0
164.0
88.0
66.0
63.0
44.0
127.0
46.0
83.0
96.0
128.0
127.0
52.0
145.0
84.0
67.0
72.0
143.0
63.0
48.0
83.0
87.0
76.0
64.0
58.0
89.0
136.0
154.0
45.0
69.0
84.0
65.0
88.0
83.0
96.0
65.0
61.0
118.0
203.0
92.0
62.0
72.0
68.0
101.0
86.0
51.0
51.0
65.0
118.0
23.0
90.0
59.0
58.0
60.0
84.0
75.0
84.0
94.0
146.0
144.0
109.0
82.0
84.0
32.0
22.0
63.0
121.0
40.0
156.0
106.0
123.0
95.0
44.0
26.0
205.0
117.0
65.0
92.0
83.0
38.0
21.0
70.0
90.0
86.0
72.0
102.0
68.0
63.0
89.0
81.0
126.0
23.0
70.0
120.0
46.0
76.0
77.0
89.0
102.0
37.0
55.0
130.0
59.0
53.0
67.0
52.0
79.0
223.0
104.0
31.0
142.0
56.0
52.0
113.0
71.0
36.0
116.0
160.0
52.0
94.0
61.0
48.0
83.0
24.0
62.0
90.0
217.0
90.0
45.0
72.0
63.0
101.0
50.0
111.0
51.0
63.0
59.0
71.0
132.0
54.0
43.0
133.0
54.0
70.0
138.0
80.0
124.0
26.0
83.0
124.0
15.0
45.0
142.0
102.0
64.0
85.0
62.0
77.0
102.0
76.0
60.0
142.0
100.0
168.0
88.0
132.0
34.0
101.0
71.0
88.0
54.0
114.0
94.0
65.0
93.0
133.0
62.0
97.0
79.0
125.0
45.0
49.0
71.0
64.0
105.0
45.0
106.0
45.0
63.0
49.0
60.0
77.0
115.0
102.0
117.0
128.0
103.0
35.0
120.0
104.0
72.0
61.0
77.0
80.0
114.0
84.0
88.0
21.0
215.0
140.0
99.0
37.0
92.0
66.0
63.0
100.0
51.0
75.0
55.0
48.0
58.0
62.0
207.0
71.0
83.0
85.0
141.0
118.0
37.0
58.0
30.0
106.0
60.0
55.0
83.0
97.0
147.0
35.0
66.0
74.0
107.0
86.0
56.0
104.0
25.0
41.0
47.0
72.0
168.0
110.0
84.0
74.0
85.0
41.0
70.0
22.0
270.0
176.0
62.0
72.0
64.0
90.0
59.0
73.0
104.0
80.0
70.0
124.0
62.0
158.0
42.0
93.0
76.0
82.0
35.0
104.0
63.0
87.0
57.0
89.0
68.0
61.0
147.0
75.0
132.0
64.0
117.0
69.0
76.0
56.0
203.0
55.0
95.0
74.0
55.0
112.0
68.0
60.0
48.0
102.0
80.0
88.0
50.0
165.0
56.0
73.0
96.0
74.0
56.0
131.0
122.0
130.0
53.0
52.0
32.0
64.0
41.0
99.0
130.0
56.0
94.0
57.0
57.0
81.0
130.0
191.0
217.0
98.0
40.0
64.0
64.0
53.0
112.0
54.0
55.0
55.0
47.0
31.0
138.0
104.0
93.0
35.0
85.0
32.0
162.0
65.0
168.0
108.0
51.0
74.0
98.0
106.0
142.0
97.0
157.0
46.0
75.0
85.0
193.0
143.0
73.0
60.0
101.0
46.0
87.0
72.0
51.0
69.0
62.0
74.0
96.0
68.0
75.0
145.0
71.0
92.0
43.0
55.0
58.0
44.0
119.0
57.0
33.0
139.0
118.0
112.0
37.0
62.0
160.0
106.0
131.0
89.0
35.0
85.0
122.0
68.0
97.0
133.0
70.0
91.0
102.0
137.0
99.0
83.0
112.0
116.0
61.0
75.0
165.0
70.0
76.0
74.0
115.0
73.0
24.0
158.0
100.0
61.0
66.0
105.0
81.0
136.0
71.0
150.0
106.0
87.0
91.0
69.0
101.0
46.0
108.0
120.0
56.0
59.0
76.0
66.0
42.0
80.0
88.0
60.0
56.0
831.0
237.0
61.0
67.0
150.0
54.0
68.0
66.0
182.0
276.0
88.0
115.0
75.0
121.0
274.0
95.0
118.0
69.0
92.0
165.0
104.0
107.0
23.0
74.0
51.0
169.0
60.0
101.0
142.0
90.0
60.0
57.0
105.0
53.0
58.0
109.0
80.0
81.0
84.0
172.0
105.0
47.0
62.0
98.0
97.0
124.0
292.0
87.0
56.0
82.0
102.0
59.0
71.0
60.0
74.0
78.0
107.0
75.0
160.0
95.0
152.0
89.0
70.0
94.0
85.0
52.0
35.0
671.0
68.0
85.0
46.0
95.0
91.0
77.0
82.0
140.0
94.0
55.0
119.0
41.0
63.0
52.0
59.0
169.0
50.0
114.0
153.0
124.0
138.0
84.0
103.0
76.0
115.0
55.0
297.0
230.0
109.0
45.0
77.0
133.0
51.0
106.0
49.0
74.0
86.0
141.0
46.0
94.0
71.0
76.0
100.0
38.0
93.0
60.0
58.0
89.0
73.0
62.0
109.0
123.0
54.0
126.0
40.0
91.0
107.0
70.0
65.0
35.0
89.0
138.0
99.0
96.0
52.0
32.0
65.0
185.0
195.0
76.0
121.0
139.0
110.0
62.0
31.0
96.0
79.0
111.0
46.0
65.0
39.0
112.0
73.0
144.0
35.0
94.0
92.0
86.0
28.0
161.0
129.0
40.0
108.0
76.0
93.0
81.0
133.0
27.0
74.0
82.0
75.0
51.0
87.0
59.0
112.0
150.0
96.0
149.0
68.0
70.0
78.0
99.0
51.0
155.0
129.0
27.0
52.0
114.0
61.0
62.0
126.0
68.0
88.0
79.0
174.0
111.0
40.0
63.0
60.0
163.0
113.0
93.0
95.0
75.0
86.0
139.0
88.0
73.0
70.0
53.0
77.0
81.0
41.0
64.0
228.0
49.0
97.0
81.0
39.0
60.0
87.0
70.0
66.0
91.0
53.0
126.0
63.0
76.0
32.0
38.0
83.0
54.0
79.0
49.0
81.0
72.0
61.0
97.0
83.0
193.0
109.0
69.0
187.0
116.0
58.0
53.0
56.0
213.0
70.0
86.0
47.0
66.0
80.0
57.0
79.0
89.0
79.0
116.0
95.0
57.0
87.0
126.0
45.0
107.0
114.0
78.0
36.0
67.0
43.0
101.0
108.0
144.0
32.0
39.0
93.0
76.0
119.0
151.0
87.0
70.0
95.0
74.0
75.0
202.0
101.0
100.0
62.0
37.0
92.0
67.0
96.0
58.0
164.0
55.0
96.0
37.0
132.0
65.0
87.0
106.0
39.0
71.0
104.0
105.0
60.0
34.0
96.0
85.0
65.0
115.0
82.0
87.0
189.0
98.0
86.0
27.0
43.0
54.0
61.0
51.0
181.0
57.0
69.0
160.0
96.0
108.0
147.0
90.0
128.0
120.0
66.0
73.0
93.0
110.0
42.0
113.0
82.0
75.0
71.0
124.0
81.0
93.0
85.0
107.0
39.0
57.0
69.0
97.0
53.0
158.0
170.0
59.0
74.0
55.0
115.0
77.0
71.0
176.0
94.0
100.0
72.0
65.0
58.0
139.0
73.0
63.0
55.0
171.0
38.0
101.0
109.0
102.0
33.0
103.0
75.0
60.0
41.0
110.0
49.0
62.0
129.0
38.0
103.0
71.0
73.0
89.0
65.0
47.0
211.0
68.0
53.0
128.0
121.0
153.0
50.0
54.0
73.0
146.0
61.0
139.0
64.0
92.0
63.0
89.0
153.0
104.0
38.0
133.0
87.0
74.0
94.0
59.0
39.0
46.0
105.0
73.0
164.0
44.0
91.0
97.0
91.0
68.0
66.0
32.0
53.0
84.0
88.0
128.0
65.0
110.0
82.0
85.0
73.0
111.0
61.0
76.0
119.0
88.0
126.0
96.0
52.0
71.0
81.0
53.0
136.0
52.0
112.0
99.0
147.0
45.0
59.0
92.0
69.0
45.0
185.0
174.0
170.0
67.0
95.0
91.0
73.0
104.0
148.0
83.0
76.0
87.0
157.0
88.0
43.0
132.0
143.0
85.0
112.0
60.0
33.0
66.0
49.0
34.0
62.0
80.0
60.0
49.0
122.0
56.0
80.0
49.0
70.0
61.0
117.0
55.0
178.0
52.0
54.0
84.0
75.0
147.0
79.0
79.0
104.0
75.0
62.0
86.0
91.0
114.0
134.0
56.0
91.0
75.0
62.0
161.0
60.0
70.0
113.0
76.0
101.0
67.0
65.0
120.0
99.0
66.0
168.0
54.0
121.0
187.0
88.0
72.0
56.0
64.0
57.0
99.0
94.0
81.0
1095.0
76.0
43.0
68.0
43.0
51.0
162.0
139.0
54.0
49.0
84.0
105.0
63.0
124.0
31.0
145.0
71.0
80.0
91.0
85.0
87.0
59.0
91.0
114.0
72.0
49.0
60.0
52.0
101.0
36.0
76.0
109.0
34.0
58.0
139.0
96.0
74.0
65.0
83.0
182.0
98.0
111.0
74.0
92.0
133.0
65.0
65.0
65.0
32.0
111.0
78.0
89.0
58.0
146.0
126.0
149.0
55.0
78.0
33.0
113.0
59.0
105.0
111.0
94.0
32.0
66.0
98.0
116.0
108.0
51.0
128.0
90.0
76.0
61.0
73.0
68.0
80.0
97.0
53.0
46.0
85.0
128.0
75.0
48.0
60.0
74.0
103.0
72.0
81.0
57.0
82.0
62.0
87.0
137.0
16.0
71.0
74.0
90.0
53.0
41.0
52.0
58.0
73.0
80.0
36.0
55.0
73.0
182.0
72.0
88.0
57.0
52.0
91.0
90.0
40.0
119.0
109.0
56.0
119.0
99.0
53.0
40.0
95.0
112.0
108.0
109.0
115.0
115.0
60.0
82.0
107.0
45.0
96.0
44.0
74.0
102.0
68.0
114.0
103.0
69.0
21.0
66.0
46.0
88.0
77.0
46.0
76.0
192.0
33.0
33.0
35.0
111.0
41.0
80.0
115.0
125.0
121.0
77.0
123.0
122.0
77.0
70.0
67.0
41.0
84.0
76.0
71.0
81.0
89.0
191.0
84.0
63.0
75.0
94.0
86.0
111.0
94.0
133.0
73.0
77.0
68.0
166.0
77.0
44.0
63.0
57.0
117.0
88.0
110.0
48.0
206.0
98.0
113.0
17.0
82.0
25.0
88.0
73.0
59.0
46.0
78.0
88.0
93.0
55.0
99.0
76.0
63.0
60.0
76.0
61.0
54.0
44.0
48.0
155.0
71.0
74.0
65.0
92.0
61.0
100.0
99.0
66.0
54.0
82.0
94.0
128.0
91.0
72.0
42.0
32.0
43.0
185.0
180.0
47.0
70.0
91.0
66.0
131.0
125.0
78.0
116.0
68.0
59.0
81.0
73.0
103.0
132.0
79.0
98.0
124.0
86.0
64.0
89.0
105.0
81.0
88.0
42.0
62.0
39.0
115.0
142.0
137.0
252.0
29.0
95.0
41.0
71.0
47.0
93.0
99.0
78.0
81.0
46.0
77.0
113.0
122.0
77.0
46.0
120.0
85.0
104.0
133.0
115.0
70.0
37.0
118.0
74.0
63.0
71.0
89.0
109.0
70.0
82.0
27.0
30.0
115.0
36.0
93.0
58.0
96.0
72.0
63.0
95.0
84.0
63.0
53.0
64.0
115.0
156.0
71.0
162.0
52.0
93.0
54.0
103.0
74.0
100.0
113.0
121.0
154.0
66.0
77.0
123.0
104.0
105.0
60.0
61.0
46.0
146.0
52.0
95.0
30.0
139.0
94.0
59.0
78.0
59.0
88.0
40.0
79.0
66.0
73.0
66.0
75.0
60.0
61.0
94.0
69.0
220.0
119.0
120.0
43.0
79.0
56.0
101.0
56.0
60.0
424.0
50.0
104.0
64.0
44.0
50.0
131.0
52.0
72.0
136.0
99.0
91.0
81.0
60.0
20.0
94.0
56.0
126.0
80.0
121.0
77.0
56.0
107.0
45.0
107.0
111.0
118.0
76.0
69.0
48.0
83.0
52.0
100.0
83.0
41.0
113.0
78.0
225.0
80.0
237.0
73.0
128.0
102.0
77.0
62.0
50.0
104.0
68.0
74.0
121.0
73.0
50.0
171.0
43.0
85.0
87.0
177.0
87.0
56.0
59.0
78.0
35.0
62.0
117.0
64.0
131.0
86.0
93.0
213.0
56.0
119.0
50.0
71.0
58.0
139.0
99.0
56.0
130.0
193.0
39.0
79.0
74.0
92.0
133.0
29.0
32.0
92.0
81.0
104.0
85.0
61.0
66.0
126.0
92.0
47.0
139.0
88.0
137.0
135.0
50.0
93.0
48.0
71.0
57.0
122.0
214.0
108.0
76.0
59.0
85.0
80.0
122.0
554.0
103.0
75.0
65.0
114.0
110.0
71.0
81.0
76.0
207.0
51.0
83.0
62.0
123.0
208.0
63.0
43.0
73.0
133.0
68.0
67.0
149.0
50.0
110.0
99.0
85.0
107.0
78.0
137.0
73.0
87.0
30.0
50.0
40.0
130.0
92.0
64.0
61.0
105.0
131.0
100.0
115.0
80.0
90.0
37.0
94.0
54.0
58.0
60.0
71.0
99.0
82.0
37.0
94.0
98.0
129.0
89.0
119.0
36.0
108.0
111.0
175.0
77.0
75.0
56.0
96.0
44.0
395.0
58.0
197.0
122.0
99.0
121.0
69.0
64.0
98.0
80.0
67.0
57.0
103.0
97.0
147.0
67.0
81.0
99.0
141.0
41.0
61.0
120.0
67.0
68.0
100.0
191.0
112.0
157.0
26.0
70.0
99.0
62.0
71.0
82.0
81.0
97.0
98.0
82.0
55.0
109.0
92.0
41.0
61.0
40.0
80.0
37.0
123.0
142.0
76.0
95.0
78.0
63.0
85.0
59.0
89.0
82.0
45.0
229.0
119.0
74.0
59.0
101.0
51.0
114.0
132.0
43.0
64.0
31.0
49.0
34.0
93.0
70.0
112.0
116.0
105.0
60.0
147.0
118.0
35.0
179.0
78.0
110.0
120.0
68.0
53.0
80.0
42.0
43.0
87.0
112.0
121.0
150.0
123.0
57.0
66.0
114.0
124.0
94.0
104.0
34.0
104.0
124.0
45.0
66.0
90.0
91.0
221.0
106.0
60.0
42.0
108.0
47.0
90.0
89.0
65.0
92.0
86.0
102.0
97.0
78.0
112.0
140.0
166.0
47.0
76.0
89.0
75.0
59.0
120.0
83.0
149.0
72.0
70.0
44.0
102.0
75.0
82.0
56.0
145.0
100.0
79.0
107.0
75.0
103.0
82.0
109.0
104.0
51.0
61.0
31.0
88.0
74.0
76.0
53.0
39.0
105.0
75.0
62.0
27.0
97.0
58.0
93.0
70.0
122.0
86.0
45.0
101.0
247.0
116.0
48.0
203.0
97.0
54.0
118.0
121.0
135.0
120.0
96.0
77.0
299.0
78.0
58.0
142.0
123.0
135.0
73.0
90.0
82.0
47.0
67.0
39.0
60.0
53.0
75.0
116.0
161.0
63.0
45.0
53.0
77.0
42.0
123.0
113.0
90.0
75.0
75.0
71.0
111.0
121.0
100.0
82.0
83.0
72.0
48.0
46.0
74.0
121.0
105.0
75.0
89.0
124.0
99.0
67.0
134.0
201.0
70.0
55.0
140.0
110.0
94.0
108.0
64.0
139.0
80.0
134.0
91.0
32.0
116.0
90.0
72.0
68.0
50.0
39.0
66.0
66.0
148.0
130.0
91.0
84.0
56.0
108.0
340.0
66.0
67.0
95.0
105.0
129.0
76.0
62.0
173.0
72.0
127.0
116.0
64.0
40.0
141.0
90.0
83.0
78.0
143.0
84.0
271.0
40.0
117.0
66.0
80.0
127.0
71.0
71.0
188.0
72.0
59.0
59.0
88.0
37.0
29.0
57.0
54.0
72.0
62.0
82.0
96.0
93.0
51.0
83.0
107.0
86.0
92.0
104.0
123.0
50.0
94.0
92.0
68.0
87.0
70.0
68.0
42.0
65.0
98.0
84.0
72.0
55.0
128.0
96.0
42.0
62.0
88.0
99.0
77.0
67.0
80.0
67.0
58.0
98.0
112.0
94.0
42.0
51.0
67.0
97.0
27.0
67.0
87.0
55.0
141.0
135.0
132.0
140.0
40.0
120.0
78.0
94.0
37.0
52.0
86.0
53.0
95.0
77.0
57.0
82.0
51.0
51.0
150.0
45.0
59.0
75.0
90.0
71.0
81.0
115.0
80.0
56.0
59.0
101.0
97.0
62.0
69.0
118.0
234.0
65.0
98.0
34.0
98.0
74.0
59.0
63.0
76.0
81.0
132.0
74.0
67.0
60.0
109.0
45.0
83.0
59.0
108.0
45.0
138.0
100.0
65.0
62.0
382.0
41.0
56.0
130.0
87.0
53.0
44.0
84.0
120.0
83.0
68.0
79.0
67.0
83.0
143.0
87.0
58.0
79.0
36.0
88.0
46.0
58.0
133.0
64.0
110.0
82.0
46.0
126.0
332.0
66.0
73.0
96.0
59.0
85.0
59.0
117.0
97.0
176.0
36.0
85.0
53.0
25.0
57.0
76.0
62.0
160.0
124.0
124.0
89.0
109.0
118.0
54.0
62.0
80.0
83.0
203.0
163.0
128.0
98.0
115.0
48.0
66.0
47.0
216.0
101.0
56.0
58.0
48.0
98.0
112.0
457.0
208.0
126.0
48.0
155.0
44.0
43.0
78.0
70.0
39.0
92.0
97.0
133.0
81.0
48.0
105.0
77.0
216.0
93.0
82.0
85.0
67.0
87.0
72.0
102.0
61.0
81.0
128.0
70.0
134.0
29.0
67.0
94.0
65.0
76.0
63.0
87.0
103.0
57.0
77.0
157.0
57.0
71.0
120.0
94.0
61.0
66.0
98.0
77.0
111.0
86.0
161.0
41.0
111.0
74.0
116.0
76.0
151.0
111.0
86.0
72.0
74.0
60.0
67.0
57.0
60.0
96.0
57.0
81.0
52.0
42.0
70.0
58.0
209.0
65.0
50.0
97.0
119.0
79.0
123.0
101.0
123.0
74.0
74.0
127.0
87.0
36.0
212.0
118.0
73.0
70.0
163.0
126.0
89.0
88.0
106.0
32.0
75.0
71.0
122.0
52.0
100.0
91.0
56.0
88.0
67.0
130.0
80.0
152.0
60.0
134.0
101.0
49.0
142.0
81.0
164.0
55.0
54.0
41.0
117.0
119.0
61.0
94.0
42.0
107.0
68.0
84.0
87.0
96.0
79.0
176.0
116.0
65.0
74.0
64.0
109.0
43.0
147.0
98.0
61.0
85.0
56.0
101.0
64.0
74.0
36.0
48.0
106.0
42.0
99.0
75.0
95.0
95.0
60.0
115.0
85.0
132.0
164.0
35.0
61.0
88.0
40.0
43.0
36.0
37.0
62.0
153.0
72.0
106.0
77.0
69.0
68.0
53.0
30.0
112.0
69.0
73.0
109.0
116.0
42.0
77.0
123.0
124.0
70.0
99.0
71.0
31.0
194.0
52.0
78.0
61.0
163.0
91.0
35.0
118.0
80.0
54.0
153.0
62.0
67.0
62.0
197.0
127.0
93.0
113.0
49.0
81.0
82.0
74.0
43.0
94.0
83.0
124.0
87.0
165.0
95.0
52.0
96.0
96.0
67.0
70.0
127.0
139.0
41.0
62.0
43.0
42.0
63.0
91.0
111.0
146.0
93.0
188.0
83.0
79.0
98.0
108.0
80.0
104.0
121.0
50.0
132.0
65.0
46.0
64.0
148.0
181.0
125.0
120.0
45.0
76.0
185.0
99.0
82.0
175.0
104.0
54.0
80.0
111.0
135.0
67.0
78.0
44.0
168.0
47.0
51.0
72.0
79.0
101.0
72.0
85.0
101.0
81.0
87.0
114.0
112.0
110.0
78.0
80.0
46.0
44.0
74.0
101.0
114.0
89.0
110.0
53.0
84.0
80.0
84.0
87.0
61.0
90.0
84.0
45.0
108.0
84.0
43.0
77.0
114.0
96.0
44.0
60.0
109.0
72.0
123.0
124.0
75.0
106.0
86.0
52.0
117.0
44.0
125.0
45.0
138.0
112.0
59.0
111.0
97.0
187.0
95.0
93.0
96.0
73.0
49.0
63.0
23.0
102.0
83.0
61.0
95.0
131.0
72.0
57.0
49.0
170.0
140.0
40.0
94.0
112.0
86.0
134.0
46.0
198.0
83.0
37.0
74.0
56.0
113.0
64.0
40.0
36.0
86.0
62.0
95.0
70.0
189.0
85.0
120.0
142.0
42.0
83.0
63.0
100.0
60.0
40.0
45.0
56.0
100.0
45.0
100.0
98.0
63.0
91.0
74.0
119.0
43.0
66.0
61.0
129.0
79.0
223.0
73.0
113.0
117.0
56.0
85.0
91.0
173.0
75.0
115.0
80.0
114.0
81.0
90.0
176.0
93.0
64.0
111.0
91.0
91.0
94.0
45.0
65.0
68.0
109.0
95.0
93.0
46.0
176.0
103.0
158.0
52.0
41.0
76.0
56.0
68.0
77.0
74.0
82.0
87.0
53.0
73.0
46.0
177.0
103.0
71.0
126.0
99.0
83.0
80.0
95.0
91.0
32.0
72.0
112.0
106.0
81.0
54.0
116.0
142.0
72.0
102.0
93.0
79.0
56.0
216.0
53.0
38.0
86.0
33.0
78.0
67.0
147.0
67.0
71.0
73.0
125.0
78.0
73.0
124.0
104.0
119.0
106.0
70.0
66.0
93.0
110.0
280.0
47.0
107.0
34.0
94.0
42.0
59.0
66.0
105.0
98.0
107.0
35.0
151.0
77.0
176.0
102.0
101.0
90.0
94.0
85.0
68.0
151.0
81.0
62.0
131.0
56.0
112.0
161.0
61.0
46.0
60.0
41.0
140.0
48.0
64.0
60.0
126.0
77.0
89.0
97.0
130.0
98.0
31.0
94.0
78.0
70.0
138.0
84.0
30.0
112.0
112.0
43.0
118.0
163.0
127.0
93.0
115.0
77.0
29.0
58.0
73.0
80.0
96.0
96.0
88.0
80.0
63.0
74.0
40.0
120.0
139.0
82.0
56.0
51.0
84.0
43.0
52.0
116.0
33.0
122.0
91.0
108.0
93.0
122.0
50.0
77.0
64.0
99.0
36.0
72.0
145.0
56.0
128.0
39.0
63.0
92.0
33.0
130.0
71.0
89.0
82.0
107.0
153.0
56.0
74.0
65.0
104.0
98.0
98.0
72.0
100.0
84.0
61.0
90.0
79.0
160.0
91.0
88.0
47.0
59.0
61.0
108.0
81.0
144.0
128.0
171.0
146.0
74.0
125.0
110.0
108.0
69.0
89.0
34.0
84.0
77.0
72.0
135.0
156.0
82.0
86.0
203.0
37.0
96.0
213.0
130.0
89.0
101.0
85.0
67.0
54.0
50.0
35.0
97.0
47.0
32.0
118.0
81.0
266.0
184.0
114.0
88.0
96.0
87.0
77.0
79.0
93.0
54.0
108.0
98.0
58.0
152.0
55.0
257.0
138.0
63.0
115.0
52.0
107.0
53.0
148.0
106.0
69.0
105.0
93.0
73.0
51.0
88.0
64.0
135.0
34.0
67.0
131.0
99.0
83.0
63.0
133.0
71.0
90.0
55.0
98.0
99.0
152.0
75.0
75.0
64.0
89.0
44.0
88.0
79.0
104.0
52.0
74.0
101.0
57.0
65.0
79.0
103.0
135.0
40.0
58.0
60.0
79.0
120.0
104.0
92.0
62.0
89.0
194.0
100.0
134.0
141.0
68.0
115.0
59.0
112.0
116.0
58.0
84.0
74.0
96.0
97.0
92.0
79.0
128.0
123.0
425.0
122.0
57.0
67.0
127.0
45.0
61.0
72.0
44.0
88.0
41.0
46.0
68.0
92.0
71.0
118.0
60.0
114.0
92.0
89.0
77.0
80.0
98.0
108.0
125.0
83.0
106.0
62.0
119.0
255.0
93.0
113.0
93.0
99.0
90.0
108.0
102.0
90.0
112.0
55.0
28.0
75.0
121.0
48.0
50.0
74.0
147.0
105.0
44.0
92.0
74.0
93.0
97.0
58.0
76.0
94.0
83.0
98.0
38.0
90.0
108.0
108.0
41.0
41.0
75.0
174.0
63.0
181.0
111.0
119.0
116.0
50.0
353.0
69.0
117.0
167.0
117.0
145.0
68.0
88.0
131.0
184.0
50.0
151.0
120.0
55.0
56.0
110.0
117.0
106.0
30.0
81.0
90.0
61.0
56.0
63.0
132.0
106.0
75.0
49.0
34.0
128.0
108.0
69.0
99.0
67.0
51.0
52.0
50.0
97.0
103.0
151.0
63.0
92.0
95.0
63.0
94.0
68.0
44.0
78.0
96.0
85.0
84.0
102.0
85.0
78.0
142.0
84.0
60.0
61.0
160.0
35.0
83.0
123.0
83.0
95.0
104.0
59.0
139.0
92.0
109.0
69.0
40.0
42.0
84.0
103.0
70.0
124.0
109.0
29.0
108.0
110.0
96.0
62.0
100.0
124.0
76.0
80.0
60.0
209.0
64.0
61.0
66.0
61.0
98.0
102.0
127.0
73.0
72.0
126.0
54.0
113.0
59.0
93.0
104.0
102.0
84.0
88.0
154.0
49.0
60.0
79.0
88.0
51.0
61.0
81.0
116.0
63.0
75.0
121.0
63.0
81.0
76.0
77.0
77.0
117.0
93.0
39.0
68.0
77.0
47.0
120.0
51.0
76.0
94.0
68.0
105.0
200.0
90.0
46.0
93.0
130.0
72.0
50.0
375.0
102.0
69.0
101.0
69.0
116.0
78.0
106.0
117.0
42.0
62.0
89.0
72.0
55.0
165.0
97.0
71.0
114.0
85.0
91.0
79.0
42.0
39.0
111.0
130.0
69.0
128.0
44.0
254.0
135.0
86.0
33.0
93.0
103.0
155.0
122.0
84.0
81.0
89.0
65.0
96.0
141.0
79.0
45.0
101.0
166.0
63.0
84.0
148.0
91.0
66.0
80.0
73.0
92.0
91.0
44.0
140.0
128.0
64.0
76.0
77.0
57.0
77.0
92.0
114.0
88.0
74.0
53.0
69.0
118.0
77.0
86.0
52.0
60.0
68.0
75.0
84.0
82.0
58.0
59.0
79.0
140.0
132.0
64.0
82.0
130.0
44.0
184.0
56.0
51.0
114.0
163.0
137.0
53.0
90.0
60.0
211.0
71.0
83.0
63.0
39.0
70.0
51.0
106.0
81.0
72.0
111.0
95.0
97.0
51.0
41.0
73.0
135.0
31.0
114.0
50.0
75.0
63.0
104.0
141.0
58.0
101.0
95.0
82.0
94.0
127.0
89.0
62.0
151.0
44.0
115.0
143.0
65.0
104.0
55.0
48.0
105.0
58.0
50.0
165.0
60.0
57.0
134.0
221.0
82.0
92.0
81.0
60.0
35.0
42.0
137.0
53.0
110.0
92.0
100.0
105.0
143.0
52.0
93.0
36.0
111.0
105.0
88.0
82.0
146.0
51.0
118.0
80.0
71.0
88.0
151.0
101.0
37.0
93.0
135.0
107.0
85.0
72.0
121.0
98.0
92.0
63.0
99.0
48.0
71.0
74.0
137.0
95.0
77.0
81.0
80.0
107.0
122.0
71.0
89.0
93.0
91.0
53.0
89.0
109.0
90.0
103.0
105.0
79.0
34.0
129.0
108.0
65.0
121.0
52.0
91.0
94.0
167.0
56.0
90.0
58.0
89.0
94.0
57.0
43.0
85.0
100.0
97.0
81.0
70.0
85.0
80.0
143.0
108.0
116.0
104.0
67.0
96.0
49.0
62.0
106.0
119.0
63.0
97.0
26.0
54.0
131.0
79.0
97.0
76.0
147.0
72.0
111.0
130.0
149.0
107.0
61.0
101.0
82.0
71.0
105.0
69.0
126.0
145.0
137.0
116.0
54.0
99.0
105.0
81.0
58.0
79.0
177.0
94.0
77.0
61.0
114.0
76.0
82.0
164.0
67.0
38.0
74.0
147.0
40.0
73.0
69.0
30.0
47.0
126.0
49.0
54.0
102.0
109.0
109.0
112.0
45.0
135.0
107.0
104.0
74.0
164.0
110.0
182.0
103.0
99.0
98.0
44.0
98.0
93.0
93.0
58.0
81.0
71.0
92.0
58.0
96.0
45.0
102.0
142.0
73.0
185.0
67.0
75.0
56.0
55.0
148.0
73.0
89.0
85.0
93.0
56.0
90.0
140.0
78.0
87.0
64.0
51.0
54.0
78.0
75.0
53.0
38.0
47.0
102.0
108.0
30.0
111.0
49.0
67.0
81.0
76.0
90.0
117.0
86.0
85.0
83.0
128.0
115.0
88.0
77.0
91.0
156.0
75.0
66.0
48.0
73.0
106.0
101.0
82.0
84.0
111.0
63.0
70.0
81.0
97.0
124.0
106.0
100.0
68.0
65.0
54.0
55.0
51.0
48.0
124.0
63.0
39.0
80.0
145.0
111.0
93.0
64.0
74.0
49.0
62.0
83.0
75.0
76.0
128.0
60.0
112.0
66.0
68.0
92.0
136.0
248.0
93.0
106.0
69.0
141.0
71.0
184.0
63.0
40.0
56.0
50.0
82.0
68.0
80.0
98.0
112.0
73.0
121.0
42.0
98.0
58.0
154.0
58.0
124.0
38.0
64.0
104.0
77.0
49.0
134.0
120.0
77.0
105.0
116.0
43.0
136.0
35.0
28.0
80.0
68.0
41.0
125.0
81.0
138.0
40.0
180.0
93.0
79.0
65.0
154.0
64.0
75.0
132.0
119.0
144.0
78.0
125.0
47.0
107.0
113.0
79.0
79.0
109.0
116.0
125.0
80.0
48.0
42.0
47.0
136.0
33.0
117.0
89.0
49.0
120.0
73.0
140.0
108.0
71.0
41.0
56.0
75.0
182.0
87.0
105.0
77.0
109.0
88.0
142.0
130.0
47.0
74.0
55.0
67.0
94.0
73.0
147.0
153.0
131.0
126.0
53.0
72.0
124.0
53.0
58.0
141.0
73.0
29.0
93.0
120.0
170.0
46.0
48.0
62.0
60.0
56.0
97.0
77.0
74.0
61.0
88.0
74.0
121.0
54.0
117.0
83.0
325.0
85.0
71.0
100.0
69.0
100.0
142.0
132.0
143.0
95.0
67.0
77.0
122.0
185.0
59.0
124.0
143.0
69.0
50.0
71.0
83.0
201.0
132.0
82.0
136.0
104.0
90.0
89.0
80.0
115.0
60.0
81.0
174.0
59.0
64.0
64.0
58.0
131.0
78.0
62.0
69.0
101.0
59.0
62.0
112.0
62.0
86.0
102.0
165.0
79.0
54.0
123.0
68.0
68.0
109.0
51.0
111.0
82.0
77.0
117.0
64.0
161.0
97.0
75.0
98.0
60.0
72.0
70.0
58.0
89.0
50.0
76.0
76.0
60.0
130.0
90.0
97.0
150.0
76.0
71.0
73.0
46.0
35.0
67.0
44.0
73.0
54.0
103.0
49.0
66.0
105.0
69.0
74.0
108.0
97.0
66.0
75.0
46.0
42.0
181.0
100.0
76.0
102.0
72.0
78.0
94.0
159.0
108.0
93.0
124.0
108.0
130.0
155.0
198.0
101.0
54.0
121.0
45.0
101.0
118.0
123.0
81.0
76.0
137.0
90.0
115.0
68.0
140.0
163.0
99.0
70.0
128.0
57.0
88.0
62.0
66.0
34.0
72.0
117.0
158.0
65.0
88.0
118.0
49.0
118.0
65.0
98.0
96.0
56.0
109.0
93.0
51.0
176.0
79.0
118.0
80.0
206.0
137.0
140.0
56.0
84.0
78.0
50.0
67.0
53.0
86.0
96.0
46.0
55.0
77.0
109.0
241.0
91.0
114.0
65.0
128.0
49.0
75.0
71.0
101.0
67.0
139.0
125.0
89.0
77.0
61.0
123.0
64.0
107.0
84.0
133.0
68.0
58.0
112.0
132.0
56.0
101.0
39.0
81.0
125.0
115.0
49.0
85.0
108.0
49.0
74.0
78.0
108.0
104.0
100.0
124.0
90.0
48.0
94.0
130.0
90.0
91.0
57.0
113.0
153.0
98.0
57.0
116.0
108.0
85.0
92.0
76.0
59.0
52.0
133.0
242.0
46.0
79.0
71.0
95.0
64.0
33.0
55.0
112.0
63.0
85.0
121.0
69.0
144.0
225.0
78.0
51.0
34.0
90.0
69.0
86.0
194.0
74.0
108.0
156.0
54.0
111.0
89.0
217.0
139.0
103.0
112.0
68.0
68.0
69.0
74.0
68.0
196.0
103.0
58.0
85.0
80.0
50.0
107.0
106.0
85.0
82.0
108.0
285.0
69.0
99.0
71.0
183.0
83.0
129.0
175.0
46.0
220.0
81.0
56.0
75.0
71.0
116.0
107.0
64.0
85.0
84.0
66.0
63.0
50.0
68.0
47.0
92.0
68.0
80.0
85.0
126.0
54.0
144.0
48.0
114.0
70.0
93.0
128.0
146.0
87.0
125.0
94.0
92.0
79.0
127.0
128.0
187.0
102.0
67.0
67.0
137.0
80.0
104.0
43.0
116.0
107.0
99.0
52.0
114.0
199.0
94.0
81.0
107.0
69.0
45.0
92.0
83.0
95.0
95.0
125.0
91.0
112.0
41.0
93.0
60.0
76.0
113.0
39.0
75.0
85.0
127.0
69.0
80.0
76.0
82.0
74.0
50.0
172.0
179.0
162.0
75.0
67.0
127.0
117.0
57.0
90.0
48.0
106.0
60.0
63.0
65.0
68.0
60.0
69.0
86.0
100.0
90.0
93.0
89.0
119.0
108.0
83.0
72.0
76.0
71.0
111.0
126.0
149.0
95.0
76.0
100.0
92.0
88.0
76.0
63.0
43.0
121.0
164.0
76.0
105.0
82.0
68.0
131.0
65.0
103.0
141.0
78.0
76.0
94.0
45.0
51.0
137.0
98.0
49.0
90.0
58.0
101.0
92.0
74.0
143.0
234.0
57.0
43.0
74.0
64.0
51.0
96.0
66.0
92.0
74.0
66.0
80.0
103.0
73.0
91.0
134.0
139.0
57.0
59.0
87.0
66.0
113.0
132.0
69.0
70.0
68.0
100.0
80.0
168.0
54.0
203.0
121.0
98.0
205.0
40.0
95.0
90.0
97.0
106.0
74.0
44.0
65.0
114.0
62.0
108.0
107.0
97.0
48.0
65.0
52.0
58.0
96.0
82.0
20.0
86.0
95.0
21.0
38.0
128.0
168.0
96.0
117.0
55.0
158.0
164.0
72.0
102.0
71.0
87.0
69.0
138.0
30.0
82.0
131.0
71.0
175.0
72.0
109.0
104.0
134.0
36.0
45.0
131.0
89.0
72.0
92.0
68.0
67.0
94.0
70.0
55.0
60.0
89.0
85.0
61.0
73.0
61.0
82.0
52.0
84.0
91.0
64.0
114.0
115.0
108.0
69.0
91.0
91.0
54.0
73.0
130.0
109.0
124.0
51.0
77.0
71.0
45.0
85.0
47.0
106.0
181.0
66.0
70.0
75.0
122.0
44.0
139.0
95.0
80.0
38.0
46.0
79.0
103.0
104.0
78.0
94.0
72.0
74.0
99.0
111.0
51.0
111.0
43.0
48.0
122.0
37.0
79.0
67.0
106.0
114.0
60.0
50.0
61.0
70.0
42.0
59.0
85.0
58.0
130.0
127.0
65.0
94.0
215.0
208.0
182.0
98.0
99.0
92.0
48.0
85.0
114.0
192.0
85.0
105.0
82.0
69.0
92.0
138.0
121.0
90.0
114.0
72.0
64.0
75.0
75.0
101.0
97.0
47.0
53.0
115.0
55.0
67.0
79.0
106.0
66.0
92.0
46.0
67.0
67.0
128.0
115.0
107.0
95.0
50.0
92.0
63.0
78.0
106.0
43.0
115.0
80.0
54.0
114.0
142.0
85.0
93.0
219.0
160.0
103.0
60.0
55.0
120.0
40.0
77.0
104.0
87.0
91.0
79.0
59.0
85.0
115.0
98.0
77.0
79.0
120.0
85.0
86.0
74.0
114.0
80.0
102.0
68.0
82.0
48.0
81.0
120.0
108.0
64.0
76.0
53.0
79.0
78.0
161.0
66.0
116.0
80.0
80.0
57.0
93.0
131.0
84.0
101.0
53.0
79.0
75.0
69.0
64.0
48.0
62.0
78.0
69.0
83.0
95.0
81.0
108.0
117.0
48.0
62.0
137.0
150.0
62.0
118.0
71.0
67.0
121.0
61.0
80.0
53.0
82.0
74.0
116.0
41.0
73.0
144.0
47.0
87.0
157.0
120.0
108.0
95.0
66.0
100.0
76.0
84.0
93.0
131.0
60.0
108.0
94.0
78.0
85.0
63.0
70.0
62.0
150.0
51.0
59.0
83.0
81.0
43.0
61.0
140.0
27.0
77.0
75.0
75.0
67.0
70.0
58.0
171.0
87.0
63.0
128.0
148.0
135.0
93.0
124.0
51.0
91.0
71.0
73.0
111.0
59.0
114.0
67.0
38.0
72.0
99.0
93.0
70.0
217.0
108.0
70.0
62.0
78.0
86.0
58.0
89.0
73.0
50.0
93.0
51.0
88.0
54.0
127.0
144.0
48.0
58.0
36.0
67.0
48.0
144.0
71.0
50.0
115.0
75.0
133.0
106.0
47.0
102.0
118.0
64.0
104.0
125.0
76.0
46.0
87.0
118.0
60.0
59.0
45.0
77.0
87.0
103.0
108.0
91.0
98.0
99.0
58.0
146.0
53.0
82.0
79.0
73.0
51.0
71.0
114.0
90.0
109.0
86.0
104.0
139.0
42.0
57.0
47.0
62.0
135.0
63.0
68.0
58.0
99.0
65.0
71.0
93.0
119.0
77.0
93.0
126.0
102.0
65.0
150.0
126.0
83.0
75.0
39.0
106.0
45.0
53.0
67.0
72.0
146.0
118.0
459.0
248.0
186.0
79.0
79.0
106.0
100.0
88.0
102.0
74.0
125.0
61.0
103.0
48.0
61.0
99.0
87.0
121.0
86.0
140.0
120.0
234.0
62.0
35.0
77.0
29.0
44.0
186.0
69.0
95.0
74.0
131.0
121.0
51.0
116.0
155.0
95.0
50.0
99.0
52.0
121.0
103.0
80.0
133.0
90.0
61.0
58.0
132.0
75.0
127.0
40.0
94.0
119.0
70.0
131.0
107.0
105.0
91.0
84.0
135.0
53.0
96.0
143.0
66.0
196.0
86.0
58.0
52.0
105.0
154.0
85.0
100.0
58.0
81.0
60.0
77.0
41.0
91.0
58.0
84.0
108.0
102.0
169.0
123.0
118.0
87.0
99.0
107.0
107.0
93.0
75.0
215.0
126.0
62.0
142.0
99.0
51.0
94.0
108.0
80.0
69.0
50.0
92.0
80.0
98.0
127.0
44.0
73.0
68.0
64.0
76.0
80.0
69.0
97.0
93.0
92.0
110.0
65.0
76.0
99.0
85.0
70.0
124.0
72.0
127.0
72.0
153.0
255.0
72.0
66.0
117.0
74.0
151.0
74.0
241.0
97.0
99.0
153.0
109.0
47.0
165.0
63.0
117.0
84.0
89.0
68.0
50.0
85.0
93.0
66.0
69.0
43.0
83.0
62.0
82.0
94.0
48.0
86.0
80.0
70.0
117.0
92.0
50.0
79.0
83.0
72.0
58.0
95.0
77.0
77.0
46.0
74.0
116.0
118.0
74.0
77.0
44.0
81.0
53.0
122.0
88.0
92.0
137.0
114.0
97.0
117.0
107.0
121.0
152.0
63.0
109.0
49.0
89.0
126.0
78.0
91.0
150.0
77.0
87.0
67.0
65.0
123.0
68.0
115.0
55.0
42.0
130.0
41.0
91.0
153.0
100.0
70.0
67.0
110.0
109.0
40.0
117.0
92.0
92.0
77.0
129.0
71.0
78.0
143.0
63.0
80.0
64.0
53.0
86.0
113.0
153.0
227.0
130.0
92.0
101.0
107.0
118.0
85.0
112.0
166.0
57.0
79.0
169.0
26.0
56.0
105.0
68.0
105.0
129.0
102.0
67.0
87.0
142.0
140.0
50.0
33.0
60.0
36.0
64.0
112.0
114.0
112.0
96.0
96.0
45.0
62.0
80.0
64.0
68.0
18.0
54.0
63.0
89.0
134.0
116.0
83.0
118.0
66.0
75.0
83.0
56.0
98.0
70.0
208.0
89.0
119.0
88.0
111.0
99.0
90.0
63.0
91.0
93.0
133.0
128.0
103.0
38.0
54.0
91.0
58.0
85.0
85.0
77.0
72.0
121.0
88.0
53.0
121.0
60.0
81.0
82.0
91.0
135.0
80.0
107.0
89.0
65.0
147.0
99.0
115.0
114.0
70.0
66.0
96.0
87.0
152.0
58.0
207.0
76.0
64.0
60.0
75.0
74.0
109.0
120.0
93.0
50.0
119.0
105.0
118.0
82.0
104.0
63.0
69.0
165.0
48.0
60.0
98.0
80.0
78.0
80.0
57.0
56.0
89.0
84.0
69.0
227.0
121.0
59.0
54.0
76.0
142.0
126.0
52.0
77.0
105.0
130.0
108.0
35.0
88.0
79.0
129.0
44.0
98.0
173.0
106.0
204.0
77.0
39.0
91.0
91.0
70.0
85.0
80.0
89.0
102.0
62.0
73.0
97.0
68.0
71.0
74.0
70.0
60.0
120.0
69.0
61.0
124.0
112.0
58.0
55.0
94.0
59.0
70.0
116.0
57.0
84.0
88.0
144.0
46.0
73.0
58.0
126.0
57.0
78.0
28.0
192.0
99.0
188.0
177.0
61.0
93.0
88.0
74.0
77.0
85.0
49.0
79.0
61.0
60.0
69.0
103.0
77.0
91.0
45.0
118.0
110.0
107.0
132.0
96.0
102.0
126.0
135.0
66.0
141.0
71.0
96.0
161.0
70.0
42.0
53.0
62.0
93.0
95.0
67.0
83.0
106.0
89.0
56.0
109.0
216.0
59.0
249.0
148.0
65.0
94.0
79.0
108.0
122.0
126.0
56.0
75.0
56.0
107.0
78.0
171.0
71.0
47.0
90.0
74.0
55.0
70.0
98.0
136.0
81.0
39.0
114.0
65.0
85.0
94.0
98.0
85.0
141.0
102.0
72.0
74.0
111.0
120.0
82.0
59.0
87.0
62.0
34.0
80.0
49.0
49.0
76.0
141.0
114.0
121.0
55.0
107.0
161.0
137.0
137.0
87.0
51.0
87.0
41.0
94.0
75.0
139.0
153.0
98.0
60.0
83.0
74.0
65.0
81.0
115.0
110.0
40.0
72.0
42.0
71.0
76.0
126.0
88.0
114.0
80.0
82.0
39.0
167.0
98.0
120.0
94.0
42.0
40.0
63.0
44.0
42.0
61.0
105.0
103.0
44.0
101.0
96.0
134.0
117.0
70.0
124.0
50.0
69.0
41.0
177.0
74.0
116.0
70.0
113.0
130.0
105.0
184.0
83.0
135.0
128.0
84.0
52.0
88.0
71.0
130.0
45.0
46.0
151.0
105.0
96.0
110.0
717.0
152.0
92.0
87.0
178.0
80.0
54.0
71.0
82.0
90.0
82.0
64.0
102.0
104.0
80.0
131.0
110.0
89.0
48.0
109.0
42.0
153.0
95.0
111.0
66.0
33.0
45.0
56.0
41.0
117.0
115.0
108.0
70.0
36.0
88.0
64.0
41.0
119.0
93.0
103.0
53.0
153.0
118.0
53.0
103.0
95.0
72.0
113.0
104.0
85.0
77.0
117.0
58.0
136.0
127.0
132.0
59.0
71.0
171.0
104.0
47.0
68.0
58.0
103.0
83.0
53.0
47.0
74.0
88.0
78.0
71.0
65.0
100.0
54.0
96.0
109.0
109.0
116.0
119.0
96.0
87.0
118.0
126.0
79.0
97.0
68.0
194.0
31.0
109.0
83.0
103.0
94.0
71.0
108.0
78.0
45.0
86.0
98.0
88.0
53.0
88.0
131.0
65.0
153.0
61.0
58.0
78.0
82.0
219.0
78.0
54.0
110.0
73.0
163.0
96.0
59.0
89.0
81.0
60.0
72.0
98.0
96.0
77.0
94.0
68.0
91.0
44.0
87.0
73.0
385.0
79.0
108.0
138.0
120.0
59.0
128.0
44.0
55.0
119.0
73.0
85.0
115.0
129.0
111.0
95.0
89.0
73.0
115.0
120.0
72.0
89.0
74.0
65.0
90.0
93.0
180.0
18.0
83.0
91.0
57.0
69.0
120.0
66.0
88.0
58.0
76.0
69.0
50.0
65.0
106.0
56.0
224.0
145.0
101.0
66.0
67.0
102.0
84.0
131.0
71.0
63.0
53.0
106.0
68.0
133.0
101.0
95.0
138.0
137.0
46.0
84.0
120.0
44.0
58.0
44.0
59.0
49.0
118.0
89.0
100.0
128.0
78.0
96.0
75.0
64.0
79.0
60.0
201.0
63.0
85.0
73.0
135.0
114.0
98.0
71.0
83.0
103.0
106.0
108.0
59.0
63.0
76.0
87.0
16.0
70.0
62.0
86.0
40.0
61.0
81.0
105.0
74.0
121.0
65.0
49.0
74.0
80.0
49.0
114.0
58.0
65.0
77.0
115.0
42.0
42.0
73.0
92.0
95.0
82.0
75.0
95.0
54.0
65.0
86.0
68.0
83.0
126.0
62.0
139.0
109.0
80.0
56.0
101.0
62.0
54.0
79.0
150.0
108.0
111.0
74.0
110.0
48.0
75.0
66.0
191.0
89.0
103.0
77.0
121.0
77.0
83.0
66.0
53.0
55.0
58.0
101.0
74.0
75.0
78.0
39.0
115.0
60.0
76.0
65.0
78.0
108.0
123.0
119.0
77.0
121.0
57.0
123.0
134.0
82.0
90.0
242.0
48.0
42.0
38.0
72.0
97.0
91.0
109.0
42.0
126.0
91.0
78.0
62.0
123.0
87.0
73.0
123.0
60.0
38.0
80.0
106.0
92.0
70.0
76.0
122.0
71.0
166.0
83.0
154.0
49.0
110.0
75.0
81.0
97.0
98.0
77.0
62.0
132.0
63.0
110.0
110.0
176.0
87.0
45.0
148.0
81.0
157.0
100.0
69.0
96.0
91.0
84.0
45.0
93.0
148.0
49.0
56.0
76.0
141.0
138.0
18.0
68.0
99.0
112.0
97.0
146.0
134.0
56.0
88.0
45.0
49.0
47.0
54.0
195.0
65.0
95.0
136.0
88.0
102.0
152.0
96.0
47.0
177.0
134.0
49.0
142.0
40.0
49.0
140.0
174.0
105.0
50.0
83.0
97.0
177.0
53.0
127.0
170.0
95.0
77.0
71.0
97.0
119.0
111.0
730.0
54.0
94.0
43.0
134.0
84.0
85.0
91.0
47.0
109.0
151.0
37.0
185.0
65.0
115.0
107.0
113.0
39.0
86.0
69.0
105.0
59.0
67.0
76.0
265.0
92.0
201.0
55.0
38.0
57.0
109.0
86.0
55.0
63.0
86.0
54.0
133.0
115.0
85.0
83.0
184.0
121.0
156.0
62.0
69.0
78.0
87.0
93.0
46.0
93.0
114.0
108.0
88.0
65.0
82.0
79.0
85.0
133.0
54.0
45.0
95.0
27.0
146.0
65.0
134.0
86.0
82.0
122.0
142.0
61.0
63.0
121.0
71.0
155.0
56.0
64.0
72.0
156.0
144.0
140.0
166.0
61.0
90.0
132.0
137.0
86.0
38.0
98.0
114.0
94.0
79.0
263.0
96.0
87.0
117.0
92.0
132.0
69.0
51.0
48.0
49.0
45.0
102.0
82.0
72.0
57.0
89.0
103.0
101.0
136.0
85.0
52.0
117.0
32.0
95.0
142.0
127.0
91.0
49.0
142.0
56.0
84.0
94.0
105.0
87.0
59.0
96.0
44.0
187.0
67.0
96.0
54.0
50.0
143.0
97.0
116.0
112.0
48.0
104.0
65.0
73.0
101.0
96.0
104.0
67.0
81.0
64.0
33.0
77.0
56.0
85.0
98.0
102.0
77.0
43.0
73.0
66.0
73.0
55.0
129.0
136.0
85.0
103.0
90.0
54.0
71.0
90.0
57.0
87.0
71.0
90.0
76.0
221.0
264.0
42.0
101.0
134.0
89.0
62.0
102.0
157.0
119.0
51.0
54.0
92.0
125.0
127.0
65.0
98.0
74.0
160.0
75.0
54.0
23.0
81.0
52.0
81.0
92.0
92.0
63.0
96.0
46.0
97.0
62.0
89.0
157.0
70.0
100.0
54.0
94.0
141.0
88.0
110.0
163.0
130.0
63.0
174.0
65.0
106.0
186.0
39.0
77.0
82.0
66.0
70.0
111.0
92.0
83.0
35.0
58.0
112.0
77.0
120.0
186.0
111.0
37.0
71.0
50.0
60.0
65.0
92.0
111.0
94.0
52.0
88.0
105.0
88.0
63.0
106.0
66.0
110.0
125.0
68.0
40.0
124.0
66.0
77.0
81.0
54.0
110.0
80.0
110.0
35.0
114.0
37.0
103.0
105.0
22.0
104.0
64.0
71.0
74.0
81.0
74.0
85.0
132.0
104.0
191.0
88.0
130.0
99.0
149.0
129.0
172.0
183.0
74.0
90.0
122.0
94.0
105.0
122.0
190.0
60.0
52.0
60.0
112.0
22.0
61.0
70.0
68.0
95.0
154.0
138.0
65.0
55.0
97.0
83.0
52.0
122.0
98.0
83.0
109.0
107.0
146.0
143.0
72.0
98.0
106.0
148.0
65.0
131.0
118.0
41.0
179.0
112.0
58.0
35.0
71.0
85.0
73.0
66.0
65.0
68.0
115.0
89.0
66.0
118.0
109.0
128.0
111.0
40.0
45.0
69.0
95.0
93.0
108.0
80.0
64.0
128.0
42.0
201.0
38.0
98.0
70.0
93.0
55.0
81.0
49.0
93.0
69.0
124.0
42.0
93.0
71.0
208.0
165.0
170.0
71.0
94.0
72.0
68.0
42.0
53.0
98.0
67.0
72.0
60.0
87.0
104.0
106.0
81.0
86.0
128.0
81.0
99.0
97.0
101.0
87.0
58.0
102.0
70.0
75.0
51.0
46.0
111.0
71.0
99.0
118.0
58.0
43.0
62.0
91.0
52.0
59.0
76.0
84.0
150.0
55.0
85.0
43.0
52.0
93.0
46.0
109.0
63.0
104.0
107.0
257.0
87.0
80.0
139.0
86.0
100.0
58.0
116.0
64.0
92.0
78.0
97.0
58.0
60.0
57.0
75.0
104.0
97.0
67.0
56.0
84.0
135.0
124.0
150.0
114.0
173.0
54.0
73.0
93.0
77.0
105.0
77.0
124.0
118.0
74.0
72.0
82.0
109.0
65.0
93.0
53.0
75.0
26.0
67.0
46.0
46.0
72.0
68.0
202.0
137.0
32.0
88.0
46.0
159.0
79.0
135.0
81.0
110.0
46.0
112.0
47.0
81.0
71.0
124.0
60.0
54.0
100.0
39.0
232.0
112.0
60.0
55.0
51.0
67.0
140.0
37.0
123.0
60.0
255.0
47.0
44.0
62.0
102.0
103.0
125.0
71.0
57.0
45.0
91.0
63.0
128.0
68.0
127.0
103.0
71.0
55.0
127.0
135.0
88.0
67.0
99.0
74.0
162.0
46.0
102.0
93.0
93.0
84.0
63.0
61.0
60.0
111.0
58.0
36.0
70.0
114.0
143.0
102.0
57.0
71.0
99.0
121.0
87.0
63.0
123.0
172.0
97.0
85.0
81.0
140.0
53.0
70.0
90.0
77.0
146.0
117.0
91.0
88.0
62.0
71.0
80.0
44.0
107.0
179.0
64.0
97.0
310.0
66.0
104.0
107.0
67.0
48.0
182.0
111.0
49.0
78.0
74.0
60.0
89.0
84.0
118.0
107.0
40.0
72.0
125.0
77.0
61.0
83.0
1606.0
101.0
103.0
83.0
102.0
57.0
83.0
121.0
52.0
185.0
73.0
60.0
92.0
123.0
82.0
71.0
116.0
94.0
64.0
101.0
52.0
125.0
88.0
59.0
56.0
93.0
98.0
92.0
62.0
66.0
67.0
44.0
62.0
83.0
147.0
149.0
66.0
63.0
173.0
108.0
76.0
140.0
56.0
228.0
59.0
61.0
70.0
50.0
72.0
169.0
152.0
136.0
60.0
64.0
103.0
53.0
68.0
88.0
66.0
133.0
57.0
81.0
142.0
69.0
105.0
124.0
52.0
137.0
94.0
68.0
122.0
44.0
136.0
59.0
56.0
85.0
61.0
59.0
265.0
79.0
59.0
144.0
233.0
44.0
104.0
138.0
220.0
128.0
129.0
39.0
31.0
88.0
97.0
58.0
100.0
71.0
47.0
68.0
55.0
83.0
117.0
50.0
108.0
100.0
128.0
79.0
84.0
73.0
238.0
85.0
134.0
125.0
85.0
151.0
37.0
72.0
59.0
62.0
140.0
70.0
72.0
186.0
191.0
104.0
82.0
36.0
114.0
71.0
70.0
111.0
41.0
92.0
104.0
245.0
80.0
56.0
39.0
181.0
46.0
68.0
108.0
138.0
49.0
101.0
38.0
39.0
104.0
148.0
152.0
97.0
117.0
136.0
225.0
60.0
54.0
174.0
88.0
70.0
27.0
74.0
149.0
53.0
41.0
88.0
50.0
204.0
119.0
114.0
114.0
134.0
39.0
47.0
87.0
44.0
128.0
117.0
157.0
67.0
72.0
84.0
95.0
64.0
161.0
81.0
52.0
122.0
116.0
65.0
34.0
177.0
112.0
215.0
83.0
93.0
52.0
55.0
129.0
115.0
57.0
63.0
46.0
96.0
49.0
67.0
59.0
68.0
102.0
65.0
38.0
56.0
71.0
91.0
453.0
93.0
75.0
57.0
46.0
135.0
36.0
103.0
72.0
53.0
71.0
132.0
90.0
105.0
49.0
89.0
95.0
78.0
106.0
134.0
110.0
82.0
80.0
88.0
77.0
106.0
113.0
102.0
84.0
45.0
43.0
58.0
136.0
39.0
124.0
159.0
87.0
118.0
81.0
57.0
79.0
106.0
138.0
94.0
106.0
74.0
61.0
51.0
87.0
65.0
118.0
86.0
103.0
92.0
52.0
172.0
98.0
34.0
98.0
107.0
63.0
73.0
132.0
71.0
88.0
56.0
103.0
201.0
76.0
97.0
55.0
40.0
60.0
72.0
114.0
42.0
72.0
231.0
74.0
69.0
80.0
58.0
52.0
61.0
27.0
78.0
124.0
62.0
103.0
82.0
97.0
70.0
46.0
121.0
75.0
110.0
132.0
79.0
62.0
255.0
58.0
48.0
98.0
159.0
104.0
146.0
109.0
48.0
84.0
87.0
63.0
83.0
184.0
51.0
57.0
181.0
86.0
59.0
120.0
106.0
115.0
107.0
95.0
97.0
101.0
122.0
60.0
178.0
170.0
123.0
89.0
93.0
44.0
42.0
155.0
31.0
91.0
137.0
94.0
48.0
48.0
61.0
66.0
151.0
94.0
41.0
109.0
59.0
61.0
92.0
66.0
80.0
254.0
129.0
56.0
43.0
87.0
250.0
115.0
65.0
73.0
80.0
161.0
208.0
98.0
117.0
88.0
45.0
83.0
103.0
50.0
47.0
102.0
71.0
125.0
91.0
43.0
51.0
149.0
78.0
72.0
60.0
129.0
130.0
95.0
52.0
26.0
122.0
41.0
101.0
53.0
104.0
86.0
158.0
56.0
56.0
95.0
84.0
536.0
64.0
73.0
72.0
110.0
44.0
57.0
141.0
144.0
87.0
87.0
62.0
86.0
196.0
68.0
45.0
73.0
68.0
77.0
115.0
59.0
69.0
101.0
48.0
112.0
53.0
86.0
110.0
88.0
79.0
49.0
127.0
78.0
113.0
106.0
54.0
50.0
69.0
171.0
56.0
103.0
44.0
121.0
106.0
89.0
76.0
122.0
114.0
193.0
62.0
142.0
75.0
70.0
240.0
65.0
111.0
69.0
107.0
69.0
101.0
71.0
67.0
86.0
64.0
54.0
84.0
78.0
67.0
143.0
54.0
61.0
85.0
79.0
78.0
59.0
49.0
83.0
86.0
113.0
46.0
97.0
118.0
73.0
97.0
86.0
86.0
67.0
94.0
105.0
67.0
62.0
99.0
40.0
142.0
54.0
83.0
62.0
63.0
73.0
125.0
178.0
50.0
70.0
60.0
35.0
82.0
119.0
67.0
93.0
109.0
41.0
80.0
61.0
54.0
205.0
74.0
86.0
170.0
93.0
51.0
87.0
130.0
68.0
157.0
92.0
75.0
71.0
46.0
87.0
92.0
63.0
219.0
118.0
126.0
104.0
63.0
81.0
75.0
84.0
106.0
76.0
80.0
42.0
58.0
67.0
28.0
79.0
117.0
80.0
88.0
123.0
70.0
86.0
74.0
48.0
34.0
56.0
126.0
89.0
85.0
79.0
80.0
58.0
55.0
154.0
52.0
49.0
59.0
37.0
61.0
83.0
101.0
134.0
100.0
83.0
108.0
66.0
64.0
111.0
50.0
93.0
169.0
47.0
80.0
141.0
79.0
133.0
64.0
98.0
88.0
68.0
103.0
126.0
120.0
86.0
77.0
96.0
90.0
43.0
132.0
120.0
76.0
66.0
124.0
171.0
114.0
75.0
62.0
20.0
74.0
120.0
88.0
55.0
82.0
125.0
101.0
93.0
74.0
144.0
91.0
90.0
108.0
53.0
146.0
66.0
85.0
147.0
81.0
64.0
46.0
130.0
50.0
134.0
117.0
77.0
84.0
107.0
97.0
40.0
38.0
52.0
51.0
113.0
55.0
143.0
75.0
61.0
66.0
94.0
125.0
111.0
94.0
428.0
31.0
83.0
122.0
74.0
176.0
131.0
35.0
77.0
81.0
68.0
62.0
214.0
65.0
87.0
142.0
119.0
128.0
37.0
75.0
93.0
151.0
51.0
116.0
88.0
92.0
163.0
96.0
118.0
58.0
58.0
174.0
89.0
136.0
132.0
38.0
101.0
92.0
96.0
75.0
99.0
60.0
47.0
69.0
74.0
162.0
101.0
91.0
40.0
63.0
92.0
80.0
44.0
111.0
31.0
113.0
127.0
110.0
70.0
61.0
107.0
188.0
142.0
90.0
82.0
125.0
74.0
54.0
78.0
141.0
60.0
48.0
152.0
99.0
76.0
143.0
64.0
82.0
90.0
71.0
131.0
73.0
127.0
504.0
96.0
75.0
133.0
75.0
105.0
86.0
92.0
56.0
91.0
86.0
62.0
160.0
117.0
41.0
57.0
267.0
50.0
92.0
71.0
75.0
46.0
71.0
40.0
46.0
81.0
79.0
81.0
104.0
70.0
69.0
58.0
82.0
87.0
216.0
59.0
188.0
43.0
43.0
69.0
80.0
60.0
46.0
218.0
62.0
41.0
85.0
44.0
96.0
42.0
50.0
65.0
119.0
71.0
39.0
213.0
67.0
92.0
66.0
133.0
104.0
157.0
64.0
133.0
72.0
47.0
69.0
71.0
146.0
100.0
99.0
54.0
53.0
79.0
66.0
90.0
98.0
153.0
65.0
24.0
90.0
92.0
127.0
45.0
50.0
65.0
47.0
56.0
103.0
97.0
119.0
195.0
64.0
64.0
129.0
76.0
59.0
140.0
95.0
54.0
168.0
89.0
33.0
63.0
110.0
104.0
64.0
113.0
80.0
171.0
180.0
167.0
73.0
48.0
142.0
56.0
194.0
72.0
70.0
49.0
93.0
19.0
122.0
52.0
121.0
121.0
67.0
89.0
204.0
58.0
90.0
89.0
94.0
81.0
146.0
123.0
113.0
146.0
47.0
147.0
69.0
70.0
66.0
45.0
178.0
77.0
67.0
177.0
70.0
127.0
71.0
96.0
107.0
78.0
97.0
125.0
55.0
83.0
54.0
146.0
75.0
106.0
50.0
90.0
299.0
72.0
130.0
41.0
98.0
71.0
62.0
63.0
120.0
180.0
132.0
48.0
48.0
74.0
68.0
77.0
71.0
102.0
91.0
95.0
100.0
71.0
85.0
105.0
57.0
64.0
102.0
33.0
94.0
92.0
217.0
133.0
88.0
40.0
66.0
111.0
100.0
161.0
76.0
205.0
88.0
87.0
66.0
868.0
132.0
72.0
238.0
75.0
77.0
87.0
137.0
23.0
94.0
59.0
170.0
75.0
137.0
81.0
171.0
94.0
139.0
84.0
68.0
50.0
273.0
66.0
68.0
103.0
30.0
91.0
104.0
59.0
53.0
169.0
205.0
86.0
113.0
44.0
54.0
90.0
118.0
45.0
56.0
87.0
85.0
101.0
105.0
42.0
71.0
127.0
80.0
85.0
33.0
126.0
113.0
58.0
136.0
92.0
81.0
44.0
41.0
38.0
121.0
235.0
81.0
54.0
53.0
51.0
123.0
139.0
159.0
47.0
97.0
39.0
136.0
115.0
51.0
149.0
76.0
65.0
104.0
36.0
115.0
209.0
134.0
89.0
87.0
61.0
81.0
70.0
211.0
95.0
106.0
34.0
90.0
95.0
41.0
54.0
74.0
125.0
52.0
108.0
45.0
44.0
73.0
100.0
207.0
60.0
123.0
87.0
57.0
50.0
89.0
168.0
88.0
140.0
57.0
35.0
149.0
59.0
38.0
124.0
75.0
70.0
59.0
53.0
95.0
89.0
126.0
79.0
90.0
179.0
97.0
86.0
57.0
140.0
67.0
135.0
85.0
32.0
122.0
35.0
84.0
63.0
89.0
80.0
38.0
82.0
73.0
83.0
132.0
66.0
57.0
49.0
391.0
81.0
114.0
78.0
117.0
96.0
150.0
94.0
150.0
92.0
56.0
95.0
55.0
100.0
92.0
108.0
82.0
69.0
123.0
236.0
44.0
40.0
151.0
63.0
111.0
63.0
104.0
131.0
100.0
164.0
143.0
119.0
51.0
135.0
75.0
75.0
94.0
24.0
118.0
202.0
17.0
74.0
87.0
51.0
90.0
42.0
128.0
88.0
98.0
86.0
61.0
80.0
38.0
69.0
40.0
111.0
172.0
66.0
227.0
41.0
176.0
135.0
78.0
491.0
44.0
83.0
67.0
129.0
89.0
26.0
59.0
65.0
100.0
85.0
135.0
44.0
104.0
52.0
119.0
139.0
54.0
69.0
58.0
27.0
210.0
57.0
92.0
46.0
75.0
118.0
75.0
79.0
78.0
80.0
56.0
67.0
99.0
111.0
93.0
232.0
125.0
65.0
40.0
85.0
104.0
51.0
83.0
96.0
48.0
134.0
70.0
67.0
80.0
234.0
127.0
87.0
89.0
81.0
124.0
94.0
138.0
74.0
53.0
58.0
122.0
46.0
48.0
68.0
118.0
116.0
74.0
86.0
71.0
72.0
268.0
74.0
85.0
42.0
84.0
122.0
163.0
94.0
87.0
101.0
104.0
49.0
104.0
95.0
127.0
178.0
125.0
99.0
26.0
62.0
72.0
235.0
105.0
91.0
94.0
76.0
92.0
43.0
101.0
62.0
129.0
42.0
58.0
42.0
110.0
152.0
107.0
121.0
59.0
83.0
94.0
76.0
71.0
172.0
94.0
63.0
165.0
54.0
47.0
41.0
103.0
141.0
87.0
36.0
49.0
132.0
214.0
93.0
66.0
71.0
149.0
68.0
44.0
57.0
91.0
102.0
80.0
218.0
115.0
105.0
163.0
91.0
80.0
65.0
160.0
79.0
244.0
91.0
129.0
126.0
124.0
86.0
151.0
51.0
62.0
78.0
163.0
74.0
146.0
94.0
63.0
66.0
33.0
53.0
104.0
87.0
59.0
33.0
88.0
78.0
58.0
91.0
65.0
54.0
60.0
57.0
119.0
41.0
102.0
106.0
125.0
94.0
72.0
90.0
72.0
59.0
44.0
198.0
117.0
99.0
39.0
112.0
255.0
74.0
79.0
40.0
120.0
193.0
72.0
44.0
153.0
65.0
65.0
33.0
48.0
44.0
29.0
80.0
94.0
94.0
104.0
39.0
54.0
170.0
63.0
101.0
132.0
54.0
95.0
51.0
68.0
28.0
119.0
87.0
112.0
79.0
76.0
109.0
93.0
133.0
166.0
70.0
120.0
192.0
134.0
84.0
83.0
96.0
82.0
71.0
68.0
82.0
18.0
94.0
49.0
40.0
76.0
91.0
65.0
23.0
100.0
88.0
123.0
148.0
44.0
244.0
117.0
91.0
119.0
70.0
127.0
110.0
102.0
130.0
77.0
128.0
75.0
41.0
72.0
86.0
83.0
57.0
98.0
97.0
63.0
53.0
44.0
81.0
70.0
81.0
50.0
89.0
180.0
158.0
102.0
75.0
79.0
88.0
68.0
82.0
113.0
67.0
49.0
73.0
97.0
106.0
106.0
80.0
120.0
56.0
102.0
46.0
99.0
90.0
15.0
79.0
79.0
87.0
72.0
117.0
72.0
73.0
161.0
61.0
94.0
63.0
82.0
116.0
60.0
117.0
66.0
96.0
108.0
52.0
105.0
58.0
196.0
78.0
74.0
192.0
108.0
127.0
171.0
165.0
33.0
49.0
118.0
29.0
165.0
100.0
44.0
100.0
117.0
96.0
82.0
50.0
85.0
51.0
237.0
119.0
69.0
116.0
103.0
59.0
74.0
63.0
147.0
68.0
135.0
55.0
104.0
99.0
66.0
92.0
64.0
195.0
82.0
80.0
85.0
109.0
31.0
99.0
49.0
109.0
71.0
122.0
85.0
53.0
250.0
73.0
85.0
83.0
70.0
105.0
55.0
57.0
112.0
88.0
109.0
92.0
59.0
50.0
80.0
82.0
111.0
165.0
143.0
49.0
80.0
86.0
137.0
39.0
106.0
102.0
58.0
61.0
105.0
74.0
21.0
73.0
74.0
65.0
115.0
121.0
57.0
68.0
78.0
72.0
165.0
116.0
178.0
120.0
34.0
134.0
71.0
109.0
75.0
78.0
74.0
70.0
143.0
156.0
94.0
109.0
64.0
226.0
55.0
72.0
71.0
133.0
137.0
292.0
63.0
51.0
73.0
55.0
65.0
73.0
180.0
50.0
243.0
54.0
67.0
104.0
121.0
38.0
148.0
63.0
74.0
137.0
122.0
45.0
58.0
260.0
59.0
80.0
175.0
56.0
80.0
189.0
46.0
87.0
115.0
81.0
63.0
98.0
70.0
110.0
81.0
56.0
32.0
72.0
73.0
77.0
97.0
86.0
53.0
212.0
59.0
147.0
182.0
68.0
103.0
116.0
41.0
121.0
86.0
60.0
89.0
87.0
138.0
109.0
88.0
79.0
94.0
83.0
96.0
56.0
32.0
82.0
178.0
22.0
64.0
143.0
70.0
166.0
62.0
141.0
59.0
213.0
55.0
51.0
73.0
66.0
88.0
75.0
64.0
80.0
457.0
59.0
95.0
382.0
50.0
82.0
101.0
86.0
90.0
42.0
144.0
153.0
41.0
200.0
90.0
79.0
94.0
115.0
97.0
47.0
101.0
179.0
108.0
68.0
51.0
95.0
92.0
86.0
42.0
72.0
138.0
142.0
124.0
99.0
74.0
39.0
44.0
178.0
111.0
94.0
90.0
92.0
47.0
23.0
126.0
66.0
111.0
69.0
73.0
71.0
92.0
50.0
68.0
85.0
175.0
53.0
50.0
54.0
71.0
52.0
90.0
125.0
55.0
92.0
194.0
75.0
39.0
98.0
60.0
146.0
87.0
70.0
45.0
96.0
59.0
154.0
105.0
68.0
63.0
76.0
56.0
131.0
106.0
90.0
108.0
46.0
66.0
112.0
81.0
181.0
113.0
62.0
97.0
93.0
64.0
42.0
94.0
89.0
62.0
115.0
81.0
89.0
45.0
75.0
107.0
105.0
58.0
96.0
67.0
114.0
215.0
88.0
53.0
155.0
73.0
136.0
50.0
83.0
50.0
176.0
108.0
66.0
93.0
90.0
55.0
307.0
187.0
76.0
92.0
137.0
110.0
77.0
75.0
70.0
153.0
145.0
110.0
45.0
109.0
103.0
97.0
63.0
106.0
138.0
87.0
77.0
157.0
56.0
67.0
101.0
50.0
127.0
65.0
69.0
103.0
156.0
151.0
67.0
61.0
87.0
176.0
112.0
67.0
99.0
40.0
135.0
295.0
57.0
57.0
38.0
145.0
78.0
93.0
67.0
93.0
53.0
137.0
66.0
99.0
60.0
50.0
69.0
59.0
138.0
52.0
112.0
74.0
92.0
115.0
73.0
155.0
113.0
231.0
141.0
83.0
129.0
61.0
52.0
67.0
70.0
91.0
50.0
198.0
72.0
67.0
33.0
90.0
272.0
72.0
152.0
81.0
74.0
139.0
45.0
64.0
201.0
95.0
51.0
88.0
166.0
79.0
93.0
117.0
75.0
204.0
162.0
102.0
76.0
66.0
44.0
56.0
68.0
120.0
83.0
58.0
109.0
108.0
55.0
398.0
115.0
113.0
68.0
79.0
92.0
248.0
55.0
58.0
126.0
65.0
84.0
55.0
95.0
70.0
71.0
154.0
73.0
71.0
69.0
67.0
55.0
40.0
43.0
51.0
139.0
101.0
112.0
40.0
123.0
54.0
141.0
94.0
119.0
69.0
62.0
132.0
107.0
47.0
178.0
61.0
67.0
64.0
85.0
45.0
41.0
64.0
181.0
103.0
126.0
81.0
236.0
36.0
105.0
107.0
91.0
253.0
35.0
44.0
81.0
58.0
59.0
28.0
92.0
31.0
81.0
141.0
95.0
72.0
108.0
369.0
142.0
48.0
72.0
101.0
107.0
60.0
50.0
89.0
74.0
90.0
117.0
97.0
78.0
239.0
119.0
81.0
96.0
47.0
119.0
52.0
82.0
43.0
172.0
63.0
107.0
32.0
132.0
82.0
77.0
91.0
89.0
128.0
82.0
71.0
135.0
119.0
65.0
75.0
70.0
52.0
76.0
78.0
54.0
91.0
81.0
101.0
149.0
54.0
115.0
96.0
106.0
73.0
112.0
96.0
143.0
117.0
103.0
70.0
81.0
125.0
65.0
111.0
29.0
64.0
68.0
47.0
184.0
72.0
54.0
90.0
64.0
77.0
104.0
80.0
84.0
75.0
117.0
51.0
107.0
147.0
15.0
98.0
67.0
122.0
70.0
68.0
69.0
186.0
89.0
79.0
80.0
68.0
47.0
56.0
175.0
60.0
95.0
171.0
103.0
93.0
104.0
15.0
50.0
80.0
120.0
39.0
113.0
157.0
107.0
42.0
183.0
50.0
43.0
121.0
99.0
103.0
72.0
122.0
113.0
68.0
77.0
152.0
92.0
89.0
95.0
64.0
114.0
71.0
144.0
123.0
87.0
67.0
77.0
51.0
460.0
65.0
54.0
58.0
135.0
47.0
75.0
116.0
157.0
43.0
72.0
260.0
87.0
63.0
112.0
101.0
135.0
94.0
87.0
44.0
50.0
114.0
77.0
73.0
134.0
39.0
44.0
81.0
103.0
67.0
100.0
40.0
114.0
60.0
101.0
83.0
48.0
115.0
75.0
79.0
60.0
76.0
79.0
75.0
85.0
141.0
87.0
37.0
77.0
73.0
69.0
146.0
79.0
75.0
394.0
70.0
98.0
155.0
41.0
65.0
170.0
180.0
98.0
72.0
102.0
53.0
73.0
74.0
99.0
119.0
160.0
71.0
92.0
124.0
122.0
44.0
92.0
88.0
61.0
157.0
118.0
89.0
109.0
55.0
82.0
80.0
119.0
76.0
95.0
95.0
59.0
47.0
67.0
121.0
144.0
70.0
91.0
126.0
147.0
56.0
71.0
139.0
123.0
136.0
149.0
84.0
59.0
72.0
85.0
80.0
30.0
81.0
100.0
98.0
76.0
174.0
65.0
103.0
57.0
49.0
140.0
106.0
95.0
66.0
46.0
93.0
63.0
68.0
42.0
174.0
106.0
78.0
58.0
141.0
66.0
60.0
81.0
50.0
355.0
93.0
50.0
110.0
67.0
75.0
37.0
91.0
151.0
81.0
143.0
35.0
143.0
93.0
34.0
75.0
65.0
72.0
33.0
92.0
154.0
80.0
119.0
92.0
106.0
114.0
110.0
68.0
67.0
201.0
111.0
36.0
112.0
149.0
80.0
75.0
62.0
98.0
55.0
71.0
95.0
58.0
87.0
181.0
85.0
51.0
111.0
105.0
129.0
113.0
104.0
79.0
112.0
61.0
55.0
133.0
190.0
78.0
70.0
95.0
81.0
144.0
146.0
81.0
153.0
101.0
90.0
81.0
93.0
133.0
137.0
81.0
47.0
55.0
98.0
114.0
137.0
131.0
226.0
151.0
93.0
60.0
81.0
76.0
132.0
31.0
84.0
49.0
60.0
66.0
162.0
21.0
94.0
78.0
67.0
65.0
108.0
127.0
96.0
150.0
73.0
60.0
33.0
58.0
93.0
35.0
216.0
50.0
89.0
66.0
142.0
85.0
47.0
63.0
128.0
44.0
95.0
100.0
71.0
68.0
102.0
149.0
60.0
85.0
109.0
142.0
99.0
158.0
87.0
58.0
73.0
78.0
157.0
81.0
78.0
75.0
66.0
102.0
104.0
141.0
90.0
121.0
115.0
92.0
72.0
102.0
294.0
67.0
152.0
63.0
147.0
69.0
87.0
109.0
127.0
66.0
62.0
82.0
152.0
127.0
54.0
85.0
98.0
46.0
46.0
167.0
64.0
165.0
65.0
91.0
38.0
27.0
63.0
49.0
104.0
157.0
109.0
134.0
50.0
83.0
55.0
77.0
41.0
61.0
122.0
44.0
33.0
99.0
116.0
93.0
80.0
100.0
78.0
73.0
72.0
124.0
89.0
110.0
47.0
86.0
103.0
36.0
100.0
179.0
47.0
66.0
29.0
194.0
73.0
166.0
125.0
89.0
83.0
110.0
108.0
106.0
134.0
84.0
81.0
61.0
134.0
118.0
79.0
173.0
107.0
131.0
59.0
68.0
65.0
251.0
62.0
58.0
65.0
130.0
130.0
86.0
59.0
93.0
137.0
105.0
77.0
100.0
118.0
153.0
77.0
66.0
130.0
49.0
81.0
58.0
54.0
97.0
67.0
139.0
60.0
82.0
99.0
21.0
94.0
58.0
44.0
49.0
47.0
49.0
121.0
36.0
109.0
93.0
132.0
238.0
90.0
139.0
72.0
70.0
90.0
51.0
84.0
155.0
76.0
48.0
138.0
72.0
39.0
74.0
146.0
121.0
87.0
173.0
83.0
112.0
143.0
63.0
77.0
137.0
89.0
72.0
119.0
49.0
89.0
92.0
54.0
64.0
151.0
141.0
118.0
92.0
140.0
35.0
87.0
80.0
48.0
143.0
57.0
98.0
73.0
122.0
132.0
78.0
113.0
65.0
57.0
105.0
114.0
180.0
87.0
63.0
149.0
117.0
92.0
147.0
129.0
111.0
49.0
61.0
120.0
69.0
146.0
78.0
66.0
118.0
96.0
156.0
47.0
66.0
139.0
64.0
134.0
57.0
81.0
91.0
84.0
80.0
66.0
132.0
95.0
54.0
76.0
196.0
62.0
70.0
70.0
55.0
92.0
57.0
118.0
44.0
94.0
61.0
87.0
55.0
93.0
209.0
131.0
23.0
63.0
117.0
73.0
101.0
127.0
61.0
43.0
120.0
82.0
83.0
79.0
41.0
85.0
171.0
88.0
91.0
196.0
110.0
128.0
61.0
72.0
79.0
46.0
87.0
78.0
65.0
96.0
93.0
76.0
119.0
98.0
141.0
121.0
80.0
99.0
85.0
56.0
74.0
97.0
146.0
77.0
203.0
54.0
146.0
45.0
118.0
198.0
167.0
115.0
91.0
118.0
91.0
83.0
117.0
168.0
221.0
106.0
44.0
175.0
121.0
32.0
66.0
106.0
65.0
100.0
95.0
51.0
75.0
100.0
87.0
94.0
43.0
63.0
86.0
65.0
65.0
45.0
62.0
44.0
63.0
67.0
74.0
76.0
234.0
64.0
94.0
78.0
44.0
77.0
91.0
75.0
102.0
96.0
61.0
100.0
33.0
112.0
67.0
68.0
176.0
91.0
137.0
32.0
94.0
94.0
117.0
64.0
104.0
50.0
86.0
63.0
58.0
96.0
85.0
186.0
135.0
62.0
96.0
41.0
105.0
62.0
104.0
128.0
115.0
93.0
150.0
74.0
84.0
77.0
72.0
86.0
180.0
16.0
177.0
74.0
34.0
90.0
94.0
136.0
111.0
88.0
134.0
60.0
145.0
226.0
40.0
64.0
100.0
114.0
84.0
174.0
108.0
99.0
72.0
176.0
102.0
62.0
119.0
54.0
116.0
83.0
61.0
47.0
81.0
69.0
69.0
175.0
95.0
73.0
121.0
92.0
97.0
43.0
72.0
94.0
108.0
70.0
92.0
100.0
59.0
107.0
856.0
38.0
93.0
81.0
89.0
99.0
75.0
266.0
75.0
107.0
34.0
45.0
86.0
117.0
92.0
150.0
60.0
57.0
115.0
67.0
85.0
66.0
56.0
105.0
36.0
59.0
56.0
40.0
63.0
163.0
77.0
94.0
71.0
45.0
89.0
54.0
92.0
96.0
56.0
20.0
100.0
80.0
104.0
140.0
69.0
115.0
60.0
158.0
154.0
199.0
57.0
64.0
82.0
69.0
177.0
152.0
176.0
103.0
43.0
52.0
100.0
47.0
69.0
66.0
28.0
123.0
192.0
55.0
50.0
72.0
51.0
65.0
84.0
211.0
114.0
153.0
201.0
101.0
140.0
204.0
138.0
59.0
97.0
44.0
152.0
47.0
54.0
90.0
117.0
104.0
61.0
49.0
62.0
114.0
95.0
25.0
100.0
78.0
94.0
136.0
56.0
150.0
161.0
122.0
63.0
67.0
73.0
82.0
73.0
86.0
85.0
56.0
106.0
67.0
56.0
80.0
102.0
86.0
40.0
63.0
39.0
114.0
74.0
82.0
125.0
46.0
51.0
65.0
57.0
90.0
168.0
94.0
106.0
121.0
85.0
114.0
122.0
47.0
80.0
132.0
76.0
140.0
78.0
166.0
279.0
26.0
85.0
80.0
64.0
153.0
63.0
124.0
132.0
51.0
85.0
86.0
121.0
121.0
84.0
152.0
43.0
54.0
71.0
86.0
113.0
76.0
83.0
71.0
86.0
62.0
82.0
199.0
110.0
85.0
87.0
96.0
237.0
149.0
134.0
125.0
90.0
64.0
51.0
114.0
192.0
34.0
108.0
121.0
132.0
84.0
65.0
113.0
61.0
87.0
176.0
95.0
87.0
125.0
70.0
58.0
35.0
82.0
111.0
94.0
70.0
106.0
107.0
43.0
89.0
149.0
63.0
113.0
74.0
117.0
56.0
118.0
104.0
58.0
73.0
90.0
133.0
78.0
87.0
66.0
154.0
93.0
68.0
72.0
119.0
87.0
52.0
111.0
112.0
70.0
75.0
70.0
81.0
91.0
75.0
208.0
150.0
56.0
84.0
63.0
63.0
96.0
189.0
93.0
110.0
122.0
84.0
66.0
77.0
93.0
62.0
110.0
78.0
136.0
79.0
62.0
214.0
138.0
42.0
134.0
87.0
132.0
78.0
98.0
90.0
94.0
98.0
51.0
53.0
42.0
90.0
115.0
68.0
51.0
329.0
100.0
52.0
67.0
90.0
144.0
110.0
67.0
126.0
150.0
64.0
39.0
158.0
110.0
62.0
45.0
61.0
75.0
62.0
78.0
224.0
61.0
53.0
87.0
117.0
72.0
45.0
163.0
119.0
51.0
113.0
147.0
95.0
169.0
116.0
131.0
149.0
71.0
52.0
89.0
101.0
57.0
54.0
37.0
88.0
74.0
186.0
111.0
75.0
62.0
71.0
46.0
108.0
90.0
136.0
79.0
71.0
89.0
43.0
135.0
70.0
145.0
72.0
153.0
178.0
184.0
94.0
30.0
77.0
249.0
154.0
33.0
67.0
48.0
261.0
78.0
135.0
79.0
55.0
59.0
69.0
74.0
180.0
125.0
99.0
82.0
102.0
63.0
120.0
70.0
55.0
94.0
100.0
130.0
89.0
67.0
162.0
172.0
63.0
89.0
84.0
120.0
52.0
88.0
46.0
65.0
102.0
122.0
82.0
62.0
66.0
235.0
61.0
144.0
27.0
86.0
75.0
235.0
27.0
56.0
99.0
87.0
80.0
95.0
51.0
123.0
116.0
62.0
55.0
78.0
66.0
91.0
105.0
94.0
117.0
44.0
87.0
95.0
120.0
93.0
152.0
121.0
123.0
176.0
34.0
81.0
33.0
201.0
71.0
73.0
59.0
70.0
56.0
78.0
75.0
97.0
54.0
83.0
109.0
84.0
118.0
55.0
228.0
87.0
151.0
76.0
134.0
54.0
241.0
74.0
131.0
67.0
114.0
87.0
116.0
84.0
150.0
109.0
138.0
117.0
67.0
130.0
97.0
147.0
117.0
117.0
155.0
89.0
38.0
96.0
68.0
73.0
149.0
76.0
229.0
75.0
143.0
52.0
148.0
95.0
94.0
95.0
132.0
74.0
64.0
61.0
47.0
37.0
141.0
32.0
138.0
89.0
46.0
180.0
60.0
111.0
101.0
119.0
97.0
46.0
89.0
128.0
46.0
81.0
83.0
92.0
86.0
94.0
118.0
32.0
84.0
76.0
56.0
105.0
32.0
93.0
151.0
87.0
65.0
92.0
72.0
74.0
84.0
35.0
107.0
88.0
74.0
86.0
77.0
73.0
142.0
67.0
84.0
63.0
114.0
70.0
205.0
89.0
44.0
147.0
143.0
70.0
39.0
120.0
56.0
86.0
113.0
72.0
151.0
136.0
107.0
118.0
85.0
81.0
127.0
55.0
52.0
96.0
149.0
113.0
85.0
139.0
81.0
41.0
111.0
85.0
79.0
134.0
77.0
76.0
112.0
70.0
76.0
49.0
97.0
119.0
150.0
59.0
36.0
110.0
157.0
110.0
68.0
113.0
45.0
64.0
96.0
105.0
141.0
46.0
95.0
94.0
84.0
170.0
119.0
117.0
74.0
74.0
104.0
57.0
155.0
72.0
135.0
120.0
44.0
68.0
49.0
45.0
61.0
93.0
97.0
65.0
74.0
89.0
72.0
63.0
68.0
94.0
150.0
95.0
91.0
120.0
96.0
74.0
63.0
66.0
50.0
120.0
65.0
70.0
109.0
47.0
106.0
69.0
132.0
140.0
121.0
195.0
104.0
105.0
71.0
139.0
112.0
81.0
62.0
111.0
72.0
37.0
62.0
140.0
55.0
182.0
69.0
142.0
39.0
104.0
97.0
139.0
101.0
101.0
56.0
79.0
89.0
136.0
122.0
54.0
52.0
94.0
68.0
93.0
80.0
77.0
147.0
52.0
108.0
66.0
111.0
103.0
52.0
104.0
97.0
153.0
158.0
105.0
56.0
76.0
78.0
68.0
135.0
86.0
101.0
125.0
161.0
90.0
72.0
103.0
102.0
77.0
100.0
117.0
60.0
71.0
120.0
132.0
88.0
47.0
39.0
56.0
77.0
169.0
57.0
86.0
122.0
107.0
91.0
55.0
93.0
50.0
109.0
101.0
72.0
112.0
111.0
98.0
65.0
62.0
65.0
93.0
105.0
110.0
76.0
80.0
136.0
129.0
108.0
109.0
164.0
77.0
69.0
58.0
150.0
50.0
107.0
61.0
85.0
78.0
60.0
60.0
98.0
218.0
46.0
90.0
85.0
124.0
109.0
139.0
80.0
99.0
83.0
140.0
84.0
124.0
43.0
57.0
99.0
102.0
80.0
82.0
44.0
119.0
113.0
76.0
141.0
42.0
105.0
68.0
153.0
114.0
132.0
60.0
71.0
91.0
74.0
112.0
25.0
105.0
160.0
58.0
97.0
220.0
62.0
184.0
124.0
57.0
60.0
74.0
94.0
82.0
46.0
103.0
50.0
64.0
76.0
102.0
78.0
122.0
50.0
192.0
99.0
64.0
73.0
63.0
105.0
142.0
82.0
69.0
73.0
98.0
91.0
75.0
86.0
105.0
100.0
75.0
108.0
143.0
84.0
193.0
123.0
117.0
129.0
59.0
161.0
51.0
105.0
90.0
66.0
71.0
123.0
103.0
61.0
122.0
65.0
181.0
36.0
134.0
127.0
87.0
111.0
113.0
124.0
102.0
61.0
51.0
98.0
106.0
66.0
75.0
63.0
154.0
78.0
66.0
92.0
144.0
69.0
84.0
66.0
87.0
68.0
75.0
61.0
68.0
98.0
80.0
60.0
155.0
165.0
87.0
100.0
37.0
87.0
78.0
107.0
53.0
82.0
96.0
73.0
141.0
45.0
39.0
114.0
62.0
50.0
155.0
86.0
56.0
192.0
140.0
46.0
45.0
106.0
103.0
38.0
78.0
108.0
59.0
49.0
55.0
64.0
86.0
160.0
63.0
90.0
78.0
71.0
101.0
149.0
111.0
118.0
145.0
104.0
60.0
91.0
75.0
64.0
137.0
103.0
74.0
97.0
103.0
255.0
87.0
68.0
65.0
139.0
96.0
67.0
148.0
56.0
56.0
79.0
58.0
77.0
69.0
67.0
90.0
84.0
89.0
88.0
77.0
101.0
94.0
223.0
58.0
142.0
101.0
70.0
87.0
147.0
53.0
81.0
92.0
98.0
81.0
175.0
101.0
84.0
51.0
82.0
63.0
73.0
60.0
104.0
114.0
73.0
79.0
71.0
100.0
111.0
81.0
83.0
81.0
66.0
110.0
98.0
85.0
130.0
251.0
94.0
96.0
100.0
97.0
162.0
36.0
211.0
67.0
108.0
111.0
110.0
73.0
57.0
406.0
73.0
55.0
84.0
54.0
72.0
82.0
64.0
139.0
69.0
146.0
62.0
72.0
52.0
73.0
80.0
119.0
62.0
102.0
90.0
72.0
88.0
50.0
133.0
75.0
67.0
82.0
48.0
69.0
102.0
81.0
117.0
138.0
129.0
120.0
159.0
89.0
72.0
118.0
95.0
62.0
78.0
62.0
56.0
73.0
76.0
98.0
209.0
108.0
98.0
62.0
72.0
58.0
133.0
107.0
84.0
97.0
186.0
138.0
117.0
145.0
32.0
56.0
35.0
72.0
66.0
50.0
133.0
129.0
101.0
61.0
76.0
78.0
180.0
151.0
120.0
100.0
293.0
163.0
106.0
123.0
79.0
110.0
87.0
133.0
54.0
99.0
62.0
121.0
110.0
185.0
46.0
94.0
90.0
79.0
64.0
65.0
131.0
68.0
64.0
77.0
79.0
154.0
49.0
117.0
106.0
60.0
65.0
93.0
72.0
82.0
68.0
114.0
117.0
94.0
51.0
93.0
62.0
65.0
72.0
74.0
128.0
46.0
73.0
127.0
84.0
93.0
171.0
125.0
60.0
72.0
169.0
94.0
85.0
78.0
65.0
117.0
63.0
132.0
118.0
81.0
99.0
111.0
137.0
167.0
106.0
73.0
89.0
54.0
90.0
115.0
122.0
90.0
102.0
47.0
80.0
138.0
77.0
101.0
106.0
42.0
127.0
75.0
80.0
83.0
126.0
122.0
79.0
143.0
104.0
93.0
47.0
204.0
114.0
88.0
111.0
175.0
52.0
177.0
95.0
132.0
104.0
51.0
126.0
69.0
70.0
98.0
215.0
109.0
75.0
46.0
119.0
65.0
59.0
106.0
138.0
80.0
79.0
103.0
53.0
126.0
85.0
86.0
106.0
117.0
112.0
70.0
72.0
111.0
131.0
73.0
54.0
81.0
118.0
104.0
91.0
49.0
68.0
87.0
49.0
213.0
64.0
52.0
106.0
111.0
133.0
74.0
70.0
133.0
73.0
121.0
170.0
51.0
141.0
121.0
176.0
77.0
52.0
90.0
187.0
108.0
123.0
68.0
122.0
47.0
63.0
184.0
205.0
33.0
52.0
120.0
61.0
67.0
94.0
105.0
70.0
52.0
96.0
145.0
112.0
151.0
193.0
82.0
107.0
105.0
114.0
120.0
48.0
66.0
212.0
107.0
117.0
73.0
87.0
65.0
77.0
89.0
140.0
74.0
184.0
36.0
121.0
44.0
112.0
96.0
104.0
151.0
132.0
70.0
89.0
190.0
60.0
113.0
68.0
61.0
52.0
83.0
92.0
40.0
55.0
87.0
64.0
106.0
43.0
66.0
130.0
110.0
153.0
119.0
115.0
84.0
158.0
77.0
88.0
67.0
41.0
75.0
212.0
115.0
103.0
66.0
82.0
96.0
56.0
160.0
58.0
113.0
95.0
84.0
69.0
167.0
143.0
98.0
70.0
145.0
124.0
125.0
91.0
68.0
109.0
176.0
74.0
107.0
113.0
126.0
61.0
127.0
155.0
94.0
88.0
46.0
62.0
124.0
129.0
124.0
108.0
53.0
110.0
57.0
50.0
63.0
54.0
71.0
129.0
76.0
126.0
58.0
109.0
53.0
80.0
66.0
87.0
203.0
148.0
63.0
176.0
108.0
37.0
97.0
89.0
107.0
66.0
53.0
55.0
70.0
100.0
73.0
60.0
116.0
180.0
156.0
47.0
94.0
46.0
100.0
75.0
92.0
115.0
177.0
57.0
76.0
51.0
109.0
70.0
173.0
35.0
118.0
52.0
124.0
133.0
134.0
47.0
99.0
100.0
35.0
61.0
162.0
94.0
79.0
54.0
67.0
135.0
31.0
79.0
57.0
106.0
122.0
65.0
121.0
62.0
93.0
84.0
75.0
136.0
138.0
195.0
158.0
104.0
72.0
61.0
162.0
28.0
136.0
80.0
82.0
114.0
101.0
248.0
70.0
66.0
128.0
42.0
58.0
89.0
88.0
127.0
149.0
91.0
106.0
88.0
79.0
117.0
153.0
66.0
105.0
107.0
215.0
46.0
86.0
110.0
100.0
129.0
290.0
69.0
79.0
46.0
109.0
118.0
54.0
154.0
122.0
74.0
88.0
89.0
75.0
59.0
55.0
83.0
108.0
100.0
79.0
74.0
125.0
143.0
86.0
99.0
64.0
109.0
101.0
51.0
84.0
86.0
109.0
89.0
62.0
59.0
87.0
147.0
81.0
76.0
54.0
93.0
189.0
69.0
131.0
167.0
66.0
58.0
67.0
51.0
203.0
75.0
56.0
134.0
43.0
109.0
101.0
112.0
160.0
71.0
145.0
56.0
125.0
88.0
224.0
93.0
86.0
124.0
148.0
98.0
70.0
71.0
110.0
35.0
150.0
68.0
136.0
66.0
72.0
89.0
89.0
60.0
53.0
154.0
79.0
66.0
77.0
126.0
89.0
125.0
117.0
92.0
83.0
136.0
113.0
87.0
32.0
83.0
98.0
92.0
167.0
69.0
63.0
73.0
132.0
131.0
105.0
53.0
91.0
177.0
104.0
92.0
123.0
92.0
98.0
84.0
94.0
66.0
105.0
86.0
103.0
54.0
101.0
71.0
115.0
111.0
59.0
119.0
106.0
91.0
100.0
51.0
126.0
73.0
88.0
75.0
82.0
145.0
133.0
94.0
101.0
122.0
50.0
69.0
114.0
68.0
76.0
147.0
185.0
56.0
82.0
173.0
122.0
102.0
67.0
131.0
84.0
102.0
111.0
96.0
75.0
113.0
85.0
94.0
134.0
125.0
98.0
112.0
52.0
52.0
241.0
76.0
127.0
63.0
57.0
63.0
51.0
153.0
71.0
35.0
86.0
134.0
65.0
88.0
87.0
83.0
92.0
129.0
67.0
66.0
150.0
143.0
84.0
129.0
74.0
128.0
72.0
103.0
121.0
59.0
87.0
103.0
148.0
51.0
110.0
36.0
129.0
68.0
45.0
73.0
101.0
207.0
63.0
133.0
57.0
129.0
83.0
75.0
132.0
144.0
118.0
104.0
168.0
90.0
91.0
104.0
88.0
104.0
63.0
97.0
102.0
78.0
61.0
74.0
130.0
35.0
73.0
93.0
63.0
48.0
193.0
105.0
75.0
123.0
67.0
100.0
126.0
104.0
103.0
105.0
107.0
54.0
140.0
62.0
100.0
127.0
143.0
112.0
120.0
130.0
163.0
85.0
102.0
156.0
94.0
120.0
91.0
112.0
67.0
110.0
109.0
58.0
78.0
60.0
166.0
106.0
86.0
96.0
149.0
64.0
90.0
83.0
69.0
43.0
101.0
120.0
78.0
65.0
161.0
84.0
30.0
65.0
88.0
101.0
191.0
75.0
69.0
119.0
54.0
112.0
85.0
95.0
41.0
51.0
115.0
170.0
103.0
142.0
108.0
33.0
97.0
61.0
82.0
135.0
53.0
90.0
137.0
128.0
41.0
149.0
66.0
90.0
52.0
117.0
93.0
75.0
159.0
85.0
145.0
85.0
163.0
46.0
82.0
77.0
79.0
94.0
63.0
82.0
108.0
146.0
90.0
101.0
72.0
73.0
87.0
68.0
82.0
43.0
181.0
74.0
93.0
103.0
94.0
96.0
76.0
70.0
53.0
63.0
112.0
160.0
84.0
106.0
123.0
86.0
58.0
90.0
87.0
74.0
92.0
60.0
107.0
101.0
103.0
100.0
112.0
57.0
61.0
66.0
63.0
146.0
135.0
42.0
81.0
93.0
107.0
59.0
83.0
76.0
89.0
38.0
52.0
50.0
80.0
46.0
50.0
90.0
91.0
66.0
82.0
97.0
115.0
80.0
86.0
94.0
109.0
78.0
112.0
47.0
90.0
114.0
54.0
38.0
89.0
83.0
106.0
74.0
146.0
207.0
137.0
109.0
95.0
66.0
57.0
144.0
82.0
112.0
138.0
51.0
76.0
103.0
47.0
94.0
142.0
106.0
104.0
85.0
139.0
150.0
88.0
123.0
119.0
55.0
130.0
60.0
113.0
108.0
44.0
88.0
90.0
111.0
94.0
197.0
86.0
169.0
100.0
85.0
57.0
51.0
197.0
60.0
49.0
56.0
97.0
57.0
74.0
138.0
67.0
98.0
109.0
47.0
77.0
66.0
80.0
130.0
50.0
114.0
75.0
111.0
116.0
175.0
127.0
55.0
86.0
80.0
38.0
102.0
59.0
122.0
148.0
53.0
123.0
90.0
115.0
84.0
43.0
123.0
111.0
56.0
84.0
162.0
66.0
124.0
74.0
89.0
87.0
73.0
105.0
107.0
52.0
84.0
102.0
107.0
112.0
38.0
125.0
259.0
55.0
107.0
75.0
62.0
109.0
99.0
80.0
81.0
115.0
77.0
133.0
79.0
76.0
54.0
99.0
47.0
71.0
104.0
74.0
95.0
73.0
92.0
80.0
124.0
122.0
114.0
122.0
102.0
113.0
92.0
130.0
83.0
142.0
114.0
96.0
89.0
71.0
46.0
107.0
83.0
85.0
85.0
160.0
106.0
65.0
63.0
129.0
89.0
116.0
102.0
59.0
131.0
83.0
66.0
76.0
111.0
145.0
126.0
55.0
106.0
103.0
153.0
56.0
171.0
98.0
138.0
75.0
97.0
46.0
67.0
107.0
79.0
99.0
139.0
89.0
51.0
129.0
50.0
148.0
77.0
107.0
71.0
68.0
76.0
142.0
48.0
88.0
170.0
137.0
77.0
137.0
107.0
102.0
108.0
94.0
81.0
137.0
80.0
125.0
140.0
69.0
122.0
92.0
84.0
129.0
48.0
49.0
88.0
61.0
106.0
65.0
133.0
93.0
64.0
55.0
80.0
79.0
141.0
71.0
112.0
126.0
53.0
81.0
117.0
47.0
165.0
109.0
153.0
81.0
52.0
95.0
71.0
118.0
127.0
122.0
69.0
121.0
187.0
137.0
38.0
120.0
50.0
77.0
102.0
143.0
135.0
88.0
108.0
58.0
90.0
66.0
49.0
66.0
69.0
146.0
44.0
173.0
121.0
116.0
79.0
145.0
109.0
116.0
166.0
76.0
58.0
42.0
129.0
42.0
57.0
150.0
110.0
77.0
71.0
93.0
231.0
83.0
80.0
76.0
150.0
72.0
71.0
68.0
121.0
69.0
96.0
79.0
63.0
93.0
73.0
155.0
161.0
130.0
164.0
125.0
106.0
80.0
75.0
128.0
102.0
73.0
68.0
68.0
61.0
141.0
104.0
86.0
95.0
118.0
116.0
138.0
93.0
69.0
113.0
90.0
98.0
110.0
81.0
134.0
113.0
87.0
161.0
64.0
49.0
94.0
71.0
51.0
130.0
131.0
72.0
183.0
87.0
116.0
135.0
124.0
77.0
140.0
47.0
95.0
89.0
119.0
148.0
68.0
49.0
91.0
80.0
188.0
85.0
62.0
115.0
106.0
92.0
93.0
114.0
47.0
63.0
82.0
54.0
97.0
90.0
90.0
148.0
97.0
69.0
80.0
135.0
72.0
72.0
169.0
62.0
76.0
132.0
120.0
46.0
128.0
171.0
44.0
98.0
47.0
107.0
206.0
80.0
99.0
133.0
95.0
77.0
146.0
122.0
44.0
90.0
82.0
105.0
77.0
69.0
132.0
101.0
180.0
76.0
78.0
65.0
64.0
94.0
101.0
157.0
52.0
112.0
58.0
94.0
109.0
155.0
95.0
145.0
78.0
94.0
33.0
100.0
83.0
145.0
82.0
128.0
155.0
86.0
79.0
87.0
117.0
116.0
96.0
33.0
119.0
120.0
89.0
123.0
119.0
137.0
89.0
109.0
94.0
48.0
90.0
132.0
158.0
82.0
122.0
117.0
157.0
77.0
33.0
242.0
105.0
134.0
135.0
95.0
66.0
72.0
78.0
96.0
101.0
150.0
32.0
112.0
78.0
83.0
52.0
80.0
101.0
75.0
146.0
93.0
47.0
94.0
79.0
222.0
88.0
122.0
61.0
96.0
72.0
125.0
79.0
147.0
186.0
57.0
66.0
76.0
108.0
155.0
63.0
68.0
112.0
83.0
127.0
136.0
40.0
72.0
124.0
75.0
77.0
104.0
51.0
135.0
88.0
73.0
150.0
88.0
191.0
57.0
154.0
59.0
120.0
75.0
94.0
118.0
179.0
104.0
140.0
64.0
105.0
51.0
184.0
95.0
88.0
163.0
102.0
107.0
124.0
82.0
167.0
103.0
122.0
123.0
87.0
119.0
35.0
105.0
104.0
127.0
76.0
161.0
64.0
132.0
92.0
132.0
107.0
74.0
108.0
143.0
154.0
128.0
115.0
115.0
54.0
126.0
80.0
48.0
117.0
87.0
112.0
66.0
56.0
118.0
76.0
100.0
103.0
87.0
57.0
86.0
74.0
79.0
94.0
101.0
125.0
56.0
45.0
246.0
149.0
75.0
92.0
84.0
70.0
229.0
179.0
64.0
83.0
119.0
105.0
94.0
85.0
93.0
118.0
69.0
98.0
85.0
77.0
110.0
55.0
68.0
93.0
75.0
134.0
119.0
117.0
135.0
127.0
43.0
101.0
61.0
142.0
86.0
45.0
87.0
152.0
97.0
69.0
94.0
122.0
104.0
87.0
107.0
126.0
71.0
101.0
112.0
69.0
81.0
101.0
82.0
66.0
175.0
98.0
80.0
335.0
75.0
85.0
91.0
123.0
83.0
85.0
105.0
90.0
67.0
156.0
102.0
63.0
78.0
120.0
197.0
91.0
64.0
52.0
55.0
155.0
71.0
72.0
61.0
79.0
82.0
80.0
72.0
105.0
84.0
113.0
100.0
85.0
78.0
83.0
128.0
86.0
145.0
96.0
85.0
66.0
151.0
87.0
45.0
75.0
73.0
133.0
160.0
111.0
151.0
31.0
115.0
137.0
83.0
125.0
49.0
156.0
132.0
101.0
60.0
51.0
124.0
63.0
144.0
175.0
123.0
87.0
68.0
70.0
124.0
97.0
66.0
118.0
100.0
49.0
60.0
41.0
89.0
201.0
103.0
88.0
106.0
95.0
181.0
67.0
128.0
104.0
75.0
143.0
117.0
201.0
53.0
103.0
132.0
60.0
178.0
79.0
84.0
74.0
87.0
51.0
87.0
116.0
150.0
126.0
113.0
66.0
111.0
126.0
77.0
105.0
87.0
120.0
62.0
88.0
116.0
63.0
95.0
201.0
149.0
81.0
134.0
73.0
69.0
91.0
77.0
108.0
83.0
74.0
104.0
120.0
68.0
85.0
97.0
85.0
90.0
46.0
117.0
90.0
160.0
128.0
113.0
99.0
50.0
134.0
118.0
63.0
36.0
69.0
173.0
128.0
90.0
64.0
92.0
63.0
104.0
97.0
86.0
75.0
76.0
83.0
63.0
100.0
49.0
99.0
129.0
86.0
67.0
94.0
116.0
82.0
141.0
70.0
33.0
80.0
131.0
85.0
210.0
94.0
56.0
95.0
94.0
46.0
74.0
141.0
122.0
53.0
198.0
112.0
52.0
108.0
57.0
89.0
96.0
144.0
44.0
46.0
55.0
38.0
148.0
165.0
126.0
92.0
190.0
108.0
75.0
68.0
113.0
105.0
34.0
80.0
232.0
60.0
112.0
78.0
80.0
111.0
151.0
217.0
73.0
47.0
54.0
111.0
94.0
80.0
136.0
126.0
75.0
113.0
59.0
63.0
100.0
59.0
78.0
89.0
76.0
96.0
105.0
60.0
53.0
117.0
44.0
107.0
136.0
64.0
99.0
59.0
67.0
201.0
54.0
85.0
79.0
67.0
110.0
80.0
129.0
87.0
81.0
180.0
75.0
109.0
112.0
83.0
103.0
112.0
67.0
51.0
113.0
96.0
137.0
84.0
217.0
143.0
124.0
58.0
100.0
114.0
102.0
52.0
79.0
59.0
147.0
94.0
45.0
66.0
73.0
55.0
80.0
63.0
71.0
45.0
98.0
69.0
43.0
148.0
133.0
58.0
153.0
113.0
47.0
127.0
60.0
136.0
64.0
116.0
158.0
32.0
117.0
94.0
112.0
147.0
124.0
70.0
43.0
128.0
67.0
66.0
55.0
138.0
65.0
110.0
35.0
113.0
57.0
167.0
40.0
123.0
67.0
50.0
130.0
42.0
135.0
138.0
72.0
130.0
72.0
92.0
99.0
95.0
46.0
73.0
93.0
109.0
157.0
36.0
62.0
142.0
110.0
39.0
102.0
36.0
116.0
101.0
69.0
117.0
93.0
80.0
90.0
85.0
231.0
88.0
87.0
84.0
137.0
70.0
78.0
96.0
131.0
98.0
56.0
78.0
65.0
87.0
130.0
44.0
96.0
84.0
104.0
85.0
82.0
85.0
87.0
103.0
108.0
152.0
109.0
139.0
78.0
47.0
86.0
87.0
88.0
103.0
107.0
58.0
145.0
90.0
71.0
78.0
175.0
114.0
75.0
44.0
97.0
87.0
50.0
69.0
134.0
53.0
131.0
111.0
68.0
98.0
114.0
52.0
55.0
61.0
100.0
81.0
93.0
33.0
185.0
149.0
36.0
75.0
97.0
90.0
117.0
101.0
194.0
145.0
116.0
80.0
125.0
128.0
123.0
114.0
76.0
90.0
43.0
119.0
71.0
108.0
99.0
57.0
107.0
84.0
83.0
50.0
103.0
92.0
117.0
106.0
90.0
46.0
79.0
130.0
87.0
97.0
232.0
68.0
40.0
151.0
148.0
81.0
79.0
88.0
212.0
50.0
126.0
58.0
57.0
125.0
56.0
105.0
79.0
100.0
78.0
56.0
101.0
133.0
137.0
57.0
111.0
88.0
71.0
74.0
86.0
83.0
158.0
97.0
122.0
94.0
156.0
120.0
131.0
95.0
118.0
69.0
65.0
85.0
93.0
116.0
129.0
68.0
86.0
64.0
74.0
90.0
86.0
62.0
94.0
64.0
96.0
126.0
105.0
84.0
113.0
97.0
59.0
147.0
72.0
60.0
121.0
87.0
120.0
76.0
99.0
89.0
138.0
48.0
137.0
55.0
118.0
124.0
129.0
72.0
152.0
81.0
111.0
89.0
68.0
48.0
98.0
87.0
103.0
64.0
104.0
194.0
48.0
68.0
150.0
89.0
77.0
51.0
81.0
124.0
69.0
114.0
111.0
130.0
65.0
71.0
105.0
62.0
99.0
84.0
90.0
73.0
85.0
64.0
141.0
105.0
81.0
115.0
46.0
98.0
90.0
80.0
119.0
113.0
42.0
117.0
72.0
139.0
114.0
103.0
82.0
90.0
141.0
58.0
142.0
121.0
72.0
55.0
102.0
101.0
137.0
52.0
84.0
103.0
147.0
85.0
64.0
62.0
115.0
117.0
86.0
57.0
56.0
95.0
148.0
66.0
80.0
134.0
85.0
123.0
97.0
93.0
131.0
64.0
81.0
93.0
55.0
61.0
85.0
182.0
114.0
179.0
103.0
149.0
44.0
212.0
48.0
99.0
58.0
82.0
84.0
91.0
87.0
108.0
133.0
57.0
184.0
90.0
81.0
107.0
93.0
176.0
106.0
65.0
82.0
98.0
128.0
124.0
59.0
68.0
44.0
110.0
45.0
170.0
89.0
108.0
104.0
110.0
78.0
64.0
60.0
66.0
109.0
134.0
143.0
104.0
159.0
92.0
97.0
95.0
93.0
93.0
81.0
69.0
53.0
129.0
105.0
132.0
119.0
127.0
99.0
104.0
131.0
54.0
168.0
99.0
52.0
98.0
123.0
72.0
141.0
106.0
75.0
53.0
123.0
67.0
82.0
101.0
115.0
63.0
92.0
99.0
58.0
92.0
122.0
52.0
42.0
110.0
105.0
72.0
124.0
86.0
106.0
111.0
91.0
118.0
169.0
85.0
82.0
88.0
127.0
83.0
115.0
76.0
96.0
81.0
89.0
70.0
60.0
48.0
47.0
71.0
94.0
63.0
152.0
90.0
148.0
152.0
97.0
67.0
124.0
58.0
154.0
100.0
101.0
81.0
82.0
68.0
65.0
129.0
76.0
110.0
100.0
145.0
55.0
56.0
121.0
110.0
80.0
116.0
99.0
109.0
139.0
177.0
103.0
96.0
134.0
104.0
146.0
99.0
135.0
117.0
91.0
114.0
70.0
68.0
147.0
85.0
194.0
142.0
99.0
162.0
141.0
64.0
26.0
97.0
232.0
99.0
50.0
75.0
50.0
130.0
79.0
64.0
44.0
69.0
131.0
68.0
50.0
146.0
37.0
132.0
241.0
92.0
117.0
178.0
143.0
62.0
62.0
86.0
107.0
147.0
82.0
47.0
199.0
129.0
97.0
112.0
96.0
181.0
73.0
95.0
106.0
86.0
62.0
74.0
127.0
50.0
105.0
117.0
117.0
80.0
134.0
125.0
73.0
191.0
59.0
95.0
203.0
96.0
88.0
89.0
150.0
62.0
82.0
82.0
97.0
162.0
87.0
131.0
54.0
71.0
76.0
130.0
102.0
149.0
81.0
157.0
81.0
96.0
121.0
124.0
183.0
118.0
100.0
89.0
99.0
75.0
134.0
181.0
109.0
57.0
96.0
70.0
120.0
157.0
116.0
56.0
54.0
125.0
147.0
201.0
91.0
67.0
141.0
52.0
67.0
66.0
114.0
51.0
62.0
81.0
92.0
103.0
153.0
70.0
76.0
113.0
168.0
73.0
107.0
50.0
74.0
70.0
83.0
85.0
119.0
83.0
88.0
178.0
59.0
51.0
102.0
107.0
133.0
79.0
54.0
88.0
111.0
110.0
178.0
48.0
107.0
100.0
81.0
99.0
89.0
82.0
113.0
67.0
134.0
58.0
111.0
96.0
95.0
64.0
79.0
75.0
78.0
90.0
109.0
71.0
103.0
74.0
175.0
111.0
80.0
72.0
150.0
61.0
67.0
64.0
113.0
133.0
91.0
86.0
69.0
116.0
92.0
129.0
63.0
118.0
89.0
158.0
79.0
110.0
103.0
134.0
95.0
80.0
94.0
84.0
92.0
181.0
64.0
145.0
71.0
112.0
90.0
118.0
164.0
173.0
51.0
68.0
136.0
54.0
107.0
88.0
155.0
137.0
131.0
218.0
98.0
98.0
65.0
73.0
32.0
106.0
49.0
57.0
99.0
53.0
66.0
109.0
104.0
60.0
94.0
102.0
130.0
100.0
122.0
75.0
101.0
57.0
95.0
140.0
52.0
138.0
94.0
59.0
130.0
136.0
112.0
89.0
45.0
26.0
97.0
153.0
55.0
111.0
102.0
74.0
118.0
89.0
80.0
124.0
137.0
135.0
195.0
43.0
149.0
113.0
68.0
124.0
83.0
52.0
96.0
40.0
163.0
98.0
126.0
127.0
230.0
92.0
80.0
51.0
109.0
104.0
148.0
47.0
97.0
127.0
147.0
68.0
116.0
118.0
91.0
71.0
124.0
231.0
93.0
87.0
171.0
69.0
74.0
68.0
78.0
78.0
58.0
127.0
50.0
68.0
91.0
85.0
112.0
98.0
110.0
67.0
137.0
77.0
114.0
71.0
132.0
32.0
121.0
137.0
99.0
102.0
166.0
71.0
76.0
109.0
100.0
101.0
63.0
105.0
59.0
147.0
74.0
48.0
135.0
92.0
119.0
72.0
106.0
114.0
108.0
107.0
81.0
127.0
102.0
54.0
54.0
145.0
99.0
91.0
149.0
47.0
97.0
59.0
98.0
167.0
88.0
76.0
163.0
47.0
41.0
115.0
65.0
92.0
190.0
65.0
70.0
68.0
101.0
96.0
79.0
35.0
80.0
80.0
129.0
81.0
77.0
102.0
125.0
77.0
85.0
72.0
74.0
48.0
95.0
128.0
63.0
113.0
46.0
149.0
222.0
73.0
91.0
188.0
98.0
64.0
114.0
168.0
117.0
93.0
88.0
162.0
109.0
82.0
87.0
45.0
71.0
97.0
69.0
162.0
71.0
66.0
60.0
145.0
88.0
121.0
88.0
111.0
134.0
74.0
110.0
83.0
96.0
89.0
88.0
127.0
81.0
124.0
145.0
68.0
187.0
155.0
66.0
64.0
28.0
74.0
115.0
106.0
78.0
168.0
114.0
135.0
73.0
50.0
95.0
95.0
69.0
128.0
100.0
40.0
64.0
211.0
85.0
75.0
148.0
58.0
126.0
99.0
85.0
91.0
71.0
29.0
106.0
122.0
59.0
86.0
119.0
72.0
157.0
130.0
74.0
159.0
84.0
127.0
102.0
138.0
82.0
99.0
71.0
120.0
84.0
132.0
90.0
103.0
38.0
88.0
90.0
73.0
81.0
74.0
104.0
80.0
124.0
90.0
67.0
74.0
150.0
86.0
135.0
118.0
76.0
58.0
146.0
60.0
77.0
92.0
48.0
83.0
90.0
91.0
328.0
73.0
96.0
67.0
79.0
111.0
142.0
125.0
48.0
33.0
131.0
170.0
94.0
42.0
98.0
44.0
123.0
153.0
136.0
73.0
156.0
165.0
64.0
131.0
68.0
94.0
62.0
71.0
58.0
110.0
142.0
65.0
97.0
48.0
67.0
68.0
80.0
68.0
93.0
54.0
129.0
107.0
173.0
91.0
74.0
167.0
210.0
80.0
59.0
79.0
56.0
31.0
90.0
91.0
51.0
24.0
168.0
96.0
123.0
162.0
84.0
123.0
72.0
36.0
128.0
53.0
130.0
136.0
84.0
90.0
116.0
86.0
128.0
82.0
65.0
113.0
65.0
130.0
95.0
66.0
103.0
153.0
117.0
59.0
49.0
108.0
113.0
72.0
121.0
106.0
93.0
172.0
120.0
83.0
88.0
102.0
83.0
68.0
112.0
70.0
80.0
116.0
132.0
126.0
104.0
123.0
103.0
164.0
94.0
113.0
71.0
97.0
55.0
73.0
64.0
130.0
154.0
153.0
77.0
77.0
53.0
95.0
66.0
106.0
93.0
133.0
70.0
340.0
125.0
113.0
88.0
116.0
127.0
60.0
93.0
69.0
76.0
90.0
102.0
93.0
76.0
92.0
68.0
102.0
143.0
148.0
97.0
63.0
146.0
151.0
86.0
112.0
99.0
54.0
41.0
99.0
63.0
76.0
75.0
115.0
64.0
88.0
86.0
159.0
507.0
82.0
79.0
95.0
108.0
90.0
51.0
50.0
140.0
143.0
63.0
167.0
108.0
41.0
108.0
168.0
101.0
179.0
86.0
53.0
67.0
68.0
133.0
57.0
101.0
39.0
163.0
100.0
57.0
114.0
91.0
107.0
118.0
105.0
92.0
100.0
79.0
70.0
102.0
67.0
92.0
115.0
120.0
127.0
71.0
126.0
53.0
101.0
131.0
61.0
67.0
64.0
92.0
110.0
34.0
86.0
152.0
79.0
119.0
90.0
123.0
79.0
47.0
57.0
85.0
59.0
71.0
104.0
86.0
95.0
128.0
85.0
74.0
177.0
56.0
61.0
69.0
121.0
73.0
101.0
120.0
108.0
121.0
67.0
134.0
107.0
86.0
91.0
69.0
77.0
46.0
250.0
57.0
130.0
86.0
34.0
148.0
54.0
107.0
68.0
96.0
56.0
100.0
84.0
209.0
93.0
86.0
105.0
143.0
38.0
160.0
107.0
81.0
60.0
118.0
111.0
73.0
103.0
130.0
78.0
120.0
86.0
124.0
130.0
196.0
99.0
57.0
58.0
130.0
97.0
84.0
75.0
86.0
61.0
120.0
49.0
154.0
44.0
68.0
109.0
81.0
81.0
30.0
116.0
161.0
54.0
69.0
91.0
66.0
154.0
112.0
109.0
68.0
113.0
124.0
190.0
87.0
211.0
105.0
129.0
114.0
67.0
149.0
61.0
131.0
51.0
64.0
98.0
129.0
83.0
68.0
77.0
149.0
67.0
37.0
125.0
58.0
68.0
53.0
46.0
55.0
107.0
74.0
104.0
95.0
121.0
175.0
83.0
47.0
95.0
65.0
68.0
91.0
64.0
74.0
106.0
78.0
85.0
27.0
49.0
177.0
159.0
77.0
120.0
39.0
103.0
174.0
101.0
145.0
78.0
75.0
156.0
70.0
159.0
71.0
93.0
91.0
61.0
71.0
110.0
143.0
110.0
80.0
104.0
225.0
96.0
77.0
54.0
188.0
170.0
89.0
143.0
158.0
91.0
116.0
63.0
73.0
50.0
86.0
76.0
129.0
105.0
82.0
120.0
63.0
84.0
79.0
126.0
112.0
78.0
74.0
94.0
46.0
111.0
89.0
88.0
117.0
130.0
117.0
140.0
137.0
63.0
222.0
105.0
91.0
169.0
77.0
99.0
132.0
89.0
54.0
32.0
103.0
72.0
104.0
130.0
89.0
77.0
129.0
65.0
54.0
88.0
110.0
40.0
72.0
241.0
106.0
72.0
93.0
134.0
123.0
234.0
43.0
68.0
48.0
68.0
87.0
51.0
132.0
124.0
109.0
143.0
89.0
90.0
122.0
94.0
122.0
102.0
87.0
71.0
101.0
140.0
124.0
121.0
51.0
60.0
113.0
63.0
166.0
101.0
175.0
92.0
115.0
98.0
94.0
235.0
55.0
79.0
94.0
114.0
93.0
69.0
71.0
104.0
63.0
129.0
98.0
90.0
133.0
109.0
109.0
118.0
73.0
109.0
99.0
105.0
107.0
63.0
146.0
106.0
99.0
100.0
78.0
157.0
214.0
77.0
97.0
110.0
189.0
48.0
92.0
122.0
78.0
87.0
159.0
155.0
97.0
143.0
56.0
96.0
62.0
81.0
99.0
57.0
84.0
170.0
61.0
96.0
123.0
72.0
89.0
69.0
34.0
75.0
120.0
85.0
224.0
85.0
86.0
235.0
118.0
79.0
110.0
134.0
104.0
56.0
58.0
171.0
142.0
64.0
134.0
69.0
86.0
68.0
59.0
56.0
56.0
149.0
46.0
131.0
122.0
47.0
203.0
93.0
177.0
56.0
59.0
121.0
58.0
94.0
58.0
90.0
92.0
97.0
84.0
81.0
30.0
110.0
52.0
137.0
56.0
68.0
27.0
77.0
60.0
67.0
117.0
88.0
178.0
117.0
97.0
133.0
80.0
96.0
61.0
196.0
112.0
105.0
58.0
70.0
69.0
102.0
103.0
67.0
140.0
77.0
227.0
88.0
71.0
141.0
98.0
70.0
122.0
86.0
142.0
115.0
105.0
75.0
210.0
90.0
56.0
138.0
116.0
138.0
84.0
61.0
75.0
73.0
55.0
164.0
100.0
49.0
44.0
174.0
95.0
111.0
99.0
82.0
139.0
77.0
48.0
132.0
118.0
74.0
76.0
240.0
132.0
101.0
103.0
116.0
35.0
119.0
90.0
108.0
101.0
68.0
67.0
88.0
99.0
174.0
75.0
50.0
102.0
147.0
58.0
56.0
148.0
74.0
70.0
131.0
96.0
78.0
65.0
38.0
139.0
57.0
46.0
107.0
131.0
70.0
70.0
43.0
90.0
122.0
73.0
82.0
95.0
106.0
159.0
110.0
150.0
83.0
72.0
89.0
42.0
121.0
68.0
237.0
37.0
131.0
105.0
67.0
147.0
132.0
100.0
38.0
89.0
100.0
43.0
93.0
142.0
77.0
122.0
145.0
138.0
71.0
55.0
144.0
49.0
130.0
195.0
122.0
115.0
87.0
74.0
134.0
72.0
76.0
90.0
99.0
123.0
80.0
248.0
85.0
172.0
64.0
143.0
74.0
150.0
87.0
78.0
75.0
114.0
68.0
132.0
136.0
106.0
47.0
144.0
122.0
50.0
59.0
89.0
131.0
37.0
78.0
148.0
101.0
69.0
62.0
64.0
50.0
250.0
159.0
115.0
100.0
72.0
52.0
133.0
85.0
111.0
83.0
58.0
140.0
87.0
64.0
124.0
73.0
75.0
168.0
133.0
90.0
82.0
77.0
53.0
67.0
111.0
161.0
87.0
188.0
186.0
115.0
85.0
78.0
47.0
81.0
50.0
125.0
69.0
113.0
134.0
58.0
79.0
101.0
156.0
82.0
129.0
96.0
138.0
68.0
73.0
112.0
66.0
133.0
61.0
69.0
98.0
128.0
74.0
60.0
112.0
113.0
175.0
27.0
184.0
76.0
83.0
112.0
137.0
135.0
57.0
65.0
67.0
84.0
88.0
141.0
260.0
149.0
122.0
83.0
112.0
53.0
36.0
96.0
81.0
82.0
133.0
76.0
75.0
67.0
107.0
46.0
42.0
156.0
141.0
95.0
42.0
59.0
45.0
162.0
261.0
95.0
66.0
45.0
90.0
93.0
69.0
476.0
121.0
57.0
53.0
111.0
59.0
121.0
120.0
105.0
44.0
146.0
82.0
146.0
80.0
71.0
81.0
94.0
130.0
138.0
86.0
54.0
34.0
98.0
74.0
139.0
130.0
159.0
42.0
95.0
40.0
69.0
92.0
184.0
152.0
152.0
91.0
128.0
74.0
125.0
135.0
117.0
88.0
29.0
59.0
113.0
79.0
45.0
141.0
84.0
140.0
72.0
171.0
72.0
141.0
123.0
53.0
99.0
124.0
69.0
109.0
75.0
66.0
84.0
95.0
206.0
149.0
64.0
73.0
63.0
131.0
76.0
56.0
104.0
75.0
89.0
53.0
35.0
132.0
62.0
107.0
55.0
72.0
193.0
161.0
132.0
103.0
69.0
54.0
64.0
60.0
146.0
96.0
50.0
102.0
66.0
82.0
468.0
76.0
78.0
40.0
89.0
95.0
110.0
102.0
89.0
42.0
84.0
69.0
161.0
118.0
77.0
137.0
143.0
59.0
115.0
148.0
88.0
34.0
119.0
84.0
107.0
90.0
101.0
150.0
48.0
101.0
149.0
78.0
55.0
325.0
119.0
101.0
48.0
150.0
99.0
119.0
118.0
90.0
70.0
154.0
103.0
53.0
211.0
84.0
50.0
89.0
59.0
79.0
72.0
85.0
159.0
79.0
122.0
31.0
188.0
56.0
94.0
83.0
95.0
74.0
89.0
113.0
44.0
46.0
52.0
89.0
101.0
127.0
62.0
136.0
111.0
53.0
81.0
85.0
111.0
96.0
96.0
50.0
140.0
102.0
159.0
42.0
102.0
201.0
162.0
91.0
128.0
175.0
145.0
107.0
102.0
139.0
64.0
123.0
59.0
117.0
73.0
93.0
94.0
132.0
85.0
112.0
79.0
38.0
92.0
83.0
81.0
182.0
238.0
126.0
95.0
136.0
80.0
47.0
89.0
91.0
94.0
47.0
61.0
299.0
104.0
77.0
83.0
62.0
61.0
45.0
77.0
133.0
114.0
88.0
87.0
76.0
72.0
58.0
138.0
62.0
134.0
80.0
89.0
185.0
144.0
87.0
97.0
73.0
92.0
56.0
236.0
133.0
84.0
104.0
87.0
62.0
105.0
82.0
75.0
144.0
52.0
91.0
133.0
54.0
55.0
104.0
98.0
88.0
68.0
68.0
60.0
101.0
44.0
59.0
82.0
63.0
101.0
89.0
60.0
40.0
121.0
160.0
101.0
93.0
109.0
135.0
197.0
87.0
115.0
136.0
56.0
294.0
81.0
70.0
158.0
75.0
56.0
53.0
93.0
133.0
52.0
116.0
103.0
46.0
85.0
143.0
49.0
120.0
80.0
127.0
51.0
96.0
120.0
119.0
98.0
93.0
74.0
147.0
79.0
69.0
82.0
47.0
43.0
81.0
104.0
83.0
88.0
203.0
75.0
152.0
152.0
114.0
96.0
81.0
71.0
83.0
62.0
95.0
85.0
84.0
109.0
112.0
101.0
119.0
102.0
85.0
75.0
79.0
56.0
129.0
105.0
71.0
101.0
94.0
188.0
90.0
52.0
118.0
138.0
140.0
59.0
37.0
111.0
124.0
92.0
114.0
68.0
70.0
107.0
111.0
91.0
92.0
128.0
55.0
136.0
65.0
148.0
119.0
66.0
133.0
55.0
29.0
130.0
31.0
54.0
70.0
194.0
58.0
82.0
80.0
150.0
88.0
39.0
79.0
83.0
93.0
34.0
70.0
85.0
96.0
91.0
99.0
42.0
132.0
77.0
85.0
67.0
138.0
86.0
109.0
102.0
152.0
45.0
59.0
32.0
63.0
53.0
66.0
79.0
108.0
156.0
102.0
71.0
68.0
72.0
144.0
137.0
83.0
210.0
78.0
176.0
110.0
143.0
67.0
46.0
76.0
72.0
83.0
123.0
95.0
62.0
103.0
101.0
154.0
33.0
84.0
69.0
127.0
74.0
64.0
106.0
76.0
88.0
70.0
57.0
122.0
184.0
109.0
67.0
121.0
98.0
117.0
68.0
78.0
71.0
141.0
67.0
120.0
134.0
81.0
96.0
39.0
146.0
90.0
102.0
54.0
130.0
86.0
213.0
56.0
55.0
44.0
41.0
152.0
97.0
118.0
70.0
71.0
106.0
87.0
66.0
68.0
122.0
50.0
152.0
167.0
112.0
75.0
229.0
72.0
109.0
203.0
175.0
117.0
51.0
95.0
72.0
49.0
56.0
124.0
129.0
134.0
58.0
76.0
136.0
145.0
106.0
128.0
123.0
168.0
67.0
55.0
179.0
40.0
130.0
93.0
117.0
88.0
98.0
103.0
104.0
94.0
86.0
126.0
90.0
39.0
86.0
141.0
68.0
194.0
140.0
50.0
79.0
42.0
82.0
168.0
44.0
217.0
85.0
43.0
75.0
126.0
204.0
99.0
114.0
117.0
189.0
108.0
94.0
124.0
100.0
170.0
142.0
123.0
84.0
31.0
60.0
64.0
124.0
68.0
44.0
126.0
102.0
64.0
48.0
83.0
170.0
97.0
208.0
56.0
133.0
119.0
98.0
61.0
131.0
63.0
50.0
81.0
106.0
104.0
71.0
86.0
180.0
107.0
53.0
108.0
110.0
112.0
156.0
101.0
352.0
154.0
227.0
38.0
82.0
109.0
92.0
76.0
91.0
80.0
42.0
109.0
96.0
80.0
35.0
148.0
81.0
64.0
45.0
201.0
75.0
167.0
76.0
97.0
140.0
105.0
104.0
109.0
115.0
68.0
133.0
97.0
87.0
99.0
78.0
257.0
69.0
152.0
52.0
69.0
120.0
54.0
94.0
49.0
109.0
97.0
89.0
60.0
72.0
102.0
81.0
93.0
58.0
152.0
138.0
121.0
40.0
107.0
52.0
111.0
70.0
92.0
86.0
60.0
114.0
153.0
126.0
166.0
37.0
119.0
85.0
61.0
69.0
184.0
161.0
64.0
123.0
173.0
73.0
212.0
89.0
100.0
36.0
96.0
114.0
100.0
111.0
106.0
58.0
80.0
46.0
41.0
49.0
177.0
48.0
126.0
102.0
103.0
79.0
134.0
82.0
66.0
72.0
48.0
140.0
114.0
75.0
38.0
100.0
110.0
120.0
127.0
94.0
97.0
106.0
100.0
69.0
40.0
76.0
87.0
103.0
94.0
64.0
164.0
108.0
108.0
61.0
61.0
155.0
77.0
128.0
64.0
154.0
150.0
68.0
84.0
50.0
86.0
50.0
190.0
76.0
93.0
123.0
60.0
101.0
115.0
86.0
225.0
92.0
171.0
25.0
43.0
177.0
84.0
126.0
111.0
85.0
51.0
94.0
64.0
199.0
81.0
100.0
59.0
98.0
81.0
94.0
128.0
81.0
246.0
74.0
74.0
133.0
103.0
89.0
46.0
67.0
42.0
52.0
72.0
167.0
71.0
119.0
74.0
125.0
76.0
53.0
48.0
69.0
58.0
167.0
81.0
100.0
77.0
82.0
79.0
87.0
116.0
147.0
63.0
89.0
223.0
68.0
97.0
70.0
72.0
119.0
87.0
61.0
89.0
121.0
79.0
126.0
55.0
180.0
70.0
66.0
62.0
105.0
48.0
34.0
90.0
58.0
167.0
85.0
76.0
507.0
48.0
63.0
160.0
203.0
72.0
242.0
165.0
144.0
27.0
80.0
129.0
198.0
84.0
48.0
89.0
95.0
88.0
118.0
47.0
41.0
93.0
159.0
121.0
74.0
73.0
144.0
279.0
163.0
163.0
61.0
114.0
144.0
31.0
76.0
114.0
59.0
78.0
196.0
68.0
94.0
152.0
108.0
119.0
82.0
143.0
41.0
160.0
115.0
85.0
75.0
181.0
107.0
77.0
76.0
73.0
200.0
106.0
69.0
86.0
48.0
124.0
103.0
86.0
135.0
127.0
121.0
77.0
78.0
121.0
93.0
94.0
182.0
60.0
75.0
220.0
102.0
81.0
77.0
109.0
70.0
190.0
86.0
76.0
164.0
47.0
52.0
128.0
104.0
54.0
206.0
130.0
81.0
178.0
44.0
50.0
79.0
106.0
72.0
60.0
152.0
209.0
71.0
65.0
114.0
112.0
192.0
103.0
129.0
85.0
70.0
137.0
159.0
141.0
136.0
133.0
83.0
93.0
67.0
107.0
106.0
54.0
64.0
63.0
112.0
152.0
114.0
89.0
79.0
111.0
63.0
72.0
116.0
74.0
60.0
84.0
60.0
104.0
111.0
216.0
90.0
78.0
44.0
107.0
88.0
121.0
152.0
64.0
57.0
45.0
90.0
85.0
82.0
64.0
67.0
175.0
93.0
65.0
90.0
115.0
62.0
78.0
86.0
31.0
111.0
161.0
199.0
92.0
104.0
56.0
178.0
113.0
181.0
73.0
41.0
90.0
126.0
90.0
73.0
102.0
147.0
75.0
166.0
40.0
51.0
153.0
61.0
39.0
88.0
73.0
92.0
130.0
68.0
58.0
199.0
32.0
72.0
129.0
139.0
136.0
68.0
107.0
111.0
128.0
216.0
101.0
70.0
99.0
72.0
87.0
71.0
67.0
59.0
65.0
111.0
59.0
61.0
190.0
81.0
67.0
46.0
79.0
108.0
71.0
99.0
73.0
68.0
29.0
97.0
80.0
144.0
50.0
141.0
45.0
226.0
116.0
145.0
46.0
102.0
163.0
82.0
58.0
65.0
66.0
96.0
44.0
129.0
106.0
52.0
85.0
77.0
159.0
98.0
127.0
139.0
105.0
140.0
91.0
58.0
56.0
85.0
115.0
160.0
98.0
59.0
81.0
96.0
51.0
118.0
178.0
169.0
96.0
89.0
72.0
98.0
128.0
154.0
71.0
60.0
212.0
62.0
93.0
60.0
89.0
73.0
90.0
125.0
78.0
45.0
65.0
66.0
125.0
66.0
92.0
136.0
134.0
76.0
73.0
54.0
157.0
75.0
125.0
94.0
168.0
170.0
44.0
108.0
76.0
87.0
99.0
139.0
109.0
79.0
64.0
79.0
106.0
73.0
72.0
50.0
74.0
129.0
40.0
98.0
106.0
104.0
77.0
92.0
29.0
85.0
90.0
91.0
107.0
160.0
72.0
118.0
210.0
73.0
176.0
52.0
90.0
64.0
94.0
56.0
118.0
100.0
180.0
71.0
122.0
84.0
74.0
83.0
52.0
45.0
267.0
110.0
50.0
118.0
29.0
91.0
77.0
70.0
58.0
26.0
48.0
64.0
127.0
63.0
80.0
60.0
97.0
63.0
121.0
151.0
62.0
75.0
93.0
119.0
106.0
124.0
161.0
57.0
53.0
40.0
98.0
96.0
97.0
110.0
141.0
128.0
78.0
224.0
76.0
64.0
116.0
69.0
176.0
135.0
47.0
57.0
138.0
60.0
60.0
59.0
44.0
122.0
96.0
93.0
36.0
149.0
72.0
79.0
130.0
80.0
74.0
104.0
127.0
54.0
79.0
112.0
81.0
132.0
83.0
45.0
40.0
108.0
153.0
56.0
82.0
156.0
106.0
128.0
67.0
66.0
120.0
98.0
80.0
129.0
161.0
130.0
97.0
139.0
34.0
121.0
210.0
97.0
76.0
232.0
57.0
111.0
102.0
114.0
59.0
48.0
51.0
138.0
104.0
77.0
147.0
79.0
89.0
65.0
54.0
95.0
76.0
38.0
59.0
78.0
145.0
87.0
105.0
134.0
55.0
65.0
99.0
80.0
102.0
99.0
149.0
69.0
124.0
66.0
273.0
103.0
102.0
53.0
48.0
145.0
127.0
50.0
59.0
59.0
204.0
72.0
52.0
160.0
98.0
77.0
84.0
122.0
98.0
57.0
52.0
91.0
106.0
106.0
15.0
96.0
143.0
78.0
164.0
118.0
63.0
174.0
54.0
60.0
142.0
56.0
125.0
113.0
96.0
93.0
77.0
133.0
113.0
47.0
82.0
134.0
122.0
212.0
92.0
90.0
110.0
151.0
93.0
89.0
80.0
102.0
106.0
61.0
120.0
77.0
196.0
130.0
102.0
95.0
68.0
277.0
69.0
109.0
117.0
110.0
45.0
52.0
94.0
94.0
60.0
48.0
34.0
97.0
145.0
75.0
51.0
69.0
62.0
49.0
68.0
96.0
62.0
98.0
82.0
83.0
75.0
224.0
129.0
75.0
73.0
65.0
101.0
95.0
247.0
79.0
110.0
101.0
147.0
175.0
75.0
126.0
168.0
110.0
75.0
102.0
70.0
126.0
120.0
106.0
73.0
56.0
106.0
82.0
56.0
43.0
103.0
108.0
89.0
56.0
86.0
117.0
83.0
215.0
127.0
80.0
228.0
56.0
38.0
105.0
58.0
153.0
109.0
68.0
79.0
174.0
66.0
69.0
143.0
111.0
64.0
94.0
50.0
79.0
127.0
92.0
132.0
48.0
172.0
66.0
83.0
129.0
90.0
49.0
140.0
83.0
104.0
68.0
116.0
287.0
151.0
105.0
99.0
120.0
128.0
47.0
163.0
175.0
58.0
84.0
74.0
131.0
118.0
140.0
109.0
78.0
88.0
134.0
74.0
107.0
81.0
93.0
104.0
104.0
57.0
79.0
73.0
42.0
157.0
120.0
133.0
278.0
81.0
88.0
135.0
30.0
94.0
91.0
57.0
103.0
68.0
100.0
88.0
289.0
157.0
86.0
82.0
36.0
61.0
75.0
90.0
73.0
96.0
54.0
65.0
147.0
91.0
46.0
77.0
68.0
93.0
47.0
71.0
104.0
124.0
75.0
86.0
41.0
73.0
52.0
115.0
122.0
145.0
110.0
77.0
66.0
148.0
71.0
71.0
81.0
96.0
110.0
131.0
90.0
134.0
272.0
76.0
100.0
93.0
41.0
118.0
64.0
126.0
64.0
217.0
124.0
68.0
133.0
210.0
163.0
52.0
127.0
187.0
62.0
37.0
129.0
117.0
35.0
77.0
76.0
107.0
80.0
175.0
120.0
73.0
197.0
40.0
132.0
49.0
92.0
75.0
142.0
115.0
85.0
80.0
133.0
100.0
84.0
73.0
110.0
102.0
102.0
166.0
102.0
92.0
110.0
81.0
90.0
89.0
83.0
98.0
57.0
74.0
86.0
154.0
113.0
84.0
116.0
75.0
78.0
105.0
107.0
57.0
94.0
72.0
67.0
63.0
47.0
197.0
196.0
88.0
58.0
52.0
50.0
81.0
59.0
100.0
134.0
50.0
128.0
84.0
123.0
76.0
172.0
206.0
86.0
79.0
112.0
74.0
54.0
108.0
95.0
39.0
268.0
68.0
105.0
52.0
69.0
104.0
164.0
112.0
33.0
64.0
147.0
61.0
106.0
235.0
94.0
119.0
107.0
218.0
143.0
88.0
125.0
87.0
152.0
124.0
138.0
106.0
50.0
199.0
64.0
122.0
127.0
121.0
80.0
50.0
72.0
81.0
48.0
79.0
77.0
170.0
94.0
54.0
163.0
129.0
29.0
88.0
112.0
151.0
47.0
90.0
75.0
120.0
101.0
71.0
93.0
139.0
50.0
160.0
115.0
61.0
118.0
91.0
107.0
91.0
97.0
123.0
43.0
83.0
89.0
112.0
92.0
90.0
92.0
129.0
119.0
98.0
48.0
46.0
31.0
73.0
62.0
198.0
72.0
155.0
110.0
107.0
78.0
41.0
73.0
93.0
137.0
108.0
42.0
185.0
351.0
157.0
106.0
60.0
101.0
80.0
105.0
93.0
79.0
41.0
69.0
162.0
146.0
266.0
65.0
86.0
81.0
153.0
104.0
44.0
85.0
111.0
157.0
190.0
117.0
96.0
133.0
103.0
45.0
100.0
76.0
111.0
185.0
171.0
150.0
58.0
390.0
91.0
167.0
41.0
131.0
112.0
62.0
60.0
67.0
221.0
70.0
100.0
70.0
93.0
73.0
88.0
126.0
80.0
62.0
146.0
173.0
70.0
80.0
106.0
68.0
112.0
126.0
56.0
59.0
313.0
108.0
68.0
150.0
118.0
168.0
94.0
53.0
87.0
61.0
68.0
146.0
149.0
67.0
136.0
107.0
179.0
116.0
106.0
140.0
180.0
77.0
108.0
93.0
117.0
76.0
117.0
155.0
69.0
125.0
106.0
130.0
89.0
210.0
101.0
63.0
153.0
138.0
57.0
106.0
41.0
84.0
90.0
36.0
54.0
29.0
256.0
114.0
78.0
70.0
98.0
106.0
104.0
93.0
73.0
134.0
51.0
84.0
100.0
96.0
176.0
107.0
80.0
80.0
198.0
250.0
95.0
160.0
82.0
142.0
111.0
50.0
78.0
104.0
50.0
39.0
141.0
123.0
83.0
98.0
116.0
82.0
198.0
140.0
97.0
96.0
107.0
86.0
74.0
94.0
74.0
115.0
91.0
120.0
135.0
210.0
115.0
87.0
77.0
79.0
80.0
62.0
173.0
158.0
81.0
62.0
49.0
98.0
156.0
80.0
145.0
71.0
108.0
66.0
40.0
85.0
71.0
163.0
206.0
103.0
128.0
34.0
134.0
117.0
71.0
120.0
32.0
122.0
37.0
55.0
33.0
195.0
58.0
105.0
92.0
344.0
79.0
174.0
139.0
43.0
106.0
71.0
109.0
49.0
50.0
94.0
41.0
45.0
89.0
97.0
163.0
58.0
123.0
112.0
136.0
129.0
109.0
61.0
75.0
146.0
60.0
66.0
114.0
79.0
66.0
49.0
66.0
172.0
88.0
51.0
68.0
65.0
144.0
110.0
65.0
91.0
46.0
108.0
82.0
63.0
60.0
221.0
82.0
100.0
82.0
92.0
111.0
163.0
80.0
150.0
95.0
42.0
142.0
52.0
69.0
156.0
106.0
66.0
114.0
65.0
94.0
76.0
115.0
110.0
127.0
104.0
74.0
69.0
121.0
95.0
106.0
139.0
61.0
51.0
112.0
82.0
95.0
99.0
110.0
97.0
96.0
169.0
53.0
87.0
167.0
111.0
71.0
57.0
67.0
151.0
94.0
80.0
54.0
136.0
90.0
60.0
98.0
74.0
172.0
92.0
61.0
57.0
101.0
70.0
128.0
138.0
43.0
170.0
96.0
40.0
67.0
64.0
73.0
83.0
195.0
91.0
131.0
53.0
55.0
72.0
63.0
58.0
55.0
216.0
60.0
84.0
141.0
58.0
106.0
71.0
60.0
142.0
44.0
77.0
102.0
65.0
127.0
178.0
51.0
99.0
102.0
47.0
78.0
72.0
72.0
115.0
50.0
122.0
279.0
89.0
70.0
109.0
66.0
140.0
78.0
109.0
113.0
105.0
53.0
82.0
75.0
39.0
61.0
43.0
89.0
120.0
82.0
39.0
123.0
111.0
61.0
26.0
73.0
87.0
149.0
140.0
43.0
93.0
72.0
82.0
144.0
111.0
96.0
110.0
140.0
57.0
118.0
86.0
40.0
93.0
94.0
65.0
105.0
94.0
69.0
60.0
62.0
108.0
106.0
87.0
72.0
136.0
126.0
132.0
140.0
167.0
69.0
44.0
96.0
98.0
183.0
91.0
92.0
109.0
128.0
36.0
181.0
74.0
124.0
131.0
55.0
58.0
101.0
115.0
56.0
177.0
60.0
59.0
86.0
101.0
125.0
65.0
90.0
159.0
199.0
34.0
55.0
113.0
104.0
136.0
55.0
53.0
374.0
112.0
71.0
125.0
49.0
90.0
82.0
77.0
130.0
63.0
121.0
125.0
46.0
74.0
63.0
108.0
56.0
253.0
81.0
57.0
140.0
165.0
89.0
89.0
108.0
84.0
65.0
313.0
45.0
96.0
143.0
43.0
123.0
91.0
65.0
100.0
105.0
127.0
46.0
83.0
61.0
80.0
132.0
69.0
106.0
97.0
51.0
84.0
91.0
85.0
117.0
79.0
88.0
62.0
108.0
95.0
112.0
188.0
162.0
178.0
108.0
80.0
161.0
118.0
70.0
85.0
75.0
112.0
180.0
126.0
94.0
86.0
81.0
50.0
96.0
115.0
102.0
72.0
65.0
72.0
88.0
91.0
92.0
129.0
104.0
64.0
172.0
59.0
65.0
69.0
47.0
77.0
78.0
74.0
63.0
73.0
90.0
92.0
80.0
115.0
77.0
125.0
123.0
57.0
107.0
57.0
106.0
78.0
106.0
88.0
104.0
70.0
106.0
50.0
65.0
100.0
152.0
104.0
64.0
102.0
792.0
72.0
75.0
107.0
92.0
79.0
76.0
203.0
105.0
57.0
26.0
41.0
191.0
53.0
169.0
100.0
175.0
100.0
148.0
45.0
148.0
51.0
75.0
145.0
119.0
132.0
95.0
65.0
67.0
66.0
105.0
89.0
49.0
59.0
81.0
59.0
163.0
72.0
92.0
106.0
152.0
153.0
143.0
86.0
98.0
66.0
156.0
44.0
248.0
57.0
111.0
71.0
85.0
50.0
128.0
35.0
83.0
78.0
80.0
82.0
112.0
82.0
63.0
124.0
137.0
54.0
69.0
92.0
78.0
71.0
160.0
81.0
136.0
68.0
113.0
70.0
56.0
76.0
146.0
67.0
78.0
60.0
48.0
45.0
111.0
76.0
183.0
87.0
50.0
41.0
90.0
99.0
75.0
80.0
73.0
109.0
144.0
103.0
122.0
160.0
932.0
78.0
176.0
86.0
100.0
50.0
79.0
96.0
101.0
113.0
96.0
146.0
184.0
59.0
184.0
132.0
133.0
38.0
128.0
63.0
53.0
56.0
98.0
173.0
111.0
127.0
76.0
148.0
54.0
103.0
88.0
121.0
38.0
59.0
99.0
115.0
132.0
62.0
135.0
118.0
81.0
177.0
116.0
119.0
131.0
121.0
78.0
101.0
71.0
84.0
100.0
53.0
45.0
86.0
88.0
130.0
171.0
65.0
127.0
107.0
113.0
131.0
141.0
78.0
58.0
58.0
123.0
70.0
96.0
131.0
182.0
104.0
78.0
63.0
64.0
93.0
116.0
78.0
78.0
98.0
53.0
74.0
64.0
77.0
67.0
72.0
61.0
255.0
67.0
63.0
118.0
182.0
49.0
96.0
74.0
132.0
177.0
90.0
114.0
39.0
83.0
118.0
141.0
87.0
62.0
49.0
100.0
63.0
106.0
89.0
193.0
111.0
49.0
178.0
185.0
117.0
86.0
55.0
152.0
135.0
42.0
104.0
105.0
90.0
89.0
123.0
198.0
117.0
96.0
56.0
92.0
219.0
108.0
91.0
179.0
70.0
116.0
110.0
88.0
77.0
83.0
175.0
78.0
110.0
70.0
116.0
234.0
135.0
140.0
85.0
73.0
284.0
101.0
134.0
78.0
84.0
108.0
104.0
79.0
102.0
79.0
32.0
70.0
86.0
107.0
135.0
111.0
97.0
86.0
87.0
90.0
102.0
65.0
74.0
32.0
99.0
95.0
117.0
57.0
92.0
77.0
85.0
76.0
95.0
100.0
91.0
87.0
94.0
57.0
293.0
71.0
87.0
113.0
120.0
99.0
140.0
58.0
185.0
124.0
129.0
82.0
64.0
82.0
61.0
42.0
143.0
63.0
134.0
82.0
116.0
94.0
83.0
96.0
51.0
52.0
51.0
53.0
56.0
104.0
131.0
215.0
86.0
168.0
142.0
82.0
91.0
66.0
177.0
101.0
76.0
72.0
67.0
105.0
131.0
55.0
66.0
195.0
58.0
116.0
121.0
112.0
218.0
84.0
62.0
56.0
97.0
295.0
133.0
170.0
106.0
119.0
78.0
164.0
62.0
123.0
63.0
114.0
77.0
134.0
29.0
173.0
94.0
85.0
75.0
34.0
40.0
44.0
119.0
128.0
151.0
53.0
86.0
95.0
188.0
83.0
50.0
57.0
91.0
96.0
110.0
60.0
206.0
58.0
81.0
126.0
95.0
175.0
76.0
113.0
53.0
191.0
91.0
136.0
86.0
82.0
95.0
83.0
88.0
61.0
134.0
176.0
87.0
58.0
56.0
74.0
64.0
52.0
219.0
60.0
44.0
107.0
91.0
109.0
309.0
96.0
141.0
92.0
64.0
110.0
92.0
116.0
82.0
102.0
92.0
135.0
118.0
76.0
173.0
68.0
37.0
78.0
111.0
91.0
186.0
65.0
127.0
89.0
120.0
154.0
115.0
151.0
82.0
108.0
141.0
80.0
73.0
50.0
54.0
109.0
60.0
160.0
104.0
117.0
91.0
167.0
105.0
126.0
89.0
104.0
152.0
63.0
135.0
44.0
116.0
147.0
125.0
118.0
81.0
77.0
99.0
210.0
96.0
147.0
129.0
71.0
52.0
79.0
92.0
116.0
88.0
107.0
112.0
82.0
172.0
103.0
123.0
94.0
69.0
143.0
85.0
62.0
159.0
73.0
82.0
125.0
44.0
193.0
74.0
71.0
111.0
110.0
47.0
45.0
82.0
44.0
79.0
171.0
148.0
292.0
77.0
295.0
121.0
97.0
198.0
196.0
71.0
73.0
79.0
69.0
100.0
60.0
76.0
166.0
56.0
101.0
91.0
121.0
55.0
151.0
59.0
73.0
92.0
54.0
81.0
80.0
76.0
57.0
94.0
189.0
171.0
92.0
115.0
155.0
59.0
116.0
85.0
63.0
77.0
91.0
57.0
144.0
121.0
64.0
55.0
170.0
73.0
91.0
166.0
72.0
88.0
67.0
76.0
220.0
70.0
49.0
135.0
145.0
19.0
155.0
175.0
143.0
79.0
92.0
185.0
104.0
54.0
65.0
75.0
115.0
56.0
89.0
101.0
61.0
109.0
71.0
124.0
81.0
130.0
143.0
42.0
85.0
83.0
49.0
189.0
93.0
46.0
88.0
139.0
138.0
103.0
48.0
55.0
75.0
422.0
75.0
55.0
47.0
137.0
123.0
109.0
87.0
53.0
173.0
98.0
170.0
72.0
62.0
74.0
261.0
75.0
109.0
61.0
110.0
262.0
73.0
130.0
105.0
90.0
79.0
109.0
87.0
148.0
51.0
74.0
175.0
106.0
117.0
140.0
36.0
54.0
79.0
91.0
136.0
98.0
57.0
119.0
177.0
46.0
80.0
89.0
57.0
103.0
135.0
106.0
82.0
116.0
94.0
37.0
83.0
63.0
62.0
143.0
60.0
47.0
75.0
161.0
107.0
119.0
145.0
91.0
55.0
120.0
72.0
72.0
68.0
80.0
56.0
131.0
71.0
61.0
102.0
70.0
69.0
92.0
66.0
220.0
76.0
141.0
90.0
147.0
47.0
154.0
152.0
198.0
77.0
68.0
100.0
64.0
28.0
101.0
53.0
132.0
195.0
95.0
139.0
129.0
93.0
69.0
71.0
79.0
94.0
78.0
222.0
166.0
73.0
129.0
93.0
74.0
77.0
50.0
153.0
168.0
81.0
99.0
118.0
54.0
51.0
51.0
66.0
146.0
54.0
69.0
93.0
126.0
73.0
166.0
78.0
50.0
118.0
88.0
49.0
182.0
40.0
78.0
92.0
69.0
122.0
110.0
115.0
97.0
156.0
167.0
192.0
77.0
75.0
93.0
146.0
79.0
115.0
76.0
135.0
88.0
82.0
128.0
119.0
87.0
84.0
94.0
67.0
52.0
59.0
60.0
93.0
80.0
68.0
45.0
76.0
110.0
60.0
40.0
53.0
71.0
111.0
110.0
117.0
139.0
141.0
84.0
104.0
122.0
92.0
107.0
56.0
133.0
70.0
101.0
69.0
145.0
49.0
66.0
142.0
60.0
72.0
140.0
110.0
140.0
115.0
60.0
147.0
57.0
67.0
39.0
123.0
78.0
80.0
345.0
168.0
79.0
118.0
111.0
70.0
42.0
89.0
52.0
87.0
161.0
87.0
192.0
101.0
59.0
92.0
42.0
77.0
129.0
80.0
142.0
47.0
110.0
159.0
64.0
68.0
131.0
171.0
74.0
61.0
111.0
88.0
88.0
100.0
86.0
71.0
46.0
70.0
107.0
127.0
116.0
125.0
84.0
57.0
63.0
62.0
87.0
108.0
122.0
105.0
50.0
167.0
103.0
92.0
95.0
142.0
60.0
84.0
108.0
63.0
72.0
106.0
121.0
71.0
42.0
174.0
101.0
103.0
102.0
80.0
100.0
142.0
194.0
69.0
70.0
69.0
136.0
51.0
68.0
105.0
82.0
86.0
189.0
112.0
124.0
92.0
141.0
152.0
65.0
93.0
117.0
75.0
154.0
47.0
67.0
178.0
607.0
134.0
180.0
90.0
56.0
102.0
114.0
58.0
106.0
151.0
75.0
143.0
110.0
100.0
109.0
104.0
137.0
34.0
100.0
147.0
106.0
135.0
50.0
125.0
114.0
156.0
138.0
64.0
71.0
96.0
80.0
226.0
122.0
88.0
130.0
109.0
54.0
130.0
79.0
102.0
67.0
63.0
83.0
116.0
62.0
85.0
82.0
58.0
110.0
147.0
142.0
166.0
162.0
88.0
68.0
95.0
67.0
80.0
71.0
46.0
49.0
69.0
45.0
92.0
82.0
108.0
78.0
76.0
80.0
65.0
147.0
73.0
53.0
116.0
217.0
80.0
83.0
208.0
113.0
61.0
97.0
116.0
99.0
68.0
125.0
173.0
111.0
63.0
66.0
387.0
154.0
42.0
96.0
63.0
84.0
110.0
63.0
77.0
76.0
89.0
102.0
93.0
121.0
75.0
134.0
121.0
123.0
106.0
113.0
90.0
63.0
54.0
84.0
114.0
230.0
108.0
71.0
68.0
87.0
51.0
120.0
102.0
74.0
121.0
97.0
114.0
96.0
99.0
91.0
84.0
95.0
71.0
86.0
105.0
90.0
125.0
115.0
73.0
89.0
65.0
98.0
87.0
131.0
50.0
80.0
39.0
74.0
138.0
113.0
111.0
89.0
141.0
156.0
103.0
49.0
129.0
66.0
91.0
85.0
81.0
81.0
72.0
69.0
93.0
85.0
136.0
102.0
63.0
76.0
66.0
55.0
107.0
56.0
61.0
57.0
108.0
92.0
129.0
79.0
155.0
86.0
73.0
144.0
125.0
69.0
116.0
119.0
149.0
169.0
485.0
104.0
92.0
46.0
91.0
49.0
66.0
61.0
92.0
119.0
66.0
71.0
115.0
105.0
125.0
65.0
37.0
93.0
99.0
106.0
63.0
79.0
151.0
70.0
69.0
62.0
94.0
127.0
71.0
62.0
96.0
71.0
77.0
92.0
121.0
189.0
139.0
120.0
67.0
87.0
130.0
103.0
95.0
80.0
133.0
60.0
161.0
67.0
68.0
76.0
202.0
105.0
115.0
77.0
90.0
91.0
93.0
62.0
93.0
107.0
93.0
64.0
56.0
47.0
57.0
129.0
52.0
216.0
28.0
80.0
114.0
74.0
195.0
109.0
53.0
80.0
76.0
66.0
79.0
47.0
200.0
68.0
131.0
71.0
122.0
112.0
59.0
101.0
98.0
93.0
92.0
175.0
235.0
53.0
120.0
132.0
57.0
136.0
93.0
82.0
102.0
77.0
173.0
307.0
290.0
42.0
78.0
115.0
137.0
133.0
98.0
151.0
129.0
49.0
99.0
124.0
140.0
46.0
101.0
109.0
148.0
66.0
153.0
93.0
101.0
30.0
155.0
81.0
222.0
134.0
88.0
60.0
107.0
64.0
228.0
124.0
115.0
110.0
40.0
88.0
116.0
140.0
73.0
137.0
94.0
42.0
67.0
152.0
93.0
83.0
53.0
80.0
73.0
85.0
168.0
186.0
62.0
75.0
145.0
53.0
57.0
77.0
175.0
93.0
108.0
79.0
57.0
168.0
89.0
83.0
116.0
92.0
49.0
90.0
100.0
82.0
115.0
98.0
251.0
109.0
69.0
43.0
65.0
57.0
157.0
91.0
51.0
86.0
159.0
88.0
94.0
117.0
150.0
109.0
57.0
205.0
98.0
50.0
60.0
98.0
168.0
34.0
121.0
211.0
57.0
123.0
115.0
165.0
87.0
63.0
64.0
62.0
106.0
37.0
146.0
134.0
52.0
67.0
61.0
138.0
120.0
184.0
150.0
82.0
124.0
204.0
82.0
139.0
120.0
158.0
82.0
132.0
92.0
66.0
92.0
178.0
116.0
41.0
83.0
77.0
111.0
85.0
143.0
65.0
108.0
64.0
147.0
73.0
92.0
105.0
70.0
135.0
144.0
133.0
93.0
72.0
95.0
113.0
167.0
74.0
104.0
84.0
53.0
100.0
55.0
62.0
112.0
184.0
72.0
82.0
115.0
211.0
64.0
119.0
126.0
172.0
149.0
71.0
108.0
152.0
55.0
63.0
44.0
68.0
75.0
101.0
71.0
103.0
81.0
90.0
80.0
118.0
36.0
222.0
134.0
65.0
94.0
95.0
127.0
103.0
146.0
106.0
87.0
47.0
78.0
111.0
107.0
83.0
137.0
66.0
178.0
75.0
110.0
222.0
92.0
109.0
63.0
151.0
281.0
43.0
92.0
168.0
102.0
108.0
81.0
82.0
66.0
69.0
166.0
74.0
115.0
114.0
124.0
73.0
73.0
139.0
105.0
72.0
129.0
73.0
115.0
69.0
157.0
132.0
94.0
121.0
99.0
108.0
165.0
75.0
74.0
115.0
299.0
74.0
94.0
170.0
80.0
139.0
62.0
150.0
134.0
102.0
107.0
181.0
80.0
81.0
43.0
180.0
89.0
74.0
110.0
42.0
64.0
54.0
65.0
79.0
51.0
173.0
133.0
148.0
119.0
152.0
58.0
86.0
117.0
102.0
72.0
118.0
122.0
115.0
90.0
92.0
76.0
63.0
115.0
82.0
96.0
65.0
75.0
91.0
77.0
103.0
100.0
117.0
106.0
74.0
139.0
114.0
253.0
146.0
276.0
102.0
136.0
109.0
104.0
80.0
71.0
84.0
94.0
40.0
148.0
74.0
179.0
61.0
72.0
115.0
137.0
73.0
120.0
105.0
68.0
72.0
107.0
99.0
73.0
79.0
99.0
71.0
118.0
113.0
106.0
102.0
78.0
153.0
61.0
60.0
165.0
123.0
194.0
124.0
64.0
113.0
318.0
110.0
135.0
85.0
81.0
93.0
75.0
110.0
71.0
85.0
69.0
121.0
78.0
149.0
97.0
95.0
119.0
80.0
103.0
83.0
120.0
49.0
92.0
129.0
65.0
189.0
91.0
88.0
102.0
107.0
135.0
140.0
123.0
66.0
132.0
124.0
91.0
53.0
87.0
106.0
104.0
97.0
84.0
93.0
86.0
65.0
152.0
133.0
85.0
127.0
89.0
266.0
38.0
110.0
158.0
120.0
133.0
45.0
74.0
58.0
91.0
66.0
83.0
45.0
51.0
101.0
137.0
67.0
124.0
166.0
56.0
120.0
104.0
125.0
55.0
78.0
40.0
128.0
56.0
87.0
52.0
112.0
72.0
169.0
110.0
113.0
61.0
103.0
104.0
93.0
76.0
99.0
134.0
94.0
167.0
53.0
79.0
84.0
108.0
109.0
68.0
119.0
87.0
111.0
73.0
112.0
50.0
56.0
108.0
124.0
53.0
101.0
117.0
72.0
71.0
71.0
136.0
103.0
77.0
58.0
128.0
81.0
86.0
56.0
78.0
90.0
96.0
91.0
113.0
121.0
132.0
127.0
67.0
149.0
190.0
134.0
77.0
193.0
94.0
100.0
131.0
98.0
112.0
159.0
106.0
56.0
69.0
116.0
69.0
87.0
119.0
107.0
104.0
127.0
116.0
104.0
94.0
150.0
73.0
55.0
121.0
76.0
79.0
66.0
107.0
79.0
162.0
69.0
110.0
115.0
99.0
60.0
179.0
92.0
140.0
64.0
125.0
77.0
72.0
66.0
97.0
188.0
95.0
67.0
133.0
70.0
89.0
76.0
106.0
119.0
157.0
113.0
68.0
120.0
126.0
103.0
113.0
132.0
160.0
120.0
59.0
113.0
98.0
65.0
111.0
94.0
80.0
94.0
131.0
116.0
82.0
49.0
86.0
118.0
86.0
116.0
58.0
117.0
95.0
121.0
151.0
63.0
82.0
90.0
105.0
76.0
101.0
74.0
92.0
51.0
164.0
66.0
114.0
108.0
101.0
169.0
145.0
85.0
65.0
79.0
47.0
118.0
99.0
117.0
159.0
126.0
73.0
115.0
144.0
79.0
91.0
109.0
64.0
136.0
89.0
115.0
94.0
91.0
92.0
93.0
73.0
111.0
83.0
267.0
99.0
78.0
109.0
47.0
70.0
77.0
116.0
135.0
53.0
133.0
51.0
124.0
103.0
63.0
95.0
119.0
96.0
59.0
118.0
82.0
73.0
124.0
117.0
72.0
124.0
215.0
57.0
106.0
70.0
53.0
185.0
159.0
46.0
138.0
93.0
74.0
79.0
73.0
80.0
83.0
63.0
95.0
146.0
76.0
108.0
103.0
84.0
48.0
65.0
112.0
173.0
130.0
146.0
115.0
150.0
116.0
72.0
94.0
86.0
154.0
156.0
77.0
51.0
138.0
113.0
51.0
74.0
80.0
128.0
85.0
141.0
69.0
88.0
88.0
104.0
84.0
140.0
85.0
58.0
54.0
112.0
109.0
155.0
135.0
64.0
115.0
115.0
77.0
125.0
118.0
127.0
105.0
127.0
78.0
214.0
332.0
213.0
160.0
72.0
80.0
81.0
125.0
105.0
43.0
127.0
111.0
106.0
119.0
85.0
93.0
63.0
126.0
88.0
80.0
67.0
79.0
116.0
116.0
105.0
144.0
172.0
77.0
74.0
86.0
136.0
88.0
112.0
92.0
61.0
63.0
54.0
52.0
150.0
123.0
62.0
108.0
112.0
95.0
156.0
89.0
48.0
99.0
141.0
78.0
151.0
64.0
112.0
95.0
139.0
66.0
149.0
73.0
84.0
87.0
52.0
134.0
47.0
76.0
117.0
59.0
175.0
158.0
106.0
95.0
116.0
162.0
45.0
139.0
74.0
55.0
118.0
113.0
49.0
55.0
181.0
116.0
129.0
78.0
70.0
95.0
83.0
195.0
104.0
100.0
179.0
221.0
89.0
133.0
89.0
97.0
149.0
68.0
196.0
76.0
105.0
110.0
189.0
151.0
117.0
117.0
65.0
181.0
77.0
92.0
59.0
53.0
66.0
109.0
115.0
139.0
80.0
91.0
76.0
73.0
74.0
88.0
77.0
196.0
62.0
90.0
38.0
74.0
176.0
107.0
141.0
82.0
105.0
70.0
98.0
80.0
109.0
82.0
82.0
90.0
51.0
71.0
117.0
153.0
96.0
89.0
89.0
154.0
68.0
99.0
111.0
93.0
46.0
194.0
75.0
75.0
65.0
127.0
99.0
78.0
88.0
200.0
95.0
62.0
81.0
59.0
84.0
83.0
117.0
120.0
135.0
97.0
137.0
112.0
124.0
75.0
109.0
116.0
266.0
105.0
90.0
111.0
147.0
90.0
96.0
71.0
115.0
89.0
59.0
68.0
152.0
99.0
123.0
118.0
90.0
59.0
106.0
56.0
109.0
114.0
100.0
57.0
80.0
61.0
121.0
51.0
85.0
61.0
108.0
86.0
105.0
50.0
50.0
88.0
94.0
102.0
102.0
105.0
54.0
118.0
95.0
104.0
69.0
148.0
83.0
93.0
94.0
81.0
96.0
72.0
138.0
104.0
86.0
125.0
183.0
103.0
93.0
61.0
180.0
111.0
81.0
77.0
112.0
98.0
69.0
93.0
90.0
128.0
75.0
70.0
73.0
67.0
114.0
102.0
121.0
62.0
127.0
106.0
80.0
128.0
89.0
83.0
168.0
90.0
120.0
80.0
111.0
41.0
179.0
72.0
146.0
129.0
104.0
126.0
90.0
203.0
104.0
107.0
70.0
147.0
77.0
66.0
116.0
93.0
201.0
39.0
78.0
106.0
71.0
63.0
125.0
117.0
139.0
109.0
104.0
36.0
90.0
98.0
189.0
88.0
66.0
123.0
218.0
71.0
73.0
109.0
115.0
166.0
69.0
57.0
75.0
96.0
64.0
46.0
74.0
123.0
104.0
117.0
140.0
94.0
129.0
88.0
81.0
141.0
177.0
134.0
93.0
61.0
104.0
100.0
74.0
86.0
87.0
113.0
93.0
96.0
76.0
130.0
69.0
82.0
48.0
81.0
59.0
138.0
81.0
123.0
97.0
85.0
72.0
88.0
287.0
74.0
123.0
111.0
125.0
101.0
113.0
90.0
123.0
105.0
67.0
117.0
95.0
214.0
100.0
155.0
110.0
86.0
171.0
59.0
65.0
134.0
31.0
163.0
97.0
72.0
94.0
108.0
116.0
73.0
125.0
64.0
92.0
49.0
136.0
117.0
87.0
72.0
56.0
86.0
64.0
130.0
109.0
96.0
101.0
123.0
71.0
158.0
67.0
104.0
98.0
149.0
167.0
86.0
126.0
204.0
150.0
102.0
134.0
176.0
136.0
116.0
79.0
112.0
100.0
122.0
94.0
52.0
131.0
144.0
101.0
60.0
102.0
117.0
97.0
115.0
85.0
71.0
174.0
91.0
104.0
101.0
40.0
99.0
123.0
59.0
75.0
64.0
123.0
76.0
90.0
163.0
71.0
123.0
58.0
99.0
115.0
117.0
83.0
90.0
178.0
83.0
94.0
123.0
76.0
119.0
87.0
148.0
134.0
148.0
82.0
68.0
56.0
73.0
110.0
158.0
137.0
118.0
78.0
174.0
83.0
91.0
58.0
71.0
122.0
94.0
104.0
139.0
67.0
97.0
67.0
102.0
160.0
148.0
108.0
113.0
84.0
62.0
92.0
74.0
57.0
78.0
78.0
62.0
113.0
73.0
117.0
99.0
206.0
162.0
113.0
99.0
183.0
127.0
95.0
123.0
157.0
95.0
201.0
81.0
146.0
50.0
60.0
122.0
160.0
140.0
64.0
48.0
51.0
173.0
114.0
87.0
125.0
35.0
37.0
68.0
108.0
121.0
83.0
107.0
88.0
126.0
149.0
121.0
70.0
88.0
114.0
135.0
126.0
73.0
83.0
79.0
90.0
66.0
151.0
115.0
116.0
120.0
97.0
87.0
171.0
114.0
256.0
236.0
89.0
107.0
170.0
57.0
129.0
174.0
105.0
94.0
90.0
106.0
90.0
87.0
122.0
129.0
125.0
114.0
89.0
55.0
43.0
96.0
149.0
110.0
43.0
100.0
153.0
89.0
119.0
106.0
75.0
39.0
96.0
57.0
79.0
66.0
113.0
108.0
70.0
136.0
152.0
100.0
52.0
100.0
140.0
100.0
154.0
88.0
50.0
74.0
161.0
84.0
93.0
103.0
129.0
95.0
113.0
122.0
131.0
87.0
109.0
85.0
114.0
113.0
64.0
116.0
90.0
69.0
87.0
79.0
74.0
144.0
94.0
87.0
94.0
101.0
120.0
142.0
83.0
107.0
123.0
86.0
61.0
160.0
214.0
108.0
79.0
153.0
126.0
79.0
177.0
75.0
94.0
83.0
57.0
157.0
98.0
69.0
130.0
66.0
87.0
95.0
100.0
140.0
81.0
101.0
95.0
67.0
91.0
127.0
104.0
119.0
113.0
95.0
133.0
112.0
163.0
69.0
120.0
144.0
51.0
99.0
67.0
105.0
66.0
124.0
92.0
101.0
54.0
89.0
270.0
117.0
116.0
114.0
108.0
137.0
64.0
95.0
157.0
67.0
82.0
95.0
72.0
168.0
87.0
64.0
60.0
78.0
38.0
90.0
99.0
144.0
80.0
102.0
146.0
92.0
129.0
38.0
98.0
187.0
90.0
96.0
121.0
105.0
168.0
93.0
103.0
91.0
72.0
114.0
76.0
78.0
116.0
81.0
54.0
105.0
171.0
59.0
182.0
76.0
103.0
187.0
74.0
55.0
156.0
87.0
130.0
129.0
126.0
118.0
106.0
87.0
126.0
117.0
83.0
84.0
83.0
25.0
95.0
66.0
99.0
112.0
112.0
108.0
58.0
162.0
90.0
96.0
61.0
129.0
114.0
168.0
126.0
98.0
72.0
99.0
77.0
66.0
89.0
112.0
84.0
93.0
96.0
176.0
144.0
105.0
113.0
131.0
77.0
76.0
152.0
107.0
138.0
85.0
135.0
129.0
93.0
134.0
114.0
141.0
83.0
85.0
142.0
117.0
53.0
70.0
82.0
99.0
227.0
49.0
123.0
62.0
134.0
142.0
78.0
132.0
109.0
127.0
112.0
117.0
73.0
109.0
100.0
40.0
114.0
131.0
112.0
175.0
66.0
146.0
89.0
77.0
94.0
102.0
122.0
136.0
40.0
129.0
70.0
141.0
81.0
151.0
106.0
128.0
106.0
110.0
48.0
80.0
139.0
140.0
118.0
166.0
42.0
64.0
74.0
165.0
102.0
83.0
114.0
95.0
110.0
84.0
53.0
142.0
99.0
157.0
84.0
58.0
148.0
91.0
88.0
61.0
130.0
99.0
91.0
121.0
89.0
58.0
110.0
58.0
76.0
92.0
169.0
89.0
98.0
160.0
78.0
56.0
149.0
143.0
180.0
118.0
66.0
107.0
86.0
151.0
73.0
81.0
94.0
76.0
105.0
65.0
112.0
145.0
129.0
104.0
114.0
109.0
130.0
68.0
104.0
49.0
138.0
110.0
94.0
61.0
110.0
135.0
83.0
113.0
70.0
120.0
84.0
85.0
90.0
97.0
104.0
66.0
68.0
82.0
65.0
67.0
57.0
90.0
74.0
48.0
137.0
186.0
60.0
140.0
91.0
103.0
46.0
100.0
57.0
103.0
79.0
142.0
90.0
97.0
75.0
71.0
97.0
140.0
100.0
136.0
161.0
84.0
92.0
81.0
158.0
76.0
116.0
109.0
96.0
89.0
109.0
91.0
100.0
86.0
121.0
122.0
102.0
174.0
102.0
116.0
95.0
96.0
75.0
48.0
161.0
88.0
70.0
72.0
139.0
63.0
189.0
64.0
88.0
84.0
95.0
68.0
65.0
130.0
132.0
127.0
117.0
92.0
230.0
126.0
77.0
101.0
140.0
175.0
49.0
73.0
91.0
93.0
92.0
135.0
65.0
93.0
69.0
111.0
101.0
84.0
84.0
129.0
118.0
91.0
96.0
80.0
89.0
154.0
88.0
87.0
142.0
47.0
129.0
87.0
83.0
109.0
127.0
136.0
122.0
95.0
83.0
62.0
38.0
152.0
149.0
68.0
72.0
89.0
94.0
126.0
106.0
72.0
51.0
95.0
86.0
197.0
83.0
97.0
94.0
53.0
119.0
107.0
136.0
102.0
109.0
102.0
100.0
100.0
209.0
119.0
142.0
61.0
86.0
137.0
39.0
109.0
126.0
124.0
102.0
142.0
158.0
147.0
81.0
78.0
53.0
66.0
79.0
133.0
109.0
102.0
132.0
137.0
119.0
107.0
106.0
47.0
78.0
135.0
90.0
103.0
88.0
180.0
64.0
114.0
74.0
101.0
82.0
95.0
113.0
87.0
109.0
152.0
87.0
114.0
108.0
76.0
127.0
121.0
61.0
54.0
120.0
105.0
130.0
143.0
155.0
55.0
106.0
140.0
102.0
95.0
122.0
90.0
68.0
63.0
91.0
128.0
74.0
78.0
89.0
87.0
178.0
80.0
105.0
93.0
79.0
89.0
95.0
72.0
130.0
169.0
118.0
80.0
119.0
157.0
74.0
68.0
114.0
58.0
79.0
117.0
81.0
117.0
106.0
113.0
91.0
84.0
71.0
118.0
132.0
114.0
108.0
144.0
127.0
115.0
93.0
94.0
82.0
149.0
110.0
128.0
274.0
151.0
100.0
78.0
153.0
61.0
104.0
142.0
248.0
51.0
57.0
86.0
135.0
69.0
138.0
54.0
78.0
97.0
146.0
75.0
82.0
118.0
94.0
86.0
120.0
76.0
77.0
63.0
104.0
103.0
112.0
67.0
174.0
75.0
137.0
66.0
81.0
138.0
161.0
129.0
79.0
126.0
130.0
81.0
70.0
84.0
139.0
109.0
137.0
67.0
82.0
78.0
89.0
92.0
112.0
92.0
95.0
112.0
125.0
62.0
122.0
102.0
175.0
67.0
83.0
100.0
150.0
82.0
110.0
32.0
168.0
98.0
133.0
117.0
103.0
178.0
54.0
109.0
157.0
25.0
56.0
80.0
77.0
185.0
142.0
102.0
125.0
114.0
184.0
105.0
83.0
55.0
145.0
135.0
92.0
95.0
122.0
95.0
72.0
113.0
140.0
103.0
88.0
134.0
89.0
144.0
118.0
143.0
125.0
83.0
102.0
91.0
69.0
65.0
127.0
147.0
95.0
78.0
78.0
100.0
110.0
81.0
86.0
65.0
112.0
92.0
132.0
114.0
79.0
81.0
166.0
54.0
96.0
125.0
202.0
65.0
99.0
130.0
124.0
123.0
61.0
84.0
98.0
160.0
114.0
109.0
60.0
105.0
92.0
106.0
162.0
127.0
100.0
111.0
54.0
81.0
86.0
182.0
144.0
88.0
132.0
114.0
90.0
117.0
55.0
64.0
63.0
105.0
88.0
56.0
196.0
95.0
162.0
129.0
66.0
77.0
95.0
147.0
46.0
87.0
92.0
52.0
122.0
145.0
52.0
176.0
83.0
144.0
90.0
63.0
94.0
88.0
86.0
156.0
94.0
101.0
84.0
114.0
85.0
98.0
75.0
138.0
93.0
108.0
101.0
129.0
128.0
119.0
60.0
91.0
80.0
102.0
86.0
93.0
65.0
94.0
128.0
158.0
180.0
88.0
98.0
69.0
150.0
75.0
106.0
72.0
117.0
78.0
155.0
77.0
80.0
207.0
280.0
136.0
145.0
169.0
102.0
67.0
91.0
91.0
125.0
69.0
46.0
66.0
86.0
80.0
133.0
92.0
102.0
161.0
37.0
86.0
86.0
112.0
77.0
80.0
54.0
91.0
140.0
78.0
65.0
54.0
93.0
107.0
78.0
121.0
118.0
114.0
109.0
96.0
56.0
99.0
103.0
131.0
158.0
121.0
102.0
189.0
118.0
105.0
80.0
108.0
87.0
114.0
75.0
57.0
66.0
79.0
137.0
145.0
159.0
87.0
119.0
87.0
109.0
72.0
174.0
46.0
130.0
105.0
141.0
53.0
100.0
76.0
92.0
76.0
80.0
81.0
108.0
152.0
124.0
59.0
45.0
112.0
93.0
82.0
76.0
126.0
78.0
64.0
233.0
102.0
112.0
116.0
198.0
132.0
112.0
58.0
112.0
109.0
89.0
91.0
56.0
177.0
89.0
89.0
113.0
87.0
70.0
124.0
71.0
78.0
48.0
100.0
95.0
114.0
68.0
93.0
97.0
69.0
48.0
188.0
52.0
91.0
69.0
90.0
114.0
89.0
99.0
116.0
54.0
88.0
180.0
65.0
123.0
62.0
64.0
58.0
100.0
120.0
181.0
176.0
93.0
98.0
78.0
112.0
123.0
158.0
76.0
144.0
115.0
144.0
152.0
220.0
115.0
106.0
88.0
131.0
91.0
125.0
37.0
123.0
134.0
76.0
92.0
76.0
115.0
126.0
64.0
124.0
54.0
110.0
108.0
74.0
75.0
114.0
158.0
70.0
103.0
71.0
65.0
74.0
91.0
115.0
91.0
160.0
36.0
93.0
93.0
106.0
100.0
82.0
90.0
81.0
65.0
146.0
116.0
139.0
131.0
55.0
148.0
86.0
151.0
119.0
84.0
175.0
30.0
125.0
123.0
127.0
86.0
72.0
91.0
65.0
156.0
104.0
89.0
105.0
82.0
95.0
103.0
96.0
76.0
57.0
236.0
133.0
108.0
63.0
116.0
118.0
105.0
129.0
68.0
102.0
114.0
90.0
76.0
89.0
85.0
135.0
55.0
73.0
86.0
142.0
74.0
113.0
143.0
36.0
92.0
72.0
74.0
124.0
89.0
91.0
126.0
57.0
145.0
72.0
96.0
56.0
79.0
74.0
166.0
33.0
105.0
120.0
101.0
137.0
167.0
116.0
85.0
86.0
102.0
101.0
107.0
114.0
56.0
151.0
102.0
130.0
197.0
105.0
80.0
80.0
129.0
98.0
81.0
62.0
96.0
128.0
97.0
131.0
72.0
54.0
86.0
173.0
121.0
78.0
70.0
72.0
76.0
167.0
163.0
101.0
93.0
129.0
161.0
46.0
123.0
117.0
119.0
38.0
126.0
114.0
128.0
181.0
105.0
109.0
96.0
94.0
105.0
70.0
160.0
73.0
148.0
189.0
59.0
68.0
61.0
83.0
91.0
171.0
64.0
153.0
111.0
52.0
130.0
42.0
49.0
99.0
141.0
221.0
143.0
75.0
63.0
41.0
76.0
99.0
68.0
144.0
86.0
52.0
69.0
133.0
133.0
158.0
127.0
78.0
145.0
105.0
76.0
101.0
98.0
140.0
79.0
119.0
112.0
148.0
136.0
56.0
184.0
101.0
93.0
84.0
111.0
99.0
73.0
133.0
142.0
161.0
108.0
73.0
73.0
149.0
86.0
144.0
82.0
139.0
149.0
134.0
114.0
64.0
99.0
59.0
143.0
142.0
169.0
83.0
104.0
50.0
131.0
110.0
63.0
126.0
142.0
95.0
66.0
107.0
100.0
107.0
91.0
43.0
83.0
228.0
125.0
61.0
228.0
76.0
180.0
118.0
105.0
120.0
87.0
107.0
103.0
91.0
130.0
152.0
108.0
91.0
67.0
83.0
118.0
93.0
112.0
149.0
125.0
63.0
84.0
64.0
60.0
48.0
61.0
101.0
96.0
188.0
140.0
102.0
105.0
118.0
134.0
69.0
131.0
180.0
86.0
111.0
72.0
48.0
99.0
134.0
61.0
138.0
142.0
131.0
144.0
80.0
149.0
93.0
149.0
69.0
53.0
73.0
74.0
86.0
219.0
118.0
162.0
185.0
78.0
78.0
91.0
151.0
123.0
150.0
65.0
131.0
76.0
115.0
97.0
119.0
41.0
171.0
124.0
110.0
69.0
78.0
111.0
81.0
154.0
103.0
40.0
69.0
119.0
77.0
45.0
59.0
67.0
45.0
127.0
77.0
120.0
75.0
69.0
132.0
111.0
85.0
97.0
103.0
172.0
69.0
96.0
121.0
106.0
130.0
90.0
105.0
78.0
132.0
93.0
95.0
108.0
93.0
65.0
103.0
68.0
97.0
158.0
141.0
111.0
76.0
88.0
100.0
95.0
94.0
133.0
78.0
84.0
146.0
116.0
102.0
128.0
96.0
93.0
168.0
168.0
152.0
118.0
78.0
88.0
39.0
95.0
120.0
54.0
199.0
58.0
153.0
89.0
96.0
283.0
117.0
56.0
39.0
98.0
102.0
137.0
89.0
69.0
51.0
134.0
63.0
105.0
129.0
111.0
109.0
121.0
64.0
114.0
120.0
124.0
110.0
183.0
135.0
137.0
113.0
115.0
45.0
190.0
67.0
96.0
53.0
143.0
82.0
74.0
97.0
117.0
62.0
130.0
42.0
111.0
131.0
125.0
173.0
107.0
63.0
65.0
116.0
178.0
79.0
98.0
123.0
135.0
76.0
69.0
211.0
86.0
94.0
80.0
150.0
142.0
60.0
86.0
136.0
115.0
45.0
93.0
76.0
24.0
87.0
98.0
142.0
100.0
67.0
62.0
71.0
70.0
103.0
68.0
103.0
68.0
90.0
137.0
123.0
161.0
96.0
123.0
65.0
82.0
146.0
235.0
91.0
84.0
118.0
54.0
122.0
113.0
94.0
96.0
44.0
125.0
140.0
120.0
153.0
121.0
77.0
111.0
81.0
91.0
112.0
92.0
138.0
90.0
58.0
88.0
164.0
136.0
93.0
139.0
219.0
53.0
116.0
142.0
117.0
104.0
245.0
138.0
158.0
153.0
85.0
96.0
85.0
199.0
82.0
162.0
48.0
142.0
65.0
111.0
155.0
104.0
92.0
77.0
69.0
181.0
143.0
121.0
121.0
68.0
103.0
51.0
138.0
118.0
83.0
76.0
111.0
117.0
120.0
167.0
97.0
104.0
76.0
87.0
128.0
59.0
171.0
91.0
74.0
55.0
129.0
60.0
153.0
132.0
157.0
88.0
85.0
101.0
76.0
111.0
127.0
75.0
78.0
135.0
50.0
106.0
189.0
80.0
158.0
231.0
78.0
58.0
87.0
120.0
179.0
170.0
83.0
129.0
60.0
63.0
226.0
123.0
111.0
144.0
66.0
67.0
108.0
94.0
82.0
89.0
158.0
83.0
91.0
74.0
196.0
82.0
149.0
94.0
76.0
124.0
132.0
133.0
105.0
56.0
90.0
137.0
151.0
115.0
81.0
135.0
101.0
80.0
118.0
105.0
71.0
151.0
107.0
79.0
109.0
82.0
137.0
88.0
26.0
58.0
71.0
85.0
92.0
113.0
89.0
184.0
72.0
173.0
68.0
85.0
51.0
154.0
89.0
95.0
137.0
88.0
69.0
87.0
267.0
63.0
220.0
35.0
108.0
138.0
172.0
55.0
59.0
108.0
67.0
141.0
86.0
66.0
167.0
113.0
105.0
205.0
93.0
174.0
52.0
81.0
217.0
130.0
118.0
64.0
43.0
134.0
62.0
144.0
67.0
135.0
86.0
122.0
60.0
145.0
57.0
110.0
107.0
108.0
41.0
89.0
54.0
56.0
97.0
83.0
161.0
152.0
164.0
135.0
100.0
105.0
151.0
106.0
82.0
134.0
90.0
97.0
67.0
60.0
104.0
87.0
115.0
78.0
55.0
210.0
107.0
167.0
127.0
119.0
93.0
122.0
157.0
83.0
56.0
124.0
103.0
198.0
132.0
81.0
74.0
83.0
112.0
106.0
107.0
176.0
42.0
90.0
133.0
105.0
61.0
100.0
85.0
300.0
55.0
48.0
93.0
188.0
92.0
74.0
160.0
126.0
41.0
117.0
58.0
97.0
118.0
54.0
69.0
46.0
150.0
93.0
128.0
144.0
103.0
105.0
87.0
89.0
101.0
71.0
137.0
69.0
104.0
83.0
73.0
189.0
132.0
107.0
83.0
114.0
45.0
63.0
153.0
141.0
146.0
96.0
62.0
135.0
76.0
112.0
63.0
180.0
78.0
73.0
99.0
51.0
69.0
132.0
61.0
74.0
88.0
95.0
82.0
182.0
109.0
124.0
82.0
271.0
69.0
166.0
100.0
86.0
107.0
70.0
93.0
104.0
151.0
119.0
72.0
93.0
146.0
100.0
63.0
133.0
57.0
145.0
107.0
66.0
97.0
95.0
65.0
91.0
85.0
76.0
87.0
106.0
63.0
122.0
74.0
74.0
60.0
87.0
117.0
41.0
74.0
83.0
152.0
151.0
111.0
208.0
116.0
66.0
119.0
86.0
163.0
63.0
50.0
60.0
85.0
55.0
195.0
70.0
142.0
100.0
129.0
108.0
144.0
97.0
82.0
74.0
75.0
105.0
61.0
105.0
81.0
142.0
100.0
108.0
83.0
142.0
53.0
119.0
127.0
162.0
70.0
84.0
71.0
101.0
154.0
152.0
109.0
87.0
126.0
139.0
85.0
65.0
98.0
105.0
103.0
97.0
130.0
90.0
114.0
73.0
103.0
138.0
40.0
45.0
69.0
185.0
72.0
96.0
117.0
94.0
113.0
67.0
91.0
88.0
72.0
139.0
68.0
64.0
34.0
134.0
29.0
131.0
86.0
122.0
100.0
160.0
76.0
141.0
155.0
53.0
75.0
54.0
245.0
84.0
97.0
102.0
77.0
112.0
99.0
78.0
92.0
36.0
152.0
71.0
124.0
121.0
38.0
136.0
79.0
127.0
102.0
180.0
47.0
82.0
79.0
95.0
51.0
110.0
181.0
170.0
55.0
118.0
116.0
70.0
77.0
77.0
118.0
90.0
152.0
97.0
102.0
88.0
41.0
92.0
86.0
74.0
81.0
72.0
79.0
110.0
88.0
106.0
112.0
160.0
78.0
49.0
112.0
97.0
279.0
113.0
82.0
142.0
56.0
69.0
50.0
43.0
67.0
163.0
37.0
46.0
97.0
60.0
92.0
75.0
119.0
64.0
163.0
64.0
58.0
90.0
94.0
110.0
154.0
129.0
120.0
78.0
84.0
103.0
87.0
145.0
67.0
121.0
48.0
173.0
91.0
57.0
99.0
69.0
69.0
190.0
137.0
171.0
81.0
99.0
146.0
82.0
86.0
72.0
101.0
107.0
84.0
41.0
70.0
100.0
49.0
126.0
118.0
79.0
73.0
108.0
171.0
180.0
70.0
74.0
45.0
86.0
81.0
123.0
111.0
61.0
76.0
102.0
76.0
63.0
136.0
66.0
81.0
122.0
130.0
59.0
131.0
151.0
83.0
66.0
106.0
105.0
93.0
129.0
180.0
90.0
94.0
58.0
76.0
105.0
111.0
62.0
135.0
116.0
128.0
153.0
55.0
155.0
128.0
126.0
67.0
251.0
126.0
102.0
82.0
40.0
89.0
70.0
80.0
72.0
53.0
111.0
143.0
102.0
111.0
63.0
88.0
71.0
150.0
103.0
148.0
172.0
117.0
165.0
213.0
93.0
51.0
145.0
71.0
249.0
59.0
142.0
69.0
59.0
94.0
124.0
114.0
107.0
71.0
98.0
159.0
67.0
77.0
78.0
97.0
100.0
115.0
75.0
138.0
139.0
65.0
106.0
76.0
103.0
47.0
82.0
91.0
77.0
74.0
112.0
114.0
111.0
113.0
99.0
131.0
91.0
72.0
111.0
158.0
66.0
77.0
121.0
65.0
77.0
78.0
178.0
52.0
220.0
79.0
132.0
95.0
125.0
104.0
113.0
127.0
127.0
47.0
147.0
87.0
248.0
97.0
94.0
35.0
106.0
111.0
193.0
67.0
103.0
103.0
61.0
137.0
122.0
146.0
45.0
93.0
116.0
112.0
74.0
88.0
91.0
90.0
62.0
212.0
119.0
74.0
102.0
50.0
45.0
115.0
161.0
90.0
132.0
131.0
295.0
125.0
146.0
80.0
123.0
69.0
162.0
74.0
152.0
83.0
43.0
98.0
98.0
63.0
95.0
140.0
54.0
165.0
114.0
101.0
99.0
54.0
93.0
85.0
148.0
120.0
194.0
111.0
108.0
158.0
97.0
76.0
119.0
58.0
114.0
75.0
74.0
166.0
130.0
66.0
82.0
59.0
50.0
149.0
145.0
98.0
106.0
50.0
151.0
122.0
75.0
80.0
67.0
129.0
122.0
113.0
88.0
79.0
127.0
63.0
101.0
64.0
94.0
151.0
96.0
158.0
72.0
61.0
85.0
182.0
184.0
175.0
146.0
123.0
59.0
120.0
84.0
49.0
72.0
116.0
121.0
78.0
104.0
166.0
106.0
59.0
135.0
89.0
105.0
124.0
107.0
113.0
142.0
116.0
113.0
59.0
86.0
97.0
63.0
54.0
55.0
62.0
96.0
133.0
97.0
108.0
35.0
99.0
94.0
174.0
60.0
111.0
52.0
164.0
111.0
174.0
68.0
204.0
116.0
80.0
90.0
137.0
118.0
153.0
56.0
84.0
137.0
73.0
123.0
165.0
145.0
65.0
82.0
113.0
207.0
134.0
129.0
72.0
106.0
81.0
132.0
162.0
64.0
71.0
121.0
137.0
64.0
240.0
118.0
91.0
231.0
80.0
99.0
165.0
53.0
89.0
140.0
148.0
109.0
79.0
104.0
88.0
65.0
94.0
104.0
66.0
157.0
73.0
55.0
130.0
101.0
72.0
240.0
139.0
67.0
84.0
49.0
93.0
45.0
185.0
83.0
125.0
101.0
161.0
184.0
129.0
136.0
96.0
130.0
92.0
104.0
59.0
84.0
119.0
40.0
57.0
112.0
125.0
74.0
127.0
100.0
71.0
135.0
197.0
45.0
81.0
116.0
76.0
146.0
72.0
153.0
210.0
193.0
62.0
113.0
216.0
77.0
95.0
90.0
101.0
143.0
86.0
88.0
143.0
73.0
61.0
77.0
122.0
60.0
55.0
102.0
153.0
160.0
82.0
115.0
75.0
55.0
76.0
92.0
197.0
95.0
62.0
67.0
49.0
128.0
107.0
148.0
196.0
137.0
87.0
127.0
176.0
69.0
112.0
136.0
58.0
73.0
52.0
56.0
95.0
95.0
125.0
131.0
126.0
112.0
54.0
136.0
188.0
193.0
140.0
88.0
144.0
99.0
210.0
170.0
68.0
78.0
163.0
89.0
50.0
82.0
67.0
82.0
159.0
133.0
147.0
468.0
123.0
136.0
56.0
137.0
115.0
180.0
95.0
170.0
133.0
56.0
116.0
59.0
78.0
94.0
80.0
107.0
106.0
73.0
137.0
109.0
175.0
68.0
63.0
138.0
90.0
118.0
140.0
126.0
72.0
95.0
76.0
97.0
62.0
68.0
34.0
56.0
112.0
222.0
71.0
86.0
105.0
80.0
131.0
169.0
79.0
176.0
97.0
169.0
194.0
58.0
168.0
65.0
63.0
129.0
218.0
60.0
176.0
76.0
57.0
51.0
77.0
130.0
69.0
48.0
81.0
80.0
109.0
104.0
111.0
86.0
97.0
96.0
160.0
74.0
86.0
71.0
63.0
117.0
164.0
108.0
95.0
110.0
80.0
218.0
80.0
123.0
109.0
120.0
119.0
100.0
82.0
84.0
69.0
145.0
135.0
109.0
231.0
55.0
69.0
129.0
76.0
82.0
88.0
113.0
110.0
100.0
69.0
135.0
131.0
122.0
62.0
91.0
70.0
115.0
38.0
76.0
61.0
138.0
82.0
121.0
87.0
89.0
109.0
183.0
230.0
125.0
59.0
108.0
180.0
91.0
60.0
210.0
98.0
88.0
56.0
127.0
124.0
96.0
51.0
80.0
122.0
122.0
148.0
182.0
30.0
77.0
124.0
68.0
34.0
155.0
85.0
127.0
452.0
167.0
100.0
56.0
179.0
86.0
79.0
113.0
102.0
53.0
89.0
210.0
65.0
85.0
63.0
107.0
128.0
93.0
85.0
95.0
102.0
84.0
92.0
119.0
48.0
205.0
59.0
89.0
145.0
81.0
163.0
66.0
122.0
92.0
201.0
94.0
77.0
150.0
119.0
94.0
83.0
82.0
104.0
56.0
90.0
207.0
95.0
81.0
60.0
52.0
123.0
88.0
50.0
112.0
65.0
51.0
95.0
84.0
118.0
127.0
159.0
131.0
46.0
61.0
148.0
95.0
85.0
86.0
127.0
215.0
90.0
67.0
124.0
290.0
199.0
110.0
151.0
96.0
89.0
116.0
98.0
151.0
56.0
94.0
76.0
242.0
50.0
84.0
175.0
128.0
101.0
70.0
112.0
53.0
115.0
203.0
86.0
111.0
127.0
81.0
110.0
50.0
130.0
277.0
65.0
152.0
150.0
106.0
91.0
177.0
94.0
53.0
157.0
35.0
66.0
139.0
90.0
361.0
129.0
190.0
61.0
84.0
62.0
62.0
89.0
76.0
112.0
83.0
76.0
79.0
88.0
116.0
119.0
89.0
91.0
65.0
135.0
45.0
56.0
98.0
119.0
91.0
178.0
79.0
54.0
120.0
86.0
107.0
177.0
117.0
106.0
28.0
57.0
70.0
117.0
75.0
66.0
103.0
102.0
103.0
186.0
53.0
103.0
105.0
108.0
116.0
104.0
86.0
65.0
119.0
108.0
60.0
56.0
158.0
118.0
121.0
176.0
78.0
69.0
157.0
65.0
115.0
63.0
134.0
124.0
65.0
82.0
79.0
142.0
86.0
100.0
99.0
96.0
156.0
126.0
79.0
98.0
44.0
78.0
87.0
126.0
79.0
66.0
110.0
154.0
107.0
248.0
161.0
63.0
69.0
105.0
94.0
56.0
103.0
154.0
70.0
95.0
126.0
108.0
56.0
83.0
164.0
152.0
133.0
92.0
82.0
53.0
208.0
108.0
66.0
42.0
135.0
101.0
123.0
101.0
105.0
110.0
62.0
72.0
90.0
140.0
121.0
65.0
45.0
94.0
114.0
80.0
54.0
95.0
63.0
40.0
109.0
55.0
45.0
192.0
87.0
55.0
136.0
119.0
103.0
103.0
69.0
342.0
223.0
167.0
86.0
80.0
130.0
128.0
39.0
56.0
89.0
107.0
53.0
150.0
58.0
128.0
102.0
120.0
215.0
140.0
131.0
90.0
97.0
111.0
114.0
61.0
76.0
113.0
164.0
54.0
78.0
73.0
109.0
106.0
178.0
17.0
134.0
87.0
133.0
156.0
69.0
157.0
91.0
97.0
131.0
76.0
71.0
133.0
58.0
92.0
78.0
43.0
138.0
208.0
77.0
21.0
130.0
137.0
111.0
52.0
66.0
103.0
124.0
72.0
142.0
90.0
67.0
131.0
140.0
93.0
74.0
97.0
71.0
81.0
58.0
89.0
104.0
176.0
160.0
47.0
123.0
117.0
99.0
136.0
111.0
69.0
101.0
61.0
156.0
53.0
143.0
106.0
44.0
101.0
81.0
146.0
92.0
118.0
67.0
71.0
74.0
134.0
106.0
79.0
116.0
76.0
140.0
33.0
169.0
88.0
91.0
122.0
114.0
87.0
61.0
50.0
113.0
84.0
159.0
130.0
127.0
67.0
76.0
64.0
91.0
30.0
88.0
133.0
152.0
83.0
105.0
132.0
211.0
83.0
103.0
53.0
84.0
151.0
99.0
123.0
83.0
87.0
119.0
72.0
79.0
103.0
101.0
182.0
122.0
101.0
35.0
89.0
182.0
109.0
68.0
78.0
85.0
168.0
42.0
62.0
74.0
115.0
65.0
71.0
79.0
123.0
134.0
79.0
123.0
70.0
86.0
127.0
142.0
46.0
164.0
160.0
131.0
52.0
59.0
82.0
46.0
150.0
92.0
117.0
95.0
81.0
105.0
83.0
75.0
71.0
131.0
71.0
114.0
72.0
199.0
117.0
88.0
51.0
92.0
172.0
199.0
112.0
70.0
73.0
72.0
50.0
78.0
69.0
75.0
54.0
65.0
105.0
106.0
72.0
46.0
141.0
73.0
182.0
61.0
140.0
47.0
79.0
96.0
130.0
130.0
153.0
48.0
112.0
237.0
124.0
85.0
97.0
164.0
84.0
147.0
159.0
102.0
155.0
66.0
59.0
113.0
69.0
34.0
64.0
53.0
108.0
108.0
113.0
201.0
38.0
118.0
132.0
68.0
99.0
100.0
98.0
121.0
141.0
38.0
69.0
41.0
108.0
35.0
70.0
59.0
52.0
104.0
133.0
73.0
93.0
193.0
132.0
138.0
142.0
66.0
63.0
163.0
74.0
135.0
65.0
35.0
125.0
96.0
75.0
61.0
79.0
61.0
172.0
84.0
98.0
123.0
117.0
91.0
115.0
113.0
152.0
68.0
161.0
77.0
98.0
133.0
56.0
97.0
79.0
57.0
191.0
62.0
136.0
76.0
151.0
88.0
42.0
126.0
59.0
110.0
52.0
158.0
104.0
105.0
110.0
136.0
128.0
147.0
157.0
148.0
132.0
81.0
65.0
183.0
84.0
101.0
79.0
151.0
54.0
72.0
189.0
171.0
93.0
64.0
132.0
124.0
133.0
93.0
145.0
76.0
115.0
57.0
53.0
94.0
75.0
126.0
64.0
200.0
65.0
93.0
248.0
71.0
241.0
88.0
64.0
65.0
129.0
73.0
63.0
103.0
51.0
104.0
62.0
88.0
199.0
81.0
150.0
96.0
209.0
61.0
107.0
86.0
92.0
88.0
85.0
105.0
126.0
165.0
56.0
130.0
34.0
172.0
64.0
90.0
135.0
171.0
56.0
79.0
103.0
46.0
60.0
97.0
74.0
172.0
83.0
95.0
128.0
132.0
95.0
111.0
60.0
152.0
159.0
63.0
125.0
88.0
129.0
98.0
96.0
74.0
164.0
128.0
51.0
37.0
68.0
174.0
131.0
84.0
53.0
156.0
132.0
98.0
90.0
158.0
53.0
123.0
169.0
74.0
52.0
252.0
48.0
218.0
171.0
144.0
72.0
52.0
100.0
137.0
66.0
331.0
164.0
112.0
72.0
81.0
81.0
50.0
73.0
101.0
116.0
66.0
70.0
100.0
307.0
113.0
78.0
56.0
190.0
76.0
72.0
84.0
102.0
142.0
141.0
65.0
71.0
132.0
73.0
170.0
82.0
237.0
115.0
92.0
170.0
93.0
97.0
96.0
232.0
52.0
101.0
94.0
110.0
110.0
79.0
148.0
71.0
48.0
50.0
127.0
112.0
73.0
106.0
93.0
81.0
142.0
57.0
161.0
37.0
87.0
142.0
77.0
84.0
103.0
184.0
154.0
90.0
285.0
155.0
116.0
98.0
90.0
108.0
43.0
232.0
255.0
91.0
61.0
113.0
75.0
169.0
71.0
37.0
135.0
60.0
189.0
123.0
158.0
41.0
95.0
137.0
49.0
135.0
46.0
218.0
130.0
119.0
186.0
115.0
113.0
125.0
131.0
82.0
115.0
96.0
116.0
225.0
80.0
74.0
133.0
66.0
355.0
128.0
150.0
142.0
136.0
77.0
203.0
124.0
71.0
106.0
66.0
112.0
110.0
150.0
28.0
187.0
63.0
106.0
55.0
74.0
105.0
50.0
91.0
165.0
71.0
196.0
62.0
85.0
199.0
93.0
120.0
130.0
68.0
134.0
113.0
65.0
74.0
77.0
96.0
150.0
92.0
120.0
55.0
62.0
224.0
98.0
153.0
152.0
116.0
61.0
119.0
110.0
79.0
129.0
174.0
61.0
63.0
135.0
99.0
127.0
26.0
162.0
132.0
124.0
55.0
138.0
109.0
123.0
67.0
98.0
77.0
54.0
74.0
163.0
107.0
72.0
50.0
182.0
86.0
49.0
82.0
70.0
97.0
71.0
105.0
139.0
167.0
51.0
51.0
417.0
89.0
106.0
68.0
140.0
101.0
159.0
91.0
92.0
113.0
173.0
61.0
74.0
91.0
83.0
196.0
124.0
111.0
55.0
91.0
69.0
97.0
61.0
87.0
95.0
188.0
89.0
160.0
104.0
78.0
57.0
101.0
80.0
95.0
109.0
88.0
32.0
157.0
121.0
97.0
44.0
86.0
69.0
172.0
92.0
111.0
70.0
194.0
134.0
75.0
168.0
107.0
109.0
54.0
48.0
108.0
186.0
147.0
142.0
68.0
89.0
127.0
316.0
118.0
76.0
127.0
79.0
57.0
133.0
146.0
86.0
92.0
89.0
194.0
48.0
94.0
92.0
60.0
88.0
93.0
180.0
112.0
47.0
48.0
120.0
56.0
70.0
91.0
112.0
213.0
116.0
130.0
122.0
50.0
126.0
92.0
127.0
148.0
165.0
59.0
80.0
137.0
71.0
86.0
82.0
202.0
100.0
231.0
78.0
85.0
125.0
58.0
86.0
104.0
138.0
65.0
69.0
75.0
76.0
69.0
116.0
75.0
135.0
56.0
74.0
142.0
88.0
157.0
79.0
112.0
95.0
103.0
56.0
139.0
87.0
123.0
54.0
58.0
116.0
91.0
51.0
265.0
144.0
164.0
114.0
85.0
115.0
145.0
51.0
55.0
126.0
82.0
61.0
169.0
73.0
50.0
96.0
125.0
47.0
55.0
60.0
90.0
258.0
86.0
97.0
165.0
108.0
64.0
109.0
77.0
80.0
96.0
94.0
156.0
83.0
52.0
146.0
124.0
99.0
193.0
107.0
159.0
309.0
50.0
122.0
221.0
104.0
80.0
95.0
130.0
73.0
69.0
104.0
150.0
137.0
83.0
62.0
159.0
71.0
56.0
61.0
72.0
148.0
155.0
81.0
165.0
49.0
121.0
127.0
138.0
118.0
53.0
72.0
117.0
78.0
70.0
59.0
62.0
68.0
140.0
101.0
75.0
149.0
202.0
122.0
108.0
137.0
170.0
137.0
73.0
95.0
144.0
87.0
105.0
87.0
127.0
79.0
128.0
91.0
46.0
106.0
202.0
167.0
31.0
138.0
112.0
169.0
74.0
131.0
40.0
262.0
67.0
76.0
82.0
86.0
190.0
122.0
64.0
144.0
133.0
131.0
82.0
45.0
110.0
90.0
131.0
180.0
69.0
93.0
153.0
112.0
65.0
147.0
56.0
44.0
74.0
168.0
133.0
143.0
87.0
93.0
59.0
163.0
159.0
131.0
96.0
74.0
118.0
48.0
90.0
168.0
116.0
69.0
140.0
162.0
94.0
152.0
132.0
74.0
112.0
94.0
57.0
212.0
45.0
110.0
63.0
68.0
83.0
83.0
125.0
117.0
93.0
123.0
121.0
160.0
103.0
73.0
129.0
133.0
58.0
186.0
84.0
76.0
149.0
89.0
97.0
583.0
99.0
50.0
51.0
67.0
63.0
83.0
92.0
78.0
148.0
73.0
141.0
83.0
84.0
86.0
45.0
43.0
52.0
73.0
96.0
88.0
124.0
147.0
62.0
78.0
169.0
40.0
67.0
120.0
85.0
65.0
166.0
178.0
47.0
118.0
82.0
60.0
95.0
81.0
132.0
90.0
130.0
56.0
163.0
133.0
116.0
378.0
62.0
119.0
160.0
88.0
88.0
109.0
62.0
123.0
118.0
110.0
132.0
130.0
140.0
81.0
128.0
138.0
100.0
63.0
154.0
75.0
190.0
81.0
93.0
55.0
113.0
90.0
185.0
102.0
77.0
80.0
109.0
65.0
98.0
135.0
72.0
95.0
160.0
83.0
102.0
109.0
157.0
68.0
84.0
95.0
185.0
72.0
128.0
118.0
101.0
82.0
133.0
142.0
143.0
63.0
82.0
185.0
52.0
64.0
128.0
67.0
69.0
154.0
62.0
57.0
161.0
73.0
67.0
120.0
50.0
122.0
121.0
116.0
84.0
26.0
129.0
65.0
132.0
156.0
63.0
67.0
54.0
71.0
95.0
98.0
53.0
99.0
71.0
61.0
157.0
120.0
122.0
104.0
99.0
122.0
87.0
37.0
51.0
70.0
150.0
100.0
215.0
83.0
90.0
56.0
174.0
89.0
156.0
68.0
104.0
81.0
69.0
173.0
70.0
167.0
161.0
97.0
63.0
107.0
133.0
117.0
81.0
136.0
61.0
116.0
154.0
31.0
70.0
62.0
173.0
95.0
80.0
81.0
116.0
90.0
80.0
71.0
71.0
145.0
86.0
145.0
120.0
163.0
137.0
61.0
99.0
96.0
103.0
91.0
160.0
101.0
93.0
107.0
79.0
96.0
120.0
112.0
89.0
98.0
106.0
112.0
70.0
184.0
68.0
74.0
73.0
571.0
99.0
44.0
90.0
69.0
73.0
88.0
94.0
56.0
118.0
79.0
96.0
108.0
138.0
122.0
106.0
56.0
47.0
124.0
139.0
52.0
73.0
59.0
79.0
91.0
89.0
43.0
103.0
39.0
49.0
105.0
107.0
139.0
73.0
93.0
63.0
94.0
80.0
123.0
86.0
101.0
151.0
141.0
262.0
78.0
85.0
62.0
81.0
140.0
104.0
86.0
35.0
57.0
143.0
51.0
127.0
53.0
69.0
44.0
245.0
162.0
68.0
87.0
49.0
108.0
71.0
138.0
55.0
78.0
105.0
149.0
125.0
78.0
195.0
74.0
153.0
90.0
34.0
133.0
125.0
52.0
95.0
130.0
119.0
70.0
84.0
119.0
94.0
60.0
114.0
128.0
97.0
94.0
170.0
68.0
83.0
33.0
94.0
112.0
148.0
158.0
105.0
73.0
104.0
273.0
141.0
98.0
99.0
80.0
215.0
84.0
120.0
142.0
170.0
126.0
58.0
104.0
83.0
35.0
44.0
49.0
77.0
42.0
98.0
42.0
52.0
109.0
147.0
57.0
149.0
114.0
153.0
158.0
104.0
180.0
84.0
87.0
56.0
104.0
89.0
137.0
163.0
126.0
148.0
113.0
85.0
58.0
97.0
61.0
144.0
67.0
86.0
100.0
163.0
73.0
60.0
103.0
93.0
218.0
110.0
51.0
99.0
96.0
73.0
71.0
71.0
51.0
76.0
57.0
90.0
142.0
191.0
84.0
96.0
122.0
155.0
98.0
64.0
108.0
133.0
73.0
53.0
70.0
104.0
172.0
68.0
148.0
85.0
93.0
118.0
155.0
111.0
102.0
47.0
97.0
90.0
84.0
132.0
75.0
106.0
45.0
77.0
78.0
135.0
363.0
138.0
89.0
110.0
46.0
96.0
82.0
139.0
166.0
125.0
69.0
116.0
61.0
99.0
83.0
211.0
187.0
84.0
141.0
132.0
94.0
164.0
75.0
123.0
37.0
167.0
141.0
80.0
196.0
75.0
216.0
149.0
49.0
75.0
154.0
122.0
59.0
71.0
84.0
92.0
66.0
110.0
154.0
128.0
161.0
135.0
97.0
88.0
153.0
90.0
75.0
135.0
41.0
49.0
136.0
89.0
94.0
88.0
85.0
90.0
159.0
107.0
167.0
124.0
70.0
80.0
77.0
85.0
63.0
84.0
76.0
111.0
116.0
82.0
102.0
98.0
109.0
175.0
44.0
146.0
82.0
124.0
53.0
55.0
152.0
79.0
93.0
180.0
93.0
86.0
222.0
96.0
138.0
179.0
113.0
62.0
104.0
65.0
77.0
65.0
188.0
97.0
90.0
96.0
90.0
82.0
130.0
159.0
115.0
144.0
59.0
65.0
78.0
189.0
83.0
167.0
78.0
111.0
58.0
111.0
87.0
150.0
117.0
99.0
158.0
53.0
108.0
202.0
88.0
109.0
139.0
196.0
55.0
108.0
156.0
101.0
81.0
80.0
100.0
184.0
57.0
154.0
140.0
104.0
139.0
89.0
129.0
125.0
114.0
184.0
66.0
84.0
79.0
49.0
99.0
91.0
234.0
114.0
160.0
164.0
90.0
72.0
100.0
113.0
151.0
76.0
55.0
96.0
190.0
135.0
82.0
120.0
75.0
116.0
104.0
164.0
78.0
117.0
76.0
55.0
134.0
86.0
79.0
118.0
89.0
82.0
89.0
64.0
160.0
119.0
161.0
80.0
101.0
49.0
174.0
99.0
47.0
99.0
124.0
92.0
68.0
167.0
116.0
85.0
106.0
100.0
123.0
74.0
187.0
97.0
89.0
86.0
268.0
138.0
88.0
76.0
114.0
88.0
82.0
113.0
50.0
94.0
102.0
145.0
85.0
160.0
112.0
77.0
68.0
51.0
437.0
61.0
220.0
103.0
126.0
141.0
122.0
121.0
130.0
178.0
70.0
147.0
146.0
71.0
84.0
136.0
39.0
94.0
112.0
91.0
67.0
123.0
116.0
136.0
124.0
99.0
90.0
86.0
230.0
65.0
86.0
120.0
75.0
49.0
136.0
134.0
137.0
95.0
86.0
67.0
83.0
171.0
77.0
162.0
152.0
85.0
130.0
176.0
49.0
161.0
39.0
63.0
88.0
77.0
114.0
210.0
156.0
69.0
134.0
73.0
68.0
167.0
46.0
63.0
160.0
120.0
166.0
129.0
91.0
81.0
58.0
219.0
186.0
130.0
46.0
85.0
72.0
223.0
198.0
72.0
77.0
58.0
134.0
131.0
103.0
77.0
207.0
109.0
93.0
76.0
72.0
86.0
107.0
78.0
58.0
85.0
170.0
97.0
65.0
74.0
133.0
54.0
181.0
55.0
200.0
96.0
179.0
156.0
170.0
28.0
226.0
136.0
179.0
185.0
87.0
203.0
177.0
70.0
99.0
66.0
46.0
132.0
65.0
143.0
115.0
145.0
139.0
111.0
100.0
162.0
143.0
94.0
182.0
151.0
86.0
78.0
69.0
77.0
287.0
91.0
194.0
71.0
67.0
102.0
53.0
98.0
116.0
94.0
87.0
147.0
99.0
91.0
124.0
67.0
102.0
123.0
57.0
63.0
91.0
94.0
147.0
76.0
137.0
139.0
133.0
76.0
124.0
160.0
43.0
94.0
44.0
88.0
120.0
148.0
105.0
83.0
85.0
89.0
39.0
161.0
152.0
129.0
117.0
76.0
59.0
114.0
194.0
86.0
64.0
229.0
80.0
111.0
116.0
78.0
190.0
98.0
183.0
66.0
53.0
83.0
45.0
88.0
123.0
101.0
143.0
124.0
67.0
73.0
103.0
269.0
91.0
134.0
155.0
64.0
100.0
136.0
102.0
66.0
119.0
99.0
161.0
58.0
146.0
79.0
160.0
110.0
122.0
173.0
80.0
151.0
153.0
88.0
215.0
161.0
72.0
124.0
49.0
106.0
78.0
85.0
81.0
67.0
93.0
75.0
103.0
89.0
82.0
76.0
91.0
167.0
349.0
153.0
121.0
121.0
90.0
121.0
110.0
81.0
128.0
158.0
135.0
103.0
115.0
112.0
90.0
54.0
160.0
62.0
85.0
114.0
143.0
156.0
80.0
64.0
109.0
36.0
178.0
43.0
131.0
122.0
121.0
101.0
108.0
132.0
99.0
100.0
93.0
85.0
99.0
54.0
191.0
76.0
94.0
75.0
88.0
47.0
68.0
140.0
180.0
72.0
124.0
78.0
97.0
77.0
76.0
229.0
150.0
114.0
237.0
95.0
63.0
174.0
88.0
244.0
107.0
84.0
71.0
123.0
74.0
194.0
102.0
111.0
37.0
103.0
91.0
118.0
81.0
74.0
84.0
53.0
87.0
82.0
108.0
84.0
210.0
42.0
65.0
70.0
79.0
104.0
68.0
56.0
121.0
126.0
91.0
83.0
87.0
195.0
144.0
172.0
81.0
31.0
72.0
189.0
127.0
176.0
59.0
56.0
104.0
129.0
121.0
75.0
110.0
57.0
105.0
59.0
122.0
118.0
96.0
117.0
59.0
141.0
143.0
143.0
140.0
54.0
113.0
59.0
105.0
56.0
92.0
115.0
72.0
153.0
99.0
86.0
90.0
184.0
58.0
64.0
107.0
94.0
78.0
86.0
119.0
93.0
71.0
92.0
62.0
93.0
63.0
91.0
124.0
134.0
166.0
69.0
79.0
79.0
92.0
99.0
105.0
101.0
83.0
96.0
124.0
159.0
208.0
104.0
121.0
159.0
72.0
38.0
78.0
76.0
74.0
102.0
124.0
153.0
84.0
109.0
109.0
120.0
108.0
84.0
93.0
95.0
62.0
51.0
56.0
62.0
193.0
170.0
108.0
58.0
74.0
101.0
51.0
88.0
141.0
64.0
129.0
100.0
96.0
119.0
72.0
58.0
135.0
88.0
151.0
76.0
131.0
90.0
66.0
105.0
86.0
56.0
93.0
45.0
75.0
30.0
63.0
147.0
124.0
67.0
127.0
99.0
101.0
83.0
92.0
93.0
67.0
57.0
41.0
80.0
53.0
67.0
94.0
76.0
82.0
135.0
77.0
148.0
78.0
98.0
74.0
81.0
135.0
99.0
115.0
43.0
80.0
108.0
93.0
147.0
92.0
131.0
77.0
137.0
92.0
140.0
123.0
127.0
111.0
261.0
95.0
324.0
97.0
90.0
132.0
429.0
87.0
99.0
92.0
88.0
64.0
98.0
115.0
177.0
92.0
93.0
59.0
110.0
97.0
99.0
98.0
173.0
74.0
129.0
146.0
71.0
67.0
52.0
104.0
129.0
147.0
194.0
53.0
95.0
50.0
43.0
131.0
87.0
97.0
93.0
104.0
66.0
101.0
149.0
97.0
155.0
197.0
132.0
117.0
188.0
85.0
53.0
185.0
22.0
91.0
205.0
110.0
119.0
79.0
121.0
71.0
72.0
86.0
49.0
126.0
69.0
69.0
113.0
99.0
100.0
52.0
160.0
84.0
67.0
48.0
150.0
76.0
139.0
73.0
85.0
83.0
55.0
221.0
99.0
58.0
104.0
82.0
132.0
127.0
85.0
108.0
124.0
65.0
113.0
96.0
72.0
62.0
99.0
144.0
100.0
60.0
65.0
67.0
123.0
83.0
136.0
160.0
126.0
152.0
102.0
135.0
133.0
51.0
79.0
80.0
59.0
102.0
58.0
112.0
81.0
96.0
84.0
96.0
137.0
57.0
169.0
141.0
76.0
84.0
149.0
148.0
60.0
62.0
124.0
135.0
111.0
60.0
84.0
92.0
118.0
103.0
120.0
126.0
114.0
257.0
120.0
56.0
167.0
168.0
62.0
131.0
60.0
85.0
198.0
95.0
140.0
126.0
106.0
95.0
130.0
135.0
64.0
96.0
109.0
65.0
120.0
122.0
65.0
150.0
48.0
104.0
139.0
71.0
72.0
124.0
64.0
128.0
105.0
86.0
107.0
129.0
138.0
56.0
98.0
68.0
102.0
120.0
103.0
107.0
77.0
88.0
97.0
82.0
80.0
89.0
58.0
82.0
68.0
85.0
80.0
35.0
107.0
121.0
80.0
99.0
122.0
66.0
321.0
65.0
130.0
114.0
104.0
146.0
54.0
90.0
119.0
48.0
245.0
136.0
153.0
71.0
85.0
81.0
62.0
113.0
62.0
81.0
124.0
52.0
118.0
197.0
97.0
58.0
93.0
114.0
87.0
151.0
109.0
217.0
46.0
109.0
192.0
145.0
57.0
98.0
87.0
98.0
87.0
98.0
39.0
174.0
116.0
107.0
69.0
56.0
61.0
132.0
49.0
103.0
37.0
152.0
145.0
95.0
140.0
97.0
87.0
68.0
84.0
89.0
71.0
64.0
143.0
73.0
92.0
70.0
162.0
106.0
133.0
125.0
139.0
154.0
112.0
71.0
76.0
121.0
121.0
152.0
122.0
88.0
38.0
104.0
147.0
170.0
58.0
127.0
100.0
53.0
152.0
136.0
102.0
143.0
65.0
38.0
56.0
118.0
75.0
135.0
45.0
58.0
298.0
159.0
88.0
51.0
205.0
49.0
268.0
75.0
93.0
171.0
65.0
138.0
145.0
161.0
47.0
71.0
136.0
44.0
43.0
128.0
96.0
64.0
149.0
80.0
215.0
144.0
64.0
146.0
143.0
102.0
105.0
104.0
113.0
115.0
74.0
101.0
128.0
144.0
75.0
112.0
172.0
76.0
89.0
58.0
98.0
68.0
142.0
86.0
127.0
102.0
79.0
77.0
70.0
157.0
136.0
128.0
83.0
161.0
72.0
105.0
185.0
51.0
193.0
90.0
90.0
72.0
129.0
122.0
137.0
71.0
286.0
149.0
102.0
114.0
176.0
147.0
100.0
81.0
515.0
65.0
86.0
177.0
33.0
103.0
52.0
104.0
61.0
142.0
113.0
128.0
58.0
66.0
126.0
68.0
74.0
137.0
88.0
99.0
94.0
49.0
165.0
120.0
140.0
111.0
102.0
198.0
74.0
102.0
150.0
90.0
139.0
247.0
81.0
74.0
97.0
200.0
71.0
72.0
139.0
96.0
120.0
76.0
90.0
181.0
76.0
110.0
129.0
118.0
39.0
112.0
135.0
99.0
93.0
133.0
131.0
172.0
170.0
47.0
61.0
47.0
114.0
138.0
99.0
137.0
99.0
83.0
106.0
76.0
147.0
120.0
137.0
211.0
71.0
162.0
148.0
111.0
133.0
111.0
71.0
351.0
61.0
198.0
68.0
85.0
39.0
86.0
93.0
117.0
131.0
93.0
114.0
126.0
172.0
93.0
202.0
203.0
163.0
55.0
101.0
102.0
64.0
116.0
137.0
110.0
60.0
100.0
121.0
101.0
200.0
57.0
47.0
92.0
69.0
116.0
145.0
105.0
319.0
201.0
88.0
100.0
94.0
83.0
115.0
89.0
133.0
163.0
61.0
151.0
136.0
97.0
91.0
71.0
134.0
190.0
113.0
85.0
167.0
146.0
59.0
77.0
89.0
78.0
136.0
118.0
88.0
58.0
39.0
120.0
111.0
128.0
139.0
139.0
169.0
72.0
73.0
168.0
87.0
89.0
108.0
177.0
120.0
51.0
102.0
173.0
178.0
150.0
141.0
89.0
59.0
186.0
66.0
68.0
28.0
60.0
153.0
119.0
58.0
100.0
119.0
136.0
270.0
108.0
155.0
45.0
182.0
105.0
67.0
122.0
86.0
70.0
87.0
69.0
88.0
164.0
118.0
65.0
93.0
117.0
82.0
163.0
199.0
129.0
111.0
75.0
118.0
140.0
136.0
173.0
142.0
128.0
145.0
128.0
88.0
174.0
131.0
183.0
77.0
73.0
83.0
75.0
185.0
91.0
66.0
99.0
64.0
116.0
158.0
59.0
141.0
130.0
110.0
87.0
138.0
59.0
59.0
159.0
127.0
143.0
126.0
87.0
56.0
161.0
109.0
51.0
151.0
65.0
165.0
170.0
61.0
140.0
86.0
39.0
160.0
110.0
123.0
67.0
104.0
133.0
99.0
51.0
90.0
116.0
105.0
78.0
85.0
62.0
127.0
66.0
107.0
110.0
118.0
108.0
62.0
68.0
79.0
88.0
157.0
113.0
103.0
91.0
121.0
75.0
161.0
142.0
80.0
93.0
56.0
85.0
80.0
67.0
136.0
128.0
71.0
80.0
84.0
97.0
124.0
80.0
109.0
49.0
145.0
132.0
135.0
113.0
70.0
88.0
77.0
99.0
66.0
149.0
136.0
125.0
69.0
133.0
144.0
74.0
136.0
130.0
153.0
97.0
122.0
70.0
157.0
174.0
84.0
110.0
87.0
181.0
109.0
115.0
112.0
86.0
157.0
90.0
48.0
140.0
114.0
84.0
158.0
189.0
96.0
85.0
59.0
103.0
101.0
134.0
126.0
192.0
117.0
237.0
57.0
83.0
69.0
118.0
98.0
107.0
60.0
67.0
157.0
53.0
27.0
73.0
126.0
134.0
146.0
74.0
78.0
59.0
68.0
52.0
67.0
170.0
71.0
111.0
118.0
108.0
80.0
60.0
92.0
140.0
112.0
136.0
135.0
122.0
60.0
54.0
140.0
86.0
59.0
87.0
69.0
114.0
112.0
139.0
179.0
70.0
105.0
158.0
65.0
72.0
84.0
173.0
146.0
69.0
235.0
108.0
104.0
119.0
82.0
78.0
66.0
73.0
96.0
61.0
110.0
133.0
92.0
191.0
145.0
56.0
166.0
97.0
56.0
125.0
66.0
104.0
113.0
129.0
142.0
67.0
70.0
86.0
56.0
130.0
115.0
162.0
62.0
100.0
98.0
90.0
104.0
67.0
76.0
130.0
88.0
47.0
77.0
169.0
52.0
74.0
141.0
125.0
255.0
103.0
82.0
74.0
63.0
108.0
69.0
37.0
64.0
133.0
66.0
191.0
44.0
72.0
141.0
80.0
153.0
117.0
75.0
77.0
138.0
67.0
80.0
105.0
183.0
236.0
58.0
121.0
203.0
48.0
50.0
130.0
222.0
86.0
107.0
169.0
135.0
65.0
96.0
65.0
72.0
109.0
78.0
32.0
96.0
104.0
69.0
83.0
140.0
102.0
130.0
144.0
52.0
138.0
92.0
117.0
77.0
128.0
48.0
90.0
147.0
127.0
47.0
75.0
63.0
193.0
59.0
182.0
79.0
97.0
168.0
149.0
133.0
90.0
73.0
149.0
59.0
128.0
55.0
83.0
145.0
130.0
156.0
62.0
63.0
97.0
126.0
136.0
42.0
102.0
104.0
102.0
65.0
64.0
166.0
102.0
93.0
159.0
110.0
47.0
120.0
150.0
93.0
96.0
117.0
62.0
54.0
94.0
149.0
93.0
61.0
71.0
86.0
407.0
118.0
100.0
72.0
117.0
70.0
102.0
196.0
59.0
84.0
107.0
106.0
110.0
79.0
77.0
97.0
91.0
57.0
230.0
138.0
120.0
72.0
126.0
45.0
177.0
90.0
86.0
71.0
67.0
57.0
175.0
76.0
53.0
224.0
142.0
80.0
100.0
126.0
93.0
64.0
249.0
185.0
120.0
107.0
96.0
114.0
177.0
102.0
85.0
188.0
109.0
113.0
52.0
76.0
140.0
133.0
81.0
55.0
77.0
120.0
104.0
178.0
216.0
78.0
111.0
59.0
116.0
104.0
118.0
139.0
100.0
82.0
57.0
147.0
132.0
88.0
118.0
87.0
145.0
87.0
127.0
66.0
71.0
119.0
263.0
169.0
72.0
70.0
75.0
90.0
145.0
95.0
186.0
57.0
75.0
149.0
124.0
115.0
64.0
101.0
94.0
203.0
204.0
141.0
164.0
108.0
100.0
94.0
39.0
68.0
77.0
43.0
85.0
166.0
43.0
116.0
97.0
195.0
102.0
167.0
77.0
204.0
138.0
76.0
161.0
136.0
159.0
127.0
130.0
83.0
98.0
87.0
79.0
112.0
46.0
118.0
67.0
52.0
62.0
141.0
81.0
90.0
41.0
137.0
123.0
69.0
108.0
73.0
60.0
34.0
161.0
103.0
138.0
105.0
154.0
109.0
125.0
121.0
92.0
129.0
82.0
145.0
125.0
97.0
71.0
127.0
85.0
74.0
151.0
109.0
129.0
374.0
110.0
53.0
64.0
82.0
67.0
114.0
118.0
143.0
129.0
44.0
116.0
106.0
79.0
73.0
32.0
160.0
130.0
51.0
83.0
100.0
115.0
137.0
51.0
114.0
170.0
76.0
115.0
124.0
81.0
91.0
80.0
82.0
235.0
115.0
106.0
134.0
121.0
68.0
95.0
54.0
79.0
98.0
71.0
108.0
78.0
68.0
78.0
77.0
121.0
136.0
115.0
45.0
83.0
121.0
140.0
82.0
70.0
83.0
69.0
94.0
56.0
71.0
114.0
88.0
82.0
105.0
74.0
106.0
59.0
140.0
110.0
80.0
55.0
122.0
80.0
86.0
251.0
106.0
110.0
139.0
89.0
165.0
127.0
84.0
83.0
82.0
66.0
279.0
128.0
72.0
115.0
123.0
96.0
78.0
67.0
114.0
69.0
80.0
88.0
79.0
109.0
116.0
70.0
125.0
114.0
88.0
80.0
72.0
92.0
56.0
62.0
146.0
130.0
83.0
102.0
143.0
112.0
83.0
105.0
94.0
135.0
42.0
88.0
130.0
121.0
162.0
116.0
94.0
75.0
89.0
84.0
79.0
120.0
101.0
121.0
93.0
186.0
135.0
141.0
36.0
111.0
90.0
70.0
56.0
119.0
71.0
113.0
100.0
79.0
29.0
119.0
129.0
124.0
129.0
128.0
52.0
89.0
55.0
260.0
134.0
109.0
64.0
55.0
77.0
228.0
94.0
74.0
163.0
64.0
59.0
75.0
134.0
108.0
64.0
84.0
122.0
136.0
130.0
163.0
104.0
207.0
135.0
110.0
74.0
128.0
109.0
75.0
200.0
123.0
138.0
156.0
102.0
126.0
53.0
109.0
92.0
81.0
64.0
115.0
127.0
102.0
92.0
108.0
158.0
95.0
130.0
151.0
128.0
113.0
72.0
209.0
111.0
78.0
83.0
122.0
157.0
144.0
97.0
99.0
40.0
111.0
98.0
69.0
114.0
129.0
54.0
100.0
186.0
140.0
121.0
83.0
146.0
70.0
182.0
91.0
85.0
108.0
59.0
152.0
88.0
106.0
108.0
88.0
88.0
123.0
136.0
87.0
112.0
96.0
110.0
95.0
161.0
121.0
110.0
102.0
95.0
147.0
142.0
49.0
113.0
126.0
290.0
170.0
263.0
102.0
68.0
80.0
115.0
106.0
98.0
120.0
82.0
116.0
161.0
97.0
156.0
80.0
94.0
86.0
221.0
72.0
62.0
140.0
123.0
74.0
122.0
130.0
197.0
79.0
63.0
90.0
118.0
67.0
185.0
112.0
78.0
90.0
65.0
171.0
98.0
155.0
81.0
115.0
108.0
57.0
171.0
85.0
133.0
115.0
107.0
92.0
86.0
89.0
150.0
194.0
136.0
96.0
118.0
189.0
117.0
111.0
86.0
81.0
80.0
213.0
61.0
44.0
80.0
135.0
88.0
123.0
111.0
151.0
112.0
192.0
103.0
65.0
111.0
38.0
84.0
109.0
111.0
234.0
162.0
107.0
124.0
43.0
88.0
129.0
103.0
94.0
104.0
114.0
108.0
118.0
112.0
122.0
169.0
104.0
77.0
76.0
102.0
138.0
50.0
52.0
180.0
87.0
93.0
81.0
102.0
80.0
64.0
98.0
111.0
55.0
127.0
88.0
80.0
48.0
185.0
102.0
135.0
139.0
88.0
165.0
121.0
112.0
148.0
113.0
73.0
157.0
141.0
94.0
84.0
133.0
146.0
251.0
170.0
91.0
44.0
105.0
103.0
74.0
52.0
122.0
79.0
120.0
47.0
99.0
90.0
77.0
79.0
86.0
108.0
151.0
301.0
101.0
86.0
46.0
139.0
190.0
79.0
74.0
59.0
136.0
108.0
124.0
153.0
109.0
104.0
92.0
93.0
88.0
102.0
65.0
74.0
186.0
187.0
140.0
65.0
108.0
116.0
155.0
214.0
130.0
124.0
61.0
189.0
161.0
56.0
109.0
55.0
255.0
80.0
61.0
125.0
90.0
122.0
110.0
127.0
158.0
130.0
159.0
77.0
163.0
108.0
58.0
99.0
94.0
158.0
145.0
124.0
88.0
163.0
110.0
80.0
114.0
256.0
106.0
64.0
64.0
72.0
96.0
93.0
78.0
113.0
118.0
43.0
166.0
193.0
78.0
88.0
158.0
133.0
135.0
92.0
118.0
76.0
147.0
83.0
108.0
128.0
179.0
68.0
179.0
179.0
77.0
59.0
134.0
136.0
198.0
120.0
94.0
147.0
119.0
64.0
104.0
89.0
100.0
96.0
78.0
108.0
82.0
101.0
70.0
51.0
89.0
141.0
110.0
278.0
101.0
126.0
145.0
64.0
127.0
160.0
90.0
245.0
121.0
81.0
108.0
144.0
71.0
196.0
178.0
86.0
147.0
99.0
39.0
109.0
120.0
93.0
102.0
68.0
67.0
73.0
179.0
81.0
102.0
109.0
123.0
82.0
117.0
112.0
224.0
121.0
67.0
126.0
115.0
94.0
108.0
140.0
135.0
96.0
247.0
99.0
137.0
105.0
148.0
153.0
156.0
95.0
141.0
95.0
52.0
72.0
142.0
73.0
140.0
108.0
109.0
66.0
63.0
90.0
93.0
169.0
155.0
117.0
58.0
82.0
85.0
114.0
113.0
58.0
61.0
89.0
158.0
52.0
66.0
110.0
38.0
136.0
85.0
78.0
96.0
138.0
58.0
143.0
72.0
68.0
118.0
107.0
174.0
115.0
113.0
96.0
128.0
98.0
138.0
99.0
129.0
140.0
111.0
124.0
105.0
54.0
89.0
97.0
163.0
99.0
67.0
76.0
204.0
89.0
98.0
98.0
120.0
81.0
102.0
146.0
55.0
66.0
75.0
92.0
62.0
103.0
95.0
129.0
75.0
121.0
64.0
163.0
106.0
77.0
253.0
86.0
73.0
81.0
273.0
64.0
132.0
138.0
109.0
69.0
90.0
118.0
118.0
103.0
107.0
82.0
155.0
95.0
151.0
117.0
144.0
80.0
133.0
103.0
43.0
120.0
48.0
86.0
114.0
76.0
64.0
130.0
101.0
121.0
165.0
143.0
206.0
146.0
151.0
61.0
109.0
53.0
41.0
95.0
57.0
89.0
127.0
68.0
133.0
108.0
156.0
204.0
140.0
58.0
114.0
106.0
70.0
98.0
120.0
178.0
51.0
81.0
109.0
118.0
129.0
100.0
61.0
83.0
140.0
89.0
165.0
129.0
123.0
115.0
103.0
120.0
200.0
93.0
110.0
80.0
112.0
89.0
56.0
53.0
114.0
91.0
96.0
112.0
85.0
46.0
121.0
87.0
178.0
121.0
83.0
107.0
97.0
57.0
32.0
154.0
109.0
161.0
148.0
106.0
184.0
97.0
122.0
99.0
176.0
76.0
148.0
143.0
162.0
55.0
148.0
95.0
111.0
113.0
200.0
75.0
92.0
132.0
105.0
86.0
82.0
93.0
93.0
72.0
122.0
56.0
203.0
125.0
85.0
101.0
149.0
61.0
120.0
65.0
89.0
94.0
86.0
51.0
93.0
77.0
79.0
115.0
75.0
116.0
69.0
83.0
92.0
101.0
109.0
209.0
90.0
114.0
174.0
105.0
233.0
128.0
60.0
102.0
141.0
79.0
252.0
162.0
106.0
92.0
105.0
61.0
74.0
133.0
137.0
80.0
101.0
54.0
132.0
114.0
66.0
59.0
82.0
96.0
149.0
87.0
104.0
109.0
170.0
120.0
48.0
58.0
162.0
116.0
84.0
92.0
137.0
142.0
137.0
276.0
125.0
60.0
146.0
43.0
114.0
72.0
95.0
128.0
122.0
112.0
91.0
80.0
63.0
85.0
97.0
103.0
157.0
36.0
177.0
147.0
66.0
88.0
145.0
81.0
82.0
89.0
107.0
89.0
78.0
71.0
98.0
89.0
203.0
103.0
101.0
119.0
94.0
158.0
89.0
155.0
112.0
110.0
119.0
73.0
53.0
107.0
79.0
64.0
120.0
164.0
85.0
97.0
78.0
76.0
112.0
121.0
98.0
94.0
101.0
158.0
80.0
151.0
140.0
69.0
153.0
96.0
109.0
161.0
120.0
81.0
72.0
87.0
80.0
104.0
58.0
77.0
96.0
125.0
101.0
96.0
68.0
66.0
144.0
184.0
208.0
171.0
117.0
107.0
118.0
52.0
157.0
115.0
76.0
91.0
97.0
98.0
75.0
66.0
96.0
146.0
87.0
89.0
103.0
55.0
120.0
137.0
155.0
89.0
95.0
103.0
92.0
40.0
64.0
123.0
92.0
65.0
94.0
64.0
152.0
58.0
118.0
150.0
190.0
136.0
110.0
178.0
91.0
91.0
46.0
68.0
85.0
53.0
167.0
116.0
117.0
88.0
150.0
106.0
57.0
104.0
82.0
138.0
133.0
92.0
116.0
133.0
99.0
75.0
61.0
180.0
79.0
109.0
123.0
52.0
70.0
87.0
82.0
86.0
112.0
224.0
82.0
153.0
85.0
110.0
106.0
261.0
50.0
123.0
155.0
115.0
67.0
70.0
77.0
80.0
95.0
79.0
58.0
94.0
103.0
156.0
125.0
139.0
114.0
79.0
107.0
93.0
178.0
126.0
91.0
83.0
89.0
93.0
115.0
129.0
74.0
116.0
94.0
82.0
139.0
194.0
122.0
134.0
135.0
37.0
88.0
140.0
99.0
85.0
111.0
95.0
102.0
79.0
84.0
116.0
155.0
57.0
152.0
175.0
143.0
233.0
94.0
130.0
132.0
94.0
192.0
98.0
152.0
111.0
167.0
78.0
173.0
159.0
67.0
94.0
69.0
81.0
49.0
138.0
146.0
75.0
63.0
34.0
88.0
117.0
252.0
90.0
55.0
62.0
87.0
93.0
93.0
130.0
206.0
105.0
104.0
85.0
84.0
120.0
91.0
97.0
130.0
99.0
62.0
179.0
175.0
77.0
105.0
83.0
113.0
126.0
57.0
101.0
102.0
78.0
130.0
106.0
209.0
135.0
66.0
79.0
62.0
95.0
65.0
111.0
55.0
109.0
177.0
85.0
99.0
113.0
161.0
165.0
108.0
98.0
108.0
130.0
100.0
99.0
56.0
99.0
94.0
158.0
150.0
123.0
138.0
109.0
81.0
137.0
60.0
110.0
150.0
141.0
155.0
134.0
122.0
195.0
106.0
103.0
102.0
94.0
121.0
158.0
61.0
98.0
71.0
92.0
110.0
88.0
78.0
77.0
86.0
103.0
70.0
104.0
144.0
94.0
99.0
139.0
99.0
62.0
110.0
73.0
92.0
146.0
84.0
46.0
119.0
108.0
89.0
178.0
61.0
98.0
70.0
175.0
116.0
140.0
63.0
153.0
118.0
108.0
143.0
125.0
49.0
139.0
152.0
55.0
79.0
69.0
171.0
117.0
94.0
129.0
81.0
63.0
113.0
85.0
171.0
93.0
75.0
68.0
69.0
141.0
99.0
82.0
75.0
131.0
46.0
112.0
163.0
207.0
139.0
102.0
86.0
69.0
164.0
143.0
159.0
73.0
71.0
177.0
99.0
130.0
103.0
75.0
114.0
82.0
166.0
143.0
56.0
136.0
70.0
130.0
183.0
97.0
91.0
35.0
83.0
119.0
88.0
174.0
186.0
35.0
114.0
223.0
118.0
73.0
48.0
86.0
87.0
95.0
117.0
95.0
128.0
89.0
77.0
91.0
123.0
80.0
129.0
104.0
98.0
68.0
162.0
102.0
125.0
71.0
164.0
83.0
101.0
114.0
134.0
116.0
97.0
77.0
173.0
87.0
168.0
175.0
106.0
91.0
79.0
157.0
131.0
176.0
120.0
225.0
57.0
106.0
149.0
86.0
114.0
64.0
159.0
98.0
63.0
53.0
134.0
97.0
110.0
63.0
158.0
165.0
53.0
61.0
106.0
121.0
105.0
58.0
74.0
62.0
121.0
103.0
165.0
92.0
81.0
41.0
127.0
109.0
71.0
102.0
85.0
129.0
115.0
104.0
74.0
146.0
103.0
91.0
185.0
164.0
94.0
117.0
163.0
108.0
124.0
169.0
76.0
128.0
53.0
85.0
77.0
121.0
97.0
114.0
90.0
119.0
102.0
100.0
122.0
164.0
116.0
65.0
157.0
152.0
243.0
123.0
93.0
95.0
139.0
107.0
76.0
183.0
122.0
65.0
84.0
162.0
97.0
114.0
133.0
78.0
152.0
102.0
95.0
33.0
124.0
114.0
74.0
89.0
113.0
112.0
165.0
62.0
138.0
172.0
201.0
67.0
97.0
132.0
168.0
119.0
126.0
108.0
125.0
81.0
200.0
136.0
68.0
124.0
69.0
94.0
96.0
235.0
112.0
54.0
93.0
80.0
92.0
92.0
103.0
190.0
176.0
51.0
133.0
103.0
69.0
54.0
87.0
166.0
135.0
193.0
191.0
93.0
196.0
88.0
89.0
142.0
99.0
101.0
69.0
110.0
84.0
67.0
110.0
109.0
103.0
138.0
196.0
102.0
83.0
86.0
151.0
84.0
196.0
60.0
132.0
143.0
126.0
341.0
94.0
98.0
91.0
121.0
87.0
86.0
87.0
135.0
79.0
138.0
177.0
111.0
89.0
94.0
135.0
179.0
163.0
107.0
102.0
55.0
174.0
100.0
61.0
147.0
51.0
162.0
115.0
131.0
88.0
85.0
111.0
122.0
73.0
81.0
87.0
142.0
114.0
141.0
128.0
278.0
83.0
103.0
150.0
77.0
97.0
91.0
117.0
91.0
87.0
116.0
116.0
91.0
97.0
144.0
96.0
116.0
125.0
103.0
180.0
105.0
111.0
95.0
113.0
82.0
140.0
139.0
100.0
93.0
55.0
121.0
133.0
100.0
174.0
110.0
146.0
97.0
184.0
62.0
84.0
162.0
108.0
75.0
74.0
106.0
149.0
57.0
106.0
102.0
106.0
91.0
111.0
111.0
179.0
58.0
136.0
76.0
136.0
99.0
85.0
114.0
76.0
167.0
76.0
137.0
92.0
114.0
105.0
133.0
121.0
67.0
192.0
76.0
108.0
122.0
99.0
107.0
141.0
86.0
124.0
117.0
56.0
81.0
54.0
82.0
129.0
176.0
154.0
181.0
49.0
88.0
74.0
97.0
99.0
65.0
89.0
84.0
146.0
52.0
117.0
114.0
141.0
185.0
88.0
110.0
106.0
107.0
78.0
69.0
46.0
103.0
89.0
103.0
135.0
69.0
100.0
174.0
89.0
51.0
140.0
85.0
76.0
111.0
195.0
90.0
108.0
99.0
143.0
79.0
131.0
167.0
128.0
45.0
81.0
108.0
129.0
107.0
57.0
118.0
155.0
145.0
112.0
153.0
117.0
66.0
114.0
66.0
83.0
136.0
110.0
162.0
72.0
89.0
120.0
71.0
216.0
122.0
144.0
111.0
102.0
71.0
100.0
84.0
124.0
109.0
125.0
195.0
159.0
92.0
219.0
127.0
160.0
109.0
92.0
83.0
92.0
163.0
70.0
144.0
103.0
77.0
57.0
57.0
110.0
133.0
211.0
102.0
138.0
141.0
137.0
85.0
101.0
118.0
109.0
98.0
84.0
156.0
69.0
45.0
97.0
87.0
109.0
75.0
82.0
126.0
141.0
62.0
69.0
149.0
109.0
103.0
123.0
67.0
98.0
64.0
74.0
144.0
67.0
147.0
180.0
87.0
171.0
104.0
81.0
91.0
60.0
66.0
173.0
145.0
111.0
102.0
58.0
160.0
170.0
130.0
142.0
156.0
149.0
55.0
113.0
91.0
126.0
97.0
163.0
87.0
112.0
180.0
68.0
96.0
86.0
65.0
59.0
120.0
152.0
115.0
95.0
127.0
97.0
64.0
90.0
115.0
101.0
138.0
99.0
100.0
103.0
105.0
164.0
79.0
145.0
92.0
64.0
160.0
67.0
89.0
112.0
88.0
59.0
102.0
94.0
180.0
102.0
73.0
143.0
96.0
42.0
150.0
132.0
160.0
54.0
93.0
116.0
76.0
172.0
55.0
112.0
66.0
135.0
88.0
97.0
96.0
118.0
128.0
73.0
88.0
78.0
114.0
104.0
88.0
93.0
95.0
145.0
90.0
115.0
130.0
116.0
37.0
143.0
132.0
78.0
189.0
100.0
87.0
64.0
132.0
112.0
83.0
49.0
145.0
61.0
107.0
105.0
123.0
113.0
120.0
147.0
99.0
95.0
151.0
53.0
60.0
122.0
96.0
126.0
82.0
107.0
80.0
127.0
163.0
131.0
118.0
145.0
68.0
86.0
92.0
75.0
64.0
66.0
89.0
110.0
63.0
155.0
147.0
82.0
118.0
207.0
106.0
110.0
117.0
96.0
79.0
160.0
105.0
108.0
100.0
90.0
44.0
54.0
88.0
93.0
76.0
80.0
94.0
87.0
82.0
94.0
86.0
54.0
71.0
102.0
179.0
74.0
102.0
76.0
88.0
73.0
86.0
83.0
86.0
196.0
74.0
70.0
135.0
131.0
57.0
148.0
175.0
92.0
60.0
149.0
160.0
151.0
148.0
88.0
133.0
85.0
130.0
138.0
90.0
79.0
87.0
88.0
108.0
98.0
79.0
86.0
108.0
52.0
231.0
100.0
85.0
133.0
132.0
98.0
125.0
107.0
112.0
66.0
109.0
100.0
90.0
77.0
91.0
66.0
81.0
69.0
156.0
167.0
104.0
158.0
91.0
140.0
76.0
71.0
140.0
58.0
105.0
114.0
159.0
175.0
116.0
90.0
100.0
89.0
126.0
157.0
131.0
170.0
91.0
120.0
73.0
169.0
77.0
139.0
117.0
60.0
67.0
89.0
98.0
80.0
62.0
81.0
203.0
53.0
161.0
153.0
191.0
93.0
71.0
83.0
72.0
126.0
140.0
45.0
223.0
81.0
82.0
92.0
161.0
65.0
109.0
62.0
120.0
112.0
122.0
100.0
86.0
114.0
143.0
147.0
79.0
129.0
93.0
181.0
85.0
132.0
103.0
98.0
68.0
73.0
149.0
156.0
215.0
146.0
119.0
88.0
75.0
106.0
127.0
168.0
48.0
149.0
87.0
128.0
74.0
111.0
65.0
180.0
149.0
121.0
111.0
139.0
91.0
129.0
80.0
73.0
140.0
130.0
73.0
203.0
85.0
165.0
121.0
145.0
171.0
73.0
120.0
172.0
64.0
110.0
84.0
120.0
136.0
122.0
107.0
87.0
80.0
102.0
230.0
88.0
188.0
74.0
50.0
88.0
158.0
54.0
168.0
50.0
126.0
88.0
118.0
104.0
99.0
150.0
142.0
118.0
122.0
105.0
110.0
127.0
112.0
109.0
123.0
104.0
106.0
81.0
92.0
98.0
120.0
156.0
34.0
99.0
116.0
91.0
96.0
86.0
130.0
173.0
75.0
70.0
78.0
81.0
48.0
58.0
127.0
136.0
95.0
55.0
183.0
112.0
106.0
132.0
119.0
73.0
95.0
208.0
237.0
54.0
98.0
134.0
146.0
111.0
163.0
91.0
110.0
121.0
44.0
103.0
105.0
108.0
242.0
100.0
86.0
115.0
108.0
98.0
74.0
102.0
100.0
92.0
123.0
91.0
75.0
154.0
105.0
122.0
160.0
94.0
155.0
119.0
70.0
99.0
140.0
106.0
82.0
72.0
78.0
79.0
139.0
151.0
131.0
59.0
65.0
141.0
58.0
114.0
151.0
74.0
120.0
122.0
173.0
62.0
98.0
84.0
150.0
133.0
277.0
115.0
136.0
90.0
132.0
106.0
108.0
214.0
62.0
106.0
145.0
158.0
90.0
67.0
46.0
121.0
80.0
65.0
44.0
58.0
114.0
151.0
120.0
67.0
107.0
86.0
109.0
69.0
157.0
86.0
115.0
128.0
62.0
96.0
61.0
77.0
201.0
169.0
118.0
109.0
73.0
131.0
76.0
84.0
171.0
88.0
237.0
83.0
97.0
84.0
91.0
86.0
69.0
134.0
119.0
66.0
81.0
75.0
136.0
181.0
145.0
106.0
138.0
45.0
90.0
97.0
91.0
124.0
49.0
144.0
152.0
132.0
61.0
54.0
109.0
170.0
93.0
143.0
94.0
111.0
132.0
101.0
79.0
87.0
90.0
101.0
91.0
109.0
117.0
193.0
57.0
143.0
103.0
197.0
170.0
199.0
93.0
90.0
133.0
52.0
80.0
181.0
76.0
83.0
121.0
39.0
115.0
141.0
158.0
101.0
120.0
82.0
80.0
113.0
118.0
169.0
120.0
91.0
35.0
66.0
76.0
101.0
110.0
91.0
257.0
67.0
118.0
156.0
91.0
120.0
79.0
98.0
161.0
166.0
145.0
98.0
89.0
64.0
67.0
139.0
188.0
154.0
167.0
130.0
72.0
114.0
129.0
69.0
164.0
79.0
109.0
176.0
130.0
70.0
135.0
129.0
87.0
121.0
141.0
77.0
198.0
84.0
102.0
146.0
71.0
77.0
145.0
103.0
118.0
127.0
108.0
164.0
150.0
116.0
118.0
146.0
80.0
90.0
113.0
76.0
86.0
112.0
96.0
107.0
144.0
88.0
90.0
143.0
93.0
104.0
105.0
134.0
80.0
114.0
118.0
164.0
105.0
90.0
106.0
80.0
98.0
113.0
45.0
117.0
160.0
83.0
154.0
80.0
81.0
157.0
77.0
170.0
115.0
71.0
136.0
95.0
121.0
205.0
78.0
157.0
60.0
111.0
106.0
98.0
67.0
98.0
106.0
153.0
117.0
261.0
80.0
114.0
126.0
156.0
142.0
83.0
60.0
126.0
44.0
64.0
100.0
112.0
85.0
155.0
57.0
120.0
117.0
96.0
103.0
130.0
53.0
209.0
80.0
67.0
317.0
136.0
91.0
82.0
73.0
151.0
168.0
97.0
145.0
110.0
88.0
167.0
87.0
77.0
98.0
142.0
76.0
108.0
158.0
128.0
114.0
128.0
63.0
99.0
126.0
99.0
124.0
142.0
116.0
108.0
202.0
132.0
118.0
107.0
103.0
125.0
154.0
105.0
174.0
135.0
138.0
70.0
89.0
64.0
35.0
137.0
95.0
81.0
121.0
61.0
80.0
66.0
89.0
81.0
46.0
168.0
80.0
82.0
178.0
108.0
74.0
91.0
166.0
116.0
113.0
106.0
109.0
84.0
75.0
126.0
121.0
214.0
151.0
138.0
72.0
132.0
151.0
117.0
104.0
85.0
128.0
110.0
110.0
102.0
85.0
119.0
133.0
167.0
67.0
138.0
124.0
76.0
53.0
116.0
131.0
129.0
91.0
123.0
152.0
157.0
159.0
108.0
83.0
165.0
145.0
110.0
86.0
92.0
104.0
71.0
203.0
209.0
152.0
96.0
133.0
132.0
113.0
107.0
142.0
123.0
63.0
92.0
60.0
123.0
66.0
104.0
107.0
165.0
82.0
88.0
174.0
119.0
44.0
123.0
121.0
88.0
103.0
115.0
130.0
84.0
78.0
122.0
184.0
62.0
142.0
125.0
88.0
53.0
55.0
93.0
50.0
97.0
79.0
176.0
58.0
89.0
125.0
110.0
108.0
105.0
65.0
110.0
190.0
76.0
109.0
129.0
147.0
130.0
132.0
84.0
104.0
109.0
96.0
152.0
114.0
128.0
160.0
136.0
129.0
99.0
78.0
180.0
97.0
130.0
97.0
76.0
89.0
58.0
108.0
79.0
75.0
112.0
111.0
112.0
92.0
126.0
64.0
99.0
178.0
148.0
138.0
96.0
104.0
91.0
83.0
76.0
158.0
64.0
64.0
149.0
113.0
107.0
182.0
120.0
86.0
129.0
102.0
75.0
115.0
158.0
112.0
196.0
181.0
120.0
82.0
200.0
117.0
118.0
113.0
209.0
159.0
101.0
74.0
118.0
155.0
64.0
93.0
98.0
53.0
117.0
141.0
122.0
169.0
68.0
92.0
83.0
155.0
78.0
106.0
67.0
59.0
62.0
154.0
155.0
69.0
139.0
110.0
161.0
97.0
101.0
51.0
61.0
106.0
81.0
46.0
67.0
122.0
157.0
110.0
157.0
165.0
163.0
162.0
83.0
144.0
82.0
75.0
145.0
123.0
83.0
143.0
58.0
147.0
109.0
105.0
100.0
84.0
67.0
162.0
58.0
66.0
133.0
119.0
74.0
148.0
73.0
143.0
72.0
76.0
192.0
101.0
87.0
37.0
143.0
149.0
59.0
140.0
71.0
105.0
95.0
128.0
85.0
170.0
142.0
119.0
215.0
90.0
142.0
126.0
73.0
73.0
79.0
70.0
223.0
50.0
108.0
165.0
124.0
108.0
29.0
231.0
147.0
75.0
141.0
80.0
76.0
84.0
128.0
75.0
41.0
59.0
88.0
61.0
163.0
70.0
55.0
150.0
142.0
150.0
75.0
151.0
53.0
92.0
55.0
97.0
140.0
69.0
147.0
89.0
63.0
65.0
112.0
137.0
126.0
88.0
114.0
185.0
171.0
96.0
168.0
133.0
49.0
111.0
73.0
133.0
118.0
120.0
128.0
93.0
45.0
119.0
123.0
142.0
103.0
77.0
99.0
100.0
69.0
108.0
62.0
99.0
62.0
135.0
123.0
80.0
138.0
80.0
82.0
113.0
60.0
100.0
91.0
99.0
144.0
88.0
142.0
83.0
114.0
116.0
75.0
106.0
48.0
91.0
94.0
162.0
79.0
127.0
78.0
64.0
122.0
177.0
107.0
114.0
137.0
127.0
104.0
117.0
107.0
98.0
105.0
97.0
129.0
33.0
82.0
110.0
127.0
114.0
69.0
91.0
78.0
94.0
98.0
96.0
61.0
74.0
74.0
107.0
83.0
115.0
124.0
105.0
107.0
122.0
103.0
137.0
85.0
179.0
157.0
188.0
177.0
114.0
71.0
149.0
91.0
102.0
92.0
80.0
119.0
86.0
141.0
230.0
93.0
90.0
65.0
57.0
69.0
92.0
97.0
102.0
120.0
93.0
180.0
140.0
78.0
141.0
213.0
130.0
50.0
72.0
62.0
159.0
82.0
128.0
64.0
53.0
79.0
92.0
112.0
121.0
70.0
100.0
137.0
139.0
101.0
88.0
89.0
90.0
141.0
167.0
128.0
93.0
71.0
151.0
78.0
105.0
159.0
112.0
135.0
109.0
116.0
78.0
76.0
71.0
135.0
66.0
99.0
104.0
101.0
84.0
157.0
151.0
87.0
52.0
123.0
53.0
123.0
108.0
105.0
89.0
54.0
138.0
101.0
76.0
101.0
105.0
109.0
106.0
87.0
113.0
149.0
71.0
154.0
72.0
63.0
152.0
91.0
125.0
140.0
129.0
136.0
82.0
109.0
111.0
187.0
102.0
71.0
187.0
69.0
105.0
87.0
65.0
75.0
167.0
171.0
144.0
90.0
57.0
106.0
112.0
97.0
136.0
204.0
132.0
123.0
101.0
70.0
128.0
115.0
112.0
135.0
92.0
115.0
90.0
116.0
140.0
127.0
122.0
82.0
157.0
71.0
115.0
137.0
109.0
97.0
180.0
127.0
175.0
162.0
162.0
88.0
94.0
130.0
94.0
86.0
117.0
139.0
107.0
65.0
92.0
152.0
124.0
56.0
96.0
92.0
176.0
102.0
150.0
96.0
69.0
77.0
160.0
62.0
50.0
141.0
100.0
121.0
141.0
80.0
78.0
98.0
56.0
104.0
109.0
119.0
90.0
128.0
70.0
124.0
204.0
170.0
49.0
180.0
130.0
168.0
100.0
75.0
63.0
157.0
126.0
123.0
47.0
83.0
93.0
72.0
83.0
181.0
62.0
105.0
99.0
111.0
71.0
143.0
78.0
97.0
93.0
94.0
241.0
119.0
127.0
126.0
129.0
90.0
86.0
141.0
144.0
161.0
112.0
66.0
162.0
84.0
81.0
93.0
75.0
80.0
119.0
77.0
82.0
135.0
144.0
148.0
168.0
184.0
92.0
94.0
52.0
98.0
118.0
142.0
82.0
146.0
89.0
149.0
80.0
108.0
118.0
125.0
63.0
72.0
218.0
84.0
129.0
65.0
48.0
127.0
69.0
121.0
136.0
115.0
197.0
104.0
102.0
126.0
105.0
102.0
218.0
108.0
68.0
139.0
78.0
180.0
98.0
198.0
99.0
47.0
82.0
155.0
76.0
109.0
54.0
83.0
146.0
81.0
105.0
84.0
53.0
69.0
92.0
117.0
96.0
72.0
96.0
116.0
100.0
111.0
79.0
49.0
97.0
83.0
159.0
107.0
102.0
128.0
109.0
153.0
144.0
106.0
85.0
172.0
102.0
59.0
99.0
172.0
103.0
88.0
147.0
65.0
72.0
82.0
102.0
65.0
104.0
109.0
63.0
110.0
91.0
68.0
88.0
132.0
119.0
77.0
60.0
113.0
178.0
114.0
130.0
264.0
148.0
112.0
42.0
96.0
137.0
124.0
115.0
208.0
113.0
185.0
67.0
193.0
69.0
159.0
75.0
94.0
109.0
119.0
112.0
181.0
54.0
111.0
97.0
113.0
112.0
71.0
166.0
92.0
66.0
106.0
85.0
119.0
209.0
120.0
147.0
115.0
121.0
72.0
62.0
94.0
63.0
43.0
48.0
111.0
82.0
111.0
63.0
159.0
127.0
166.0
101.0
194.0
129.0
81.0
96.0
131.0
125.0
80.0
170.0
73.0
76.0
158.0
51.0
146.0
79.0
87.0
129.0
146.0
94.0
135.0
66.0
107.0
128.0
126.0
191.0
127.0
107.0
130.0
140.0
101.0
114.0
133.0
159.0
104.0
69.0
314.0
102.0
92.0
176.0
68.0
131.0
99.0
96.0
68.0
86.0
113.0
94.0
126.0
142.0
90.0
137.0
84.0
91.0
213.0
32.0
153.0
90.0
81.0
134.0
175.0
115.0
71.0
110.0
89.0
89.0
259.0
138.0
79.0
71.0
152.0
96.0
104.0
83.0
124.0
69.0
166.0
129.0
223.0
59.0
140.0
78.0
142.0
104.0
161.0
79.0
156.0
94.0
84.0
150.0
105.0
76.0
169.0
109.0
47.0
88.0
104.0
93.0
168.0
118.0
49.0
152.0
94.0
110.0
130.0
76.0
90.0
69.0
104.0
117.0
139.0
118.0
91.0
66.0
199.0
122.0
110.0
192.0
92.0
123.0
54.0
90.0
104.0
112.0
84.0
91.0
73.0
122.0
79.0
101.0
180.0
94.0
96.0
83.0
185.0
123.0
89.0
54.0
108.0
137.0
121.0
126.0
70.0
87.0
167.0
145.0
104.0
125.0
54.0
97.0
95.0
274.0
111.0
58.0
140.0
72.0
137.0
209.0
111.0
82.0
115.0
67.0
86.0
120.0
152.0
200.0
71.0
118.0
107.0
129.0
216.0
90.0
122.0
115.0
131.0
91.0
83.0
121.0
105.0
170.0
75.0
201.0
239.0
160.0
77.0
56.0
60.0
125.0
99.0
73.0
94.0
220.0
175.0
50.0
123.0
97.0
124.0
100.0
113.0
108.0
147.0
81.0
102.0
98.0
45.0
101.0
55.0
220.0
135.0
93.0
65.0
78.0
78.0
90.0
163.0
261.0
114.0
151.0
112.0
137.0
99.0
67.0
136.0
72.0
78.0
79.0
207.0
113.0
80.0
78.0
106.0
41.0
207.0
91.0
138.0
90.0
152.0
120.0
98.0
81.0
96.0
56.0
267.0
173.0
123.0
170.0
94.0
110.0
72.0
240.0
114.0
121.0
97.0
78.0
115.0
83.0
88.0
113.0
180.0
137.0
176.0
152.0
139.0
110.0
69.0
83.0
42.0
91.0
79.0
255.0
58.0
91.0
122.0
52.0
97.0
143.0
67.0
176.0
111.0
68.0
175.0
65.0
95.0
78.0
188.0
116.0
60.0
99.0
136.0
113.0
134.0
53.0
62.0
137.0
76.0
104.0
78.0
93.0
215.0
144.0
129.0
59.0
90.0
125.0
119.0
70.0
172.0
79.0
76.0
95.0
61.0
140.0
122.0
102.0
106.0
108.0
136.0
107.0
100.0
68.0
196.0
74.0
111.0
80.0
118.0
91.0
61.0
76.0
100.0
180.0
190.0
107.0
100.0
63.0
86.0
129.0
125.0
101.0
56.0
73.0
50.0
78.0
97.0
117.0
84.0
151.0
118.0
61.0
77.0
75.0
167.0
70.0
159.0
104.0
149.0
77.0
81.0
306.0
107.0
93.0
82.0
118.0
160.0
188.0
73.0
99.0
181.0
52.0
135.0
95.0
69.0
85.0
78.0
174.0
115.0
99.0
92.0
71.0
69.0
86.0
121.0
140.0
113.0
101.0
92.0
117.0
73.0
78.0
138.0
62.0
80.0
80.0
75.0
130.0
67.0
123.0
87.0
178.0
83.0
139.0
80.0
378.0
122.0
115.0
73.0
85.0
127.0
179.0
110.0
54.0
92.0
73.0
112.0
65.0
145.0
218.0
67.0
109.0
100.0
86.0
80.0
118.0
85.0
42.0
92.0
66.0
83.0
113.0
202.0
128.0
105.0
153.0
66.0
89.0
118.0
99.0
51.0
55.0
368.0
123.0
134.0
160.0
104.0
74.0
109.0
75.0
78.0
173.0
66.0
176.0
118.0
64.0
50.0
175.0
103.0
124.0
156.0
121.0
169.0
66.0
81.0
68.0
89.0
79.0
320.0
125.0
92.0
124.0
87.0
76.0
143.0
113.0
54.0
80.0
51.0
109.0
122.0
133.0
104.0
123.0
102.0
73.0
84.0
79.0
101.0
68.0
83.0
117.0
103.0
72.0
62.0
150.0
261.0
74.0
172.0
121.0
60.0
93.0
164.0
144.0
158.0
82.0
155.0
92.0
138.0
210.0
98.0
79.0
97.0
177.0
64.0
38.0
114.0
84.0
65.0
81.0
92.0
104.0
74.0
117.0
123.0
126.0
122.0
101.0
72.0
41.0
96.0
67.0
80.0
149.0
73.0
163.0
125.0
135.0
58.0
142.0
80.0
102.0
120.0
130.0
102.0
74.0
46.0
78.0
154.0
115.0
107.0
132.0
116.0
150.0
71.0
76.0
86.0
100.0
120.0
105.0
61.0
72.0
174.0
126.0
93.0
192.0
119.0
119.0
102.0
99.0
85.0
94.0
168.0
143.0
65.0
85.0
158.0
100.0
58.0
54.0
185.0
85.0
100.0
102.0
117.0
74.0
83.0
53.0
73.0
153.0
63.0
101.0
77.0
48.0
153.0
67.0
95.0
96.0
153.0
107.0
129.0
58.0
159.0
235.0
201.0
113.0
85.0
170.0
97.0
98.0
151.0
82.0
120.0
102.0
139.0
85.0
85.0
163.0
80.0
105.0
95.0
138.0
101.0
114.0
76.0
44.0
146.0
101.0
119.0
106.0
94.0
94.0
132.0
146.0
112.0
77.0
66.0
184.0
73.0
40.0
139.0
51.0
85.0
73.0
131.0
81.0
63.0
63.0
193.0
166.0
85.0
86.0
118.0
47.0
114.0
125.0
122.0
161.0
50.0
106.0
101.0
239.0
109.0
123.0
23.0
106.0
99.0
113.0
94.0
153.0
157.0
118.0
223.0
42.0
143.0
101.0
132.0
92.0
111.0
57.0
86.0
94.0
115.0
35.0
129.0
86.0
100.0
96.0
142.0
120.0
53.0
92.0
204.0
143.0
99.0
108.0
129.0
224.0
183.0
141.0
127.0
114.0
76.0
110.0
170.0
78.0
93.0
133.0
92.0
107.0
197.0
50.0
144.0
52.0
80.0
108.0
148.0
93.0
92.0
194.0
76.0
143.0
157.0
195.0
34.0
41.0
140.0
81.0
68.0
114.0
181.0
100.0
172.0
61.0
103.0
55.0
86.0
80.0
54.0
100.0
106.0
46.0
107.0
76.0
151.0
71.0
85.0
102.0
177.0
152.0
125.0
114.0
128.0
69.0
96.0
108.0
100.0
116.0
166.0
73.0
120.0
91.0
174.0
95.0
107.0
131.0
115.0
159.0
108.0
118.0
125.0
42.0
127.0
116.0
90.0
162.0
102.0
96.0
125.0
75.0
122.0
83.0
53.0
61.0
121.0
54.0
56.0
47.0
87.0
148.0
130.0
143.0
82.0
334.0
96.0
59.0
107.0
160.0
96.0
83.0
156.0
124.0
73.0
116.0
107.0
118.0
111.0
54.0
69.0
158.0
152.0
67.0
178.0
87.0
423.0
91.0
111.0
111.0
121.0
103.0
128.0
119.0
114.0
59.0
93.0
122.0
47.0
60.0
51.0
91.0
57.0
85.0
161.0
80.0
97.0
179.0
78.0
66.0
123.0
120.0
93.0
112.0
130.0
181.0
102.0
52.0
94.0
61.0
68.0
128.0
139.0
102.0
89.0
108.0
77.0
98.0
114.0
143.0
156.0
152.0
75.0
138.0
94.0
60.0
51.0
110.0
68.0
194.0
63.0
163.0
225.0
128.0
72.0
99.0
54.0
58.0
191.0
57.0
156.0
86.0
209.0
107.0
62.0
107.0
67.0
109.0
107.0
119.0
162.0
134.0
141.0
97.0
82.0
128.0
68.0
89.0
49.0
81.0
118.0
146.0
110.0
145.0
213.0
73.0
64.0
73.0
94.0
137.0
89.0
65.0
66.0
98.0
172.0
161.0
142.0
111.0
105.0
69.0
94.0
100.0
143.0
157.0
86.0
99.0
71.0
80.0
110.0
85.0
111.0
93.0
98.0
116.0
125.0
132.0
91.0
118.0
99.0
58.0
85.0
146.0
142.0
135.0
160.0
128.0
125.0
144.0
73.0
73.0
180.0
89.0
118.0
94.0
160.0
79.0
79.0
153.0
59.0
49.0
96.0
91.0
88.0
118.0
182.0
161.0
91.0
71.0
232.0
155.0
125.0
207.0
116.0
124.0
70.0
159.0
26.0
245.0
109.0
103.0
79.0
115.0
57.0
73.0
132.0
82.0
212.0
26.0
85.0
119.0
99.0
185.0
67.0
154.0
62.0
107.0
80.0
154.0
171.0
83.0
54.0
148.0
100.0
163.0
102.0
137.0
146.0
183.0
65.0
130.0
86.0
147.0
76.0
89.0
68.0
86.0
86.0
151.0
134.0
152.0
50.0
69.0
96.0
171.0
98.0
155.0
112.0
110.0
103.0
130.0
92.0
90.0
145.0
71.0
241.0
151.0
76.0
61.0
120.0
108.0
64.0
151.0
63.0
137.0
122.0
110.0
132.0
136.0
89.0
126.0
78.0
87.0
69.0
100.0
84.0
113.0
208.0
52.0
68.0
49.0
114.0
157.0
153.0
124.0
72.0
136.0
83.0
131.0
170.0
87.0
451.0
131.0
119.0
151.0
164.0
104.0
80.0
125.0
176.0
145.0
95.0
142.0
168.0
49.0
65.0
56.0
116.0
63.0
267.0
75.0
110.0
75.0
151.0
116.0
104.0
90.0
73.0
112.0
89.0
77.0
113.0
106.0
90.0
124.0
103.0
104.0
106.0
125.0
43.0
155.0
98.0
91.0
482.0
124.0
128.0
86.0
85.0
143.0
68.0
48.0
96.0
215.0
76.0
187.0
40.0
208.0
82.0
111.0
76.0
125.0
106.0
96.0
82.0
182.0
182.0
49.0
151.0
121.0
256.0
114.0
70.0
208.0
133.0
138.0
46.0
104.0
84.0
94.0
79.0
125.0
135.0
156.0
138.0
97.0
477.0
103.0
65.0
87.0
61.0
146.0
103.0
68.0
80.0
113.0
108.0
153.0
117.0
158.0
128.0
139.0
78.0
82.0
155.0
103.0
112.0
84.0
95.0
156.0
133.0
78.0
63.0
195.0
134.0
142.0
45.0
95.0
106.0
1006.0
101.0
118.0
121.0
77.0
179.0
72.0
119.0
123.0
151.0
114.0
83.0
106.0
98.0
58.0
101.0
77.0
55.0
126.0
86.0
84.0
108.0
133.0
90.0
109.0
48.0
305.0
112.0
182.0
79.0
70.0
125.0
159.0
104.0
93.0
138.0
28.0
66.0
100.0
133.0
109.0
114.0
140.0
185.0
76.0
62.0
78.0
93.0
78.0
159.0
123.0
63.0
166.0
118.0
75.0
116.0
187.0
63.0
72.0
66.0
130.0
137.0
186.0
63.0
166.0
148.0
60.0
117.0
96.0
236.0
72.0
204.0
256.0
63.0
107.0
142.0
69.0
107.0
126.0
80.0
59.0
60.0
119.0
59.0
104.0
126.0
170.0
105.0
125.0
94.0
83.0
144.0
156.0
127.0
110.0
73.0
88.0
161.0
150.0
166.0
87.0
145.0
96.0
294.0
55.0
46.0
81.0
222.0
110.0
69.0
119.0
111.0
81.0
78.0
98.0
112.0
64.0
92.0
112.0
85.0
163.0
64.0
35.0
105.0
78.0
74.0
49.0
115.0
118.0
174.0
86.0
83.0
113.0
148.0
79.0
59.0
125.0
156.0
144.0
81.0
99.0
57.0
145.0
150.0
87.0
61.0
92.0
56.0
118.0
128.0
115.0
209.0
60.0
100.0
95.0
165.0
111.0
106.0
111.0
138.0
77.0
149.0
69.0
126.0
137.0
81.0
176.0
87.0
104.0
97.0
107.0
174.0
141.0
80.0
115.0
118.0
151.0
55.0
138.0
86.0
65.0
57.0
125.0
97.0
127.0
63.0
96.0
114.0
85.0
178.0
44.0
120.0
93.0
128.0
130.0
75.0
91.0
92.0
98.0
94.0
127.0
134.0
65.0
87.0
129.0
73.0
45.0
226.0
45.0
138.0
83.0
144.0
53.0
92.0
126.0
106.0
174.0
83.0
104.0
224.0
50.0
152.0
105.0
152.0
221.0
137.0
105.0
92.0
84.0
133.0
76.0
214.0
93.0
70.0
93.0
173.0
86.0
155.0
146.0
57.0
131.0
75.0
50.0
44.0
102.0
76.0
770.0
115.0
54.0
98.0
39.0
104.0
213.0
83.0
263.0
110.0
134.0
88.0
103.0
106.0
78.0
93.0
94.0
111.0
68.0
93.0
75.0
101.0
140.0
61.0
219.0
56.0
194.0
58.0
128.0
170.0
139.0
89.0
60.0
194.0
66.0
72.0
64.0
76.0
71.0
180.0
182.0
98.0
116.0
80.0
156.0
92.0
54.0
83.0
118.0
173.0
103.0
113.0
128.0
90.0
83.0
45.0
129.0
77.0
94.0
155.0
102.0
94.0
130.0
62.0
98.0
233.0
35.0
70.0
133.0
129.0
127.0
156.0
171.0
55.0
144.0
99.0
157.0
175.0
48.0
79.0
110.0
48.0
124.0
90.0
86.0
62.0
62.0
112.0
129.0
101.0
75.0
42.0
147.0
113.0
71.0
86.0
144.0
80.0
134.0
89.0
124.0
131.0
154.0
173.0
96.0
100.0
91.0
128.0
72.0
58.0
108.0
185.0
127.0
71.0
127.0
85.0
112.0
113.0
92.0
102.0
86.0
193.0
85.0
76.0
109.0
95.0
99.0
65.0
105.0
211.0
174.0
85.0
48.0
74.0
80.0
101.0
88.0
80.0
75.0
107.0
177.0
139.0
65.0
129.0
83.0
62.0
103.0
184.0
62.0
133.0
123.0
150.0
66.0
116.0
74.0
140.0
118.0
104.0
65.0
86.0
99.0
133.0
176.0
64.0
120.0
68.0
67.0
55.0
94.0
194.0
65.0
179.0
92.0
139.0
139.0
100.0
101.0
90.0
179.0
166.0
76.0
114.0
91.0
188.0
75.0
155.0
110.0
110.0
123.0
133.0
95.0
66.0
26.0
181.0
124.0
79.0
211.0
82.0
54.0
100.0
90.0
157.0
101.0
110.0
103.0
138.0
96.0
53.0
160.0
98.0
182.0
53.0
65.0
196.0
72.0
139.0
123.0
67.0
109.0
87.0
158.0
145.0
134.0
59.0
104.0
86.0
126.0
71.0
206.0
103.0
102.0
71.0
114.0
88.0
125.0
45.0
114.0
104.0
152.0
70.0
122.0
49.0
44.0
109.0
84.0
172.0
47.0
89.0
50.0
132.0
92.0
85.0
141.0
69.0
261.0
111.0
84.0
139.0
127.0
399.0
199.0
198.0
115.0
72.0
80.0
73.0
216.0
103.0
70.0
85.0
106.0
75.0
173.0
99.0
96.0
160.0
119.0
164.0
53.0
132.0
121.0
60.0
80.0
97.0
173.0
111.0
53.0
117.0
182.0
110.0
74.0
145.0
60.0
81.0
83.0
129.0
79.0
207.0
154.0
83.0
149.0
62.0
76.0
163.0
68.0
74.0
94.0
125.0
95.0
71.0
75.0
160.0
96.0
100.0
104.0
105.0
80.0
122.0
83.0
124.0
138.0
47.0
59.0
79.0
108.0
101.0
145.0
72.0
64.0
97.0
77.0
95.0
127.0
208.0
137.0
133.0
132.0
69.0
90.0
91.0
91.0
138.0
77.0
160.0
63.0
68.0
104.0
413.0
72.0
156.0
132.0
100.0
110.0
75.0
105.0
124.0
119.0
61.0
73.0
144.0
256.0
102.0
82.0
111.0
153.0
96.0
56.0
94.0
91.0
98.0
52.0
74.0
149.0
324.0
67.0
80.0
82.0
129.0
56.0
101.0
105.0
103.0
128.0
208.0
92.0
90.0
86.0
70.0
56.0
55.0
128.0
69.0
107.0
104.0
166.0
75.0
93.0
128.0
135.0
97.0
136.0
94.0
93.0
67.0
87.0
102.0
83.0
48.0
143.0
107.0
132.0
58.0
33.0
72.0
81.0
199.0
92.0
87.0
160.0
103.0
101.0
131.0
98.0
59.0
95.0
122.0
149.0
122.0
143.0
138.0
112.0
150.0
74.0
97.0
112.0
163.0
108.0
44.0
103.0
79.0
205.0
150.0
61.0
88.0
87.0
121.0
155.0
183.0
127.0
151.0
106.0
101.0
84.0
110.0
143.0
54.0
50.0
129.0
100.0
167.0
69.0
77.0
59.0
181.0
60.0
185.0
94.0
55.0
127.0
116.0
221.0
68.0
145.0
91.0
90.0
205.0
99.0
80.0
208.0
92.0
112.0
72.0
91.0
144.0
118.0
129.0
223.0
61.0
103.0
102.0
88.0
43.0
21.0
88.0
163.0
96.0
54.0
107.0
144.0
116.0
107.0
56.0
145.0
60.0
256.0
90.0
143.0
79.0
66.0
95.0
234.0
121.0
182.0
74.0
135.0
91.0
112.0
95.0
75.0
224.0
180.0
46.0
89.0
136.0
110.0
86.0
53.0
143.0
100.0
253.0
107.0
141.0
158.0
83.0
51.0
98.0
56.0
197.0
157.0
236.0
36.0
106.0
106.0
100.0
135.0
123.0
92.0
86.0
69.0
178.0
109.0
89.0
65.0
103.0
172.0
186.0
100.0
43.0
107.0
79.0
125.0
162.0
78.0
109.0
196.0
110.0
109.0
74.0
94.0
139.0
107.0
141.0
119.0
162.0
340.0
83.0
80.0
95.0
94.0
156.0
104.0
93.0
39.0
101.0
101.0
57.0
90.0
127.0
95.0
108.0
67.0
131.0
46.0
94.0
113.0
47.0
139.0
61.0
91.0
125.0
89.0
42.0
686.0
194.0
163.0
202.0
127.0
51.0
115.0
130.0
76.0
75.0
142.0
70.0
177.0
129.0
40.0
117.0
127.0
180.0
86.0
73.0
88.0
97.0
56.0
342.0
93.0
140.0
110.0
139.0
56.0
101.0
123.0
163.0
136.0
80.0
127.0
74.0
148.0
111.0
157.0
86.0
143.0
62.0
100.0
100.0
44.0
130.0
154.0
162.0
76.0
109.0
113.0
114.0
66.0
126.0
75.0
108.0
103.0
118.0
147.0
133.0
70.0
60.0
68.0
147.0
127.0
111.0
60.0
112.0
113.0
114.0
62.0
113.0
64.0
121.0
123.0
142.0
245.0
74.0
86.0
301.0
193.0
112.0
89.0
31.0
80.0
167.0
105.0
79.0
104.0
72.0
128.0
211.0
106.0
101.0
149.0
61.0
122.0
74.0
161.0
86.0
157.0
68.0
102.0
62.0
265.0
90.0
79.0
117.0
130.0
62.0
120.0
215.0
93.0
88.0
518.0
249.0
63.0
160.0
48.0
78.0
113.0
209.0
58.0
147.0
131.0
143.0
70.0
100.0
147.0
65.0
91.0
151.0
181.0
69.0
175.0
114.0
116.0
64.0
112.0
159.0
73.0
228.0
135.0
79.0
88.0
107.0
87.0
58.0
140.0
145.0
76.0
86.0
93.0
90.0
68.0
82.0
82.0
82.0
39.0
230.0
39.0
96.0
70.0
88.0
127.0
102.0
118.0
127.0
107.0
126.0
85.0
134.0
86.0
140.0
234.0
44.0
142.0
74.0
102.0
86.0
263.0
111.0
77.0
195.0
174.0
99.0
186.0
107.0
121.0
54.0
153.0
71.0
52.0
164.0
161.0
134.0
56.0
82.0
73.0
76.0
96.0
73.0
175.0
140.0
78.0
104.0
207.0
173.0
140.0
58.0
114.0
174.0
122.0
83.0
115.0
122.0
116.0
315.0
157.0
122.0
106.0
95.0
116.0
125.0
218.0
174.0
65.0
56.0
123.0
94.0
132.0
63.0
70.0
111.0
130.0
111.0
139.0
116.0
89.0
59.0
137.0
36.0
96.0
224.0
71.0
62.0
109.0
213.0
86.0
134.0
113.0
72.0
79.0
251.0
49.0
159.0
50.0
71.0
100.0
141.0
93.0
64.0
97.0
61.0
116.0
91.0
87.0
87.0
66.0
110.0
130.0
93.0
126.0
96.0
73.0
179.0
69.0
68.0
158.0
33.0
167.0
117.0
75.0
118.0
140.0
73.0
154.0
88.0
219.0
119.0
157.0
84.0
67.0
133.0
61.0
161.0
121.0
177.0
132.0
115.0
110.0
137.0
141.0
78.0
57.0
87.0
140.0
76.0
51.0
73.0
131.0
130.0
91.0
192.0
111.0
122.0
83.0
43.0
69.0
78.0
381.0
105.0
141.0
91.0
140.0
115.0
167.0
39.0
118.0
84.0
82.0
97.0
73.0
77.0
73.0
102.0
119.0
85.0
109.0
77.0
96.0
109.0
96.0
196.0
90.0
106.0
112.0
82.0
152.0
62.0
120.0
134.0
106.0
225.0
138.0
76.0
88.0
93.0
113.0
82.0
52.0
143.0
686.0
225.0
52.0
131.0
119.0
106.0
133.0
81.0
85.0
202.0
105.0
116.0
86.0
95.0
180.0
68.0
69.0
162.0
132.0
62.0
74.0
46.0
126.0
78.0
211.0
296.0
126.0
40.0
115.0
252.0
102.0
68.0
182.0
101.0
154.0
136.0
82.0
88.0
81.0
123.0
73.0
81.0
141.0
122.0
59.0
95.0
100.0
30.0
139.0
119.0
51.0
133.0
111.0
96.0
74.0
88.0
128.0
84.0
165.0
40.0
106.0
73.0
73.0
156.0
144.0
94.0
141.0
118.0
146.0
222.0
131.0
107.0
188.0
60.0
81.0
166.0
82.0
139.0
116.0
107.0
68.0
148.0
109.0
182.0
81.0
81.0
122.0
90.0
95.0
286.0
70.0
82.0
144.0
148.0
105.0
113.0
139.0
129.0
150.0
126.0
158.0
138.0
156.0
84.0
130.0
46.0
64.0
114.0
109.0
108.0
126.0
149.0
153.0
42.0
126.0
84.0
47.0
153.0
112.0
159.0
84.0
86.0
156.0
105.0
92.0
118.0
168.0
120.0
79.0
192.0
154.0
170.0
90.0
94.0
245.0
101.0
70.0
60.0
82.0
289.0
118.0
125.0
119.0
84.0
100.0
94.0
94.0
72.0
75.0
105.0
149.0
60.0
170.0
45.0
92.0
87.0
88.0
104.0
142.0
127.0
64.0
63.0
92.0
101.0
67.0
92.0
63.0
88.0
128.0
65.0
137.0
95.0
89.0
87.0
87.0
154.0
183.0
73.0
178.0
63.0
193.0
81.0
206.0
128.0
106.0
51.0
71.0
135.0
164.0
223.0
77.0
62.0
66.0
83.0
125.0
55.0
104.0
59.0
79.0
197.0
137.0
85.0
104.0
106.0
113.0
106.0
103.0
80.0
168.0
107.0
99.0
128.0
148.0
92.0
97.0
74.0
146.0
52.0
67.0
58.0
112.0
131.0
130.0
79.0
114.0
196.0
182.0
126.0
90.0
44.0
114.0
67.0
94.0
103.0
44.0
99.0
75.0
147.0
135.0
47.0
70.0
114.0
88.0
127.0
105.0
111.0
71.0
131.0
180.0
95.0
54.0
64.0
61.0
75.0
182.0
125.0
82.0
107.0
73.0
198.0
105.0
76.0
167.0
68.0
93.0
99.0
131.0
38.0
129.0
299.0
94.0
237.0
65.0
108.0
96.0
49.0
93.0
96.0
90.0
113.0
102.0
103.0
140.0
71.0
168.0
105.0
123.0
70.0
83.0
145.0
144.0
173.0
187.0
63.0
143.0
119.0
228.0
132.0
95.0
86.0
90.0
82.0
153.0
97.0
88.0
65.0
146.0
51.0
59.0
101.0
186.0
134.0
211.0
116.0
74.0
143.0
91.0
148.0
116.0
150.0
152.0
122.0
105.0
155.0
145.0
85.0
86.0
117.0
89.0
177.0
191.0
71.0
124.0
76.0
180.0
88.0
110.0
69.0
129.0
110.0
90.0
75.0
99.0
269.0
163.0
63.0
37.0
93.0
70.0
93.0
87.0
180.0
47.0
123.0
85.0
77.0
74.0
75.0
85.0
134.0
101.0
90.0
149.0
67.0
101.0
106.0
82.0
136.0
77.0
67.0
85.0
78.0
360.0
282.0
142.0
122.0
39.0
107.0
92.0
128.0
178.0
74.0
94.0
59.0
130.0
52.0
91.0
85.0
95.0
127.0
98.0
122.0
171.0
104.0
117.0
102.0
90.0
99.0
68.0
137.0
143.0
81.0
73.0
162.0
233.0
77.0
76.0
156.0
112.0
148.0
111.0
61.0
83.0
68.0
165.0
111.0
76.0
89.0
55.0
123.0
100.0
73.0
104.0
120.0
53.0
87.0
134.0
153.0
121.0
140.0
82.0
126.0
114.0
89.0
160.0
60.0
132.0
122.0
58.0
92.0
73.0
166.0
93.0
83.0
79.0
64.0
67.0
106.0
134.0
113.0
51.0
234.0
111.0
118.0
135.0
79.0
50.0
95.0
75.0
105.0
138.0
122.0
189.0
134.0
176.0
101.0
91.0
58.0
74.0
70.0
231.0
59.0
80.0
150.0
69.0
106.0
149.0
146.0
192.0
63.0
156.0
89.0
111.0
181.0
101.0
108.0
78.0
127.0
106.0
107.0
67.0
386.0
131.0
80.0
119.0
152.0
114.0
63.0
170.0
98.0
88.0
83.0
130.0
94.0
145.0
127.0
149.0
177.0
122.0
63.0
82.0
85.0
49.0
47.0
128.0
76.0
58.0
90.0
86.0
76.0
103.0
89.0
84.0
185.0
87.0
102.0
94.0
74.0
125.0
88.0
150.0
108.0
166.0
77.0
66.0
96.0
125.0
72.0
90.0
99.0
81.0
139.0
83.0
67.0
90.0
114.0
168.0
151.0
98.0
84.0
36.0
122.0
69.0
116.0
149.0
132.0
88.0
145.0
76.0
109.0
126.0
62.0
119.0
183.0
88.0
127.0
125.0
121.0
323.0
58.0
88.0
132.0
96.0
96.0
112.0
77.0
176.0
114.0
96.0
179.0
140.0
142.0
114.0
85.0
24.0
155.0
34.0
127.0
88.0
118.0
129.0
86.0
187.0
79.0
113.0
163.0
104.0
46.0
88.0
307.0
110.0
87.0
62.0
95.0
204.0
99.0
108.0
48.0
63.0
119.0
145.0
62.0
75.0
218.0
91.0
74.0
66.0
114.0
128.0
100.0
145.0
149.0
73.0
129.0
126.0
75.0
333.0
109.0
106.0
54.0
171.0
95.0
83.0
122.0
156.0
178.0
181.0
165.0
96.0
93.0
105.0
69.0
77.0
103.0
66.0
120.0
113.0
103.0
77.0
61.0
106.0
135.0
84.0
110.0
81.0
116.0
121.0
198.0
104.0
75.0
139.0
49.0
89.0
99.0
92.0
75.0
255.0
121.0
58.0
71.0
103.0
54.0
106.0
155.0
236.0
97.0
104.0
110.0
165.0
72.0
70.0
121.0
122.0
94.0
245.0
141.0
113.0
65.0
94.0
121.0
114.0
52.0
155.0
116.0
78.0
85.0
92.0
89.0
77.0
63.0
199.0
160.0
162.0
151.0
98.0
66.0
76.0
63.0
159.0
162.0
60.0
204.0
79.0
107.0
188.0
58.0
145.0
102.0
84.0
152.0
73.0
117.0
101.0
198.0
156.0
101.0
104.0
69.0
67.0
152.0
106.0
242.0
64.0
186.0
77.0
178.0
113.0
185.0
73.0
100.0
56.0
70.0
107.0
163.0
185.0
130.0
39.0
67.0
91.0
152.0
127.0
148.0
106.0
120.0
95.0
86.0
92.0
131.0
139.0
207.0
109.0
78.0
99.0
96.0
100.0
68.0
150.0
135.0
144.0
101.0
90.0
70.0
163.0
91.0
175.0
72.0
44.0
84.0
123.0
121.0
87.0
69.0
106.0
115.0
68.0
82.0
147.0
70.0
154.0
142.0
84.0
67.0
59.0
106.0
75.0
105.0
118.0
126.0
130.0
110.0
57.0
155.0
143.0
196.0
123.0
154.0
185.0
96.0
76.0
100.0
149.0
116.0
105.0
112.0
65.0
119.0
121.0
65.0
106.0
104.0
110.0
154.0
265.0
116.0
146.0
110.0
118.0
74.0
125.0
81.0
135.0
110.0
98.0
90.0
117.0
110.0
53.0
83.0
144.0
124.0
99.0
96.0
186.0
173.0
314.0
76.0
116.0
94.0
171.0
194.0
67.0
57.0
126.0
159.0
67.0
74.0
68.0
39.0
237.0
138.0
81.0
209.0
82.0
109.0
114.0
79.0
61.0
140.0
92.0
162.0
112.0
133.0
106.0
115.0
201.0
133.0
80.0
112.0
60.0
143.0
94.0
61.0
87.0
68.0
110.0
97.0
77.0
90.0
90.0
92.0
173.0
62.0
159.0
119.0
75.0
83.0
185.0
60.0
155.0
202.0
104.0
69.0
66.0
91.0
157.0
149.0
82.0
112.0
174.0
186.0
113.0
114.0
124.0
171.0
172.0
95.0
91.0
65.0
99.0
119.0
90.0
156.0
118.0
78.0
189.0
75.0
113.0
70.0
169.0
137.0
141.0
125.0
93.0
81.0
96.0
80.0
84.0
69.0
131.0
103.0
99.0
90.0
150.0
78.0
181.0
112.0
143.0
85.0
137.0
32.0
131.0
63.0
137.0
180.0
145.0
102.0
91.0
182.0
110.0
123.0
174.0
108.0
82.0
118.0
199.0
82.0
57.0
117.0
111.0
86.0
68.0
144.0
140.0
105.0
63.0
171.0
116.0
129.0
93.0
46.0
118.0
98.0
100.0
140.0
132.0
116.0
135.0
115.0
91.0
113.0
64.0
128.0
115.0
149.0
139.0
135.0
48.0
216.0
124.0
89.0
119.0
97.0
139.0
51.0
100.0
311.0
180.0
79.0
91.0
142.0
99.0
123.0
83.0
90.0
242.0
114.0
76.0
142.0
97.0
111.0
153.0
53.0
92.0
57.0
104.0
125.0
115.0
120.0
86.0
115.0
131.0
72.0
146.0
103.0
111.0
89.0
140.0
158.0
85.0
147.0
179.0
88.0
85.0
94.0
127.0
101.0
93.0
124.0
70.0
106.0
143.0
153.0
89.0
60.0
67.0
150.0
141.0
59.0
82.0
111.0
123.0
125.0
120.0
82.0
209.0
134.0
142.0
83.0
190.0
131.0
38.0
94.0
84.0
72.0
200.0
104.0
163.0
157.0
122.0
93.0
118.0
118.0
187.0
90.0
60.0
156.0
147.0
145.0
59.0
93.0
196.0
103.0
105.0
92.0
95.0
96.0
174.0
93.0
93.0
128.0
47.0
108.0
148.0
71.0
103.0
112.0
163.0
134.0
71.0
112.0
98.0
136.0
85.0
78.0
53.0
53.0
105.0
136.0
138.0
76.0
75.0
130.0
194.0
103.0
92.0
125.0
94.0
59.0
121.0
146.0
128.0
54.0
148.0
132.0
123.0
133.0
105.0
184.0
85.0
85.0
109.0
149.0
43.0
195.0
188.0
152.0
80.0
83.0
78.0
231.0
89.0
39.0
155.0
40.0
118.0
95.0
61.0
77.0
128.0
140.0
146.0
82.0
52.0
187.0
157.0
87.0
43.0
75.0
119.0
105.0
202.0
59.0
59.0
80.0
223.0
55.0
396.0
94.0
85.0
117.0
144.0
91.0
77.0
80.0
110.0
62.0
170.0
143.0
69.0
93.0
150.0
83.0
173.0
116.0
196.0
66.0
70.0
70.0
98.0
150.0
96.0
51.0
138.0
86.0
184.0
147.0
161.0
106.0
126.0
84.0
148.0
209.0
83.0
98.0
65.0
124.0
167.0
88.0
153.0
82.0
115.0
159.0
95.0
106.0
134.0
54.0
150.0
68.0
112.0
148.0
97.0
75.0
113.0
103.0
154.0
123.0
125.0
144.0
95.0
92.0
102.0
192.0
140.0
115.0
174.0
32.0
92.0
106.0
91.0
101.0
97.0
110.0
72.0
107.0
66.0
189.0
44.0
169.0
108.0
103.0
125.0
193.0
203.0
123.0
80.0
188.0
108.0
79.0
188.0
84.0
84.0
179.0
140.0
138.0
96.0
95.0
78.0
108.0
248.0
167.0
146.0
91.0
71.0
160.0
83.0
44.0
110.0
92.0
137.0
163.0
146.0
99.0
126.0
158.0
54.0
169.0
134.0
149.0
164.0
76.0
140.0
129.0
80.0
226.0
80.0
109.0
113.0
154.0
68.0
137.0
91.0
165.0
101.0
97.0
146.0
109.0
209.0
227.0
140.0
114.0
121.0
91.0
77.0
132.0
115.0
102.0
81.0
173.0
105.0
138.0
100.0
75.0
86.0
121.0
118.0
103.0
121.0
82.0
147.0
62.0
81.0
178.0
222.0
131.0
153.0
145.0
124.0
134.0
91.0
61.0
88.0
94.0
52.0
101.0
135.0
74.0
60.0
114.0
190.0
84.0
96.0
115.0
128.0
60.0
59.0
78.0
143.0
71.0
130.0
88.0
73.0
35.0
165.0
64.0
131.0
54.0
118.0
86.0
87.0
192.0
292.0
127.0
95.0
97.0
85.0
159.0
78.0
110.0
166.0
85.0
200.0
97.0
146.0
178.0
75.0
111.0
227.0
69.0
68.0
127.0
72.0
86.0
168.0
101.0
98.0
92.0
164.0
101.0
107.0
67.0
117.0
92.0
119.0
90.0
106.0
76.0
140.0
105.0
107.0
115.0
251.0
112.0
93.0
110.0
90.0
99.0
129.0
80.0
72.0
205.0
114.0
85.0
85.0
137.0
114.0
81.0
51.0
167.0
147.0
108.0
122.0
67.0
56.0
119.0
109.0
83.0
81.0
147.0
230.0
187.0
158.0
67.0
155.0
115.0
30.0
58.0
92.0
90.0
80.0
152.0
242.0
59.0
168.0
63.0
136.0
92.0
198.0
166.0
58.0
106.0
122.0
99.0
75.0
92.0
72.0
96.0
152.0
74.0
92.0
109.0
151.0
377.0
150.0
213.0
60.0
137.0
118.0
72.0
99.0
148.0
119.0
122.0
217.0
102.0
108.0
135.0
129.0
91.0
102.0
74.0
108.0
55.0
139.0
76.0
43.0
102.0
93.0
102.0
113.0
63.0
55.0
122.0
68.0
160.0
104.0
102.0
81.0
181.0
75.0
132.0
95.0
147.0
107.0
91.0
55.0
82.0
119.0
76.0
92.0
74.0
77.0
140.0
69.0
125.0
180.0
150.0
80.0
113.0
50.0
183.0
166.0
200.0
97.0
134.0
133.0
101.0
67.0
61.0
38.0
108.0
141.0
145.0
108.0
54.0
137.0
57.0
98.0
146.0
46.0
115.0
116.0
105.0
84.0
114.0
150.0
121.0
164.0
84.0
219.0
83.0
104.0
124.0
109.0
96.0
93.0
90.0
125.0
171.0
79.0
58.0
63.0
136.0
56.0
90.0
121.0
120.0
99.0
127.0
177.0
171.0
76.0
116.0
124.0
125.0
89.0
106.0
89.0
44.0
102.0
53.0
101.0
89.0
100.0
98.0
186.0
120.0
107.0
120.0
97.0
166.0
52.0
78.0
72.0
48.0
126.0
133.0
75.0
85.0
175.0
163.0
99.0
80.0
114.0
141.0
62.0
121.0
71.0
101.0
162.0
72.0
121.0
227.0
87.0
104.0
61.0
222.0
61.0
194.0
143.0
65.0
84.0
51.0
65.0
69.0
128.0
64.0
123.0
121.0
106.0
60.0
119.0
104.0
99.0
114.0
84.0
110.0
73.0
167.0
146.0
61.0
71.0
138.0
92.0
60.0
63.0
119.0
268.0
192.0
121.0
103.0
94.0
230.0
92.0
125.0
156.0
50.0
81.0
79.0
54.0
121.0
117.0
132.0
84.0
91.0
140.0
178.0
82.0
150.0
118.0
108.0
62.0
108.0
149.0
53.0
174.0
142.0
139.0
142.0
90.0
114.0
97.0
178.0
93.0
98.0
75.0
144.0
53.0
110.0
290.0
175.0
98.0
146.0
70.0
121.0
77.0
62.0
90.0
110.0
106.0
140.0
53.0
57.0
148.0
111.0
136.0
63.0
117.0
131.0
123.0
100.0
314.0
127.0
68.0
107.0
69.0
172.0
88.0
112.0
107.0
112.0
80.0
114.0
85.0
110.0
188.0
91.0
223.0
126.0
59.0
119.0
117.0
82.0
137.0
53.0
153.0
125.0
140.0
171.0
122.0
161.0
91.0
70.0
196.0
149.0
102.0
150.0
114.0
137.0
145.0
96.0
156.0
61.0
149.0
40.0
91.0
190.0
150.0
137.0
97.0
92.0
173.0
111.0
79.0
40.0
99.0
97.0
135.0
196.0
144.0
146.0
113.0
127.0
126.0
207.0
141.0
66.0
125.0
84.0
165.0
139.0
110.0
180.0
100.0
211.0
98.0
108.0
68.0
88.0
173.0
52.0
50.0
33.0
226.0
75.0
81.0
151.0
148.0
121.0
167.0
118.0
89.0
81.0
89.0
104.0
146.0
55.0
69.0
79.0
88.0
88.0
77.0
133.0
77.0
103.0
115.0
83.0
126.0
69.0
127.0
131.0
96.0
100.0
230.0
104.0
103.0
104.0
80.0
55.0
72.0
141.0
179.0
79.0
364.0
140.0
88.0
91.0
94.0
134.0
122.0
127.0
63.0
107.0
61.0
116.0
199.0
107.0
105.0
146.0
108.0
115.0
95.0
72.0
80.0
112.0
150.0
119.0
139.0
146.0
168.0
179.0
62.0
161.0
192.0
126.0
108.0
208.0
100.0
130.0
100.0
175.0
122.0
88.0
100.0
63.0
184.0
105.0
85.0
62.0
101.0
86.0
88.0
140.0
136.0
130.0
137.0
165.0
75.0
101.0
173.0
60.0
143.0
76.0
77.0
103.0
166.0
82.0
65.0
88.0
173.0
112.0
46.0
150.0
114.0
95.0
108.0
144.0
161.0
78.0
105.0
80.0
165.0
154.0
86.0
98.0
117.0
97.0
98.0
164.0
96.0
103.0
92.0
107.0
149.0
64.0
178.0
168.0
75.0
78.0
95.0
179.0
75.0
74.0
143.0
118.0
191.0
134.0
95.0
108.0
195.0
100.0
88.0
90.0
71.0
97.0
120.0
65.0
131.0
126.0
100.0
89.0
133.0
114.0
175.0
83.0
51.0
109.0
120.0
126.0
96.0
83.0
155.0
131.0
79.0
74.0
239.0
83.0
148.0
128.0
87.0
132.0
210.0
86.0
259.0
56.0
177.0
194.0
124.0
110.0
157.0
141.0
92.0
112.0
51.0
72.0
101.0
113.0
153.0
112.0
143.0
137.0
115.0
98.0
86.0
127.0
101.0
87.0
68.0
133.0
90.0
110.0
130.0
81.0
87.0
145.0
96.0
97.0
83.0
52.0
117.0
99.0
140.0
160.0
82.0
89.0
101.0
117.0
147.0
75.0
148.0
106.0
191.0
176.0
106.0
111.0
109.0
98.0
168.0
70.0
84.0
92.0
100.0
90.0
121.0
67.0
118.0
81.0
92.0
165.0
160.0
181.0
90.0
132.0
76.0
143.0
94.0
118.0
77.0
110.0
248.0
78.0
67.0
122.0
158.0
88.0
226.0
107.0
70.0
102.0
98.0
160.0
88.0
86.0
141.0
97.0
93.0
107.0
71.0
88.0
112.0
96.0
95.0
95.0
84.0
83.0
101.0
133.0
81.0
86.0
104.0
83.0
166.0
99.0
109.0
125.0
104.0
114.0
57.0
164.0
63.0
76.0
98.0
198.0
65.0
127.0
140.0
171.0
94.0
205.0
65.0
54.0
141.0
182.0
65.0
52.0
92.0
92.0
82.0
173.0
114.0
95.0
118.0
125.0
116.0
124.0
55.0
207.0
117.0
132.0
96.0
84.0
124.0
73.0
207.0
118.0
134.0
111.0
55.0
121.0
90.0
95.0
79.0
28.0
360.0
138.0
139.0
89.0
80.0
193.0
91.0
96.0
137.0
105.0
132.0
156.0
122.0
188.0
95.0
120.0
211.0
65.0
64.0
82.0
138.0
162.0
76.0
60.0
211.0
96.0
137.0
186.0
156.0
101.0
62.0
98.0
130.0
77.0
120.0
133.0
69.0
104.0
145.0
120.0
81.0
109.0
73.0
140.0
108.0
80.0
91.0
106.0
144.0
83.0
151.0
129.0
294.0
216.0
103.0
102.0
93.0
79.0
79.0
171.0
172.0
146.0
89.0
115.0
225.0
31.0
116.0
153.0
97.0
71.0
112.0
72.0
67.0
68.0
110.0
70.0
139.0
108.0
66.0
96.0
151.0
108.0
156.0
158.0
134.0
102.0
142.0
124.0
198.0
69.0
63.0
67.0
111.0
78.0
93.0
96.0
234.0
115.0
111.0
118.0
100.0
152.0
82.0
111.0
74.0
118.0
90.0
148.0
102.0
121.0
130.0
130.0
117.0
126.0
150.0
110.0
143.0
94.0
165.0
138.0
65.0
59.0
79.0
115.0
118.0
144.0
221.0
108.0
69.0
129.0
73.0
265.0
128.0
48.0
79.0
158.0
143.0
84.0
118.0
70.0
153.0
88.0
106.0
105.0
168.0
155.0
141.0
176.0
119.0
107.0
158.0
73.0
96.0
91.0
52.0
200.0
151.0
96.0
120.0
143.0
103.0
75.0
35.0
157.0
84.0
93.0
77.0
96.0
87.0
60.0
115.0
99.0
137.0
74.0
108.0
160.0
99.0
84.0
71.0
147.0
149.0
135.0
67.0
96.0
149.0
64.0
37.0
145.0
85.0
142.0
122.0
146.0
139.0
62.0
116.0
60.0
93.0
102.0
103.0
116.0
136.0
127.0
72.0
138.0
109.0
90.0
143.0
99.0
77.0
81.0
183.0
146.0
87.0
293.0
175.0
96.0
86.0
112.0
75.0
80.0
108.0
87.0
142.0
147.0
131.0
111.0
95.0
155.0
158.0
96.0
116.0
70.0
126.0
195.0
112.0
129.0
74.0
139.0
179.0
158.0
188.0
158.0
141.0
132.0
143.0
60.0
104.0
148.0
96.0
148.0
61.0
99.0
143.0
77.0
77.0
98.0
83.0
67.0
95.0
159.0
107.0
143.0
154.0
68.0
166.0
130.0
137.0
109.0
121.0
100.0
77.0
80.0
97.0
75.0
56.0
69.0
122.0
104.0
198.0
92.0
134.0
106.0
115.0
181.0
79.0
147.0
149.0
94.0
139.0
82.0
97.0
121.0
110.0
125.0
117.0
94.0
128.0
89.0
79.0
104.0
136.0
81.0
75.0
122.0
38.0
91.0
191.0
135.0
198.0
92.0
48.0
116.0
81.0
111.0
183.0
95.0
108.0
127.0
162.0
137.0
148.0
171.0
101.0
155.0
100.0
126.0
162.0
84.0
85.0
279.0
88.0
101.0
70.0
87.0
164.0
95.0
125.0
93.0
159.0
120.0
145.0
98.0
78.0
121.0
70.0
116.0
215.0
82.0
125.0
83.0
99.0
69.0
110.0
101.0
110.0
65.0
100.0
198.0
92.0
82.0
144.0
99.0
197.0
90.0
177.0
106.0
166.0
137.0
123.0
105.0
154.0
183.0
86.0
69.0
130.0
114.0
114.0
180.0
117.0
70.0
126.0
100.0
158.0
76.0
88.0
180.0
100.0
251.0
100.0
83.0
93.0
153.0
58.0
53.0
101.0
140.0
99.0
77.0
182.0
45.0
142.0
101.0
137.0
116.0
113.0
126.0
37.0
114.0
82.0
68.0
150.0
136.0
77.0
81.0
74.0
76.0
233.0
73.0
97.0
50.0
135.0
175.0
35.0
127.0
178.0
107.0
171.0
108.0
107.0
109.0
130.0
144.0
126.0
139.0
156.0
141.0
114.0
209.0
100.0
88.0
102.0
104.0
110.0
94.0
101.0
127.0
172.0
222.0
63.0
85.0
220.0
86.0
113.0
114.0
73.0
73.0
81.0
137.0
127.0
85.0
77.0
128.0
113.0
133.0
74.0
70.0
79.0
120.0
127.0
56.0
131.0
134.0
173.0
136.0
142.0
113.0
167.0
90.0
66.0
100.0
96.0
126.0
77.0
141.0
194.0
152.0
62.0
66.0
63.0
61.0
91.0
107.0
115.0
109.0
185.0
82.0
106.0
159.0
94.0
92.0
129.0
136.0
111.0
102.0
78.0
93.0
178.0
106.0
206.0
117.0
147.0
108.0
118.0
171.0
106.0
74.0
153.0
163.0
78.0
110.0
141.0
64.0
87.0
80.0
139.0
120.0
93.0
65.0
92.0
159.0
127.0
122.0
258.0
113.0
60.0
125.0
52.0
136.0
71.0
124.0
180.0
83.0
51.0
102.0
66.0
131.0
54.0
97.0
144.0
75.0
122.0
106.0
193.0
172.0
106.0
125.0
123.0
29.0
88.0
57.0
147.0
45.0
105.0
106.0
135.0
130.0
46.0
114.0
99.0
104.0
113.0
110.0
147.0
91.0
79.0
126.0
194.0
108.0
106.0
84.0
90.0
150.0
123.0
214.0
76.0
148.0
142.0
177.0
116.0
134.0
131.0
70.0
83.0
123.0
137.0
103.0
88.0
135.0
100.0
78.0
134.0
95.0
125.0
69.0
90.0
152.0
75.0
79.0
125.0
122.0
70.0
209.0
123.0
109.0
210.0
178.0
182.0
97.0
141.0
116.0
108.0
98.0
89.0
104.0
43.0
113.0
119.0
99.0
140.0
86.0
129.0
140.0
77.0
95.0
107.0
93.0
74.0
83.0
138.0
208.0
89.0
58.0
225.0
119.0
35.0
88.0
46.0
116.0
63.0
58.0
125.0
80.0
62.0
173.0
76.0
136.0
207.0
95.0
88.0
187.0
71.0
55.0
103.0
61.0
80.0
169.0
87.0
48.0
124.0
97.0
114.0
89.0
89.0
65.0
107.0
154.0
67.0
102.0
72.0
145.0
152.0
150.0
137.0
123.0
118.0
140.0
114.0
106.0
164.0
106.0
131.0
134.0
132.0
155.0
131.0
120.0
136.0
152.0
153.0
87.0
244.0
67.0
93.0
202.0
105.0
89.0
86.0
157.0
114.0
96.0
103.0
142.0
147.0
78.0
130.0
120.0
106.0
62.0
182.0
167.0
111.0
148.0
174.0
109.0
161.0
135.0
46.0
87.0
98.0
110.0
145.0
90.0
182.0
140.0
101.0
107.0
71.0
158.0
102.0
74.0
60.0
76.0
88.0
98.0
91.0
114.0
70.0
152.0
84.0
167.0
101.0
125.0
129.0
82.0
102.0
53.0
91.0
103.0
47.0
72.0
63.0
132.0
128.0
120.0
141.0
129.0
148.0
94.0
112.0
137.0
154.0
111.0
160.0
129.0
140.0
116.0
191.0
98.0
166.0
116.0
123.0
156.0
111.0
132.0
50.0
121.0
146.0
118.0
101.0
77.0
84.0
89.0
123.0
160.0
154.0
156.0
125.0
109.0
121.0
87.0
138.0
98.0
141.0
67.0
138.0
124.0
119.0
82.0
62.0
265.0
83.0
98.0
96.0
91.0
147.0
86.0
98.0
114.0
92.0
95.0
170.0
71.0
140.0
148.0
115.0
109.0
123.0
133.0
163.0
124.0
102.0
122.0
323.0
191.0
108.0
93.0
189.0
152.0
75.0
97.0
171.0
135.0
67.0
184.0
56.0
158.0
105.0
94.0
91.0
109.0
94.0
141.0
50.0
112.0
117.0
160.0
92.0
68.0
90.0
88.0
162.0
115.0
49.0
49.0
112.0
144.0
82.0
67.0
76.0
82.0
103.0
89.0
135.0
84.0
144.0
139.0
98.0
92.0
148.0
111.0
90.0
79.0
261.0
131.0
95.0
130.0
112.0
77.0
125.0
94.0
95.0
53.0
185.0
180.0
115.0
101.0
124.0
133.0
119.0
94.0
147.0
106.0
165.0
153.0
86.0
116.0
94.0
187.0
152.0
73.0
93.0
105.0
70.0
132.0
136.0
140.0
162.0
113.0
145.0
66.0
119.0
73.0
167.0
208.0
81.0
113.0
86.0
110.0
127.0
71.0
90.0
134.0
95.0
136.0
82.0
84.0
81.0
125.0
80.0
144.0
99.0
79.0
103.0
145.0
99.0
60.0
101.0
127.0
151.0
72.0
196.0
81.0
89.0
203.0
71.0
120.0
147.0
125.0
105.0
206.0
90.0
95.0
93.0
82.0
56.0
86.0
79.0
53.0
60.0
148.0
105.0
119.0
72.0
85.0
81.0
77.0
91.0
76.0
262.0
136.0
94.0
154.0
157.0
147.0
126.0
119.0
113.0
80.0
189.0
145.0
158.0
69.0
130.0
121.0
96.0
61.0
73.0
192.0
95.0
79.0
305.0
84.0
62.0
84.0
117.0
121.0
139.0
64.0
70.0
107.0
64.0
125.0
121.0
145.0
108.0
136.0
105.0
112.0
151.0
114.0
92.0
82.0
172.0
84.0
186.0
128.0
59.0
116.0
99.0
136.0
65.0
70.0
93.0
88.0
155.0
110.0
117.0
109.0
86.0
121.0
133.0
144.0
110.0
153.0
119.0
168.0
120.0
108.0
132.0
99.0
76.0
136.0
122.0
89.0
149.0
102.0
81.0
117.0
108.0
111.0
126.0
94.0
134.0
158.0
102.0
122.0
126.0
101.0
108.0
87.0
120.0
121.0
96.0
116.0
164.0
79.0
128.0
99.0
151.0
184.0
114.0
147.0
213.0
93.0
162.0
115.0
118.0
101.0
75.0
93.0
84.0
86.0
103.0
128.0
75.0
134.0
213.0
70.0
141.0
61.0
134.0
91.0
178.0
37.0
82.0
168.0
77.0
155.0
215.0
220.0
196.0
73.0
97.0
70.0
133.0
105.0
62.0
179.0
122.0
105.0
160.0
92.0
80.0
75.0
58.0
195.0
115.0
114.0
121.0
134.0
280.0
90.0
104.0
80.0
84.0
180.0
76.0
89.0
106.0
110.0
120.0
107.0
115.0
66.0
94.0
53.0
153.0
159.0
146.0
52.0
69.0
146.0
120.0
118.0
125.0
104.0
99.0
157.0
75.0
67.0
77.0
59.0
130.0
99.0
133.0
140.0
96.0
134.0
111.0
200.0
88.0
115.0
108.0
164.0
102.0
150.0
64.0
88.0
71.0
67.0
146.0
132.0
80.0
98.0
149.0
124.0
146.0
54.0
60.0
99.0
170.0
75.0
121.0
81.0
235.0
104.0
93.0
174.0
109.0
97.0
122.0
88.0
76.0
154.0
124.0
101.0
257.0
93.0
182.0
139.0
185.0
124.0
108.0
383.0
77.0
75.0
60.0
96.0
126.0
84.0
80.0
117.0
140.0
111.0
107.0
116.0
110.0
95.0
136.0
170.0
145.0
97.0
164.0
101.0
123.0
82.0
137.0
134.0
110.0
91.0
105.0
76.0
85.0
115.0
78.0
152.0
81.0
99.0
79.0
132.0
122.0
134.0
106.0
60.0
139.0
116.0
43.0
121.0
161.0
123.0
192.0
93.0
194.0
128.0
186.0
94.0
147.0
164.0
57.0
144.0
155.0
119.0
90.0
69.0
98.0
84.0
236.0
126.0
131.0
77.0
121.0
134.0
109.0
103.0
140.0
156.0
232.0
181.0
91.0
68.0
132.0
62.0
137.0
44.0
157.0
141.0
107.0
123.0
104.0
152.0
195.0
110.0
141.0
80.0
146.0
64.0
141.0
306.0
170.0
166.0
105.0
167.0
128.0
107.0
119.0
102.0
183.0
119.0
120.0
147.0
173.0
84.0
66.0
151.0
137.0
109.0
96.0
59.0
167.0
149.0
64.0
145.0
107.0
98.0
272.0
163.0
80.0
100.0
123.0
106.0
100.0
123.0
136.0
62.0
132.0
114.0
81.0
101.0
129.0
114.0
181.0
140.0
83.0
51.0
155.0
90.0
115.0
125.0
90.0
72.0
160.0
74.0
156.0
113.0
88.0
231.0
138.0
98.0
116.0
125.0
86.0
135.0
109.0
133.0
101.0
70.0
83.0
156.0
73.0
117.0
115.0
139.0
84.0
86.0
97.0
132.0
113.0
111.0
108.0
99.0
76.0
132.0
74.0
130.0
166.0
62.0
178.0
72.0
178.0
91.0
83.0
144.0
62.0
90.0
166.0
184.0
63.0
74.0
150.0
74.0
78.0
186.0
134.0
166.0
191.0
134.0
166.0
137.0
217.0
121.0
92.0
170.0
139.0
161.0
164.0
150.0
76.0
123.0
70.0
79.0
66.0
70.0
117.0
121.0
186.0
136.0
126.0
117.0
82.0
87.0
119.0
104.0
112.0
144.0
147.0
332.0
154.0
153.0
119.0
70.0
80.0
85.0
140.0
125.0
79.0
133.0
53.0
88.0
97.0
151.0
95.0
99.0
137.0
43.0
106.0
88.0
199.0
150.0
162.0
114.0
87.0
97.0
174.0
107.0
79.0
60.0
178.0
154.0
91.0
37.0
106.0
74.0
119.0
148.0
84.0
86.0
71.0
89.0
135.0
116.0
100.0
155.0
106.0
129.0
145.0
89.0
142.0
82.0
126.0
180.0
143.0
89.0
164.0
113.0
93.0
160.0
128.0
72.0
313.0
117.0
113.0
65.0
146.0
150.0
128.0
122.0
118.0
141.0
113.0
99.0
74.0
90.0
112.0
117.0
90.0
116.0
88.0
110.0
66.0
113.0
102.0
85.0
103.0
115.0
42.0
91.0
81.0
138.0
106.0
80.0
172.0
109.0
76.0
139.0
105.0
125.0
107.0
123.0
185.0
132.0
88.0
138.0
87.0
84.0
161.0
50.0
84.0
76.0
86.0
97.0
104.0
122.0
139.0
78.0
86.0
118.0
117.0
120.0
134.0
106.0
209.0
110.0
95.0
84.0
119.0
93.0
91.0
94.0
87.0
42.0
100.0
122.0
119.0
151.0
90.0
131.0
66.0
138.0
158.0
84.0
105.0
114.0
121.0
126.0
180.0
143.0
61.0
136.0
128.0
115.0
78.0
150.0
80.0
109.0
138.0
95.0
118.0
78.0
91.0
98.0
117.0
86.0
93.0
115.0
125.0
152.0
47.0
111.0
102.0
137.0
107.0
109.0
85.0
64.0
97.0
113.0
121.0
135.0
83.0
148.0
96.0
92.0
150.0
91.0
84.0
95.0
87.0
116.0
168.0
114.0
39.0
84.0
137.0
96.0
76.0
56.0
113.0
127.0
68.0
97.0
121.0
105.0
122.0
99.0
114.0
100.0
93.0
109.0
123.0
126.0
75.0
98.0
126.0
130.0
90.0
113.0
111.0
140.0
143.0
108.0
95.0
119.0
80.0
120.0
142.0
149.0
80.0
82.0
102.0
74.0
103.0
161.0
99.0
95.0
178.0
85.0
72.0
111.0
102.0
138.0
109.0
100.0
141.0
125.0
49.0
113.0
86.0
132.0
71.0
109.0
173.0
102.0
94.0
67.0
131.0
81.0
122.0
177.0
70.0
87.0
129.0
127.0
114.0
122.0
115.0
98.0
127.0
102.0
135.0
161.0
72.0
79.0
144.0
146.0
120.0
65.0
76.0
76.0
83.0
93.0
95.0
112.0
68.0
146.0
104.0
69.0
146.0
152.0
58.0
86.0
58.0
116.0
82.0
126.0
90.0
62.0
134.0
146.0
125.0
79.0
164.0
83.0
141.0
222.0
109.0
90.0
100.0
42.0
77.0
86.0
221.0
127.0
76.0
121.0
119.0
164.0
136.0
191.0
140.0
138.0
149.0
168.0
214.0
71.0
177.0
70.0
99.0
134.0
174.0
124.0
96.0
161.0
121.0
102.0
62.0
124.0
149.0
68.0
117.0
128.0
115.0
114.0
125.0
85.0
97.0
98.0
63.0
121.0
74.0
129.0
141.0
175.0
108.0
57.0
113.0
114.0
83.0
98.0
111.0
263.0
194.0
87.0
127.0
73.0
105.0
175.0
69.0
128.0
100.0
128.0
94.0
67.0
219.0
115.0
168.0
154.0
64.0
114.0
82.0
55.0
92.0
121.0
105.0
166.0
56.0
136.0
90.0
66.0
89.0
159.0
203.0
119.0
77.0
75.0
144.0
93.0
146.0
107.0
129.0
165.0
172.0
120.0
114.0
69.0
345.0
294.0
51.0
89.0
179.0
152.0
72.0
135.0
72.0
49.0
105.0
84.0
61.0
160.0
68.0
107.0
141.0
136.0
110.0
151.0
155.0
196.0
114.0
42.0
241.0
65.0
120.0
104.0
85.0
150.0
128.0
134.0
93.0
206.0
99.0
94.0
74.0
119.0
117.0
127.0
102.0
135.0
184.0
84.0
74.0
78.0
96.0
56.0
90.0
182.0
87.0
243.0
95.0
96.0
218.0
106.0
169.0
148.0
77.0
152.0
135.0
86.0
85.0
127.0
159.0
104.0
94.0
104.0
160.0
100.0
133.0
98.0
94.0
144.0
86.0
168.0
101.0
96.0
93.0
122.0
144.0
60.0
65.0
144.0
98.0
90.0
100.0
112.0
55.0
171.0
81.0
170.0
100.0
113.0
57.0
93.0
93.0
145.0
106.0
205.0
107.0
277.0
96.0
112.0
81.0
87.0
78.0
95.0
74.0
166.0
87.0
61.0
143.0
145.0
102.0
116.0
131.0
99.0
103.0
145.0
275.0
103.0
91.0
200.0
160.0
112.0
81.0
112.0
117.0
147.0
106.0
91.0
114.0
167.0
149.0
55.0
76.0
113.0
84.0
116.0
141.0
158.0
179.0
105.0
118.0
159.0
172.0
66.0
92.0
75.0
93.0
122.0
100.0
168.0
144.0
101.0
134.0
70.0
172.0
69.0
104.0
141.0
56.0
70.0
112.0
127.0
90.0
152.0
119.0
108.0
91.0
180.0
143.0
114.0
92.0
91.0
94.0
75.0
121.0
122.0
147.0
140.0
97.0
135.0
103.0
125.0
164.0
64.0
100.0
137.0
120.0
113.0
127.0
95.0
98.0
124.0
144.0
150.0
197.0
114.0
157.0
130.0
87.0
65.0
128.0
131.0
99.0
83.0
77.0
61.0
180.0
103.0
37.0
97.0
143.0
64.0
111.0
70.0
154.0
122.0
98.0
102.0
134.0
198.0
207.0
153.0
87.0
150.0
96.0
91.0
256.0
221.0
53.0
120.0
111.0
140.0
162.0
131.0
154.0
76.0
110.0
85.0
130.0
104.0
154.0
226.0
268.0
115.0
95.0
110.0
109.0
62.0
118.0
93.0
90.0
139.0
72.0
102.0
165.0
169.0
105.0
142.0
79.0
104.0
105.0
111.0
83.0
50.0
122.0
92.0
116.0
133.0
73.0
86.0
117.0
48.0
140.0
91.0
106.0
138.0
115.0
99.0
165.0
111.0
110.0
69.0
30.0
127.0
122.0
81.0
55.0
143.0
217.0
189.0
113.0
56.0
136.0
71.0
116.0
143.0
76.0
186.0
78.0
95.0
181.0
225.0
137.0
132.0
244.0
125.0
180.0
73.0
130.0
98.0
131.0
152.0
211.0
77.0
55.0
172.0
89.0
73.0
145.0
77.0
85.0
195.0
209.0
138.0
132.0
68.0
94.0
79.0
87.0
124.0
75.0
203.0
237.0
70.0
165.0
94.0
121.0
120.0
114.0
81.0
80.0
133.0
79.0
136.0
148.0
137.0
230.0
72.0
96.0
110.0
69.0
98.0
97.0
61.0
119.0
174.0
137.0
90.0
139.0
100.0
150.0
103.0
112.0
110.0
167.0
51.0
76.0
129.0
79.0
58.0
182.0
132.0
117.0
76.0
146.0
122.0
90.0
75.0
131.0
127.0
82.0
129.0
71.0
148.0
147.0
83.0
87.0
118.0
94.0
157.0
72.0
142.0
106.0
98.0
119.0
134.0
159.0
71.0
87.0
85.0
523.0
223.0
75.0
156.0
90.0
208.0
104.0
147.0
143.0
175.0
142.0
147.0
147.0
114.0
127.0
126.0
45.0
103.0
157.0
181.0
52.0
109.0
197.0
113.0
119.0
143.0
138.0
106.0
122.0
95.0
162.0
117.0
84.0
88.0
139.0
72.0
141.0
175.0
103.0
147.0
110.0
76.0
82.0
73.0
241.0
106.0
114.0
60.0
154.0
163.0
89.0
121.0
131.0
193.0
150.0
83.0
137.0
118.0
91.0
79.0
154.0
102.0
177.0
120.0
172.0
88.0
91.0
100.0
87.0
81.0
157.0
163.0
98.0
117.0
135.0
112.0
159.0
141.0
61.0
126.0
118.0
53.0
79.0
141.0
73.0
47.0
133.0
88.0
52.0
82.0
71.0
187.0
142.0
142.0
162.0
81.0
49.0
82.0
127.0
78.0
128.0
74.0
92.0
141.0
87.0
129.0
162.0
183.0
86.0
95.0
152.0
57.0
70.0
114.0
102.0
111.0
121.0
184.0
109.0
105.0
127.0
160.0
60.0
99.0
185.0
79.0
105.0
102.0
111.0
164.0
118.0
117.0
98.0
40.0
175.0
127.0
156.0
64.0
118.0
123.0
210.0
213.0
130.0
97.0
96.0
76.0
139.0
124.0
102.0
73.0
111.0
63.0
99.0
157.0
113.0
133.0
113.0
154.0
174.0
196.0
197.0
82.0
67.0
111.0
109.0
92.0
94.0
105.0
133.0
108.0
76.0
83.0
77.0
107.0
79.0
207.0
102.0
154.0
97.0
94.0
108.0
203.0
165.0
72.0
154.0
103.0
94.0
149.0
80.0
187.0
78.0
97.0
217.0
234.0
104.0
60.0
171.0
138.0
71.0
137.0
66.0
78.0
87.0
160.0
176.0
48.0
173.0
141.0
142.0
147.0
69.0
137.0
98.0
58.0
113.0
72.0
180.0
71.0
171.0
101.0
99.0
102.0
109.0
155.0
84.0
100.0
197.0
94.0
120.0
102.0
143.0
138.0
84.0
64.0
140.0
112.0
98.0
157.0
99.0
166.0
100.0
124.0
186.0
95.0
260.0
84.0
145.0
90.0
102.0
110.0
80.0
149.0
122.0
173.0
156.0
53.0
151.0
171.0
94.0
90.0
130.0
93.0
77.0
125.0
43.0
110.0
98.0
111.0
102.0
50.0
123.0
165.0
134.0
67.0
113.0
212.0
117.0
74.0
86.0
126.0
52.0
154.0
92.0
126.0
158.0
94.0
114.0
125.0
79.0
156.0
81.0
131.0
120.0
75.0
112.0
120.0
117.0
104.0
92.0
162.0
87.0
69.0
112.0
128.0
123.0
141.0
129.0
161.0
106.0
108.0
109.0
130.0
107.0
168.0
108.0
90.0
150.0
88.0
43.0
86.0
104.0
217.0
73.0
62.0
88.0
93.0
141.0
111.0
93.0
124.0
221.0
185.0
142.0
161.0
112.0
122.0
81.0
90.0
74.0
135.0
81.0
114.0
117.0
100.0
179.0
81.0
156.0
145.0
73.0
93.0
131.0
96.0
50.0
59.0
122.0
74.0
72.0
169.0
52.0
179.0
49.0
80.0
73.0
105.0
164.0
86.0
55.0
130.0
130.0
212.0
74.0
79.0
47.0
133.0
170.0
70.0
140.0
131.0
109.0
104.0
169.0
58.0
63.0
87.0
140.0
127.0
67.0
150.0
122.0
72.0
95.0
102.0
89.0
86.0
155.0
140.0
135.0
173.0
155.0
170.0
108.0
125.0
87.0
72.0
46.0
63.0
93.0
71.0
100.0
94.0
120.0
249.0
103.0
117.0
82.0
92.0
35.0
131.0
97.0
103.0
133.0
73.0
134.0
237.0
89.0
189.0
174.0
100.0
99.0
109.0
86.0
85.0
168.0
86.0
97.0
64.0
99.0
109.0
148.0
94.0
115.0
97.0
125.0
104.0
136.0
117.0
74.0
98.0
155.0
86.0
101.0
122.0
144.0
152.0
60.0
119.0
88.0
85.0
122.0
130.0
269.0
102.0
91.0
170.0
127.0
139.0
106.0
106.0
149.0
209.0
95.0
141.0
88.0
103.0
115.0
62.0
108.0
54.0
121.0
90.0
154.0
89.0
170.0
135.0
106.0
50.0
92.0
140.0
102.0
147.0
115.0
142.0
152.0
91.0
123.0
143.0
102.0
148.0
112.0
72.0
117.0
154.0
197.0
198.0
79.0
145.0
120.0
80.0
80.0
70.0
87.0
95.0
79.0
85.0
136.0
219.0
122.0
90.0
131.0
110.0
67.0
148.0
123.0
81.0
114.0
62.0
93.0
105.0
175.0
181.0
150.0
70.0
118.0
87.0
136.0
163.0
71.0
188.0
108.0
97.0
137.0
100.0
74.0
111.0
52.0
137.0
220.0
115.0
141.0
134.0
122.0
59.0
166.0
134.0
81.0
166.0
182.0
50.0
68.0
112.0
86.0
115.0
80.0
112.0
91.0
120.0
97.0
144.0
95.0
56.0
95.0
126.0
99.0
67.0
56.0
61.0
114.0
162.0
116.0
160.0
96.0
211.0
134.0
61.0
85.0
110.0
93.0
88.0
111.0
102.0
114.0
613.0
100.0
146.0
130.0
65.0
93.0
70.0
107.0
102.0
122.0
173.0
131.0
263.0
76.0
131.0
99.0
111.0
102.0
134.0
68.0
79.0
54.0
60.0
96.0
85.0
84.0
137.0
64.0
119.0
97.0
107.0
175.0
249.0
81.0
77.0
98.0
157.0
197.0
129.0
74.0
47.0
89.0
81.0
146.0
75.0
65.0
92.0
82.0
150.0
109.0
162.0
154.0
142.0
95.0
156.0
101.0
61.0
129.0
208.0
169.0
74.0
184.0
146.0
71.0
129.0
72.0
80.0
87.0
119.0
143.0
161.0
69.0
49.0
162.0
90.0
77.0
121.0
105.0
199.0
140.0
120.0
105.0
62.0
116.0
103.0
91.0
79.0
58.0
91.0
95.0
222.0
226.0
121.0
77.0
133.0
192.0
100.0
129.0
85.0
249.0
65.0
123.0
80.0
140.0
76.0
160.0
119.0
106.0
102.0
107.0
107.0
112.0
179.0
90.0
131.0
68.0
98.0
101.0
240.0
96.0
107.0
86.0
108.0
122.0
154.0
81.0
82.0
76.0
152.0
158.0
109.0
191.0
121.0
206.0
58.0
184.0
114.0
108.0
86.0
65.0
192.0
208.0
263.0
77.0
100.0
128.0
146.0
78.0
120.0
121.0
61.0
90.0
104.0
80.0
169.0
59.0
112.0
118.0
121.0
123.0
59.0
105.0
114.0
76.0
78.0
122.0
121.0
122.0
101.0
149.0
145.0
90.0
222.0
228.0
167.0
129.0
124.0
176.0
71.0
124.0
191.0
82.0
162.0
149.0
123.0
136.0
80.0
92.0
210.0
191.0
98.0
101.0
145.0
71.0
101.0
106.0
82.0
120.0
149.0
120.0
117.0
88.0
107.0
89.0
77.0
137.0
149.0
129.0
85.0
92.0
82.0
97.0
79.0
107.0
184.0
133.0
92.0
126.0
171.0
112.0
80.0
105.0
164.0
120.0
88.0
82.0
81.0
99.0
104.0
143.0
46.0
83.0
165.0
157.0
75.0
130.0
106.0
138.0
160.0
121.0
150.0
121.0
90.0
96.0
73.0
213.0
120.0
103.0
122.0
103.0
63.0
116.0
135.0
56.0
88.0
100.0
95.0
102.0
181.0
167.0
93.0
197.0
163.0
112.0
64.0
79.0
110.0
68.0
104.0
71.0
142.0
35.0
107.0
103.0
118.0
61.0
320.0
156.0
69.0
197.0
77.0
92.0
140.0
270.0
123.0
126.0
247.0
102.0
117.0
109.0
105.0
95.0
95.0
123.0
109.0
101.0
75.0
147.0
147.0
142.0
112.0
200.0
57.0
144.0
149.0
131.0
144.0
147.0
94.0
128.0
115.0
159.0
167.0
145.0
139.0
87.0
81.0
67.0
191.0
85.0
103.0
141.0
122.0
89.0
82.0
117.0
214.0
114.0
166.0
97.0
91.0
88.0
83.0
78.0
69.0
113.0
131.0
95.0
57.0
134.0
219.0
95.0
112.0
67.0
111.0
96.0
75.0
67.0
214.0
84.0
78.0
141.0
120.0
122.0
67.0
104.0
72.0
93.0
99.0
92.0
122.0
181.0
160.0
210.0
151.0
121.0
92.0
89.0
194.0
132.0
103.0
58.0
139.0
140.0
118.0
65.0
106.0
71.0
55.0
118.0
109.0
57.0
90.0
166.0
191.0
120.0
68.0
214.0
107.0
173.0
148.0
96.0
101.0
100.0
76.0
98.0
102.0
71.0
207.0
61.0
126.0
141.0
144.0
153.0
723.0
103.0
114.0
248.0
81.0
133.0
95.0
137.0
131.0
86.0
136.0
64.0
112.0
183.0
107.0
62.0
243.0
59.0
74.0
130.0
89.0
234.0
91.0
163.0
96.0
90.0
115.0
154.0
75.0
101.0
150.0
87.0
107.0
88.0
165.0
143.0
122.0
96.0
177.0
94.0
92.0
88.0
105.0
77.0
93.0
61.0
105.0
130.0
211.0
80.0
46.0
117.0
79.0
181.0
68.0
59.0
175.0
83.0
97.0
107.0
145.0
232.0
158.0
97.0
167.0
92.0
76.0
70.0
293.0
190.0
42.0
98.0
48.0
128.0
78.0
147.0
99.0
86.0
117.0
110.0
81.0
135.0
125.0
75.0
168.0
105.0
129.0
73.0
140.0
134.0
168.0
127.0
75.0
82.0
51.0
242.0
119.0
150.0
247.0
92.0
122.0
142.0
112.0
179.0
110.0
90.0
189.0
178.0
81.0
152.0
114.0
214.0
121.0
136.0
113.0
144.0
86.0
301.0
161.0
95.0
95.0
188.0
53.0
134.0
103.0
96.0
161.0
199.0
37.0
113.0
91.0
103.0
122.0
54.0
145.0
141.0
113.0
134.0
116.0
133.0
156.0
71.0
84.0
104.0
94.0
311.0
58.0
151.0
152.0
136.0
128.0
116.0
172.0
121.0
64.0
150.0
71.0
68.0
119.0
190.0
149.0
96.0
110.0
69.0
84.0
80.0
93.0
74.0
231.0
203.0
94.0
150.0
368.0
124.0
152.0
51.0
71.0
81.0
69.0
139.0
94.0
177.0
102.0
102.0
156.0
76.0
159.0
98.0
139.0
81.0
101.0
243.0
118.0
179.0
195.0
100.0
168.0
181.0
166.0
96.0
118.0
206.0
175.0
81.0
69.0
100.0
131.0
155.0
90.0
93.0
105.0
221.0
89.0
157.0
106.0
100.0
58.0
132.0
83.0
180.0
75.0
148.0
122.0
67.0
124.0
81.0
119.0
75.0
93.0
189.0
145.0
75.0
73.0
140.0
115.0
98.0
159.0
108.0
91.0
133.0
101.0
146.0
100.0
113.0
91.0
99.0
98.0
154.0
129.0
94.0
119.0
161.0
92.0
129.0
108.0
114.0
99.0
42.0
92.0
134.0
103.0
87.0
96.0
70.0
118.0
101.0
183.0
57.0
172.0
154.0
191.0
125.0
146.0
116.0
44.0
106.0
120.0
102.0
82.0
80.0
85.0
93.0
83.0
142.0
63.0
90.0
120.0
107.0
101.0
75.0
90.0
131.0
258.0
54.0
72.0
130.0
65.0
221.0
92.0
168.0
91.0
74.0
89.0
92.0
257.0
159.0
50.0
108.0
145.0
42.0
169.0
185.0
67.0
95.0
95.0
93.0
72.0
103.0
83.0
76.0
74.0
93.0
101.0
52.0
191.0
110.0
77.0
110.0
109.0
63.0
169.0
107.0
141.0
273.0
213.0
93.0
167.0
104.0
71.0
144.0
111.0
124.0
113.0
128.0
80.0
101.0
108.0
90.0
96.0
78.0
69.0
123.0
98.0
77.0
116.0
80.0
78.0
117.0
93.0
131.0
56.0
127.0
95.0
181.0
79.0
150.0
50.0
140.0
84.0
103.0
89.0
71.0
140.0
192.0
126.0
178.0
65.0
101.0
144.0
130.0
128.0
95.0
139.0
107.0
93.0
105.0
59.0
100.0
94.0
120.0
49.0
88.0
109.0
141.0
74.0
86.0
145.0
94.0
132.0
93.0
141.0
98.0
77.0
109.0
100.0
207.0
98.0
102.0
61.0
176.0
133.0
63.0
70.0
90.0
112.0
124.0
141.0
139.0
96.0
99.0
150.0
139.0
122.0
73.0
151.0
146.0
136.0
88.0
98.0
116.0
75.0
128.0
82.0
86.0
133.0
144.0
46.0
55.0
100.0
74.0
90.0
132.0
147.0
65.0
132.0
114.0
110.0
227.0
69.0
100.0
100.0
89.0
100.0
84.0
93.0
117.0
122.0
129.0
46.0
481.0
169.0
113.0
101.0
105.0
99.0
102.0
345.0
128.0
99.0
207.0
150.0
91.0
137.0
74.0
122.0
91.0
127.0
77.0
69.0
196.0
57.0
100.0
40.0
176.0
143.0
123.0
108.0
86.0
298.0
85.0
143.0
129.0
115.0
106.0
117.0
166.0
90.0
117.0
125.0
93.0
101.0
202.0
123.0
90.0
95.0
94.0
117.0
113.0
64.0
71.0
41.0
115.0
113.0
113.0
155.0
82.0
118.0
172.0
189.0
128.0
130.0
163.0
82.0
162.0
59.0
104.0
50.0
121.0
110.0
100.0
81.0
94.0
91.0
108.0
130.0
109.0
178.0
93.0
103.0
121.0
66.0
78.0
204.0
97.0
173.0
97.0
53.0
168.0
136.0
152.0
92.0
72.0
101.0
65.0
80.0
63.0
131.0
123.0
118.0
183.0
152.0
178.0
68.0
86.0
95.0
51.0
257.0
103.0
38.0
103.0
83.0
104.0
78.0
100.0
127.0
80.0
77.0
70.0
146.0
142.0
59.0
57.0
145.0
144.0
98.0
130.0
84.0
71.0
100.0
221.0
288.0
154.0
112.0
105.0
89.0
91.0
179.0
94.0
224.0
122.0
133.0
89.0
78.0
132.0
92.0
146.0
99.0
142.0
126.0
141.0
60.0
85.0
114.0
80.0
86.0
126.0
140.0
133.0
90.0
133.0
165.0
95.0
138.0
177.0
63.0
111.0
47.0
100.0
96.0
136.0
98.0
85.0
74.0
105.0
46.0
55.0
136.0
176.0
118.0
112.0
119.0
129.0
89.0
173.0
120.0
108.0
98.0
85.0
424.0
121.0
157.0
85.0
106.0
82.0
206.0
102.0
85.0
118.0
106.0
119.0
94.0
58.0
45.0
90.0
130.0
90.0
103.0
195.0
83.0
80.0
274.0
57.0
133.0
64.0
170.0
146.0
122.0
99.0
58.0
119.0
77.0
134.0
104.0
64.0
81.0
59.0
145.0
119.0
132.0
141.0
106.0
115.0
165.0
96.0
83.0
112.0
78.0
82.0
93.0
77.0
76.0
51.0
202.0
157.0
310.0
59.0
73.0
154.0
89.0
83.0
152.0
143.0
135.0
234.0
79.0
57.0
188.0
179.0
81.0
142.0
190.0
63.0
110.0
133.0
73.0
104.0
73.0
108.0
105.0
98.0
76.0
86.0
171.0
74.0
60.0
87.0
39.0
291.0
98.0
119.0
134.0
141.0
76.0
148.0
225.0
185.0
126.0
125.0
96.0
134.0
163.0
98.0
96.0
341.0
187.0
84.0
89.0
60.0
41.0
61.0
177.0
75.0
147.0
140.0
144.0
128.0
102.0
200.0
75.0
172.0
32.0
114.0
48.0
52.0
247.0
88.0
121.0
83.0
141.0
106.0
56.0
64.0
88.0
93.0
100.0
81.0
95.0
82.0
96.0
124.0
69.0
56.0
70.0
135.0
151.0
88.0
78.0
102.0
147.0
78.0
82.0
150.0
54.0
148.0
82.0
180.0
144.0
121.0
144.0
141.0
95.0
142.0
89.0
236.0
91.0
82.0
132.0
189.0
124.0
102.0
44.0
237.0
82.0
170.0
96.0
45.0
130.0
74.0
103.0
45.0
56.0
83.0
62.0
143.0
156.0
149.0
45.0
142.0
47.0
65.0
131.0
114.0
220.0
224.0
164.0
139.0
120.0
107.0
165.0
88.0
109.0
139.0
30.0
139.0
148.0
82.0
139.0
111.0
116.0
102.0
112.0
93.0
76.0
58.0
71.0
174.0
777.0
78.0
156.0
98.0
119.0
100.0
70.0
120.0
229.0
100.0
192.0
63.0
63.0
185.0
64.0
96.0
169.0
96.0
147.0
109.0
121.0
104.0
69.0
88.0
87.0
104.0
117.0
71.0
175.0
102.0
157.0
161.0
87.0
43.0
145.0
187.0
133.0
175.0
136.0
65.0
157.0
46.0
132.0
106.0
156.0
89.0
106.0
86.0
167.0
146.0
163.0
120.0
154.0
162.0
156.0
141.0
114.0
87.0
93.0
56.0
64.0
73.0
167.0
108.0
212.0
52.0
139.0
77.0
94.0
62.0
104.0
79.0
124.0
117.0
150.0
70.0
148.0
140.0
222.0
66.0
200.0
167.0
67.0
116.0
71.0
346.0
145.0
67.0
153.0
83.0
129.0
100.0
73.0
387.0
83.0
133.0
177.0
82.0
99.0
92.0
55.0
54.0
74.0
144.0
114.0
99.0
113.0
121.0
132.0
96.0
176.0
127.0
147.0
125.0
144.0
95.0
130.0
140.0
88.0
118.0
97.0
96.0
147.0
78.0
168.0
90.0
145.0
112.0
101.0
137.0
86.0
166.0
58.0
221.0
104.0
187.0
331.0
127.0
132.0
72.0
171.0
138.0
100.0
121.0
142.0
105.0
51.0
144.0
109.0
127.0
120.0
60.0
154.0
220.0
83.0
91.0
85.0
81.0
144.0
105.0
153.0
193.0
153.0
80.0
89.0
84.0
145.0
147.0
104.0
62.0
56.0
333.0
137.0
77.0
174.0
100.0
164.0
84.0
138.0
174.0
154.0
89.0
112.0
135.0
210.0
69.0
269.0
121.0
168.0
51.0
156.0
67.0
109.0
115.0
249.0
55.0
80.0
106.0
218.0
119.0
114.0
177.0
130.0
90.0
114.0
91.0
59.0
84.0
186.0
54.0
121.0
170.0
122.0
203.0
153.0
81.0
194.0
133.0
143.0
210.0
122.0
127.0
158.0
133.0
90.0
137.0
105.0
177.0
107.0
122.0
91.0
117.0
176.0
102.0
312.0
102.0
126.0
63.0
891.0
73.0
116.0
126.0
87.0
168.0
88.0
88.0
128.0
56.0
73.0
71.0
121.0
143.0
99.0
87.0
88.0
106.0
139.0
97.0
88.0
184.0
162.0
129.0
89.0
121.0
84.0
102.0
123.0
91.0
82.0
98.0
116.0
154.0
92.0
122.0
138.0
427.0
47.0
111.0
194.0
17.0
154.0
142.0
85.0
135.0
107.0
130.0
143.0
54.0
97.0
216.0
93.0
89.0
116.0
149.0
163.0
103.0
78.0
87.0
279.0
111.0
75.0
100.0
92.0
56.0
137.0
96.0
100.0
107.0
114.0
123.0
197.0
85.0
268.0
140.0
199.0
95.0
108.0
90.0
174.0
96.0
56.0
112.0
89.0
97.0
77.0
275.0
59.0
94.0
71.0
413.0
94.0
194.0
127.0
154.0
109.0
123.0
82.0
63.0
99.0
133.0
85.0
56.0
118.0
94.0
66.0
129.0
172.0
87.0
91.0
74.0
94.0
92.0
175.0
118.0
114.0
82.0
122.0
66.0
206.0
207.0
99.0
89.0
118.0
161.0
83.0
87.0
101.0
77.0
337.0
79.0
45.0
146.0
94.0
102.0
101.0
104.0
91.0
95.0
104.0
109.0
98.0
74.0
180.0
116.0
66.0
130.0
125.0
190.0
89.0
62.0
120.0
162.0
102.0
79.0
132.0
38.0
126.0
141.0
114.0
67.0
54.0
171.0
193.0
152.0
93.0
167.0
136.0
81.0
53.0
120.0
125.0
50.0
62.0
91.0
167.0
35.0
129.0
116.0
85.0
89.0
47.0
79.0
99.0
88.0
191.0
110.0
111.0
135.0
121.0
79.0
137.0
89.0
90.0
114.0
59.0
50.0
190.0
129.0
166.0
117.0
84.0
160.0
76.0
54.0
95.0
91.0
106.0
114.0
69.0
156.0
69.0
153.0
172.0
101.0
66.0
94.0
81.0
82.0
54.0
62.0
92.0
121.0
370.0
148.0
85.0
121.0
100.0
96.0
177.0
170.0
44.0
87.0
107.0
189.0
153.0
93.0
86.0
112.0
155.0
86.0
52.0
61.0
91.0
67.0
186.0
136.0
107.0
115.0
127.0
140.0
132.0
332.0
99.0
106.0
187.0
68.0
70.0
121.0
97.0
126.0
90.0
50.0
149.0
110.0
76.0
185.0
316.0
63.0
110.0
69.0
146.0
63.0
53.0
59.0
89.0
64.0
167.0
121.0
113.0
91.0
118.0
111.0
91.0
121.0
133.0
110.0
208.0
56.0
136.0
110.0
134.0
161.0
106.0
158.0
81.0
119.0
123.0
98.0
123.0
100.0
79.0
90.0
119.0
105.0
157.0
105.0
196.0
126.0
94.0
120.0
111.0
97.0
54.0
190.0
117.0
110.0
168.0
96.0
63.0
78.0
103.0
129.0
153.0
87.0
53.0
118.0
130.0
115.0
79.0
120.0
57.0
70.0
108.0
84.0
124.0
89.0
105.0
62.0
143.0
94.0
93.0
108.0
67.0
76.0
202.0
51.0
115.0
178.0
308.0
116.0
144.0
97.0
238.0
298.0
142.0
88.0
70.0
79.0
121.0
100.0
95.0
198.0
80.0
146.0
141.0
99.0
149.0
112.0
79.0
90.0
130.0
58.0
87.0
91.0
120.0
118.0
104.0
82.0
75.0
175.0
171.0
136.0
162.0
199.0
141.0
108.0
92.0
95.0
137.0
42.0
130.0
69.0
66.0
103.0
101.0
152.0
97.0
98.0
91.0
125.0
116.0
174.0
144.0
103.0
114.0
160.0
134.0
120.0
51.0
62.0
93.0
88.0
47.0
60.0
164.0
71.0
127.0
90.0
127.0
110.0
132.0
88.0
27.0
91.0
62.0
194.0
82.0
90.0
17.0
53.0
301.0
83.0
70.0
128.0
81.0
169.0
148.0
112.0
104.0
107.0
66.0
148.0
133.0
127.0
42.0
84.0
128.0
106.0
159.0
100.0
161.0
92.0
99.0
110.0
113.0
120.0
112.0
164.0
81.0
126.0
65.0
43.0
127.0
83.0
134.0
105.0
94.0
51.0
156.0
50.0
165.0
82.0
126.0
100.0
117.0
103.0
86.0
191.0
131.0
117.0
104.0
106.0
156.0
118.0
138.0
173.0
80.0
166.0
86.0
173.0
75.0
134.0
53.0
125.0
87.0
68.0
84.0
98.0
73.0
83.0
102.0
110.0
61.0
157.0
118.0
201.0
91.0
160.0
289.0
107.0
144.0
163.0
197.0
87.0
184.0
124.0
75.0
67.0
47.0
80.0
123.0
155.0
168.0
79.0
87.0
164.0
68.0
115.0
96.0
90.0
103.0
66.0
66.0
62.0
111.0
124.0
103.0
78.0
71.0
165.0
481.0
127.0
222.0
77.0
164.0
95.0
121.0
151.0
217.0
66.0
97.0
98.0
75.0
99.0
131.0
87.0
171.0
47.0
80.0
125.0
96.0
57.0
134.0
100.0
265.0
105.0
31.0
147.0
129.0
119.0
100.0
104.0
56.0
147.0
176.0
94.0
86.0
75.0
131.0
123.0
98.0
157.0
220.0
138.0
71.0
191.0
128.0
117.0
117.0
67.0
57.0
143.0
44.0
225.0
119.0
116.0
160.0
47.0
132.0
61.0
108.0
212.0
27.0
69.0
126.0
72.0
84.0
139.0
92.0
97.0
73.0
78.0
167.0
132.0
45.0
84.0
115.0
330.0
57.0
137.0
65.0
239.0
67.0
129.0
75.0
106.0
652.0
84.0
128.0
117.0
90.0
109.0
119.0
148.0
80.0
126.0
192.0
142.0
106.0
61.0
120.0
113.0
122.0
115.0
156.0
116.0
113.0
102.0
161.0
69.0
95.0
104.0
121.0
59.0
94.0
268.0
109.0
70.0
110.0
128.0
102.0
60.0
169.0
90.0
121.0
123.0
85.0
74.0
163.0
40.0
51.0
71.0
214.0
72.0
75.0
70.0
58.0
115.0
190.0
94.0
136.0
93.0
212.0
68.0
107.0
71.0
100.0
154.0
143.0
98.0
121.0
183.0
115.0
99.0
188.0
93.0
86.0
244.0
91.0
140.0
92.0
229.0
154.0
638.0
97.0
147.0
73.0
143.0
137.0
226.0
173.0
171.0
87.0
79.0
117.0
147.0
98.0
79.0
49.0
85.0
150.0
74.0
193.0
51.0
38.0
45.0
84.0
188.0
78.0
102.0
203.0
62.0
124.0
397.0
170.0
168.0
80.0
132.0
56.0
140.0
129.0
144.0
68.0
198.0
196.0
49.0
101.0
59.0
105.0
135.0
126.0
73.0
174.0
115.0
121.0
127.0
101.0
92.0
133.0
161.0
77.0
53.0
140.0
100.0
164.0
86.0
145.0
150.0
127.0
61.0
74.0
133.0
127.0
69.0
141.0
166.0
96.0
139.0
53.0
200.0
102.0
61.0
70.0
75.0
143.0
227.0
96.0
106.0
95.0
88.0
132.0
102.0
71.0
90.0
166.0
159.0
200.0
155.0
69.0
72.0
100.0
171.0
346.0
449.0
74.0
60.0
145.0
156.0
66.0
140.0
93.0
134.0
122.0
98.0
107.0
71.0
97.0
185.0
174.0
191.0
65.0
147.0
122.0
161.0
106.0
113.0
73.0
104.0
85.0
125.0
69.0
193.0
62.0
145.0
170.0
93.0
117.0
183.0
54.0
139.0
137.0
131.0
93.0
138.0
126.0
119.0
117.0
53.0
87.0
68.0
107.0
160.0
42.0
82.0
141.0
157.0
109.0
106.0
179.0
74.0
171.0
111.0
137.0
111.0
260.0
116.0
97.0
125.0
202.0
99.0
173.0
84.0
171.0
55.0
219.0
154.0
139.0
163.0
66.0
110.0
111.0
117.0
166.0
89.0
110.0
170.0
115.0
71.0
58.0
67.0
163.0
80.0
297.0
83.0
120.0
94.0
235.0
79.0
87.0
131.0
134.0
200.0
36.0
188.0
101.0
92.0
183.0
108.0
116.0
111.0
102.0
118.0
65.0
131.0
98.0
88.0
107.0
105.0
102.0
82.0
50.0
234.0
76.0
100.0
189.0
95.0
96.0
87.0
120.0
119.0
153.0
130.0
113.0
33.0
85.0
91.0
177.0
98.0
279.0
142.0
102.0
56.0
83.0
60.0
66.0
96.0
79.0
156.0
121.0
99.0
64.0
143.0
93.0
148.0
85.0
128.0
188.0
153.0
257.0
106.0
86.0
184.0
162.0
76.0
76.0
557.0
107.0
86.0
130.0
77.0
85.0
168.0
112.0
97.0
305.0
76.0
255.0
178.0
115.0
114.0
95.0
268.0
39.0
131.0
136.0
94.0
61.0
89.0
227.0
154.0
93.0
165.0
114.0
84.0
91.0
104.0
67.0
253.0
84.0
129.0
163.0
126.0
95.0
147.0
127.0
112.0
166.0
104.0
80.0
155.0
104.0
123.0
61.0
55.0
142.0
96.0
114.0
94.0
119.0
150.0
78.0
63.0
170.0
72.0
120.0
95.0
48.0
116.0
149.0
97.0
161.0
167.0
70.0
96.0
112.0
177.0
64.0
87.0
202.0
89.0
146.0
114.0
116.0
107.0
98.0
51.0
119.0
106.0
185.0
98.0
76.0
188.0
248.0
53.0
227.0
68.0
76.0
122.0
105.0
256.0
57.0
117.0
92.0
82.0
243.0
63.0
138.0
194.0
72.0
128.0
72.0
264.0
76.0
59.0
61.0
161.0
227.0
158.0
112.0
82.0
170.0
70.0
106.0
112.0
132.0
120.0
95.0
64.0
193.0
73.0
80.0
207.0
166.0
93.0
123.0
156.0
68.0
73.0
86.0
140.0
67.0
106.0
145.0
134.0
171.0
122.0
85.0
97.0
73.0
75.0
124.0
104.0
161.0
87.0
157.0
83.0
50.0
76.0
106.0
121.0
67.0
159.0
113.0
170.0
65.0
73.0
111.0
152.0
119.0
103.0
81.0
156.0
196.0
115.0
83.0
170.0
133.0
84.0
101.0
104.0
63.0
104.0
92.0
75.0
41.0
158.0
129.0
103.0
87.0
148.0
65.0
134.0
113.0
169.0
113.0
237.0
112.0
125.0
58.0
129.0
82.0
219.0
162.0
88.0
100.0
72.0
45.0
93.0
127.0
100.0
113.0
172.0
135.0
51.0
56.0
87.0
68.0
97.0
162.0
178.0
140.0
113.0
95.0
96.0
91.0
192.0
129.0
133.0
108.0
83.0
46.0
77.0
87.0
175.0
61.0
160.0
81.0
94.0
110.0
161.0
89.0
91.0
86.0
103.0
23.0
151.0
98.0
121.0
91.0
94.0
108.0
122.0
55.0
101.0
145.0
120.0
571.0
205.0
149.0
126.0
74.0
98.0
77.0
112.0
32.0
126.0
78.0
97.0
89.0
101.0
126.0
190.0
115.0
60.0
314.0
98.0
196.0
128.0
140.0
51.0
121.0
130.0
53.0
205.0
62.0
112.0
180.0
140.0
28.0
376.0
70.0
85.0
77.0
187.0
142.0
72.0
95.0
173.0
174.0
140.0
83.0
63.0
102.0
65.0
111.0
174.0
172.0
61.0
60.0
170.0
40.0
107.0
117.0
101.0
122.0
111.0
112.0
66.0
93.0
49.0
125.0
182.0
110.0
49.0
99.0
49.0
154.0
169.0
115.0
115.0
149.0
129.0
130.0
116.0
71.0
71.0
144.0
92.0
116.0
86.0
110.0
77.0
138.0
186.0
105.0
68.0
66.0
128.0
123.0
145.0
120.0
47.0
86.0
220.0
130.0
151.0
208.0
103.0
87.0
132.0
94.0
182.0
101.0
88.0
165.0
68.0
105.0
80.0
106.0
79.0
82.0
142.0
139.0
56.0
122.0
105.0
104.0
125.0
179.0
95.0
91.0
66.0
77.0
138.0
81.0
93.0
66.0
207.0
85.0
75.0
78.0
74.0
125.0
104.0
148.0
87.0
86.0
86.0
58.0
160.0
109.0
89.0
62.0
92.0
136.0
142.0
138.0
48.0
88.0
65.0
278.0
168.0
154.0
105.0
85.0
142.0
81.0
118.0
68.0
147.0
178.0
92.0
127.0
139.0
73.0
89.0
109.0
134.0
71.0
117.0
78.0
99.0
84.0
107.0
50.0
57.0
111.0
102.0
88.0
147.0
159.0
92.0
100.0
130.0
105.0
73.0
91.0
101.0
144.0
87.0
81.0
134.0
64.0
108.0
150.0
162.0
94.0
110.0
113.0
86.0
72.0
47.0
113.0
115.0
103.0
97.0
58.0
55.0
101.0
77.0
113.0
94.0
205.0
101.0
68.0
71.0
183.0
83.0
102.0
95.0
94.0
114.0
128.0
116.0
112.0
112.0
117.0
100.0
107.0
96.0
120.0
32.0
196.0
75.0
109.0
91.0
220.0
89.0
99.0
117.0
178.0
154.0
98.0
103.0
127.0
139.0
163.0
123.0
71.0
192.0
102.0
96.0
50.0
116.0
185.0
124.0
159.0
42.0
69.0
136.0
155.0
92.0
167.0
68.0
109.0
70.0
134.0
92.0
160.0
262.0
115.0
151.0
83.0
74.0
42.0
60.0
130.0
130.0
105.0
159.0
173.0
152.0
163.0
204.0
167.0
60.0
291.0
148.0
57.0
71.0
119.0
95.0
194.0
229.0
235.0
184.0
104.0
57.0
127.0
180.0
175.0
63.0
177.0
119.0
57.0
82.0
81.0
73.0
56.0
63.0
74.0
83.0
145.0
162.0
104.0
50.0
69.0
184.0
127.0
178.0
92.0
188.0
153.0
78.0
90.0
130.0
98.0
138.0
98.0
127.0
81.0
68.0
104.0
134.0
173.0
41.0
100.0
75.0
67.0
87.0
96.0
85.0
104.0
79.0
157.0
192.0
61.0
104.0
66.0
110.0
145.0
177.0
108.0
100.0
198.0
82.0
45.0
254.0
95.0
148.0
157.0
83.0
68.0
71.0
154.0
90.0
147.0
125.0
335.0
102.0
74.0
69.0
116.0
87.0
119.0
138.0
72.0
90.0
94.0
192.0
67.0
142.0
195.0
76.0
176.0
89.0
322.0
242.0
107.0
59.0
51.0
71.0
109.0
112.0
131.0
184.0
99.0
123.0
58.0
88.0
252.0
162.0
129.0
166.0
141.0
105.0
84.0
118.0
74.0
129.0
118.0
120.0
242.0
103.0
96.0
141.0
74.0
93.0
122.0
94.0
70.0
109.0
147.0
73.0
135.0
76.0
118.0
122.0
138.0
191.0
170.0
138.0
78.0
69.0
181.0
115.0
69.0
56.0
87.0
69.0
83.0
119.0
106.0
120.0
150.0
132.0
155.0
63.0
228.0
807.0
95.0
72.0
66.0
178.0
100.0
123.0
67.0
123.0
129.0
98.0
74.0
142.0
131.0
143.0
123.0
335.0
177.0
94.0
192.0
64.0
49.0
123.0
136.0
197.0
116.0
98.0
197.0
94.0
63.0
64.0
45.0
164.0
75.0
202.0
127.0
250.0
92.0
68.0
207.0
92.0
114.0
133.0
70.0
97.0
77.0
62.0
75.0
136.0
85.0
103.0
121.0
128.0
114.0
164.0
76.0
228.0
116.0
221.0
231.0
197.0
99.0
105.0
127.0
42.0
97.0
261.0
68.0
95.0
202.0
240.0
102.0
38.0
232.0
102.0
80.0
93.0
132.0
141.0
145.0
210.0
87.0
144.0
104.0
76.0
82.0
111.0
171.0
64.0
73.0
102.0
163.0
81.0
145.0
187.0
155.0
141.0
460.0
96.0
84.0
161.0
151.0
149.0
96.0
85.0
92.0
158.0
84.0
45.0
171.0
106.0
174.0
113.0
101.0
179.0
96.0
119.0
58.0
198.0
85.0
170.0
292.0
78.0
126.0
99.0
121.0
122.0
67.0
262.0
49.0
112.0
149.0
155.0
136.0
138.0
110.0
99.0
68.0
105.0
69.0
100.0
96.0
113.0
95.0
98.0
113.0
151.0
71.0
140.0
163.0
231.0
122.0
64.0
166.0
70.0
106.0
184.0
181.0
72.0
103.0
160.0
220.0
169.0
76.0
128.0
150.0
76.0
136.0
101.0
109.0
73.0
208.0
73.0
167.0
205.0
122.0
114.0
105.0
132.0
107.0
194.0
87.0
129.0
78.0
88.0
52.0
124.0
115.0
80.0
176.0
102.0
170.0
82.0
89.0
94.0
299.0
162.0
101.0
156.0
90.0
83.0
208.0
99.0
199.0
59.0
135.0
111.0
135.0
106.0
109.0
116.0
120.0
83.0
160.0
153.0
63.0
94.0
65.0
71.0
124.0
87.0
125.0
110.0
146.0
155.0
152.0
178.0
157.0
87.0
128.0
135.0
122.0
83.0
165.0
90.0
85.0
110.0
90.0
199.0
131.0
101.0
91.0
67.0
76.0
56.0
106.0
85.0
161.0
97.0
119.0
175.0
95.0
96.0
95.0
73.0
124.0
84.0
190.0
122.0
75.0
70.0
81.0
141.0
178.0
170.0
79.0
162.0
148.0
160.0
54.0
159.0
51.0
141.0
99.0
181.0
101.0
106.0
139.0
161.0
130.0
87.0
123.0
148.0
125.0
68.0
139.0
127.0
131.0
228.0
173.0
117.0
84.0
163.0
145.0
133.0
133.0
129.0
88.0
63.0
118.0
43.0
75.0
65.0
251.0
249.0
63.0
109.0
51.0
217.0
94.0
97.0
111.0
75.0
164.0
110.0
71.0
101.0
71.0
93.0
243.0
94.0
55.0
137.0
79.0
78.0
128.0
141.0
136.0
105.0
124.0
195.0
94.0
83.0
64.0
115.0
143.0
117.0
75.0
49.0
122.0
98.0
76.0
144.0
80.0
175.0
117.0
130.0
73.0
116.0
125.0
129.0
95.0
111.0
98.0
146.0
144.0
91.0
171.0
95.0
164.0
77.0
232.0
98.0
96.0
161.0
72.0
169.0
113.0
78.0
92.0
76.0
127.0
131.0
151.0
81.0
61.0
149.0
128.0
120.0
121.0
93.0
80.0
141.0
122.0
92.0
144.0
114.0
50.0
103.0
231.0
230.0
187.0
182.0
72.0
144.0
88.0
281.0
103.0
88.0
37.0
119.0
114.0
44.0
125.0
163.0
38.0
247.0
180.0
197.0
85.0
114.0
76.0
64.0
88.0
112.0
69.0
50.0
116.0
99.0
86.0
70.0
149.0
140.0
121.0
96.0
136.0
89.0
209.0
159.0
120.0
143.0
69.0
146.0
72.0
120.0
134.0
79.0
188.0
199.0
108.0
69.0
90.0
82.0
108.0
172.0
100.0
145.0
105.0
99.0
72.0
107.0
132.0
193.0
83.0
111.0
140.0
131.0
214.0
88.0
107.0
56.0
95.0
102.0
88.0
184.0
103.0
99.0
80.0
110.0
110.0
86.0
81.0
129.0
100.0
102.0
103.0
114.0
116.0
84.0
103.0
136.0
143.0
151.0
65.0
46.0
152.0
192.0
73.0
213.0
70.0
76.0
102.0
105.0
106.0
91.0
217.0
106.0
64.0
76.0
151.0
125.0
136.0
149.0
124.0
74.0
110.0
153.0
270.0
55.0
177.0
109.0
136.0
116.0
88.0
87.0
111.0
80.0
111.0
132.0
83.0
77.0
190.0
74.0
60.0
69.0
78.0
89.0
113.0
106.0
75.0
118.0
146.0
111.0
144.0
111.0
86.0
173.0
94.0
43.0
152.0
109.0
132.0
137.0
131.0
83.0
792.0
183.0
114.0
86.0
45.0
141.0
180.0
114.0
87.0
49.0
98.0
117.0
83.0
129.0
104.0
265.0
92.0
196.0
147.0
133.0
123.0
141.0
138.0
113.0
97.0
76.0
102.0
70.0
36.0
169.0
117.0
113.0
112.0
104.0
191.0
109.0
182.0
79.0
117.0
130.0
121.0
121.0
136.0
163.0
147.0
38.0
231.0
80.0
45.0
186.0
162.0
87.0
120.0
72.0
92.0
78.0
95.0
73.0
85.0
148.0
109.0
85.0
77.0
127.0
108.0
133.0
210.0
112.0
98.0
68.0
104.0
133.0
182.0
105.0
69.0
98.0
174.0
110.0
73.0
98.0
129.0
106.0
182.0
200.0
78.0
93.0
75.0
65.0
304.0
99.0
134.0
90.0
169.0
55.0
204.0
48.0
113.0
75.0
60.0
169.0
186.0
98.0
77.0
93.0
129.0
103.0
218.0
128.0
104.0
195.0
47.0
144.0
136.0
119.0
187.0
86.0
61.0
102.0
119.0
61.0
120.0
109.0
84.0
135.0
119.0
139.0
85.0
83.0
166.0
87.0
160.0
66.0
97.0
167.0
69.0
360.0
259.0
105.0
116.0
84.0
117.0
170.0
125.0
56.0
46.0
219.0
183.0
126.0
115.0
110.0
158.0
170.0
111.0
87.0
133.0
108.0
174.0
53.0
130.0
92.0
75.0
100.0
100.0
83.0
89.0
164.0
56.0
90.0
114.0
53.0
36.0
143.0
165.0
147.0
72.0
42.0
85.0
131.0
122.0
45.0
47.0
121.0
102.0
144.0
70.0
113.0
130.0
304.0
136.0
108.0
166.0
117.0
100.0
142.0
191.0
58.0
116.0
93.0
185.0
98.0
184.0
104.0
205.0
60.0
142.0
83.0
94.0
69.0
157.0
65.0
175.0
106.0
97.0
98.0
88.0
103.0
140.0
99.0
113.0
87.0
70.0
93.0
152.0
102.0
78.0
147.0
150.0
137.0
171.0
72.0
157.0
149.0
100.0
105.0
105.0
90.0
102.0
105.0
97.0
167.0
91.0
119.0
153.0
92.0
110.0
88.0
174.0
88.0
117.0
105.0
159.0
109.0
136.0
60.0
131.0
168.0
75.0
118.0
160.0
164.0
123.0
119.0
87.0
147.0
124.0
115.0
239.0
154.0
77.0
110.0
149.0
131.0
114.0
168.0
54.0
242.0
50.0
115.0
85.0
112.0
73.0
98.0
119.0
80.0
103.0
184.0
106.0
118.0
103.0
112.0
132.0
165.0
156.0
210.0
145.0
145.0
149.0
104.0
100.0
143.0
91.0
142.0
100.0
97.0
95.0
118.0
141.0
135.0
48.0
206.0
196.0
89.0
90.0
81.0
136.0
102.0
82.0
75.0
144.0
131.0
95.0
92.0
218.0
163.0
113.0
76.0
144.0
86.0
99.0
64.0
110.0
103.0
151.0
87.0
92.0
88.0
73.0
57.0
115.0
102.0
94.0
129.0
115.0
123.0
90.0
146.0
92.0
97.0
331.0
155.0
95.0
67.0
81.0
147.0
92.0
116.0
203.0
181.0
142.0
35.0
104.0
122.0
143.0
172.0
64.0
99.0
253.0
60.0
117.0
95.0
111.0
113.0
300.0
88.0
83.0
56.0
102.0
123.0
172.0
218.0
103.0
105.0
71.0
123.0
88.0
91.0
120.0
121.0
112.0
108.0
112.0
78.0
105.0
91.0
78.0
73.0
71.0
207.0
80.0
128.0
124.0
73.0
63.0
81.0
133.0
81.0
119.0
130.0
126.0
133.0
171.0
97.0
43.0
183.0
130.0
147.0
183.0
130.0
111.0
66.0
126.0
85.0
88.0
97.0
143.0
81.0
148.0
116.0
122.0
93.0
213.0
69.0
93.0
112.0
160.0
75.0
109.0
117.0
92.0
141.0
104.0
109.0
149.0
133.0
178.0
76.0
121.0
170.0
243.0
70.0
143.0
166.0
66.0
181.0
410.0
60.0
108.0
152.0
71.0
162.0
95.0
87.0
123.0
78.0
127.0
110.0
133.0
63.0
91.0
87.0
92.0
108.0
151.0
102.0
107.0
69.0
116.0
93.0
95.0
107.0
124.0
103.0
232.0
101.0
138.0
157.0
97.0
96.0
144.0
215.0
174.0
106.0
44.0
91.0
190.0
116.0
216.0
156.0
75.0
115.0
100.0
86.0
119.0
120.0
122.0
151.0
104.0
71.0
173.0
86.0
103.0
144.0
224.0
115.0
85.0
68.0
104.0
77.0
105.0
102.0
188.0
74.0
104.0
157.0
77.0
105.0
180.0
205.0
127.0
43.0
154.0
154.0
42.0
121.0
121.0
164.0
98.0
97.0
243.0
77.0
119.0
137.0
180.0
89.0
169.0
97.0
188.0
104.0
98.0
140.0
295.0
183.0
105.0
108.0
131.0
264.0
61.0
104.0
110.0
88.0
83.0
126.0
70.0
52.0
70.0
106.0
139.0
101.0
117.0
158.0
198.0
110.0
100.0
121.0
83.0
209.0
104.0
101.0
82.0
63.0
128.0
111.0
88.0
357.0
109.0
244.0
188.0
110.0
69.0
132.0
157.0
154.0
92.0
98.0
126.0
123.0
162.0
91.0
103.0
103.0
74.0
96.0
124.0
112.0
122.0
102.0
119.0
83.0
115.0
162.0
75.0
130.0
66.0
168.0
152.0
191.0
65.0
94.0
101.0
165.0
52.0
85.0
83.0
89.0
134.0
96.0
147.0
88.0
94.0
245.0
81.0
115.0
95.0
94.0
167.0
64.0
119.0
129.0
155.0
57.0
140.0
122.0
122.0
196.0
116.0
157.0
92.0
123.0
155.0
93.0
147.0
167.0
108.0
128.0
44.0
133.0
142.0
105.0
121.0
150.0
112.0
128.0
165.0
87.0
64.0
82.0
78.0
91.0
120.0
77.0
161.0
89.0
99.0
55.0
95.0
239.0
184.0
105.0
126.0
87.0
117.0
157.0
108.0
94.0
105.0
96.0
107.0
161.0
412.0
169.0
99.0
143.0
105.0
181.0
124.0
82.0
84.0
155.0
182.0
189.0
86.0
78.0
84.0
171.0
204.0
97.0
78.0
62.0
73.0
140.0
60.0
113.0
119.0
132.0
130.0
64.0
110.0
186.0
81.0
123.0
160.0
287.0
195.0
141.0
88.0
104.0
143.0
100.0
98.0
94.0
99.0
189.0
129.0
82.0
129.0
149.0
56.0
240.0
80.0
129.0
179.0
137.0
154.0
131.0
121.0
67.0
124.0
96.0
175.0
68.0
204.0
95.0
131.0
110.0
115.0
104.0
92.0
126.0
138.0
143.0
85.0
116.0
95.0
197.0
130.0
130.0
169.0
199.0
160.0
92.0
125.0
74.0
97.0
90.0
213.0
160.0
118.0
147.0
152.0
248.0
128.0
137.0
82.0
75.0
108.0
102.0
90.0
115.0
104.0
115.0
128.0
68.0
153.0
145.0
81.0
62.0
162.0
213.0
48.0
188.0
226.0
116.0
62.0
104.0
208.0
120.0
170.0
125.0
116.0
133.0
125.0
53.0
144.0
110.0
129.0
183.0
101.0
90.0
120.0
191.0
79.0
145.0
81.0
111.0
142.0
132.0
159.0
112.0
119.0
80.0
101.0
153.0
187.0
176.0
86.0
137.0
98.0
115.0
82.0
60.0
77.0
112.0
353.0
244.0
104.0
173.0
193.0
74.0
54.0
147.0
165.0
167.0
115.0
91.0
129.0
107.0
111.0
124.0
112.0
174.0
77.0
116.0
95.0
99.0
56.0
101.0
82.0
121.0
118.0
57.0
183.0
104.0
103.0
82.0
90.0
132.0
89.0
90.0
142.0
97.0
87.0
64.0
119.0
122.0
126.0
93.0
134.0
199.0
124.0
109.0
244.0
56.0
175.0
86.0
126.0
97.0
81.0
163.0
85.0
94.0
76.0
181.0
151.0
139.0
164.0
113.0
144.0
248.0
63.0
90.0
145.0
117.0
94.0
192.0
115.0
138.0
97.0
101.0
148.0
107.0
86.0
91.0
97.0
138.0
126.0
59.0
60.0
59.0
144.0
153.0
108.0
136.0
97.0
172.0
81.0
128.0
154.0
121.0
125.0
131.0
145.0
155.0
104.0
116.0
93.0
49.0
152.0
83.0
88.0
137.0
132.0
108.0
103.0
165.0
119.0
139.0
100.0
94.0
70.0
115.0
111.0
132.0
163.0
121.0
107.0
75.0
91.0
127.0
158.0
85.0
155.0
161.0
77.0
107.0
136.0
56.0
92.0
170.0
65.0
119.0
109.0
124.0
135.0
123.0
117.0
166.0
86.0
63.0
163.0
83.0
145.0
106.0
72.0
318.0
139.0
120.0
71.0
115.0
124.0
797.0
151.0
129.0
76.0
64.0
98.0
144.0
91.0
84.0
93.0
187.0
141.0
153.0
126.0
76.0
68.0
106.0
99.0
168.0
154.0
104.0
102.0
85.0
114.0
100.0
69.0
99.0
85.0
78.0
100.0
57.0
139.0
116.0
118.0
173.0
55.0
89.0
61.0
127.0
130.0
153.0
133.0
141.0
94.0
103.0
142.0
119.0
101.0
125.0
65.0
126.0
212.0
152.0
108.0
159.0
90.0
104.0
64.0
86.0
157.0
129.0
82.0
103.0
96.0
86.0
96.0
109.0
95.0
95.0
69.0
115.0
104.0
140.0
97.0
120.0
131.0
97.0
116.0
73.0
97.0
141.0
150.0
132.0
83.0
194.0
120.0
74.0
168.0
148.0
198.0
107.0
118.0
111.0
100.0
109.0
226.0
86.0
92.0
69.0
109.0
156.0
67.0
200.0
181.0
111.0
128.0
64.0
134.0
99.0
111.0
177.0
92.0
168.0
129.0
144.0
123.0
103.0
157.0
137.0
111.0
141.0
106.0
115.0
167.0
152.0
97.0
131.0
128.0
100.0
93.0
70.0
99.0
125.0
107.0
112.0
75.0
187.0
82.0
72.0
69.0
163.0
110.0
73.0
122.0
100.0
100.0
143.0
157.0
97.0
80.0
129.0
76.0
129.0
100.0
94.0
127.0
103.0
172.0
165.0
70.0
92.0
76.0
100.0
161.0
110.0
96.0
141.0
98.0
86.0
117.0
74.0
121.0
120.0
70.0
75.0
124.0
108.0
87.0
98.0
155.0
103.0
48.0
94.0
83.0
97.0
249.0
82.0
74.0
194.0
65.0
156.0
151.0
150.0
171.0
93.0
242.0
150.0
114.0
133.0
109.0
168.0
144.0
142.0
101.0
125.0
127.0
120.0
116.0
133.0
86.0
219.0
169.0
203.0
48.0
128.0
189.0
117.0
89.0
64.0
122.0
122.0
98.0
140.0
86.0
90.0
115.0
118.0
182.0
189.0
197.0
54.0
151.0
137.0
100.0
111.0
135.0
69.0
104.0
205.0
113.0
182.0
85.0
151.0
170.0
110.0
139.0
91.0
167.0
89.0
101.0
62.0
123.0
142.0
106.0
102.0
127.0
197.0
116.0
74.0
112.0
59.0
182.0
138.0
57.0
81.0
81.0
166.0
102.0
91.0
73.0
129.0
119.0
87.0
132.0
170.0
90.0
106.0
111.0
139.0
159.0
115.0
113.0
70.0
45.0
132.0
61.0
130.0
83.0
112.0
121.0
117.0
204.0
146.0
226.0
94.0
144.0
274.0
85.0
193.0
67.0
96.0
118.0
107.0
93.0
142.0
157.0
76.0
98.0
93.0
115.0
112.0
157.0
66.0
114.0
175.0
66.0
143.0
121.0
122.0
209.0
89.0
128.0
87.0
135.0
117.0
162.0
100.0
94.0
49.0
118.0
147.0
125.0
140.0
73.0
87.0
223.0
108.0
142.0
95.0
111.0
91.0
72.0
92.0
224.0
102.0
151.0
102.0
36.0
264.0
91.0
124.0
86.0
141.0
106.0
88.0
137.0
107.0
189.0
113.0
73.0
120.0
96.0
103.0
74.0
137.0
68.0
71.0
103.0
47.0
157.0
128.0
99.0
116.0
93.0
154.0
77.0
203.0
84.0
76.0
116.0
123.0
170.0
97.0
83.0
109.0
129.0
103.0
134.0
118.0
132.0
104.0
94.0
68.0
94.0
112.0
340.0
349.0
122.0
87.0
52.0
95.0
123.0
162.0
99.0
84.0
51.0
180.0
84.0
150.0
140.0
179.0
120.0
103.0
138.0
51.0
221.0
81.0
129.0
108.0
133.0
106.0
108.0
225.0
116.0
151.0
132.0
62.0
227.0
160.0
78.0
105.0
141.0
101.0
163.0
109.0
97.0
78.0
140.0
104.0
130.0
120.0
61.0
124.0
122.0
107.0
94.0
82.0
67.0
83.0
147.0
76.0
92.0
78.0
85.0
81.0
85.0
135.0
92.0
186.0
96.0
166.0
132.0
114.0
117.0
124.0
79.0
91.0
120.0
154.0
88.0
153.0
75.0
111.0
86.0
121.0
88.0
169.0
91.0
134.0
110.0
205.0
111.0
123.0
157.0
71.0
115.0
167.0
140.0
225.0
88.0
108.0
170.0
70.0
137.0
121.0
80.0
95.0
824.0
103.0
68.0
76.0
56.0
145.0
118.0
120.0
140.0
74.0
149.0
137.0
77.0
113.0
122.0
138.0
71.0
181.0
70.0
103.0
93.0
132.0
95.0
132.0
109.0
96.0
96.0
110.0
126.0
149.0
101.0
89.0
230.0
65.0
131.0
118.0
102.0
129.0
95.0
119.0
120.0
131.0
85.0
123.0
177.0
95.0
231.0
142.0
126.0
125.0
98.0
116.0
120.0
146.0
132.0
101.0
113.0
88.0
179.0
133.0
115.0
49.0
66.0
89.0
103.0
132.0
95.0
162.0
167.0
183.0
97.0
184.0
74.0
63.0
118.0
90.0
97.0
152.0
127.0
87.0
108.0
145.0
68.0
161.0
103.0
194.0
163.0
234.0
136.0
102.0
102.0
75.0
51.0
203.0
98.0
136.0
125.0
111.0
67.0
80.0
102.0
71.0
175.0
82.0
86.0
59.0
94.0
183.0
155.0
119.0
154.0
131.0
208.0
107.0
141.0
189.0
166.0
149.0
121.0
90.0
92.0
67.0
103.0
131.0
82.0
109.0
133.0
66.0
112.0
94.0
124.0
153.0
186.0
76.0
145.0
88.0
104.0
79.0
200.0
102.0
320.0
112.0
99.0
70.0
159.0
103.0
64.0
80.0
143.0
170.0
129.0
55.0
79.0
110.0
101.0
88.0
192.0
112.0
96.0
123.0
108.0
100.0
149.0
159.0
76.0
153.0
58.0
85.0
99.0
203.0
78.0
135.0
248.0
73.0
127.0
196.0
92.0
180.0
163.0
115.0
156.0
90.0
144.0
82.0
181.0
146.0
128.0
89.0
168.0
143.0
175.0
89.0
403.0
235.0
120.0
103.0
189.0
153.0
86.0
133.0
70.0
106.0
186.0
153.0
95.0
163.0
163.0
122.0
154.0
93.0
220.0
128.0
71.0
121.0
107.0
216.0
178.0
147.0
95.0
169.0
110.0
113.0
127.0
71.0
220.0
170.0
194.0
120.0
96.0
104.0
87.0
122.0
86.0
95.0
151.0
139.0
105.0
73.0
133.0
131.0
122.0
109.0
167.0
252.0
74.0
137.0
61.0
112.0
59.0
156.0
108.0
150.0
102.0
67.0
113.0
324.0
75.0
108.0
140.0
106.0
109.0
94.0
124.0
138.0
96.0
138.0
79.0
138.0
97.0
70.0
154.0
117.0
136.0
210.0
147.0
97.0
68.0
118.0
205.0
151.0
204.0
71.0
148.0
111.0
134.0
98.0
129.0
191.0
87.0
87.0
164.0
83.0
80.0
251.0
137.0
111.0
111.0
132.0
69.0
188.0
145.0
127.0
145.0
80.0
214.0
141.0
146.0
98.0
147.0
86.0
107.0
143.0
159.0
148.0
69.0
100.0
95.0
210.0
75.0
152.0
120.0
82.0
168.0
76.0
87.0
102.0
233.0
136.0
126.0
78.0
104.0
85.0
99.0
87.0
130.0
142.0
111.0
137.0
93.0
161.0
120.0
137.0
85.0
129.0
394.0
95.0
77.0
97.0
189.0
134.0
125.0
77.0
138.0
200.0
76.0
150.0
54.0
100.0
77.0
99.0
153.0
101.0
98.0
130.0
101.0
84.0
125.0
87.0
72.0
155.0
63.0
73.0
161.0
102.0
120.0
105.0
80.0
148.0
84.0
101.0
134.0
57.0
255.0
124.0
103.0
60.0
146.0
114.0
90.0
90.0
154.0
203.0
128.0
239.0
135.0
143.0
112.0
150.0
151.0
148.0
141.0
132.0
188.0
39.0
140.0
163.0
176.0
109.0
85.0
214.0
89.0
97.0
76.0
71.0
138.0
77.0
136.0
206.0
158.0
128.0
100.0
67.0
107.0
73.0
95.0
139.0
119.0
108.0
109.0
123.0
115.0
85.0
219.0
238.0
101.0
95.0
92.0
140.0
116.0
83.0
95.0
125.0
77.0
79.0
136.0
53.0
228.0
44.0
94.0
113.0
200.0
81.0
109.0
145.0
93.0
119.0
88.0
83.0
118.0
99.0
100.0
133.0
135.0
94.0
155.0
120.0
128.0
81.0
149.0
118.0
109.0
117.0
85.0
106.0
104.0
192.0
94.0
115.0
117.0
182.0
183.0
121.0
204.0
79.0
116.0
98.0
122.0
218.0
151.0
160.0
111.0
234.0
225.0
145.0
119.0
167.0
118.0
96.0
110.0
168.0
137.0
86.0
121.0
744.0
59.0
93.0
105.0
87.0
130.0
62.0
65.0
135.0
130.0
106.0
108.0
199.0
140.0
133.0
109.0
102.0
78.0
84.0
106.0
50.0
100.0
67.0
73.0
69.0
130.0
115.0
122.0
100.0
96.0
127.0
211.0
163.0
150.0
79.0
92.0
95.0
96.0
162.0
94.0
78.0
171.0
124.0
201.0
91.0
165.0
114.0
154.0
72.0
115.0
91.0
88.0
152.0
89.0
188.0
82.0
79.0
101.0
67.0
109.0
108.0
98.0
67.0
134.0
142.0
106.0
143.0
88.0
125.0
133.0
162.0
187.0
106.0
96.0
132.0
183.0
132.0
91.0
120.0
106.0
77.0
71.0
83.0
145.0
99.0
122.0
89.0
145.0
122.0
107.0
79.0
149.0
184.0
136.0
99.0
196.0
104.0
87.0
86.0
79.0
173.0
58.0
102.0
120.0
153.0
69.0
77.0
153.0
123.0
111.0
157.0
106.0
87.0
133.0
93.0
157.0
75.0
92.0
79.0
112.0
147.0
82.0
113.0
172.0
95.0
107.0
120.0
154.0
101.0
80.0
113.0
231.0
126.0
108.0
107.0
137.0
136.0
98.0
103.0
112.0
74.0
110.0
168.0
99.0
106.0
154.0
194.0
130.0
67.0
110.0
112.0
107.0
135.0
42.0
89.0
57.0
136.0
108.0
172.0
143.0
76.0
115.0
99.0
128.0
195.0
116.0
175.0
115.0
182.0
92.0
135.0
83.0
47.0
110.0
114.0
127.0
73.0
121.0
122.0
209.0
86.0
81.0
92.0
75.0
154.0
99.0
75.0
168.0
157.0
145.0
139.0
167.0
106.0
109.0
108.0
83.0
158.0
91.0
93.0
129.0
66.0
116.0
110.0
252.0
82.0
145.0
59.0
122.0
87.0
156.0
107.0
87.0
143.0
141.0
91.0
181.0
131.0
172.0
74.0
102.0
167.0
125.0
154.0
96.0
37.0
114.0
149.0
113.0
99.0
155.0
68.0
88.0
104.0
114.0
107.0
145.0
91.0
102.0
125.0
125.0
71.0
68.0
121.0
138.0
75.0
71.0
109.0
124.0
82.0
191.0
131.0
123.0
152.0
117.0
100.0
123.0
137.0
129.0
81.0
83.0
131.0
128.0
123.0
162.0
138.0
127.0
91.0
126.0
115.0
136.0
111.0
87.0
142.0
123.0
92.0
161.0
56.0
247.0
103.0
83.0
163.0
119.0
95.0
170.0
55.0
129.0
155.0
125.0
124.0
138.0
79.0
220.0
156.0
157.0
150.0
98.0
100.0
87.0
174.0
94.0
117.0
116.0
88.0
110.0
133.0
119.0
86.0
121.0
135.0
49.0
195.0
186.0
86.0
86.0
123.0
115.0
105.0
137.0
64.0
100.0
131.0
205.0
96.0
78.0
99.0
173.0
64.0
90.0
137.0
175.0
116.0
91.0
146.0
89.0
132.0
78.0
71.0
94.0
172.0
89.0
62.0
88.0
135.0
100.0
50.0
59.0
157.0
92.0
152.0
153.0
105.0
106.0
187.0
116.0
122.0
90.0
136.0
81.0
122.0
139.0
118.0
83.0
97.0
132.0
84.0
98.0
77.0
113.0
172.0
150.0
81.0
110.0
68.0
106.0
152.0
161.0
93.0
136.0
117.0
142.0
113.0
133.0
108.0
130.0
203.0
127.0
128.0
144.0
212.0
99.0
144.0
207.0
71.0
112.0
109.0
123.0
126.0
134.0
113.0
108.0
79.0
92.0
276.0
116.0
113.0
89.0
80.0
107.0
153.0
84.0
129.0
121.0
207.0
174.0
99.0
108.0
119.0
112.0
116.0
115.0
128.0
195.0
117.0
67.0
182.0
67.0
146.0
179.0
64.0
142.0
110.0
111.0
92.0
200.0
169.0
117.0
147.0
111.0
75.0
64.0
112.0
104.0
145.0
122.0
139.0
82.0
92.0
88.0
159.0
53.0
93.0
163.0
126.0
125.0
100.0
114.0
105.0
140.0
155.0
74.0
109.0
132.0
131.0
98.0
113.0
94.0
56.0
94.0
86.0
91.0
118.0
134.0
115.0
128.0
142.0
249.0
68.0
149.0
84.0
141.0
122.0
200.0
121.0
94.0
87.0
156.0
476.0
206.0
146.0
148.0
129.0
84.0
75.0
93.0
98.0
92.0
129.0
1042.0
108.0
84.0
150.0
127.0
114.0
109.0
140.0
111.0
94.0
99.0
93.0
152.0
100.0
42.0
141.0
101.0
201.0
111.0
101.0
98.0
105.0
114.0
110.0
119.0
80.0
113.0
142.0
85.0
53.0
112.0
90.0
267.0
140.0
122.0
104.0
54.0
106.0
172.0
116.0
114.0
114.0
123.0
144.0
153.0
135.0
84.0
153.0
86.0
104.0
130.0
92.0
158.0
151.0
173.0
134.0
109.0
90.0
97.0
174.0
205.0
110.0
104.0
131.0
60.0
199.0
97.0
89.0
93.0
188.0
112.0
104.0
101.0
37.0
133.0
101.0
70.0
79.0
97.0
81.0
183.0
102.0
192.0
106.0
211.0
317.0
167.0
95.0
129.0
83.0
91.0
164.0
90.0
159.0
212.0
89.0
125.0
106.0
219.0
111.0
151.0
116.0
168.0
82.0
63.0
178.0
178.0
211.0
223.0
202.0
84.0
163.0
72.0
104.0
104.0
100.0
126.0
110.0
154.0
158.0
96.0
102.0
103.0
100.0
91.0
148.0
63.0
104.0
67.0
182.0
229.0
109.0
110.0
147.0
74.0
105.0
82.0
162.0
84.0
99.0
128.0
101.0
68.0
207.0
120.0
93.0
164.0
134.0
104.0
108.0
149.0
148.0
114.0
103.0
122.0
95.0
94.0
131.0
307.0
70.0
118.0
86.0
128.0
83.0
195.0
193.0
140.0
68.0
159.0
177.0
168.0
164.0
102.0
113.0
79.0
153.0
126.0
155.0
169.0
188.0
135.0
109.0
134.0
153.0
175.0
143.0
112.0
202.0
77.0
160.0
141.0
130.0
118.0
116.0
67.0
105.0
249.0
198.0
280.0
125.0
65.0
111.0
76.0
148.0
118.0
148.0
110.0
216.0
196.0
100.0
173.0
124.0
115.0
133.0
110.0
111.0
110.0
119.0
109.0
159.0
86.0
90.0
200.0
166.0
99.0
95.0
96.0
134.0
173.0
122.0
74.0
131.0
98.0
281.0
109.0
165.0
85.0
56.0
83.0
122.0
127.0
110.0
122.0
160.0
93.0
188.0
53.0
140.0
96.0
137.0
133.0
192.0
70.0
154.0
70.0
155.0
143.0
116.0
99.0
153.0
84.0
90.0
75.0
191.0
124.0
100.0
94.0
91.0
124.0
120.0
200.0
98.0
162.0
75.0
97.0
104.0
146.0
88.0
151.0
125.0
249.0
228.0
72.0
116.0
97.0
143.0
127.0
171.0
97.0
99.0
84.0
93.0
141.0
113.0
87.0
109.0
98.0
93.0
73.0
188.0
137.0
103.0
205.0
100.0
198.0
85.0
97.0
208.0
140.0
99.0
119.0
65.0
377.0
71.0
98.0
151.0
93.0
68.0
54.0
121.0
198.0
64.0
62.0
66.0
142.0
100.0
85.0
124.0
49.0
124.0
60.0
88.0
175.0
150.0
103.0
101.0
165.0
84.0
127.0
90.0
113.0
175.0
79.0
131.0
132.0
98.0
105.0
61.0
147.0
120.0
148.0
120.0
117.0
68.0
184.0
234.0
154.0
139.0
79.0
100.0
131.0
134.0
103.0
58.0
120.0
103.0
96.0
90.0
104.0
89.0
108.0
83.0
225.0
151.0
117.0
91.0
130.0
107.0
147.0
132.0
133.0
156.0
172.0
94.0
78.0
149.0
138.0
69.0
60.0
224.0
152.0
128.0
153.0
129.0
86.0
88.0
163.0
126.0
107.0
87.0
129.0
136.0
94.0
113.0
87.0
95.0
158.0
116.0
106.0
119.0
85.0
65.0
134.0
62.0
80.0
114.0
210.0
136.0
152.0
99.0
143.0
110.0
139.0
105.0
132.0
49.0
126.0
61.0
175.0
116.0
103.0
118.0
125.0
166.0
65.0
102.0
137.0
90.0
131.0
123.0
177.0
91.0
73.0
103.0
194.0
67.0
77.0
86.0
116.0
108.0
77.0
245.0
88.0
121.0
88.0
93.0
147.0
85.0
128.0
199.0
79.0
141.0
115.0
166.0
175.0
107.0
69.0
129.0
121.0
121.0
98.0
101.0
188.0
105.0
153.0
261.0
107.0
110.0
127.0
144.0
130.0
108.0
155.0
101.0
72.0
165.0
67.0
98.0
96.0
116.0
140.0
101.0
120.0
157.0
107.0
134.0
126.0
130.0
100.0
92.0
104.0
154.0
108.0
143.0
120.0
118.0
135.0
92.0
85.0
120.0
175.0
140.0
81.0
108.0
106.0
85.0
84.0
90.0
81.0
87.0
87.0
144.0
81.0
170.0
117.0
68.0
116.0
168.0
129.0
160.0
94.0
83.0
85.0
135.0
91.0
91.0
125.0
90.0
96.0
102.0
100.0
117.0
87.0
68.0
122.0
153.0
133.0
74.0
119.0
129.0
119.0
164.0
148.0
97.0
126.0
147.0
156.0
99.0
125.0
115.0
161.0
68.0
66.0
137.0
107.0
57.0
110.0
130.0
193.0
125.0
68.0
124.0
111.0
108.0
71.0
147.0
167.0
188.0
290.0
85.0
160.0
121.0
162.0
79.0
111.0
87.0
113.0
149.0
99.0
75.0
174.0
142.0
131.0
119.0
75.0
90.0
127.0
119.0
65.0
140.0
146.0
143.0
101.0
115.0
91.0
105.0
110.0
101.0
180.0
150.0
119.0
120.0
190.0
108.0
90.0
138.0
122.0
85.0
111.0
112.0
150.0
57.0
67.0
109.0
84.0
146.0
107.0
95.0
167.0
141.0
75.0
85.0
130.0
107.0
73.0
110.0
139.0
108.0
159.0
150.0
116.0
145.0
163.0
196.0
102.0
82.0
103.0
115.0
269.0
127.0
109.0
91.0
144.0
76.0
100.0
149.0
136.0
193.0
119.0
130.0
160.0
266.0
136.0
103.0
90.0
111.0
69.0
135.0
92.0
91.0
134.0
516.0
90.0
142.0
128.0
111.0
128.0
86.0
108.0
125.0
119.0
68.0
155.0
85.0
127.0
161.0
50.0
80.0
163.0
90.0
109.0
78.0
249.0
101.0
52.0
168.0
42.0
62.0
68.0
124.0
165.0
96.0
120.0
108.0
132.0
123.0
81.0
56.0
154.0
156.0
130.0
110.0
112.0
130.0
216.0
67.0
139.0
155.0
164.0
85.0
123.0
84.0
155.0
153.0
146.0
84.0
112.0
67.0
99.0
143.0
74.0
187.0
127.0
210.0
91.0
104.0
112.0
146.0
127.0
80.0
121.0
199.0
92.0
185.0
82.0
134.0
170.0
136.0
139.0
102.0
80.0
246.0
187.0
107.0
149.0
143.0
155.0
75.0
107.0
112.0
73.0
209.0
60.0
200.0
134.0
121.0
130.0
69.0
76.0
153.0
126.0
93.0
58.0
164.0
139.0
180.0
170.0
107.0
134.0
88.0
144.0
79.0
193.0
110.0
171.0
194.0
151.0
129.0
169.0
100.0
134.0
50.0
49.0
154.0
197.0
125.0
50.0
73.0
181.0
166.0
72.0
146.0
168.0
82.0
132.0
88.0
76.0
146.0
107.0
65.0
164.0
183.0
124.0
129.0
69.0
97.0
106.0
131.0
105.0
69.0
86.0
183.0
123.0
128.0
117.0
150.0
97.0
96.0
205.0
100.0
94.0
73.0
107.0
111.0
149.0
63.0
109.0
165.0
123.0
85.0
123.0
63.0
74.0
90.0
144.0
170.0
112.0
74.0
81.0
103.0
292.0
161.0
103.0
93.0
168.0
231.0
140.0
71.0
156.0
133.0
92.0
186.0
130.0
140.0
79.0
79.0
186.0
146.0
76.0
144.0
80.0
130.0
103.0
71.0
125.0
106.0
65.0
230.0
118.0
130.0
90.0
124.0
61.0
192.0
83.0
75.0
140.0
154.0
245.0
189.0
132.0
128.0
139.0
153.0
69.0
84.0
89.0
127.0
129.0
104.0
80.0
108.0
95.0
85.0
143.0
110.0
101.0
88.0
187.0
218.0
115.0
71.0
124.0
156.0
145.0
109.0
135.0
144.0
128.0
153.0
88.0
106.0
86.0
97.0
88.0
65.0
67.0
116.0
117.0
68.0
89.0
156.0
88.0
75.0
92.0
230.0
92.0
82.0
179.0
89.0
97.0
104.0
126.0
108.0
123.0
152.0
289.0
208.0
107.0
272.0
108.0
74.0
105.0
97.0
81.0
177.0
38.0
80.0
186.0
133.0
159.0
91.0
113.0
91.0
98.0
125.0
157.0
262.0
149.0
155.0
85.0
150.0
78.0
114.0
89.0
55.0
80.0
56.0
718.0
137.0
144.0
242.0
137.0
178.0
133.0
109.0
138.0
126.0
148.0
116.0
128.0
60.0
104.0
134.0
109.0
135.0
95.0
99.0
90.0
158.0
94.0
107.0
111.0
116.0
88.0
174.0
60.0
99.0
125.0
157.0
157.0
173.0
195.0
131.0
187.0
181.0
105.0
112.0
132.0
147.0
65.0
102.0
49.0
139.0
87.0
164.0
245.0
88.0
92.0
74.0
160.0
140.0
115.0
134.0
167.0
131.0
149.0
117.0
89.0
107.0
142.0
120.0
63.0
115.0
131.0
102.0
119.0
157.0
109.0
113.0
140.0
94.0
77.0
161.0
68.0
133.0
234.0
100.0
142.0
102.0
67.0
122.0
97.0
277.0
89.0
141.0
66.0
169.0
125.0
66.0
115.0
163.0
135.0
106.0
130.0
83.0
92.0
142.0
70.0
92.0
120.0
116.0
124.0
236.0
180.0
226.0
143.0
103.0
168.0
92.0
102.0
123.0
73.0
124.0
120.0
128.0
218.0
141.0
111.0
96.0
58.0
57.0
117.0
141.0
210.0
167.0
108.0
186.0
93.0
132.0
137.0
119.0
87.0
153.0
131.0
79.0
169.0
141.0
102.0
101.0
87.0
126.0
111.0
158.0
160.0
127.0
60.0
154.0
83.0
125.0
81.0
139.0
109.0
66.0
116.0
92.0
56.0
128.0
239.0
123.0
144.0
157.0
107.0
97.0
137.0
192.0
89.0
77.0
167.0
106.0
97.0
110.0
100.0
197.0
228.0
57.0
65.0
125.0
87.0
118.0
102.0
119.0
88.0
162.0
155.0
124.0
214.0
107.0
158.0
176.0
162.0
89.0
78.0
85.0
79.0
93.0
102.0
204.0
145.0
98.0
97.0
100.0
93.0
117.0
87.0
235.0
105.0
105.0
197.0
87.0
115.0
124.0
67.0
107.0
175.0
136.0
102.0
91.0
173.0
118.0
136.0
143.0
144.0
101.0
143.0
74.0
131.0
148.0
114.0
80.0
102.0
240.0
82.0
125.0
121.0
127.0
147.0
104.0
102.0
117.0
71.0
171.0
121.0
173.0
136.0
97.0
106.0
97.0
87.0
267.0
79.0
109.0
167.0
95.0
98.0
99.0
127.0
144.0
56.0
79.0
63.0
150.0
195.0
81.0
106.0
234.0
98.0
119.0
76.0
82.0
96.0
99.0
87.0
150.0
145.0
183.0
113.0
54.0
132.0
111.0
211.0
57.0
200.0
88.0
137.0
206.0
87.0
83.0
266.0
59.0
130.0
101.0
90.0
68.0
101.0
71.0
154.0
173.0
120.0
187.0
55.0
192.0
112.0
94.0
75.0
99.0
101.0
171.0
117.0
250.0
92.0
117.0
280.0
149.0
159.0
72.0
75.0
106.0
134.0
134.0
140.0
121.0
109.0
189.0
78.0
103.0
172.0
311.0
143.0
91.0
120.0
118.0
85.0
61.0
115.0
83.0
100.0
58.0
191.0
177.0
71.0
106.0
115.0
71.0
141.0
116.0
157.0
123.0
106.0
80.0
154.0
90.0
79.0
179.0
151.0
94.0
56.0
124.0
178.0
190.0
118.0
119.0
88.0
73.0
136.0
106.0
140.0
171.0
171.0
161.0
108.0
156.0
91.0
105.0
136.0
135.0
127.0
135.0
134.0
109.0
91.0
125.0
138.0
198.0
66.0
173.0
240.0
116.0
118.0
65.0
132.0
187.0
76.0
108.0
70.0
161.0
174.0
186.0
110.0
159.0
162.0
122.0
159.0
196.0
103.0
131.0
113.0
100.0
68.0
71.0
103.0
177.0
142.0
93.0
132.0
111.0
174.0
203.0
138.0
103.0
133.0
69.0
79.0
85.0
93.0
48.0
82.0
137.0
94.0
139.0
75.0
289.0
91.0
103.0
99.0
66.0
144.0
163.0
94.0
142.0
154.0
161.0
261.0
73.0
74.0
136.0
84.0
125.0
204.0
73.0
135.0
82.0
183.0
237.0
97.0
105.0
92.0
114.0
104.0
94.0
144.0
204.0
60.0
216.0
103.0
211.0
179.0
132.0
133.0
105.0
104.0
69.0
52.0
76.0
97.0
220.0
110.0
67.0
72.0
100.0
81.0
125.0
89.0
94.0
130.0
169.0
95.0
115.0
92.0
99.0
106.0
83.0
132.0
126.0
326.0
96.0
152.0
151.0
191.0
235.0
72.0
119.0
102.0
140.0
129.0
82.0
122.0
81.0
89.0
154.0
148.0
152.0
67.0
116.0
100.0
111.0
251.0
189.0
101.0
211.0
116.0
88.0
130.0
120.0
131.0
90.0
116.0
82.0
131.0
101.0
133.0
77.0
76.0
71.0
99.0
133.0
96.0
130.0
255.0
81.0
189.0
152.0
157.0
106.0
134.0
138.0
68.0
144.0
120.0
92.0
129.0
131.0
225.0
149.0
111.0
104.0
112.0
107.0
179.0
82.0
114.0
125.0
62.0
154.0
135.0
99.0
44.0
82.0
67.0
103.0
98.0
135.0
107.0
199.0
49.0
214.0
75.0
180.0
82.0
90.0
80.0
140.0
114.0
83.0
183.0
163.0
201.0
130.0
62.0
72.0
152.0
71.0
96.0
76.0
104.0
140.0
80.0
101.0
123.0
122.0
115.0
193.0
119.0
140.0
184.0
101.0
80.0
161.0
117.0
146.0
94.0
165.0
79.0
104.0
120.0
97.0
171.0
147.0
181.0
150.0
143.0
129.0
73.0
116.0
144.0
199.0
48.0
136.0
90.0
96.0
90.0
145.0
137.0
77.0
119.0
95.0
132.0
103.0
100.0
164.0
99.0
145.0
103.0
112.0
81.0
179.0
144.0
169.0
215.0
108.0
141.0
166.0
48.0
117.0
164.0
135.0
141.0
143.0
165.0
218.0
117.0
90.0
97.0
113.0
77.0
88.0
70.0
93.0
400.0
166.0
317.0
145.0
112.0
76.0
71.0
109.0
113.0
219.0
95.0
88.0
142.0
78.0
81.0
122.0
129.0
185.0
102.0
95.0
193.0
86.0
94.0
113.0
57.0
75.0
102.0
111.0
181.0
44.0
71.0
94.0
187.0
93.0
98.0
84.0
168.0
149.0
85.0
103.0
160.0
100.0
145.0
98.0
118.0
186.0
119.0
115.0
111.0
122.0
151.0
99.0
107.0
171.0
121.0
162.0
135.0
78.0
79.0
55.0
140.0
84.0
93.0
146.0
173.0
97.0
104.0
113.0
108.0
138.0
118.0
105.0
191.0
203.0
103.0
134.0
119.0
67.0
103.0
225.0
150.0
125.0
54.0
225.0
108.0
106.0
48.0
160.0
174.0
129.0
135.0
75.0
116.0
109.0
87.0
118.0
64.0
60.0
192.0
119.0
109.0
125.0
101.0
132.0
104.0
128.0
93.0
153.0
80.0
118.0
125.0
164.0
119.0
110.0
145.0
88.0
130.0
121.0
63.0
111.0
61.0
214.0
95.0
127.0
65.0
117.0
82.0
140.0
146.0
141.0
125.0
64.0
123.0
55.0
158.0
93.0
95.0
98.0
236.0
90.0
77.0
216.0
106.0
148.0
186.0
121.0
115.0
67.0
134.0
89.0
220.0
91.0
137.0
95.0
94.0
141.0
67.0
273.0
87.0
83.0
163.0
126.0
93.0
108.0
59.0
255.0
148.0
112.0
108.0
130.0
132.0
160.0
50.0
201.0
100.0
170.0
101.0
89.0
72.0
122.0
103.0
201.0
97.0
91.0
114.0
116.0
83.0
157.0
95.0
95.0
100.0
130.0
142.0
209.0
68.0
124.0
181.0
73.0
142.0
124.0
95.0
205.0
200.0
110.0
143.0
175.0
142.0
175.0
177.0
165.0
90.0
118.0
106.0
87.0
105.0
86.0
117.0
143.0
199.0
124.0
134.0
71.0
86.0
127.0
113.0
129.0
160.0
151.0
88.0
23.0
71.0
91.0
178.0
120.0
95.0
543.0
104.0
144.0
174.0
84.0
139.0
98.0
90.0
98.0
262.0
154.0
72.0
120.0
195.0
99.0
160.0
79.0
55.0
94.0
68.0
140.0
109.0
138.0
117.0
89.0
103.0
95.0
123.0
79.0
83.0
146.0
73.0
153.0
63.0
125.0
56.0
112.0
104.0
61.0
185.0
164.0
119.0
149.0
161.0
102.0
131.0
92.0
62.0
89.0
196.0
94.0
106.0
109.0
82.0
199.0
83.0
135.0
68.0
71.0
180.0
423.0
235.0
144.0
137.0
129.0
81.0
69.0
122.0
132.0
76.0
259.0
87.0
159.0
275.0
169.0
75.0
98.0
127.0
126.0
87.0
87.0
134.0
109.0
93.0
195.0
149.0
155.0
138.0
102.0
72.0
78.0
109.0
95.0
131.0
103.0
106.0
102.0
210.0
166.0
98.0
137.0
141.0
98.0
99.0
98.0
55.0
97.0
156.0
109.0
147.0
78.0
87.0
183.0
234.0
61.0
169.0
59.0
105.0
148.0
76.0
40.0
151.0
175.0
103.0
123.0
108.0
103.0
113.0
109.0
70.0
111.0
59.0
117.0
93.0
190.0
135.0
111.0
89.0
193.0
109.0
189.0
106.0
97.0
101.0
62.0
103.0
51.0
229.0
99.0
55.0
164.0
102.0
115.0
148.0
108.0
135.0
102.0
102.0
157.0
194.0
107.0
187.0
104.0
52.0
95.0
107.0
50.0
170.0
126.0
65.0
72.0
133.0
137.0
101.0
91.0
67.0
92.0
90.0
80.0
100.0
117.0
121.0
156.0
110.0
114.0
144.0
74.0
68.0
128.0
81.0
113.0
150.0
130.0
101.0
107.0
112.0
88.0
149.0
101.0
128.0
116.0
96.0
178.0
81.0
147.0
96.0
205.0
173.0
88.0
125.0
129.0
86.0
86.0
58.0
107.0
106.0
208.0
95.0
134.0
142.0
175.0
71.0
91.0
61.0
73.0
146.0
101.0
100.0
150.0
71.0
115.0
73.0
282.0
122.0
171.0
100.0
108.0
60.0
120.0
93.0
94.0
167.0
196.0
95.0
133.0
76.0
103.0
112.0
238.0
207.0
108.0
74.0
73.0
61.0
97.0
91.0
77.0
84.0
123.0
99.0
155.0
177.0
120.0
68.0
88.0
104.0
74.0
63.0
90.0
147.0
55.0
86.0
119.0
56.0
183.0
155.0
105.0
95.0
165.0
115.0
84.0
95.0
204.0
150.0
97.0
186.0
150.0
120.0
94.0
60.0
102.0
186.0
131.0
86.0
140.0
70.0
121.0
84.0
109.0
62.0
86.0
132.0
85.0
160.0
104.0
203.0
63.0
176.0
149.0
101.0
106.0
143.0
190.0
70.0
109.0
174.0
89.0
178.0
176.0
134.0
163.0
63.0
236.0
114.0
127.0
125.0
74.0
91.0
66.0
97.0
112.0
94.0
187.0
121.0
128.0
127.0
353.0
92.0
90.0
99.0
150.0
113.0
97.0
80.0
68.0
49.0
255.0
91.0
137.0
93.0
188.0
103.0
68.0
142.0
169.0
117.0
77.0
90.0
137.0
189.0
129.0
151.0
169.0
115.0
106.0
97.0
81.0
62.0
92.0
108.0
132.0
147.0
89.0
140.0
98.0
112.0
209.0
89.0
64.0
78.0
70.0
149.0
150.0
102.0
123.0
114.0
124.0
135.0
103.0
110.0
119.0
73.0
84.0
160.0
96.0
122.0
155.0
209.0
74.0
97.0
73.0
72.0
110.0
80.0
57.0
99.0
103.0
135.0
81.0
329.0
87.0
176.0
70.0
185.0
89.0
332.0
95.0
145.0
216.0
123.0
101.0
80.0
98.0
235.0
123.0
120.0
87.0
156.0
84.0
154.0
96.0
87.0
54.0
79.0
194.0
87.0
171.0
168.0
146.0
137.0
202.0
137.0
73.0
123.0
107.0
86.0
181.0
85.0
86.0
163.0
170.0
142.0
74.0
163.0
94.0
83.0
105.0
146.0
382.0
96.0
71.0
123.0
146.0
82.0
149.0
113.0
164.0
93.0
68.0
114.0
154.0
173.0
75.0
95.0
183.0
68.0
65.0
218.0
147.0
481.0
92.0
128.0
114.0
87.0
73.0
121.0
92.0
200.0
128.0
163.0
133.0
140.0
87.0
164.0
58.0
129.0
218.0
62.0
140.0
100.0
167.0
95.0
98.0
127.0
63.0
102.0
94.0
112.0
83.0
97.0
122.0
145.0
126.0
151.0
176.0
59.0
88.0
134.0
105.0
185.0
89.0
180.0
101.0
102.0
79.0
165.0
115.0
128.0
86.0
155.0
91.0
107.0
122.0
136.0
128.0
57.0
132.0
115.0
134.0
155.0
85.0
198.0
94.0
225.0
71.0
146.0
139.0
102.0
95.0
123.0
76.0
141.0
128.0
87.0
123.0
111.0
71.0
331.0
208.0
69.0
69.0
99.0
117.0
116.0
154.0
104.0
82.0
103.0
61.0
149.0
158.0
89.0
74.0
184.0
128.0
72.0
123.0
58.0
87.0
158.0
233.0
142.0
122.0
102.0
125.0
86.0
916.0
115.0
89.0
357.0
141.0
262.0
91.0
138.0
199.0
142.0
87.0
85.0
142.0
111.0
189.0
148.0
75.0
80.0
73.0
106.0
109.0
185.0
107.0
96.0
127.0
106.0
50.0
74.0
164.0
159.0
60.0
231.0
92.0
85.0
122.0
65.0
121.0
159.0
96.0
67.0
235.0
123.0
89.0
81.0
99.0
126.0
106.0
190.0
147.0
82.0
77.0
182.0
83.0
145.0
73.0
69.0
198.0
77.0
144.0
69.0
113.0
143.0
128.0
140.0
99.0
123.0
68.0
118.0
140.0
79.0
45.0
77.0
76.0
170.0
124.0
86.0
58.0
181.0
155.0
63.0
149.0
142.0
119.0
103.0
122.0
131.0
90.0
90.0
102.0
86.0
119.0
213.0
130.0
101.0
121.0
88.0
341.0
94.0
194.0
120.0
85.0
83.0
119.0
172.0
231.0
137.0
180.0
259.0
154.0
141.0
128.0
90.0
150.0
94.0
104.0
83.0
62.0
151.0
64.0
174.0
79.0
96.0
118.0
121.0
119.0
81.0
227.0
91.0
163.0
142.0
107.0
343.0
101.0
89.0
147.0
105.0
60.0
153.0
112.0
126.0
149.0
66.0
139.0
38.0
158.0
123.0
74.0
71.0
167.0
96.0
100.0
97.0
102.0
97.0
120.0
103.0
94.0
99.0
441.0
178.0
116.0
106.0
98.0
150.0
180.0
124.0
108.0
89.0
66.0
115.0
184.0
107.0
112.0
97.0
83.0
118.0
60.0
102.0
99.0
187.0
154.0
162.0
105.0
145.0
202.0
112.0
120.0
188.0
119.0
90.0
105.0
70.0
88.0
134.0
119.0
130.0
126.0
99.0
72.0
144.0
203.0
203.0
83.0
119.0
60.0
222.0
231.0
78.0
140.0
159.0
72.0
372.0
79.0
82.0
88.0
103.0
146.0
111.0
81.0
62.0
67.0
155.0
92.0
143.0
103.0
113.0
113.0
97.0
240.0
111.0
91.0
195.0
128.0
121.0
162.0
91.0
128.0
70.0
61.0
85.0
130.0
174.0
114.0
211.0
68.0
249.0
65.0
87.0
104.0
84.0
156.0
68.0
79.0
116.0
165.0
80.0
262.0
64.0
103.0
112.0
71.0
115.0
138.0
115.0
109.0
94.0
136.0
220.0
110.0
77.0
105.0
68.0
110.0
102.0
174.0
86.0
76.0
176.0
358.0
117.0
87.0
117.0
127.0
52.0
322.0
80.0
88.0
75.0
207.0
121.0
91.0
134.0
70.0
211.0
95.0
50.0
156.0
97.0
62.0
227.0
156.0
119.0
59.0
119.0
52.0
146.0
193.0
74.0
88.0
80.0
275.0
90.0
122.0
377.0
76.0
162.0
131.0
144.0
84.0
141.0
158.0
105.0
231.0
145.0
85.0
128.0
125.0
92.0
130.0
140.0
82.0
268.0
70.0
65.0
82.0
179.0
86.0
130.0
140.0
159.0
173.0
120.0
137.0
138.0
66.0
91.0
266.0
86.0
90.0
135.0
78.0
248.0
152.0
100.0
99.0
63.0
60.0
108.0
157.0
90.0
162.0
112.0
146.0
191.0
138.0
103.0
53.0
117.0
206.0
126.0
100.0
144.0
102.0
96.0
96.0
105.0
140.0
97.0
127.0
140.0
102.0
108.0
102.0
166.0
91.0
121.0
170.0
281.0
63.0
56.0
90.0
197.0
75.0
101.0
166.0
42.0
89.0
70.0
86.0
156.0
157.0
217.0
134.0
103.0
112.0
129.0
88.0
72.0
104.0
347.0
98.0
133.0
99.0
121.0
61.0
91.0
172.0
131.0
103.0
169.0
66.0
45.0
65.0
80.0
139.0
155.0
87.0
72.0
156.0
93.0
189.0
146.0
85.0
123.0
257.0
198.0
53.0
126.0
116.0
187.0
96.0
87.0
86.0
152.0
192.0
207.0
100.0
118.0
68.0
83.0
150.0
127.0
108.0
120.0
154.0
116.0
151.0
113.0
84.0
65.0
182.0
137.0
364.0
97.0
121.0
114.0
142.0
81.0
182.0
128.0
88.0
213.0
96.0
156.0
133.0
295.0
161.0
126.0
60.0
125.0
91.0
99.0
147.0
109.0
91.0
146.0
118.0
116.0
76.0
162.0
151.0
76.0
96.0
151.0
154.0
105.0
107.0
80.0
134.0
135.0
97.0
119.0
174.0
155.0
122.0
55.0
51.0
125.0
265.0
71.0
145.0
169.0
99.0
126.0
109.0
114.0
114.0
89.0
74.0
93.0
152.0
71.0
204.0
132.0
82.0
64.0
64.0
107.0
150.0
158.0
53.0
180.0
80.0
147.0
111.0
94.0
66.0
260.0
66.0
105.0
77.0
129.0
178.0
116.0
185.0
65.0
99.0
75.0
109.0
174.0
227.0
111.0
139.0
194.0
116.0
79.0
89.0
81.0
125.0
133.0
71.0
217.0
90.0
94.0
137.0
112.0
218.0
88.0
83.0
119.0
211.0
62.0
73.0
271.0
111.0
164.0
118.0
94.0
117.0
90.0
93.0
103.0
136.0
60.0
81.0
106.0
87.0
104.0
131.0
126.0
132.0
61.0
109.0
118.0
129.0
141.0
132.0
138.0
88.0
97.0
124.0
125.0
176.0
97.0
87.0
87.0
97.0
111.0
147.0
74.0
116.0
160.0
76.0
111.0
160.0
81.0
113.0
66.0
130.0
227.0
117.0
123.0
164.0
63.0
148.0
129.0
130.0
160.0
156.0
156.0
150.0
152.0
121.0
127.0
148.0
208.0
97.0
176.0
161.0
140.0
159.0
99.0
121.0
119.0
144.0
64.0
123.0
120.0
158.0
137.0
65.0
181.0
208.0
90.0
122.0
88.0
140.0
84.0
105.0
68.0
77.0
108.0
191.0
125.0
52.0
122.0
61.0
127.0
63.0
120.0
170.0
83.0
99.0
104.0
122.0
121.0
164.0
61.0
138.0
55.0
53.0
112.0
227.0
95.0
107.0
108.0
117.0
154.0
75.0
200.0
141.0
118.0
104.0
54.0
89.0
101.0
83.0
81.0
114.0
82.0
130.0
246.0
164.0
98.0
96.0
111.0
155.0
152.0
83.0
84.0
113.0
153.0
115.0
87.0
81.0
149.0
192.0
236.0
54.0
204.0
61.0
268.0
209.0
62.0
186.0
56.0
164.0
143.0
110.0
113.0
149.0
114.0
109.0
82.0
71.0
155.0
118.0
214.0
103.0
164.0
128.0
108.0
122.0
52.0
116.0
63.0
117.0
160.0
141.0
65.0
148.0
136.0
130.0
83.0
93.0
88.0
105.0
139.0
48.0
248.0
112.0
112.0
54.0
155.0
134.0
111.0
75.0
80.0
219.0
132.0
69.0
112.0
114.0
114.0
143.0
170.0
135.0
102.0
331.0
171.0
104.0
90.0
140.0
217.0
188.0
95.0
177.0
93.0
101.0
55.0
62.0
124.0
201.0
167.0
99.0
87.0
58.0
124.0
74.0
195.0
71.0
103.0
122.0
77.0
127.0
193.0
106.0
192.0
157.0
102.0
94.0
90.0
119.0
106.0
41.0
62.0
189.0
133.0
204.0
80.0
126.0
176.0
76.0
174.0
101.0
127.0
453.0
165.0
63.0
74.0
126.0
117.0
94.0
99.0
65.0
76.0
78.0
89.0
254.0
80.0
89.0
114.0
108.0
59.0
252.0
146.0
102.0
188.0
68.0
106.0
72.0
155.0
130.0
159.0
110.0
88.0
105.0
88.0
222.0
108.0
78.0
84.0
158.0
180.0
108.0
96.0
106.0
1008.0
205.0
157.0
112.0
106.0
90.0
200.0
124.0
108.0
133.0
66.0
175.0
144.0
102.0
144.0
38.0
82.0
79.0
87.0
62.0
121.0
115.0
133.0
165.0
108.0
83.0
82.0
126.0
133.0
140.0
95.0
130.0
116.0
75.0
125.0
165.0
77.0
117.0
109.0
95.0
131.0
87.0
228.0
132.0
88.0
107.0
103.0
148.0
160.0
97.0
188.0
116.0
63.0
217.0
68.0
127.0
140.0
118.0
75.0
72.0
164.0
213.0
113.0
127.0
148.0
126.0
195.0
232.0
235.0
81.0
147.0
85.0
75.0
111.0
113.0
57.0
112.0
182.0
140.0
56.0
130.0
100.0
109.0
60.0
304.0
59.0
110.0
191.0
227.0
104.0
93.0
80.0
160.0
153.0
93.0
89.0
85.0
78.0
112.0
161.0
102.0
60.0
82.0
92.0
130.0
82.0
135.0
131.0
133.0
77.0
162.0
102.0
113.0
87.0
139.0
106.0
124.0
224.0
84.0
103.0
91.0
112.0
127.0
201.0
165.0
84.0
90.0
546.0
99.0
116.0
178.0
93.0
75.0
56.0
77.0
135.0
281.0
84.0
65.0
63.0
159.0
150.0
82.0
146.0
65.0
156.0
64.0
178.0
92.0
73.0
161.0
293.0
84.0
269.0
110.0
90.0
126.0
212.0
181.0
115.0
176.0
94.0
113.0
70.0
131.0
135.0
76.0
172.0
138.0
157.0
105.0
168.0
155.0
111.0
93.0
106.0
148.0
122.0
80.0
98.0
66.0
59.0
90.0
115.0
79.0
117.0
152.0
111.0
170.0
162.0
145.0
174.0
137.0
126.0
99.0
48.0
101.0
130.0
106.0
57.0
56.0
126.0
96.0
148.0
71.0
83.0
87.0
154.0
129.0
186.0
150.0
115.0
195.0
68.0
178.0
203.0
149.0
188.0
263.0
95.0
80.0
49.0
115.0
69.0
833.0
140.0
88.0
126.0
217.0
94.0
103.0
228.0
70.0
157.0
76.0
150.0
135.0
82.0
53.0
186.0
89.0
87.0
97.0
67.0
111.0
80.0
61.0
181.0
60.0
67.0
125.0
159.0
80.0
89.0
96.0
109.0
70.0
142.0
109.0
244.0
87.0
117.0
136.0
112.0
95.0
117.0
138.0
147.0
94.0
107.0
113.0
143.0
75.0
93.0
115.0
70.0
164.0
117.0
133.0
212.0
154.0
168.0
186.0
104.0
162.0
111.0
95.0
126.0
111.0
151.0
180.0
115.0
91.0
133.0
104.0
83.0
115.0
191.0
97.0
230.0
56.0
119.0
64.0
120.0
76.0
249.0
116.0
184.0
132.0
152.0
114.0
199.0
98.0
323.0
68.0
165.0
103.0
130.0
178.0
106.0
105.0
156.0
188.0
142.0
185.0
113.0
164.0
145.0
130.0
103.0
117.0
89.0
95.0
130.0
97.0
160.0
115.0
100.0
166.0
103.0
76.0
88.0
64.0
182.0
105.0
109.0
81.0
100.0
47.0
269.0
130.0
93.0
175.0
91.0
115.0
175.0
149.0
78.0
130.0
155.0
96.0
161.0
180.0
124.0
90.0
74.0
138.0
77.0
129.0
100.0
153.0
89.0
165.0
79.0
78.0
176.0
96.0
107.0
107.0
144.0
238.0
224.0
87.0
87.0
118.0
231.0
116.0
114.0
73.0
119.0
57.0
188.0
125.0
115.0
152.0
180.0
185.0
170.0
135.0
81.0
95.0
210.0
93.0
91.0
82.0
196.0
149.0
65.0
185.0
39.0
148.0
135.0
443.0
225.0
77.0
216.0
98.0
144.0
182.0
165.0
98.0
185.0
169.0
156.0
109.0
134.0
96.0
93.0
118.0
105.0
137.0
106.0
187.0
117.0
75.0
61.0
182.0
203.0
123.0
64.0
155.0
105.0
71.0
98.0
85.0
173.0
73.0
103.0
136.0
77.0
110.0
141.0
141.0
121.0
178.0
192.0
118.0
85.0
37.0
49.0
194.0
178.0
138.0
94.0
153.0
101.0
148.0
107.0
121.0
109.0
100.0
90.0
176.0
115.0
138.0
102.0
157.0
74.0
57.0
63.0
176.0
109.0
135.0
131.0
119.0
78.0
148.0
179.0
389.0
127.0
168.0
84.0
137.0
119.0
157.0
84.0
103.0
121.0
130.0
120.0
100.0
81.0
136.0
67.0
129.0
146.0
120.0
60.0
98.0
117.0
89.0
82.0
180.0
116.0
146.0
82.0
155.0
158.0
150.0
80.0
160.0
111.0
95.0
109.0
241.0
105.0
120.0
224.0
199.0
50.0
70.0
120.0
99.0
58.0
116.0
53.0
127.0
183.0
88.0
79.0
98.0
129.0
109.0
63.0
109.0
79.0
68.0
82.0
163.0
278.0
102.0
61.0
101.0
132.0
76.0
117.0
182.0
136.0
152.0
89.0
328.0
146.0
116.0
104.0
122.0
193.0
62.0
150.0
57.0
88.0
94.0
136.0
126.0
86.0
102.0
97.0
188.0
133.0
104.0
67.0
80.0
99.0
73.0
411.0
118.0
271.0
145.0
136.0
122.0
122.0
55.0
81.0
125.0
102.0
193.0
205.0
112.0
87.0
101.0
104.0
61.0
118.0
145.0
129.0
134.0
88.0
132.0
158.0
208.0
146.0
128.0
110.0
65.0
103.0
194.0
111.0
293.0
109.0
81.0
53.0
98.0
118.0
41.0
58.0
147.0
160.0
86.0
102.0
102.0
78.0
122.0
134.0
68.0
72.0
161.0
170.0
78.0
117.0
95.0
133.0
156.0
117.0
103.0
158.0
151.0
93.0
128.0
176.0
140.0
134.0
58.0
158.0
82.0
86.0
228.0
134.0
37.0
118.0
135.0
127.0
83.0
78.0
98.0
121.0
225.0
76.0
109.0
189.0
115.0
122.0
210.0
47.0
211.0
172.0
191.0
81.0
146.0
82.0
186.0
93.0
106.0
197.0
232.0
141.0
152.0
191.0
99.0
194.0
108.0
111.0
124.0
187.0
124.0
182.0
95.0
166.0
167.0
69.0
95.0
102.0
134.0
116.0
118.0
128.0
66.0
109.0
101.0
86.0
223.0
136.0
119.0
90.0
114.0
98.0
208.0
68.0
111.0
145.0
232.0
135.0
141.0
157.0
77.0
114.0
121.0
118.0
106.0
155.0
197.0
45.0
106.0
69.0
244.0
62.0
99.0
122.0
161.0
141.0
161.0
44.0
136.0
193.0
123.0
143.0
85.0
119.0
165.0
202.0
122.0
94.0
186.0
356.0
110.0
85.0
77.0
213.0
199.0
89.0
89.0
97.0
80.0
117.0
67.0
194.0
111.0
99.0
174.0
68.0
157.0
154.0
135.0
153.0
88.0
138.0
99.0
71.0
98.0
163.0
62.0
64.0
178.0
157.0
129.0
188.0
31.0
58.0
92.0
104.0
219.0
96.0
205.0
96.0
122.0
121.0
46.0
57.0
55.0
128.0
137.0
72.0
82.0
107.0
115.0
172.0
144.0
84.0
113.0
77.0
217.0
96.0
216.0
67.0
105.0
80.0
94.0
109.0
144.0
224.0
184.0
119.0
163.0
142.0
149.0
81.0
84.0
295.0
134.0
128.0
107.0
159.0
74.0
82.0
66.0
139.0
73.0
97.0
124.0
188.0
166.0
203.0
130.0
101.0
184.0
141.0
95.0
55.0
163.0
84.0
116.0
258.0
125.0
76.0
313.0
84.0
86.0
82.0
101.0
80.0
171.0
99.0
144.0
95.0
62.0
152.0
252.0
477.0
146.0
84.0
222.0
79.0
114.0
88.0
141.0
103.0
94.0
103.0
112.0
200.0
119.0
49.0
163.0
180.0
115.0
73.0
90.0
168.0
167.0
122.0
130.0
110.0
136.0
162.0
175.0
141.0
115.0
116.0
97.0
117.0
73.0
119.0
81.0
57.0
171.0
102.0
74.0
157.0
123.0
192.0
93.0
75.0
107.0
167.0
79.0
127.0
99.0
142.0
160.0
61.0
117.0
146.0
57.0
141.0
343.0
131.0
139.0
129.0
309.0
90.0
126.0
105.0
145.0
353.0
71.0
135.0
101.0
112.0
139.0
90.0
161.0
182.0
196.0
111.0
132.0
105.0
42.0
116.0
84.0
195.0
64.0
170.0
189.0
141.0
247.0
55.0
134.0
147.0
109.0
138.0
121.0
222.0
117.0
170.0
80.0
109.0
81.0
73.0
84.0
79.0
57.0
156.0
105.0
203.0
250.0
205.0
134.0
155.0
73.0
132.0
118.0
74.0
116.0
175.0
127.0
142.0
239.0
93.0
70.0
79.0
170.0
124.0
153.0
36.0
123.0
157.0
250.0
71.0
121.0
101.0
128.0
128.0
129.0
61.0
88.0
73.0
140.0
95.0
71.0
83.0
29.0
132.0
115.0
153.0
65.0
164.0
109.0
170.0
149.0
142.0
80.0
89.0
120.0
135.0
85.0
142.0
102.0
115.0
179.0
154.0
147.0
104.0
143.0
84.0
95.0
118.0
112.0
103.0
159.0
245.0
58.0
129.0
72.0
82.0
120.0
79.0
175.0
109.0
69.0
93.0
74.0
166.0
89.0
89.0
112.0
81.0
100.0
135.0
149.0
56.0
167.0
58.0
99.0
69.0
123.0
93.0
95.0
82.0
64.0
146.0
156.0
96.0
138.0
133.0
116.0
96.0
97.0
120.0
261.0
133.0
107.0
181.0
83.0
84.0
191.0
84.0
49.0
78.0
163.0
64.0
131.0
97.0
114.0
192.0
133.0
250.0
163.0
82.0
98.0
209.0
74.0
108.0
95.0
83.0
73.0
200.0
111.0
88.0
150.0
69.0
115.0
115.0
158.0
80.0
71.0
58.0
146.0
68.0
125.0
269.0
146.0
58.0
123.0
194.0
70.0
80.0
151.0
185.0
121.0
79.0
108.0
151.0
121.0
105.0
57.0
114.0
196.0
87.0
150.0
171.0
241.0
63.0
77.0
99.0
116.0
109.0
91.0
127.0
188.0
163.0
126.0
70.0
118.0
78.0
130.0
178.0
125.0
136.0
125.0
62.0
174.0
67.0
194.0
97.0
108.0
65.0
100.0
119.0
106.0
127.0
193.0
105.0
68.0
101.0
151.0
99.0
112.0
139.0
157.0
99.0
71.0
106.0
238.0
234.0
107.0
115.0
174.0
117.0
95.0
99.0
109.0
144.0
797.0
128.0
134.0
125.0
104.0
102.0
218.0
135.0
71.0
88.0
65.0
79.0
126.0
91.0
104.0
75.0
259.0
86.0
57.0
186.0
100.0
158.0
136.0
98.0
95.0
171.0
79.0
142.0
256.0
94.0
91.0
111.0
169.0
129.0
147.0
120.0
121.0
154.0
155.0
114.0
122.0
97.0
150.0
175.0
45.0
95.0
76.0
168.0
128.0
69.0
54.0
117.0
108.0
151.0
112.0
107.0
182.0
198.0
66.0
120.0
249.0
190.0
74.0
142.0
134.0
99.0
135.0
141.0
231.0
107.0
73.0
143.0
68.0
111.0
108.0
149.0
96.0
156.0
90.0
68.0
287.0
159.0
207.0
138.0
193.0
124.0
187.0
152.0
126.0
134.0
182.0
99.0
90.0
117.0
169.0
173.0
116.0
86.0
160.0
125.0
148.0
129.0
95.0
155.0
292.0
215.0
119.0
117.0
126.0
193.0
122.0
161.0
137.0
58.0
101.0
177.0
98.0
71.0
88.0
100.0
113.0
179.0
72.0
95.0
147.0
170.0
200.0
125.0
93.0
78.0
132.0
140.0
199.0
107.0
81.0
61.0
136.0
159.0
50.0
68.0
104.0
116.0
109.0
116.0
147.0
106.0
75.0
102.0
107.0
157.0
87.0
153.0
85.0
135.0
120.0
197.0
195.0
116.0
124.0
116.0
74.0
177.0
87.0
223.0
147.0
83.0
70.0
276.0
112.0
139.0
200.0
123.0
171.0
96.0
108.0
123.0
101.0
115.0
119.0
156.0
127.0
114.0
113.0
149.0
151.0
51.0
98.0
89.0
184.0
129.0
146.0
165.0
114.0
75.0
184.0
141.0
111.0
311.0
176.0
137.0
87.0
142.0
107.0
146.0
154.0
124.0
81.0
115.0
123.0
94.0
223.0
128.0
229.0
66.0
193.0
65.0
134.0
170.0
284.0
142.0
128.0
180.0
190.0
91.0
67.0
83.0
102.0
149.0
103.0
108.0
242.0
89.0
122.0
114.0
169.0
189.0
118.0
41.0
125.0
150.0
73.0
87.0
166.0
64.0
84.0
143.0
88.0
102.0
162.0
73.0
89.0
81.0
75.0
133.0
203.0
84.0
140.0
168.0
78.0
176.0
105.0
124.0
91.0
139.0
75.0
95.0
431.0
50.0
78.0
72.0
118.0
149.0
153.0
88.0
189.0
121.0
101.0
103.0
103.0
154.0
170.0
276.0
137.0
91.0
128.0
64.0
121.0
188.0
153.0
124.0
210.0
121.0
219.0
197.0
85.0
213.0
112.0
253.0
99.0
72.0
125.0
170.0
74.0
88.0
127.0
40.0
118.0
86.0
87.0
103.0
110.0
128.0
152.0
75.0
128.0
122.0
82.0
94.0
144.0
200.0
65.0
107.0
119.0
87.0
80.0
50.0
162.0
124.0
94.0
122.0
77.0
131.0
285.0
110.0
79.0
87.0
167.0
128.0
81.0
84.0
120.0
114.0
272.0
204.0
147.0
103.0
171.0
57.0
257.0
112.0
113.0
74.0
110.0
104.0
115.0
96.0
65.0
138.0
303.0
114.0
99.0
87.0
109.0
375.0
94.0
134.0
94.0
64.0
72.0
198.0
102.0
114.0
75.0
89.0
146.0
153.0
102.0
195.0
94.0
73.0
120.0
133.0
105.0
118.0
145.0
66.0
166.0
192.0
125.0
159.0
127.0
148.0
96.0
121.0
151.0
83.0
116.0
112.0
143.0
87.0
139.0
140.0
77.0
109.0
262.0
157.0
63.0
78.0
66.0
167.0
106.0
127.0
75.0
153.0
101.0
121.0
130.0
114.0
192.0
167.0
107.0
121.0
97.0
94.0
146.0
173.0
58.0
117.0
135.0
192.0
116.0
101.0
161.0
212.0
40.0
200.0
258.0
85.0
144.0
176.0
121.0
126.0
115.0
56.0
191.0
129.0
219.0
102.0
149.0
85.0
130.0
212.0
148.0
160.0
119.0
98.0
105.0
98.0
166.0
116.0
240.0
121.0
243.0
155.0
113.0
82.0
78.0
188.0
102.0
82.0
164.0
161.0
87.0
155.0
173.0
135.0
215.0
120.0
117.0
138.0
175.0
171.0
290.0
130.0
107.0
124.0
130.0
125.0
66.0
107.0
187.0
240.0
107.0
128.0
93.0
127.0
151.0
82.0
146.0
128.0
106.0
75.0
66.0
185.0
138.0
65.0
111.0
110.0
94.0
54.0
77.0
62.0
208.0
140.0
76.0
102.0
119.0
159.0
134.0
124.0
166.0
127.0
133.0
52.0
66.0
108.0
74.0
168.0
140.0
133.0
137.0
68.0
108.0
122.0
149.0
115.0
110.0
141.0
102.0
119.0
147.0
105.0
111.0
182.0
123.0
38.0
92.0
143.0
188.0
204.0
185.0
85.0
84.0
131.0
61.0
137.0
86.0
102.0
86.0
241.0
118.0
121.0
100.0
148.0
143.0
109.0
128.0
108.0
254.0
72.0
80.0
104.0
139.0
121.0
161.0
131.0
92.0
133.0
95.0
153.0
125.0
168.0
56.0
110.0
101.0
58.0
128.0
103.0
151.0
172.0
90.0
85.0
112.0
179.0
142.0
122.0
121.0
104.0
102.0
113.0
89.0
134.0
114.0
80.0
110.0
108.0
57.0
153.0
159.0
100.0
92.0
190.0
129.0
97.0
90.0
78.0
129.0
317.0
219.0
134.0
88.0
118.0
118.0
138.0
96.0
102.0
221.0
137.0
41.0
230.0
99.0
147.0
77.0
163.0
234.0
117.0
122.0
163.0
128.0
122.0
108.0
70.0
94.0
173.0
65.0
156.0
133.0
114.0
194.0
110.0
99.0
89.0
165.0
139.0
163.0
119.0
62.0
90.0
139.0
86.0
141.0
118.0
59.0
169.0
91.0
221.0
93.0
179.0
87.0
216.0
71.0
161.0
198.0
154.0
120.0
130.0
121.0
166.0
25.0
90.0
106.0
109.0
233.0
177.0
135.0
136.0
59.0
106.0
154.0
87.0
120.0
102.0
96.0
97.0
102.0
98.0
264.0
121.0
99.0
74.0
137.0
114.0
172.0
117.0
101.0
173.0
520.0
74.0
80.0
106.0
117.0
146.0
238.0
147.0
91.0
149.0
65.0
92.0
66.0
165.0
82.0
146.0
158.0
173.0
95.0
120.0
68.0
118.0
92.0
100.0
105.0
173.0
359.0
133.0
173.0
141.0
167.0
103.0
96.0
110.0
84.0
159.0
78.0
119.0
84.0
106.0
180.0
114.0
50.0
124.0
141.0
140.0
150.0
101.0
168.0
122.0
149.0
108.0
53.0
86.0
83.0
172.0
128.0
145.0
88.0
150.0
104.0
80.0
228.0
74.0
143.0
174.0
245.0
129.0
170.0
162.0
136.0
210.0
162.0
94.0
120.0
79.0
97.0
99.0
169.0
66.0
153.0
100.0
99.0
94.0
89.0
87.0
141.0
98.0
91.0
85.0
90.0
97.0
124.0
68.0
170.0
148.0
156.0
324.0
111.0
105.0
94.0
80.0
74.0
93.0
116.0
95.0
96.0
89.0
134.0
133.0
108.0
165.0
155.0
138.0
76.0
68.0
137.0
97.0
169.0
162.0
70.0
126.0
116.0
97.0
86.0
100.0
82.0
122.0
137.0
129.0
62.0
120.0
141.0
266.0
83.0
60.0
141.0
119.0
149.0
118.0
167.0
101.0
102.0
127.0
90.0
216.0
76.0
271.0
96.0
116.0
114.0
67.0
133.0
111.0
134.0
111.0
82.0
50.0
160.0
177.0
77.0
192.0
126.0
147.0
127.0
181.0
57.0
158.0
98.0
141.0
94.0
135.0
91.0
149.0
216.0
179.0
68.0
109.0
120.0
119.0
135.0
91.0
104.0
136.0
102.0
73.0
138.0
60.0
143.0
118.0
131.0
154.0
89.0
91.0
122.0
167.0
152.0
138.0
59.0
97.0
111.0
186.0
73.0
106.0
141.0
92.0
126.0
129.0
72.0
49.0
204.0
117.0
152.0
205.0
79.0
217.0
88.0
183.0
128.0
108.0
64.0
135.0
127.0
143.0
90.0
119.0
68.0
205.0
141.0
81.0
108.0
72.0
138.0
110.0
219.0
147.0
190.0
152.0
80.0
151.0
124.0
74.0
116.0
161.0
129.0
101.0
120.0
93.0
127.0
185.0
158.0
174.0
77.0
98.0
151.0
93.0
136.0
154.0
126.0
129.0
58.0
296.0
91.0
108.0
145.0
155.0
118.0
97.0
119.0
90.0
119.0
73.0
106.0
150.0
120.0
84.0
174.0
100.0
208.0
235.0
105.0
199.0
88.0
87.0
163.0
131.0
155.0
251.0
126.0
174.0
173.0
158.0
80.0
220.0
113.0
192.0
89.0
114.0
227.0
161.0
141.0
80.0
70.0
152.0
67.0
77.0
128.0
69.0
154.0
140.0
127.0
102.0
100.0
129.0
105.0
207.0
185.0
146.0
100.0
60.0
202.0
87.0
103.0
129.0
127.0
116.0
86.0
90.0
217.0
99.0
108.0
157.0
183.0
203.0
121.0
166.0
78.0
133.0
132.0
134.0
172.0
228.0
127.0
94.0
127.0
93.0
70.0
138.0
122.0
73.0
145.0
91.0
180.0
135.0
161.0
85.0
188.0
154.0
148.0
235.0
171.0
89.0
216.0
253.0
202.0
94.0
161.0
196.0
87.0
149.0
98.0
107.0
103.0
133.0
86.0
97.0
129.0
83.0
157.0
109.0
132.0
152.0
167.0
193.0
91.0
60.0
148.0
204.0
99.0
155.0
142.0
210.0
121.0
107.0
125.0
118.0
95.0
135.0
146.0
119.0
119.0
64.0
129.0
146.0
96.0
158.0
78.0
142.0
83.0
103.0
173.0
85.0
120.0
123.0
169.0
133.0
171.0
104.0
163.0
88.0
149.0
210.0
99.0
104.0
123.0
126.0
138.0
126.0
94.0
94.0
140.0
131.0
118.0
54.0
111.0
107.0
96.0
99.0
205.0
103.0
111.0
87.0
133.0
117.0
97.0
96.0
197.0
77.0
65.0
198.0
116.0
118.0
130.0
83.0
157.0
200.0
389.0
102.0
101.0
97.0
66.0
167.0
214.0
93.0
73.0
143.0
89.0
145.0
186.0
179.0
165.0
147.0
131.0
82.0
131.0
84.0
105.0
83.0
248.0
145.0
136.0
194.0
89.0
129.0
270.0
85.0
118.0
44.0
148.0
101.0
79.0
139.0
99.0
83.0
130.0
162.0
181.0
107.0
69.0
109.0
177.0
81.0
143.0
104.0
87.0
158.0
155.0
188.0
106.0
125.0
81.0
154.0
200.0
125.0
140.0
109.0
134.0
155.0
108.0
206.0
101.0
151.0
157.0
126.0
101.0
145.0
129.0
117.0
82.0
80.0
95.0
126.0
144.0
115.0
62.0
86.0
134.0
121.0
227.0
199.0
91.0
96.0
112.0
157.0
102.0
156.0
141.0
186.0
160.0
65.0
119.0
125.0
130.0
180.0
127.0
125.0
142.0
117.0
157.0
234.0
114.0
76.0
104.0
190.0
190.0
218.0
64.0
180.0
96.0
199.0
127.0
194.0
38.0
123.0
118.0
142.0
93.0
165.0
66.0
189.0
79.0
205.0
144.0
141.0
102.0
133.0
159.0
104.0
111.0
185.0
90.0
100.0
67.0
82.0
115.0
133.0
136.0
85.0
75.0
110.0
104.0
69.0
158.0
112.0
133.0
95.0
99.0
158.0
129.0
145.0
111.0
93.0
146.0
106.0
74.0
100.0
129.0
120.0
132.0
98.0
121.0
138.0
161.0
247.0
75.0
177.0
87.0
158.0
87.0
83.0
118.0
126.0
95.0
122.0
134.0
94.0
166.0
131.0
92.0
109.0
109.0
117.0
63.0
314.0
109.0
162.0
114.0
131.0
105.0
113.0
90.0
95.0
110.0
89.0
143.0
75.0
312.0
150.0
84.0
117.0
112.0
121.0
126.0
122.0
104.0
96.0
121.0
144.0
234.0
119.0
137.0
143.0
98.0
150.0
202.0
69.0
108.0
149.0
129.0
108.0
127.0
121.0
127.0
140.0
116.0
117.0
145.0
107.0
165.0
86.0
103.0
140.0
79.0
190.0
135.0
124.0
87.0
107.0
141.0
70.0
183.0
175.0
177.0
92.0
128.0
150.0
88.0
131.0
134.0
89.0
131.0
91.0
123.0
143.0
57.0
139.0
146.0
92.0
83.0
150.0
139.0
91.0
273.0
199.0
122.0
104.0
117.0
144.0
169.0
143.0
193.0
106.0
162.0
225.0
121.0
124.0
69.0
97.0
120.0
71.0
116.0
107.0
195.0
124.0
111.0
72.0
165.0
328.0
80.0
119.0
85.0
156.0
42.0
275.0
161.0
96.0
100.0
81.0
112.0
134.0
107.0
163.0
81.0
175.0
78.0
102.0
81.0
139.0
155.0
116.0
138.0
117.0
111.0
95.0
204.0
164.0
117.0
129.0
85.0
89.0
131.0
144.0
116.0
176.0
64.0
174.0
93.0
93.0
105.0
168.0
134.0
143.0
93.0
125.0
82.0
77.0
174.0
146.0
152.0
99.0
154.0
108.0
126.0
108.0
75.0
187.0
146.0
175.0
100.0
114.0
195.0
180.0
86.0
84.0
190.0
87.0
129.0
151.0
145.0
124.0
168.0
99.0
145.0
111.0
104.0
99.0
165.0
58.0
134.0
131.0
121.0
140.0
100.0
208.0
131.0
198.0
144.0
96.0
73.0
30.0
174.0
163.0
225.0
130.0
56.0
77.0
111.0
88.0
114.0
59.0
86.0
142.0
126.0
112.0
149.0
66.0
73.0
89.0
82.0
74.0
142.0
135.0
63.0
90.0
101.0
94.0
116.0
68.0
106.0
135.0
108.0
255.0
75.0
95.0
51.0
94.0
57.0
170.0
113.0
156.0
117.0
146.0
188.0
113.0
150.0
127.0
135.0
166.0
110.0
98.0
88.0
46.0
115.0
106.0
127.0
139.0
109.0
92.0
130.0
145.0
106.0
145.0
153.0
208.0
105.0
120.0
181.0
91.0
211.0
106.0
97.0
100.0
106.0
123.0
115.0
306.0
79.0
126.0
178.0
72.0
125.0
85.0
151.0
160.0
221.0
123.0
78.0
134.0
144.0
88.0
158.0
170.0
95.0
155.0
117.0
69.0
110.0
48.0
68.0
203.0
130.0
138.0
124.0
105.0
124.0
121.0
75.0
85.0
138.0
179.0
187.0
99.0
97.0
114.0
116.0
183.0
131.0
86.0
101.0
129.0
96.0
145.0
98.0
125.0
137.0
114.0
182.0
188.0
86.0
97.0
114.0
109.0
102.0
212.0
135.0
134.0
60.0
75.0
116.0
86.0
71.0
121.0
113.0
118.0
126.0
149.0
40.0
118.0
160.0
148.0
98.0
162.0
146.0
145.0
188.0
63.0
143.0
130.0
127.0
336.0
134.0
216.0
109.0
86.0
170.0
102.0
110.0
108.0
143.0
133.0
112.0
125.0
111.0
135.0
132.0
130.0
96.0
100.0
79.0
169.0
126.0
140.0
105.0
69.0
149.0
395.0
120.0
169.0
125.0
133.0
98.0
72.0
133.0
104.0
118.0
105.0
149.0
108.0
89.0
52.0
117.0
89.0
151.0
160.0
72.0
200.0
121.0
89.0
98.0
79.0
129.0
188.0
109.0
107.0
150.0
139.0
156.0
159.0
95.0
93.0
130.0
96.0
141.0
78.0
191.0
193.0
193.0
181.0
109.0
66.0
99.0
154.0
83.0
88.0
123.0
62.0
111.0
105.0
107.0
136.0
82.0
123.0
148.0
181.0
126.0
165.0
132.0
88.0
134.0
123.0
99.0
136.0
149.0
144.0
87.0
132.0
74.0
269.0
148.0
183.0
167.0
147.0
114.0
77.0
92.0
156.0
97.0
169.0
69.0
87.0
99.0
114.0
208.0
142.0
158.0
111.0
110.0
164.0
83.0
110.0
95.0
141.0
172.0
149.0
162.0
164.0
170.0
130.0
122.0
77.0
90.0
126.0
119.0
160.0
110.0
84.0
110.0
200.0
113.0
137.0
117.0
113.0
91.0
79.0
184.0
104.0
131.0
77.0
137.0
172.0
106.0
135.0
114.0
62.0
131.0
80.0
151.0
260.0
96.0
188.0
168.0
94.0
139.0
162.0
72.0
110.0
113.0
171.0
123.0
77.0
107.0
102.0
120.0
165.0
132.0
112.0
80.0
62.0
116.0
89.0
253.0
102.0
96.0
141.0
128.0
118.0
99.0
128.0
157.0
155.0
105.0
117.0
79.0
83.0
114.0
183.0
115.0
123.0
149.0
111.0
192.0
257.0
119.0
101.0
138.0
168.0
154.0
103.0
136.0
131.0
101.0
139.0
76.0
143.0
124.0
211.0
90.0
75.0
104.0
85.0
153.0
155.0
227.0
73.0
93.0
165.0
76.0
80.0
155.0
211.0
109.0
194.0
95.0
120.0
123.0
87.0
155.0
125.0
139.0
157.0
69.0
161.0
112.0
187.0
196.0
88.0
81.0
78.0
194.0
173.0
128.0
158.0
148.0
155.0
162.0
92.0
106.0
100.0
122.0
103.0
238.0
187.0
145.0
85.0
104.0
151.0
108.0
110.0
67.0
144.0
84.0
236.0
233.0
66.0
93.0
90.0
207.0
103.0
91.0
150.0
154.0
92.0
84.0
135.0
81.0
166.0
153.0
204.0
67.0
167.0
64.0
74.0
73.0
96.0
136.0
159.0
79.0
108.0
140.0
78.0
106.0
63.0
127.0
129.0
169.0
135.0
116.0
95.0
169.0
122.0
155.0
117.0
53.0
128.0
178.0
97.0
112.0
185.0
105.0
121.0
83.0
164.0
181.0
201.0
108.0
174.0
70.0
132.0
137.0
102.0
124.0
148.0
83.0
129.0
71.0
156.0
55.0
178.0
82.0
125.0
104.0
170.0
185.0
87.0
103.0
51.0
167.0
93.0
111.0
135.0
163.0
171.0
123.0
112.0
129.0
155.0
142.0
168.0
214.0
144.0
166.0
144.0
65.0
168.0
172.0
107.0
189.0
118.0
89.0
115.0
130.0
103.0
80.0
71.0
143.0
108.0
249.0
136.0
112.0
147.0
99.0
135.0
69.0
90.0
99.0
168.0
155.0
99.0
122.0
127.0
58.0
107.0
111.0
131.0
162.0
162.0
97.0
229.0
189.0
125.0
62.0
103.0
94.0
123.0
108.0
108.0
147.0
101.0
133.0
120.0
130.0
104.0
119.0
166.0
242.0
135.0
174.0
120.0
152.0
114.0
102.0
136.0
101.0
106.0
108.0
97.0
88.0
152.0
108.0
105.0
133.0
77.0
129.0
112.0
113.0
139.0
81.0
154.0
149.0
174.0
92.0
127.0
123.0
93.0
114.0
96.0
114.0
123.0
136.0
149.0
163.0
160.0
121.0
171.0
188.0
286.0
114.0
195.0
173.0
128.0
120.0
185.0
117.0
77.0
102.0
122.0
93.0
99.0
271.0
56.0
108.0
133.0
99.0
109.0
123.0
73.0
66.0
135.0
167.0
86.0
148.0
153.0
100.0
137.0
211.0
80.0
68.0
119.0
73.0
100.0
166.0
112.0
76.0
97.0
124.0
108.0
190.0
102.0
97.0
126.0
123.0
182.0
79.0
117.0
199.0
199.0
122.0
129.0
149.0
127.0
99.0
199.0
131.0
60.0
125.0
86.0
161.0
83.0
211.0
148.0
79.0
178.0
89.0
114.0
193.0
122.0
112.0
55.0
141.0
127.0
151.0
181.0
186.0
140.0
68.0
112.0
74.0
191.0
146.0
104.0
203.0
179.0
133.0
101.0
97.0
163.0
172.0
102.0
150.0
92.0
94.0
173.0
220.0
173.0
167.0
126.0
85.0
120.0
151.0
120.0
124.0
84.0
97.0
167.0
234.0
73.0
129.0
132.0
80.0
83.0
154.0
137.0
132.0
214.0
114.0
85.0
161.0
127.0
94.0
68.0
172.0
159.0
65.0
89.0
172.0
75.0
157.0
173.0
130.0
76.0
86.0
77.0
174.0
115.0
153.0
214.0
118.0
105.0
119.0
86.0
140.0
117.0
142.0
173.0
153.0
78.0
180.0
198.0
185.0
139.0
104.0
138.0
116.0
88.0
199.0
210.0
145.0
132.0
132.0
114.0
79.0
230.0
108.0
97.0
88.0
97.0
185.0
128.0
60.0
133.0
81.0
135.0
99.0
173.0
96.0
142.0
182.0
162.0
124.0
125.0
123.0
127.0
187.0
107.0
131.0
145.0
97.0
147.0
131.0
171.0
266.0
119.0
97.0
182.0
141.0
86.0
96.0
223.0
191.0
111.0
105.0
207.0
87.0
226.0
76.0
96.0
106.0
215.0
98.0
184.0
177.0
107.0
118.0
126.0
152.0
93.0
153.0
80.0
177.0
127.0
153.0
129.0
102.0
49.0
160.0
109.0
124.0
143.0
173.0
127.0
182.0
127.0
79.0
123.0
174.0
109.0
124.0
145.0
105.0
92.0
204.0
76.0
140.0
101.0
109.0
168.0
79.0
148.0
64.0
120.0
83.0
148.0
84.0
119.0
119.0
147.0
162.0
140.0
225.0
148.0
76.0
190.0
218.0
189.0
121.0
127.0
87.0
86.0
72.0
144.0
131.0
208.0
88.0
58.0
99.0
123.0
78.0
108.0
122.0
236.0
163.0
143.0
139.0
144.0
74.0
99.0
180.0
90.0
118.0
213.0
113.0
59.0
94.0
211.0
115.0
57.0
141.0
109.0
115.0
136.0
77.0
145.0
156.0
98.0
93.0
111.0
158.0
179.0
139.0
178.0
166.0
84.0
65.0
87.0
147.0
135.0
141.0
107.0
125.0
190.0
83.0
101.0
137.0
147.0
76.0
131.0
49.0
115.0
66.0
202.0
126.0
146.0
111.0
181.0
92.0
103.0
88.0
172.0
122.0
102.0
113.0
118.0
161.0
112.0
145.0
148.0
120.0
148.0
82.0
138.0
146.0
153.0
100.0
72.0
175.0
105.0
142.0
157.0
123.0
148.0
138.0
123.0
165.0
79.0
119.0
81.0
146.0
90.0
177.0
169.0
114.0
127.0
141.0
90.0
46.0
98.0
100.0
132.0
190.0
85.0
119.0
137.0
102.0
190.0
117.0
123.0
116.0
107.0
107.0
106.0
111.0
117.0
112.0
95.0
76.0
91.0
88.0
145.0
100.0
89.0
63.0
102.0
115.0
122.0
91.0
134.0
141.0
125.0
128.0
134.0
120.0
165.0
111.0
124.0
101.0
68.0
159.0
141.0
156.0
235.0
136.0
80.0
174.0
90.0
93.0
123.0
205.0
121.0
77.0
144.0
139.0
172.0
121.0
99.0
122.0
217.0
111.0
154.0
80.0
92.0
245.0
99.0
76.0
78.0
141.0
98.0
207.0
59.0
118.0
206.0
168.0
41.0
166.0
158.0
135.0
142.0
91.0
139.0
92.0
150.0
109.0
138.0
91.0
223.0
304.0
114.0
60.0
94.0
107.0
78.0
134.0
109.0
65.0
110.0
82.0
79.0
157.0
97.0
181.0
161.0
97.0
117.0
108.0
85.0
112.0
125.0
122.0
151.0
138.0
135.0
78.0
125.0
121.0
101.0
130.0
162.0
175.0
69.0
167.0
92.0
188.0
138.0
150.0
61.0
121.0
126.0
102.0
186.0
153.0
112.0
129.0
139.0
120.0
127.0
83.0
175.0
124.0
106.0
65.0
72.0
77.0
71.0
161.0
106.0
119.0
103.0
120.0
148.0
141.0
96.0
119.0
154.0
133.0
101.0
126.0
173.0
148.0
153.0
155.0
399.0
92.0
113.0
108.0
135.0
86.0
129.0
165.0
75.0
118.0
153.0
185.0
112.0
148.0
143.0
92.0
157.0
122.0
174.0
94.0
147.0
139.0
95.0
163.0
85.0
90.0
143.0
77.0
141.0
106.0
127.0
117.0
153.0
126.0
87.0
224.0
86.0
117.0
86.0
74.0
95.0
109.0
148.0
116.0
151.0
76.0
141.0
78.0
100.0
94.0
177.0
132.0
130.0
200.0
61.0
119.0
220.0
123.0
170.0
50.0
103.0
234.0
103.0
208.0
118.0
194.0
134.0
136.0
187.0
93.0
139.0
107.0
74.0
179.0
115.0
88.0
113.0
121.0
194.0
75.0
143.0
106.0
161.0
84.0
70.0
117.0
189.0
172.0
116.0
164.0
128.0
146.0
148.0
139.0
185.0
101.0
168.0
89.0
163.0
105.0
101.0
118.0
81.0
81.0
206.0
70.0
93.0
68.0
132.0
205.0
88.0
100.0
145.0
133.0
108.0
108.0
153.0
190.0
180.0
115.0
147.0
219.0
116.0
116.0
163.0
107.0
128.0
104.0
111.0
151.0
173.0
76.0
139.0
136.0
112.0
61.0
123.0
158.0
161.0
155.0
84.0
91.0
116.0
122.0
127.0
139.0
65.0
154.0
151.0
190.0
118.0
103.0
103.0
107.0
151.0
131.0
159.0
161.0
161.0
144.0
102.0
148.0
165.0
166.0
133.0
201.0
42.0
188.0
108.0
149.0
140.0
47.0
185.0
49.0
190.0
117.0
125.0
197.0
132.0
68.0
76.0
131.0
143.0
135.0
158.0
189.0
131.0
95.0
78.0
124.0
142.0
81.0
118.0
94.0
143.0
197.0
103.0
148.0
175.0
69.0
188.0
151.0
86.0
109.0
179.0
148.0
154.0
120.0
71.0
111.0
211.0
122.0
127.0
115.0
103.0
134.0
149.0
214.0
122.0
108.0
158.0
195.0
272.0
101.0
86.0
138.0
124.0
100.0
86.0
96.0
168.0
291.0
132.0
43.0
120.0
109.0
103.0
67.0
163.0
168.0
147.0
75.0
129.0
188.0
79.0
126.0
69.0
119.0
254.0
145.0
166.0
131.0
108.0
185.0
107.0
135.0
96.0
134.0
115.0
170.0
142.0
164.0
140.0
64.0
106.0
97.0
128.0
102.0
191.0
109.0
172.0
165.0
174.0
132.0
102.0
81.0
213.0
188.0
113.0
79.0
109.0
164.0
77.0
102.0
164.0
125.0
167.0
179.0
83.0
95.0
59.0
113.0
118.0
136.0
80.0
169.0
67.0
101.0
101.0
153.0
96.0
140.0
167.0
116.0
108.0
92.0
113.0
171.0
111.0
136.0
106.0
157.0
133.0
147.0
189.0
68.0
106.0
138.0
200.0
83.0
83.0
119.0
113.0
141.0
205.0
99.0
103.0
83.0
111.0
107.0
126.0
82.0
66.0
208.0
113.0
106.0
111.0
67.0
134.0
71.0
149.0
159.0
138.0
79.0
114.0
70.0
172.0
111.0
188.0
114.0
180.0
111.0
91.0
147.0
102.0
147.0
193.0
164.0
230.0
192.0
66.0
111.0
126.0
95.0
253.0
142.0
125.0
124.0
69.0
152.0
77.0
167.0
83.0
142.0
117.0
88.0
155.0
101.0
105.0
90.0
190.0
174.0
214.0
92.0
81.0
131.0
120.0
104.0
167.0
128.0
174.0
144.0
108.0
111.0
87.0
163.0
103.0
96.0
120.0
101.0
89.0
118.0
128.0
123.0
60.0
174.0
180.0
220.0
92.0
115.0
51.0
79.0
139.0
92.0
269.0
146.0
137.0
109.0
116.0
75.0
162.0
89.0
147.0
103.0
135.0
196.0
125.0
201.0
156.0
97.0
109.0
113.0
101.0
103.0
100.0
153.0
99.0
114.0
177.0
160.0
145.0
98.0
153.0
130.0
89.0
115.0
124.0
87.0
119.0
150.0
145.0
111.0
148.0
101.0
142.0
202.0
108.0
141.0
118.0
196.0
204.0
107.0
170.0
98.0
90.0
112.0
151.0
62.0
95.0
92.0
83.0
162.0
94.0
133.0
116.0
206.0
132.0
117.0
187.0
91.0
139.0
141.0
103.0
145.0
141.0
139.0
85.0
130.0
129.0
104.0
112.0
88.0
126.0
117.0
199.0
181.0
110.0
75.0
204.0
72.0
145.0
142.0
221.0
111.0
113.0
102.0
163.0
126.0
95.0
208.0
164.0
82.0
127.0
75.0
149.0
96.0
135.0
79.0
143.0
114.0
207.0
148.0
66.0
53.0
191.0
148.0
150.0
169.0
99.0
162.0
91.0
88.0
139.0
173.0
121.0
115.0
160.0
151.0
91.0
135.0
182.0
136.0
171.0
153.0
112.0
87.0
129.0
130.0
119.0
104.0
81.0
144.0
202.0
133.0
137.0
184.0
138.0
180.0
131.0
133.0
92.0
107.0
80.0
114.0
146.0
143.0
111.0
152.0
240.0
161.0
106.0
232.0
159.0
96.0
172.0
151.0
84.0
118.0
240.0
98.0
227.0
98.0
99.0
60.0
105.0
90.0
134.0
187.0
99.0
86.0
96.0
118.0
164.0
160.0
128.0
61.0
237.0
81.0
225.0
104.0
162.0
75.0
282.0
93.0
184.0
124.0
107.0
153.0
76.0
98.0
118.0
159.0
182.0
123.0
76.0
136.0
127.0
112.0
64.0
196.0
107.0
246.0
73.0
59.0
183.0
235.0
66.0
137.0
87.0
111.0
49.0
142.0
150.0
209.0
75.0
144.0
140.0
82.0
153.0
153.0
122.0
188.0
117.0
113.0
173.0
282.0
127.0
130.0
84.0
127.0
267.0
188.0
104.0
89.0
218.0
87.0
87.0
80.0
82.0
111.0
206.0
98.0
129.0
101.0
200.0
96.0
96.0
168.0
163.0
62.0
311.0
146.0
154.0
92.0
118.0
202.0
175.0
89.0
115.0
125.0
140.0
172.0
186.0
89.0
111.0
175.0
113.0
76.0
102.0
115.0
130.0
151.0
163.0
108.0
131.0
141.0
97.0
73.0
100.0
91.0
130.0
165.0
91.0
103.0
110.0
191.0
120.0
125.0
45.0
110.0
114.0
145.0
115.0
158.0
144.0
172.0
103.0
110.0
154.0
141.0
104.0
55.0
134.0
165.0
193.0
124.0
146.0
104.0
81.0
86.0
132.0
135.0
107.0
102.0
175.0
58.0
137.0
103.0
87.0
109.0
85.0
108.0
124.0
89.0
130.0
137.0
228.0
108.0
125.0
106.0
173.0
215.0
165.0
89.0
91.0
137.0
140.0
131.0
127.0
78.0
103.0
112.0
106.0
125.0
101.0
127.0
76.0
73.0
82.0
88.0
152.0
166.0
96.0
116.0
116.0
99.0
122.0
140.0
107.0
88.0
115.0
117.0
97.0
107.0
79.0
96.0
101.0
121.0
121.0
102.0
87.0
76.0
80.0
164.0
197.0
108.0
166.0
137.0
162.0
141.0
134.0
106.0
129.0
122.0
71.0
180.0
155.0
155.0
82.0
175.0
175.0
153.0
103.0
83.0
134.0
80.0
80.0
88.0
155.0
131.0
72.0
116.0
65.0
105.0
87.0
103.0
131.0
151.0
183.0
182.0
138.0
206.0
154.0
138.0
103.0
111.0
197.0
137.0
144.0
73.0
148.0
58.0
99.0
145.0
160.0
160.0
183.0
157.0
127.0
86.0
148.0
138.0
152.0
79.0
219.0
107.0
143.0
71.0
115.0
101.0
115.0
138.0
114.0
83.0
130.0
144.0
104.0
89.0
114.0
78.0
154.0
90.0
104.0
180.0
121.0
128.0
101.0
104.0
132.0
137.0
193.0
147.0
133.0
148.0
89.0
173.0
200.0
78.0
194.0
72.0
221.0
165.0
114.0
162.0
66.0
180.0
112.0
111.0
109.0
140.0
129.0
93.0
98.0
171.0
185.0
96.0
157.0
101.0
119.0
115.0
238.0
87.0
174.0
114.0
113.0
181.0
185.0
128.0
152.0
140.0
159.0
63.0
92.0
130.0
196.0
139.0
146.0
128.0
169.0
104.0
102.0
125.0
151.0
173.0
114.0
60.0
147.0
126.0
111.0
113.0
147.0
112.0
92.0
65.0
83.0
95.0
161.0
124.0
137.0
170.0
114.0
102.0
176.0
127.0
213.0
69.0
126.0
104.0
112.0
142.0
159.0
96.0
143.0
134.0
149.0
82.0
94.0
121.0
165.0
134.0
110.0
92.0
87.0
143.0
178.0
100.0
101.0
179.0
179.0
144.0
129.0
150.0
186.0
207.0
132.0
118.0
91.0
89.0
163.0
94.0
131.0
225.0
164.0
107.0
75.0
104.0
106.0
98.0
207.0
95.0
158.0
149.0
168.0
167.0
102.0
155.0
68.0
72.0
138.0
137.0
164.0
287.0
144.0
86.0
67.0
120.0
150.0
144.0
74.0
168.0
77.0
143.0
92.0
134.0
134.0
105.0
150.0
86.0
101.0
126.0
183.0
75.0
98.0
130.0
57.0
127.0
68.0
127.0
118.0
107.0
44.0
115.0
142.0
66.0
96.0
93.0
132.0
120.0
116.0
121.0
181.0
182.0
63.0
107.0
169.0
110.0
166.0
144.0
140.0
116.0
202.0
130.0
178.0
153.0
89.0
109.0
135.0
183.0
121.0
129.0
108.0
71.0
97.0
85.0
107.0
143.0
138.0
100.0
112.0
97.0
64.0
127.0
173.0
104.0
108.0
137.0
160.0
244.0
135.0
100.0
153.0
55.0
210.0
168.0
119.0
158.0
92.0
151.0
132.0
97.0
104.0
136.0
185.0
112.0
188.0
126.0
137.0
151.0
171.0
83.0
167.0
97.0
155.0
167.0
55.0
212.0
183.0
105.0
124.0
117.0
142.0
87.0
237.0
129.0
153.0
91.0
157.0
164.0
90.0
95.0
150.0
95.0
89.0
70.0
190.0
77.0
106.0
100.0
177.0
71.0
91.0
179.0
112.0
65.0
144.0
117.0
100.0
110.0
177.0
143.0
93.0
151.0
130.0
176.0
71.0
104.0
248.0
67.0
190.0
143.0
81.0
186.0
125.0
73.0
178.0
199.0
171.0
137.0
151.0
75.0
135.0
64.0
95.0
98.0
154.0
73.0
101.0
132.0
133.0
98.0
98.0
160.0
160.0
90.0
70.0
134.0
174.0
147.0
127.0
68.0
219.0
107.0
73.0
84.0
191.0
172.0
184.0
199.0
109.0
128.0
206.0
155.0
83.0
152.0
80.0
205.0
207.0
136.0
147.0
164.0
172.0
74.0
223.0
90.0
216.0
140.0
111.0
123.0
176.0
83.0
99.0
72.0
238.0
204.0
110.0
120.0
176.0
114.0
115.0
86.0
219.0
106.0
102.0
139.0
184.0
114.0
98.0
146.0
96.0
200.0
97.0
166.0
66.0
179.0
138.0
104.0
146.0
192.0
145.0
149.0
56.0
139.0
180.0
147.0
125.0
153.0
83.0
135.0
111.0
126.0
104.0
82.0
167.0
75.0
136.0
98.0
83.0
146.0
95.0
77.0
130.0
186.0
87.0
69.0
162.0
151.0
123.0
126.0
99.0
116.0
101.0
80.0
101.0
129.0
100.0
99.0
104.0
114.0
126.0
127.0
73.0
138.0
144.0
102.0
126.0
106.0
135.0
138.0
141.0
140.0
65.0
100.0
162.0
121.0
112.0
144.0
149.0
215.0
100.0
83.0
112.0
132.0
173.0
163.0
216.0
135.0
110.0
64.0
185.0
162.0
65.0
244.0
211.0
69.0
126.0
91.0
138.0
98.0
385.0
129.0
144.0
54.0
123.0
103.0
117.0
108.0
82.0
165.0
165.0
173.0
154.0
149.0
137.0
157.0
136.0
135.0
187.0
177.0
117.0
165.0
115.0
128.0
176.0
206.0
250.0
76.0
123.0
89.0
120.0
107.0
112.0
107.0
107.0
105.0
140.0
105.0
117.0
134.0
171.0
126.0
132.0
134.0
71.0
46.0
112.0
198.0
134.0
130.0
126.0
95.0
93.0
122.0
91.0
97.0
119.0
131.0
155.0
143.0
115.0
91.0
162.0
111.0
69.0
101.0
168.0
82.0
276.0
184.0
87.0
184.0
86.0
106.0
132.0
85.0
100.0
159.0
149.0
151.0
111.0
122.0
106.0
163.0
197.0
283.0
161.0
169.0
125.0
122.0
83.0
115.0
114.0
120.0
176.0
190.0
148.0
130.0
145.0
74.0
151.0
84.0
175.0
92.0
89.0
190.0
90.0
208.0
62.0
167.0
167.0
128.0
129.0
141.0
129.0
205.0
49.0
166.0
103.0
163.0
163.0
224.0
94.0
85.0
121.0
122.0
109.0
94.0
115.0
70.0
93.0
102.0
150.0
149.0
98.0
93.0
129.0
88.0
130.0
118.0
77.0
247.0
182.0
100.0
129.0
144.0
107.0
121.0
131.0
168.0
119.0
137.0
122.0
115.0
159.0
101.0
74.0
179.0
122.0
226.0
172.0
159.0
104.0
83.0
146.0
92.0
145.0
142.0
91.0
88.0
155.0
117.0
152.0
124.0
104.0
186.0
125.0
64.0
77.0
174.0
102.0
222.0
90.0
124.0
96.0
143.0
150.0
129.0
237.0
63.0
121.0
190.0
72.0
222.0
57.0
163.0
164.0
113.0
125.0
180.0
127.0
91.0
166.0
127.0
116.0
148.0
156.0
109.0
120.0
127.0
137.0
111.0
155.0
193.0
101.0
154.0
126.0
62.0
118.0
174.0
325.0
103.0
127.0
94.0
65.0
119.0
78.0
172.0
112.0
161.0
135.0
82.0
249.0
158.0
167.0
152.0
134.0
66.0
120.0
113.0
93.0
179.0
206.0
85.0
84.0
151.0
185.0
122.0
110.0
160.0
160.0
104.0
191.0
108.0
95.0
155.0
115.0
126.0
92.0
63.0
49.0
77.0
157.0
263.0
219.0
194.0
144.0
131.0
80.0
68.0
72.0
93.0
77.0
143.0
117.0
185.0
152.0
159.0
128.0
177.0
165.0
92.0
248.0
88.0
158.0
116.0
47.0
161.0
201.0
98.0
126.0
162.0
124.0
223.0
106.0
117.0
152.0
190.0
123.0
151.0
253.0
104.0
85.0
175.0
135.0
210.0
107.0
140.0
151.0
199.0
88.0
135.0
165.0
147.0
101.0
116.0
195.0
119.0
80.0
162.0
91.0
115.0
45.0
170.0
160.0
98.0
158.0
130.0
104.0
103.0
74.0
121.0
149.0
155.0
246.0
186.0
185.0
197.0
161.0
202.0
130.0
83.0
203.0
84.0
192.0
106.0
152.0
77.0
121.0
88.0
139.0
88.0
102.0
80.0
78.0
83.0
168.0
147.0
116.0
76.0
116.0
102.0
174.0
149.0
188.0
59.0
184.0
160.0
102.0
81.0
125.0
64.0
144.0
126.0
97.0
88.0
99.0
157.0
109.0
113.0
95.0
135.0
147.0
88.0
156.0
102.0
192.0
162.0
82.0
213.0
117.0
94.0
51.0
188.0
205.0
186.0
200.0
215.0
104.0
85.0
85.0
74.0
155.0
130.0
190.0
86.0
151.0
103.0
149.0
96.0
58.0
222.0
133.0
98.0
72.0
105.0
229.0
92.0
159.0
171.0
95.0
121.0
155.0
140.0
106.0
69.0
98.0
88.0
125.0
73.0
162.0
93.0
89.0
156.0
147.0
125.0
116.0
93.0
126.0
168.0
177.0
194.0
113.0
255.0
139.0
89.0
103.0
80.0
138.0
74.0
121.0
108.0
77.0
122.0
94.0
128.0
87.0
188.0
177.0
118.0
153.0
143.0
64.0
159.0
88.0
179.0
110.0
93.0
185.0
129.0
99.0
168.0
211.0
88.0
115.0
122.0
167.0
190.0
96.0
136.0
164.0
149.0
73.0
186.0
96.0
84.0
87.0
149.0
198.0
63.0
201.0
135.0
133.0
127.0
120.0
100.0
150.0
110.0
133.0
100.0
146.0
108.0
216.0
134.0
118.0
70.0
143.0
97.0
116.0
177.0
136.0
113.0
140.0
80.0
190.0
172.0
92.0
86.0
167.0
127.0
100.0
104.0
267.0
93.0
90.0
101.0
193.0
116.0
87.0
71.0
119.0
156.0
129.0
104.0
108.0
113.0
138.0
106.0
130.0
101.0
118.0
67.0
193.0
154.0
103.0
126.0
100.0
223.0
170.0
138.0
81.0
174.0
77.0
236.0
167.0
163.0
61.0
96.0
99.0
176.0
173.0
89.0
127.0
125.0
124.0
231.0
92.0
178.0
128.0
95.0
131.0
231.0
144.0
277.0
56.0
237.0
146.0
204.0
193.0
108.0
127.0
64.0
108.0
71.0
230.0
116.0
162.0
140.0
109.0
96.0
105.0
133.0
177.0
100.0
140.0
106.0
69.0
162.0
121.0
136.0
134.0
132.0
123.0
69.0
100.0
183.0
94.0
127.0
120.0
102.0
128.0
100.0
87.0
123.0
69.0
234.0
108.0
160.0
123.0
87.0
97.0
90.0
201.0
76.0
153.0
55.0
75.0
162.0
113.0
122.0
130.0
113.0
118.0
115.0
93.0
177.0
114.0
153.0
223.0
93.0
55.0
150.0
141.0
131.0
192.0
69.0
261.0
67.0
116.0
107.0
182.0
96.0
188.0
142.0
159.0
94.0
99.0
112.0
138.0
116.0
236.0
129.0
90.0
219.0
95.0
68.0
92.0
135.0
107.0
129.0
92.0
103.0
76.0
86.0
66.0
132.0
78.0
130.0
169.0
151.0
160.0
107.0
158.0
146.0
87.0
89.0
94.0
216.0
188.0
58.0
178.0
177.0
149.0
42.0
149.0
115.0
132.0
130.0
111.0
128.0
99.0
107.0
74.0
124.0
123.0
99.0
88.0
104.0
122.0
84.0
79.0
172.0
104.0
67.0
252.0
79.0
126.0
156.0
129.0
176.0
106.0
110.0
109.0
65.0
74.0
82.0
139.0
180.0
101.0
141.0
153.0
135.0
103.0
112.0
140.0
112.0
80.0
147.0
160.0
205.0
224.0
72.0
171.0
89.0
58.0
162.0
107.0
112.0
51.0
105.0
66.0
140.0
95.0
112.0
114.0
76.0
206.0
91.0
134.0
130.0
110.0
172.0
116.0
103.0
137.0
122.0
158.0
132.0
112.0
115.0
122.0
120.0
233.0
95.0
74.0
153.0
104.0
122.0
86.0
140.0
134.0
125.0
86.0
111.0
123.0
130.0
126.0
136.0
226.0
89.0
203.0
107.0
183.0
137.0
112.0
167.0
123.0
115.0
85.0
101.0
82.0
95.0
101.0
103.0
136.0
118.0
108.0
103.0
145.0
89.0
152.0
83.0
81.0
107.0
99.0
97.0
82.0
133.0
213.0
94.0
266.0
160.0
138.0
135.0
91.0
151.0
92.0
210.0
175.0
175.0
72.0
77.0
94.0
189.0
130.0
193.0
151.0
76.0
180.0
65.0
108.0
95.0
158.0
109.0
66.0
134.0
109.0
101.0
137.0
86.0
80.0
89.0
69.0
96.0
137.0
227.0
87.0
171.0
108.0
145.0
90.0
87.0
194.0
95.0
163.0
129.0
177.0
189.0
231.0
113.0
56.0
146.0
115.0
128.0
136.0
129.0
86.0
144.0
119.0
153.0
124.0
153.0
137.0
97.0
122.0
145.0
110.0
85.0
123.0
66.0
93.0
162.0
186.0
95.0
262.0
160.0
201.0
132.0
123.0
91.0
104.0
128.0
122.0
104.0
73.0
102.0
167.0
138.0
132.0
129.0
160.0
153.0
425.0
157.0
141.0
102.0
92.0
144.0
112.0
155.0
140.0
154.0
139.0
159.0
97.0
150.0
52.0
113.0
94.0
72.0
81.0
236.0
104.0
103.0
108.0
130.0
165.0
86.0
267.0
166.0
105.0
127.0
115.0
124.0
85.0
107.0
131.0
182.0
98.0
136.0
154.0
90.0
65.0
176.0
109.0
129.0
103.0
187.0
138.0
93.0
108.0
127.0
64.0
83.0
93.0
70.0
276.0
64.0
260.0
181.0
344.0
92.0
223.0
122.0
162.0
68.0
206.0
168.0
126.0
214.0
116.0
377.0
83.0
170.0
87.0
117.0
97.0
178.0
107.0
222.0
154.0
144.0
163.0
268.0
140.0
92.0
134.0
135.0
161.0
98.0
83.0
249.0
149.0
101.0
108.0
92.0
72.0
123.0
166.0
82.0
130.0
324.0
159.0
159.0
120.0
228.0
117.0
128.0
112.0
150.0
117.0
121.0
116.0
61.0
119.0
133.0
104.0
183.0
129.0
144.0
86.0
126.0
120.0
171.0
153.0
76.0
88.0
123.0
107.0
114.0
118.0
73.0
145.0
161.0
95.0
146.0
169.0
159.0
98.0
90.0
183.0
148.0
189.0
102.0
151.0
85.0
131.0
267.0
95.0
102.0
112.0
112.0
118.0
115.0
236.0
177.0
88.0
113.0
113.0
83.0
75.0
215.0
129.0
154.0
218.0
182.0
109.0
106.0
139.0
77.0
219.0
180.0
82.0
260.0
72.0
115.0
147.0
112.0
87.0
225.0
105.0
336.0
216.0
165.0
102.0
136.0
152.0
172.0
83.0
237.0
106.0
349.0
79.0
129.0
103.0
103.0
58.0
88.0
115.0
88.0
153.0
146.0
108.0
106.0
124.0
173.0
83.0
150.0
97.0
125.0
65.0
136.0
205.0
135.0
100.0
151.0
128.0
81.0
138.0
81.0
77.0
92.0
116.0
147.0
145.0
95.0
204.0
153.0
134.0
66.0
155.0
160.0
145.0
110.0
101.0
70.0
105.0
179.0
134.0
180.0
98.0
103.0
161.0
210.0
219.0
97.0
98.0
98.0
111.0
143.0
147.0
69.0
67.0
99.0
152.0
116.0
131.0
186.0
127.0
138.0
242.0
50.0
104.0
205.0
143.0
117.0
107.0
96.0
143.0
167.0
141.0
169.0
76.0
84.0
218.0
252.0
155.0
212.0
117.0
111.0
194.0
102.0
64.0
118.0
96.0
95.0
113.0
91.0
164.0
149.0
111.0
103.0
192.0
139.0
165.0
102.0
156.0
138.0
166.0
142.0
145.0
165.0
83.0
192.0
90.0
119.0
82.0
191.0
143.0
112.0
112.0
72.0
143.0
96.0
153.0
52.0
100.0
68.0
174.0
67.0
82.0
91.0
101.0
146.0
148.0
114.0
119.0
97.0
122.0
208.0
77.0
97.0
169.0
276.0
177.0
150.0
117.0
231.0
135.0
119.0
159.0
144.0
108.0
87.0
107.0
107.0
147.0
99.0
138.0
102.0
74.0
115.0
168.0
224.0
117.0
166.0
57.0
144.0
105.0
110.0
125.0
147.0
65.0
149.0
151.0
63.0
171.0
153.0
217.0
207.0
165.0
185.0
75.0
71.0
110.0
93.0
122.0
89.0
142.0
219.0
148.0
217.0
99.0
139.0
107.0
91.0
75.0
124.0
224.0
122.0
80.0
105.0
90.0
63.0
70.0
154.0
292.0
196.0
137.0
89.0
152.0
138.0
203.0
113.0
130.0
92.0
85.0
122.0
138.0
72.0
133.0
208.0
100.0
175.0
135.0
87.0
100.0
67.0
140.0
181.0
122.0
158.0
77.0
107.0
80.0
140.0
100.0
168.0
89.0
118.0
131.0
144.0
51.0
93.0
230.0
222.0
95.0
58.0
200.0
121.0
128.0
107.0
109.0
107.0
139.0
101.0
127.0
54.0
54.0
80.0
99.0
209.0
179.0
135.0
212.0
104.0
125.0
91.0
120.0
153.0
97.0
89.0
128.0
120.0
191.0
98.0
107.0
70.0
149.0
200.0
122.0
197.0
126.0
180.0
134.0
111.0
194.0
51.0
186.0
129.0
94.0
99.0
91.0
129.0
75.0
147.0
152.0
85.0
114.0
141.0
191.0
130.0
94.0
131.0
141.0
88.0
137.0
124.0
113.0
132.0
102.0
370.0
109.0
102.0
228.0
181.0
175.0
96.0
74.0
157.0
73.0
80.0
145.0
125.0
142.0
240.0
81.0
118.0
69.0
191.0
111.0
106.0
112.0
114.0
70.0
253.0
182.0
147.0
145.0
225.0
212.0
103.0
84.0
114.0
100.0
95.0
231.0
113.0
101.0
226.0
116.0
160.0
129.0
129.0
238.0
53.0
56.0
152.0
118.0
132.0
135.0
68.0
143.0
100.0
154.0
120.0
162.0
75.0
143.0
190.0
122.0
136.0
244.0
131.0
121.0
185.0
170.0
163.0
123.0
220.0
189.0
93.0
233.0
122.0
138.0
112.0
71.0
155.0
90.0
130.0
124.0
98.0
235.0
51.0
84.0
132.0
102.0
85.0
155.0
150.0
108.0
182.0
101.0
126.0
119.0
115.0
124.0
96.0
115.0
72.0
167.0
167.0
99.0
80.0
1032.0
70.0
67.0
64.0
190.0
105.0
151.0
72.0
151.0
214.0
200.0
101.0
53.0
124.0
146.0
83.0
60.0
145.0
86.0
88.0
71.0
132.0
92.0
81.0
77.0
867.0
109.0
136.0
126.0
123.0
211.0
110.0
113.0
162.0
71.0
157.0
210.0
99.0
134.0
182.0
141.0
164.0
131.0
156.0
106.0
128.0
118.0
247.0
148.0
132.0
109.0
96.0
133.0
138.0
94.0
162.0
212.0
95.0
74.0
191.0
268.0
144.0
185.0
86.0
195.0
125.0
97.0
188.0
164.0
71.0
94.0
245.0
86.0
130.0
113.0
93.0
83.0
93.0
106.0
130.0
167.0
109.0
56.0
139.0
157.0
68.0
138.0
138.0
76.0
63.0
73.0
116.0
71.0
64.0
57.0
215.0
121.0
102.0
108.0
71.0
89.0
182.0
91.0
118.0
92.0
273.0
83.0
106.0
145.0
105.0
234.0
66.0
124.0
233.0
74.0
99.0
90.0
134.0
50.0
86.0
101.0
125.0
142.0
107.0
168.0
142.0
82.0
184.0
135.0
131.0
66.0
214.0
178.0
73.0
111.0
95.0
155.0
70.0
74.0
117.0
95.0
189.0
82.0
156.0
133.0
195.0
115.0
130.0
78.0
130.0
152.0
88.0
83.0
84.0
169.0
204.0
147.0
86.0
105.0
213.0
140.0
65.0
75.0
219.0
218.0
85.0
40.0
101.0
105.0
53.0
157.0
73.0
164.0
47.0
120.0
191.0
148.0
194.0
204.0
88.0
119.0
186.0
100.0
91.0
140.0
100.0
112.0
104.0
86.0
105.0
132.0
121.0
157.0
85.0
123.0
109.0
137.0
80.0
105.0
86.0
141.0
102.0
153.0
134.0
49.0
94.0
128.0
143.0
102.0
80.0
177.0
88.0
180.0
82.0
59.0
150.0
115.0
71.0
49.0
188.0
90.0
200.0
66.0
135.0
126.0
135.0
112.0
69.0
54.0
103.0
265.0
101.0
99.0
163.0
77.0
160.0
165.0
170.0
166.0
162.0
135.0
138.0
110.0
85.0
165.0
161.0
129.0
55.0
136.0
111.0
129.0
126.0
54.0
144.0
200.0
130.0
149.0
115.0
70.0
130.0
85.0
64.0
88.0
146.0
37.0
143.0
169.0
108.0
86.0
110.0
170.0
130.0
486.0
132.0
147.0
156.0
200.0
223.0
77.0
133.0
175.0
122.0
89.0
178.0
57.0
89.0
88.0
142.0
84.0
125.0
120.0
123.0
156.0
115.0
78.0
233.0
109.0
71.0
108.0
113.0
104.0
141.0
173.0
63.0
122.0
147.0
201.0
137.0
164.0
139.0
106.0
114.0
130.0
116.0
118.0
124.0
136.0
109.0
100.0
109.0
116.0
120.0
88.0
79.0
180.0
85.0
129.0
93.0
65.0
119.0
218.0
106.0
100.0
123.0
105.0
164.0
102.0
69.0
61.0
107.0
214.0
162.0
110.0
93.0
82.0
222.0
130.0
166.0
118.0
129.0
115.0
72.0
144.0
194.0
171.0
79.0
129.0
160.0
76.0
91.0
93.0
179.0
50.0
91.0
147.0
84.0
122.0
168.0
123.0
134.0
141.0
117.0
171.0
131.0
197.0
180.0
106.0
102.0
152.0
217.0
176.0
69.0
97.0
78.0
188.0
122.0
201.0
57.0
107.0
138.0
258.0
162.0
92.0
152.0
163.0
120.0
166.0
62.0
154.0
63.0
237.0
174.0
59.0
92.0
272.0
152.0
151.0
97.0
89.0
208.0
201.0
151.0
97.0
199.0
137.0
119.0
98.0
75.0
122.0
62.0
124.0
138.0
61.0
112.0
108.0
105.0
196.0
126.0
79.0
179.0
52.0
188.0
177.0
129.0
57.0
134.0
165.0
148.0
179.0
114.0
158.0
111.0
257.0
97.0
143.0
100.0
76.0
95.0
197.0
82.0
133.0
161.0
222.0
102.0
227.0
86.0
91.0
237.0
198.0
220.0
200.0
80.0
81.0
137.0
97.0
122.0
78.0
188.0
78.0
129.0
70.0
166.0
233.0
86.0
64.0
174.0
195.0
150.0
114.0
81.0
35.0
154.0
109.0
110.0
96.0
104.0
63.0
105.0
203.0
95.0
94.0
180.0
112.0
72.0
266.0
265.0
115.0
72.0
78.0
96.0
211.0
112.0
99.0
204.0
107.0
128.0
38.0
131.0
126.0
323.0
65.0
163.0
238.0
157.0
132.0
120.0
103.0
157.0
179.0
120.0
97.0
79.0
82.0
161.0
105.0
138.0
192.0
143.0
127.0
83.0
181.0
149.0
137.0
109.0
130.0
131.0
99.0
98.0
94.0
232.0
144.0
126.0
152.0
74.0
288.0
98.0
97.0
162.0
131.0
77.0
209.0
150.0
74.0
107.0
91.0
79.0
55.0
74.0
156.0
160.0
149.0
152.0
286.0
74.0
139.0
105.0
189.0
90.0
162.0
125.0
100.0
190.0
97.0
81.0
98.0
96.0
108.0
202.0
149.0
175.0
104.0
176.0
125.0
157.0
102.0
107.0
79.0
69.0
136.0
100.0
137.0
182.0
217.0
70.0
103.0
138.0
74.0
99.0
136.0
122.0
123.0
113.0
168.0
150.0
99.0
128.0
93.0
153.0
135.0
107.0
136.0
76.0
115.0
162.0
120.0
176.0
76.0
90.0
110.0
93.0
247.0
197.0
123.0
131.0
113.0
80.0
192.0
175.0
126.0
141.0
175.0
88.0
112.0
152.0
139.0
149.0
98.0
78.0
225.0
170.0
56.0
132.0
90.0
102.0
58.0
148.0
74.0
134.0
131.0
158.0
107.0
199.0
232.0
196.0
99.0
83.0
127.0
67.0
119.0
151.0
66.0
104.0
130.0
83.0
126.0
94.0
207.0
75.0
117.0
203.0
187.0
175.0
181.0
149.0
74.0
128.0
115.0
183.0
108.0
146.0
244.0
145.0
192.0
177.0
93.0
160.0
71.0
279.0
87.0
120.0
120.0
82.0
90.0
90.0
128.0
79.0
110.0
353.0
136.0
161.0
81.0
149.0
124.0
121.0
93.0
130.0
43.0
103.0
92.0
134.0
54.0
89.0
130.0
125.0
94.0
123.0
256.0
138.0
119.0
107.0
130.0
125.0
125.0
99.0
209.0
78.0
102.0
141.0
111.0
114.0
118.0
763.0
115.0
79.0
96.0
118.0
152.0
86.0
222.0
97.0
91.0
131.0
143.0
225.0
136.0
122.0
57.0
135.0
156.0
95.0
115.0
209.0
124.0
96.0
158.0
134.0
312.0
102.0
96.0
143.0
172.0
70.0
120.0
98.0
187.0
70.0
107.0
109.0
79.0
114.0
277.0
115.0
123.0
69.0
316.0
87.0
127.0
248.0
148.0
104.0
62.0
153.0
81.0
157.0
84.0
161.0
210.0
139.0
162.0
108.0
137.0
159.0
94.0
98.0
143.0
57.0
172.0
133.0
100.0
104.0
104.0
475.0
76.0
52.0
188.0
143.0
65.0
210.0
80.0
205.0
169.0
75.0
74.0
91.0
94.0
123.0
205.0
99.0
187.0
121.0
125.0
162.0
171.0
180.0
154.0
102.0
158.0
110.0
146.0
70.0
136.0
121.0
80.0
91.0
137.0
220.0
55.0
143.0
107.0
112.0
115.0
195.0
119.0
75.0
103.0
70.0
176.0
363.0
113.0
98.0
150.0
226.0
58.0
109.0
74.0
46.0
255.0
79.0
146.0
184.0
168.0
160.0
142.0
59.0
158.0
138.0
76.0
130.0
179.0
129.0
189.0
84.0
102.0
121.0
153.0
137.0
77.0
65.0
741.0
97.0
141.0
92.0
84.0
146.0
167.0
143.0
148.0
112.0
140.0
131.0
81.0
212.0
128.0
136.0
133.0
98.0
82.0
152.0
110.0
111.0
114.0
105.0
92.0
66.0
77.0
1267.0
70.0
101.0
177.0
149.0
82.0
94.0
134.0
61.0
177.0
117.0
85.0
136.0
307.0
88.0
77.0
121.0
114.0
63.0
102.0
146.0
282.0
116.0
46.0
56.0
128.0
121.0
131.0
158.0
140.0
189.0
167.0
98.0
133.0
70.0
126.0
152.0
195.0
144.0
58.0
428.0
132.0
85.0
189.0
193.0
177.0
144.0
101.0
125.0
129.0
110.0
88.0
162.0
279.0
135.0
158.0
133.0
119.0
68.0
157.0
62.0
70.0
90.0
217.0
204.0
64.0
69.0
92.0
191.0
79.0
72.0
288.0
145.0
319.0
91.0
125.0
108.0
101.0
183.0
113.0
293.0
117.0
63.0
83.0
85.0
109.0
87.0
148.0
106.0
126.0
79.0
90.0
138.0
92.0
116.0
79.0
85.0
64.0
116.0
225.0
120.0
150.0
63.0
63.0
236.0
200.0
134.0
86.0
184.0
82.0
66.0
167.0
151.0
221.0
222.0
139.0
86.0
267.0
98.0
146.0
116.0
80.0
85.0
101.0
222.0
174.0
155.0
129.0
153.0
152.0
229.0
189.0
261.0
138.0
104.0
74.0
93.0
193.0
86.0
117.0
201.0
148.0
80.0
324.0
94.0
111.0
117.0
90.0
101.0
112.0
58.0
137.0
101.0
107.0
81.0
239.0
129.0
93.0
135.0
156.0
127.0
124.0
132.0
163.0
92.0
97.0
121.0
184.0
175.0
160.0
98.0
54.0
113.0
118.0
147.0
194.0
108.0
175.0
81.0
64.0
87.0
293.0
66.0
188.0
69.0
122.0
136.0
123.0
84.0
173.0
110.0
84.0
71.0
100.0
63.0
91.0
124.0
132.0
265.0
125.0
63.0
216.0
78.0
197.0
92.0
217.0
98.0
268.0
151.0
128.0
112.0
113.0
80.0
88.0
131.0
113.0
164.0
154.0
164.0
174.0
207.0
131.0
94.0
140.0
106.0
99.0
126.0
95.0
80.0
99.0
144.0
97.0
254.0
135.0
254.0
54.0
114.0
188.0
129.0
101.0
117.0
199.0
122.0
87.0
106.0
161.0
120.0
128.0
127.0
172.0
106.0
156.0
66.0
172.0
96.0
66.0
63.0
79.0
148.0
79.0
88.0
133.0
145.0
87.0
80.0
156.0
80.0
98.0
234.0
101.0
166.0
183.0
141.0
86.0
116.0
219.0
90.0
227.0
123.0
78.0
155.0
102.0
154.0
78.0
127.0
142.0
68.0
127.0
58.0
189.0
90.0
248.0
124.0
73.0
138.0
101.0
55.0
63.0
81.0
137.0
86.0
137.0
117.0
147.0
111.0
87.0
235.0
116.0
86.0
146.0
212.0
116.0
72.0
184.0
154.0
84.0
93.0
102.0
95.0
155.0
239.0
143.0
100.0
143.0
114.0
116.0
117.0
110.0
164.0
97.0
114.0
147.0
96.0
133.0
82.0
107.0
197.0
106.0
127.0
298.0
205.0
228.0
89.0
107.0
60.0
109.0
125.0
65.0
234.0
169.0
161.0
74.0
87.0
74.0
172.0
118.0
55.0
167.0
103.0
116.0
229.0
138.0
126.0
90.0
168.0
134.0
71.0
168.0
126.0
91.0
91.0
175.0
131.0
192.0
96.0
128.0
105.0
157.0
122.0
112.0
83.0
186.0
160.0
114.0
185.0
152.0
77.0
107.0
123.0
108.0
125.0
181.0
261.0
89.0
186.0
132.0
132.0
221.0
105.0
83.0
124.0
89.0
183.0
58.0
226.0
146.0
59.0
114.0
104.0
166.0
132.0
126.0
95.0
185.0
97.0
100.0
108.0
95.0
86.0
168.0
129.0
140.0
130.0
105.0
142.0
78.0
76.0
207.0
82.0
92.0
129.0
106.0
157.0
163.0
105.0
90.0
158.0
268.0
130.0
138.0
87.0
221.0
73.0
224.0
128.0
114.0
213.0
119.0
119.0
84.0
78.0
102.0
149.0
47.0
88.0
158.0
284.0
89.0
106.0
148.0
145.0
149.0
106.0
181.0
127.0
78.0
133.0
124.0
124.0
88.0
155.0
124.0
77.0
182.0
109.0
155.0
235.0
285.0
121.0
94.0
123.0
166.0
112.0
82.0
212.0
56.0
201.0
164.0
99.0
71.0
148.0
152.0
167.0
324.0
195.0
87.0
126.0
128.0
196.0
191.0
125.0
63.0
75.0
161.0
81.0
126.0
155.0
128.0
113.0
121.0
201.0
130.0
79.0
194.0
65.0
109.0
105.0
125.0
87.0
32.0
124.0
149.0
102.0
106.0
102.0
159.0
153.0
223.0
125.0
93.0
101.0
156.0
116.0
98.0
179.0
65.0
67.0
282.0
65.0
145.0
101.0
140.0
97.0
250.0
81.0
194.0
155.0
71.0
99.0
93.0
78.0
167.0
190.0
92.0
107.0
64.0
183.0
118.0
84.0
158.0
115.0
115.0
146.0
77.0
66.0
183.0
106.0
65.0
71.0
77.0
164.0
138.0
126.0
196.0
64.0
136.0
48.0
63.0
341.0
116.0
149.0
164.0
177.0
104.0
131.0
102.0
152.0
134.0
56.0
280.0
79.0
90.0
92.0
119.0
290.0
81.0
173.0
137.0
63.0
112.0
168.0
155.0
131.0
87.0
117.0
78.0
183.0
165.0
61.0
89.0
227.0
96.0
123.0
106.0
135.0
102.0
108.0
74.0
100.0
139.0
182.0
169.0
162.0
87.0
155.0
149.0
85.0
77.0
128.0
88.0
203.0
158.0
147.0
130.0
128.0
178.0
118.0
94.0
114.0
120.0
117.0
83.0
49.0
111.0
85.0
220.0
136.0
121.0
139.0
139.0
85.0
213.0
153.0
88.0
92.0
79.0
68.0
124.0
126.0
155.0
105.0
194.0
163.0
82.0
245.0
213.0
104.0
97.0
79.0
107.0
145.0
75.0
99.0
118.0
99.0
123.0
137.0
115.0
244.0
150.0
211.0
126.0
118.0
146.0
119.0
137.0
113.0
129.0
144.0
110.0
224.0
129.0
114.0
166.0
122.0
123.0
149.0
176.0
180.0
136.0
102.0
376.0
108.0
99.0
136.0
144.0
100.0
270.0
97.0
74.0
66.0
125.0
134.0
93.0
95.0
57.0
158.0
119.0
100.0
214.0
249.0
126.0
127.0
141.0
542.0
100.0
109.0
91.0
200.0
97.0
164.0
51.0
93.0
162.0
129.0
120.0
131.0
66.0
68.0
112.0
134.0
132.0
161.0
114.0
139.0
120.0
119.0
181.0
155.0
116.0
112.0
89.0
89.0
83.0
97.0
156.0
120.0
114.0
80.0
90.0
98.0
155.0
129.0
123.0
240.0
326.0
73.0
62.0
205.0
125.0
213.0
144.0
117.0
157.0
170.0
125.0
133.0
142.0
96.0
82.0
79.0
109.0
301.0
150.0
175.0
106.0
176.0
89.0
372.0
183.0
65.0
52.0
234.0
118.0
77.0
88.0
100.0
89.0
75.0
189.0
207.0
105.0
123.0
113.0
331.0
162.0
217.0
109.0
134.0
84.0
89.0
231.0
150.0
139.0
109.0
158.0
134.0
115.0
75.0
149.0
137.0
108.0
131.0
260.0
90.0
100.0
122.0
109.0
82.0
145.0
142.0
44.0
80.0
100.0
84.0
102.0
92.0
122.0
91.0
166.0
124.0
76.0
126.0
89.0
144.0
174.0
87.0
125.0
256.0
85.0
129.0
243.0
58.0
88.0
95.0
140.0
153.0
167.0
168.0
117.0
196.0
125.0
152.0
132.0
186.0
101.0
104.0
198.0
106.0
103.0
158.0
75.0
277.0
87.0
122.0
215.0
107.0
100.0
116.0
143.0
133.0
113.0
109.0
155.0
109.0
154.0
160.0
60.0
129.0
137.0
110.0
141.0
110.0
123.0
67.0
82.0
55.0
147.0
73.0
143.0
128.0
139.0
281.0
148.0
138.0
130.0
105.0
198.0
188.0
74.0
148.0
84.0
105.0
90.0
65.0
159.0
122.0
84.0
70.0
116.0
93.0
139.0
128.0
118.0
120.0
141.0
75.0
123.0
130.0
123.0
85.0
217.0
162.0
145.0
85.0
107.0
106.0
113.0
107.0
82.0
109.0
150.0
143.0
234.0
115.0
61.0
116.0
140.0
84.0
143.0
231.0
188.0
92.0
227.0
164.0
79.0
245.0
73.0
167.0
98.0
240.0
412.0
81.0
188.0
89.0
193.0
317.0
87.0
118.0
198.0
159.0
122.0
83.0
131.0
109.0
155.0
108.0
170.0
115.0
161.0
102.0
89.0
118.0
140.0
97.0
113.0
56.0
123.0
65.0
89.0
131.0
85.0
204.0
90.0
181.0
136.0
118.0
162.0
182.0
128.0
187.0
130.0
110.0
130.0
151.0
130.0
191.0
162.0
53.0
191.0
126.0
181.0
108.0
162.0
126.0
131.0
154.0
170.0
96.0
99.0
167.0
101.0
125.0
216.0
77.0
111.0
59.0
205.0
112.0
79.0
186.0
107.0
105.0
177.0
94.0
202.0
312.0
163.0
117.0
115.0
121.0
158.0
104.0
93.0
182.0
59.0
112.0
127.0
165.0
149.0
107.0
145.0
160.0
158.0
167.0
265.0
87.0
164.0
142.0
158.0
187.0
75.0
165.0
175.0
118.0
143.0
98.0
96.0
129.0
169.0
76.0
168.0
110.0
156.0
81.0
103.0
70.0
49.0
163.0
177.0
83.0
144.0
58.0
136.0
97.0
112.0
106.0
160.0
137.0
94.0
98.0
113.0
162.0
139.0
137.0
89.0
197.0
111.0
166.0
177.0
68.0
152.0
172.0
122.0
196.0
132.0
76.0
62.0
124.0
161.0
128.0
148.0
114.0
73.0
102.0
147.0
148.0
115.0
120.0
134.0
84.0
160.0
76.0
348.0
215.0
106.0
120.0
113.0
79.0
130.0
82.0
151.0
56.0
120.0
172.0
244.0
83.0
301.0
176.0
136.0
119.0
185.0
72.0
93.0
94.0
101.0
119.0
60.0
166.0
103.0
104.0
194.0
132.0
118.0
280.0
140.0
92.0
195.0
91.0
185.0
80.0
122.0
118.0
194.0
74.0
106.0
80.0
147.0
150.0
219.0
103.0
148.0
190.0
135.0
159.0
85.0
116.0
86.0
78.0
108.0
229.0
114.0
109.0
134.0
102.0
175.0
111.0
178.0
84.0
50.0
132.0
201.0
117.0
76.0
110.0
245.0
103.0
192.0
105.0
78.0
172.0
150.0
97.0
127.0
99.0
118.0
258.0
122.0
70.0
164.0
102.0
129.0
208.0
196.0
132.0
117.0
124.0
111.0
142.0
143.0
70.0
141.0
80.0
118.0
207.0
103.0
59.0
284.0
132.0
201.0
142.0
75.0
214.0
133.0
146.0
179.0
169.0
104.0
122.0
80.0
104.0
99.0
76.0
76.0
75.0
103.0
118.0
83.0
116.0
114.0
123.0
123.0
66.0
132.0
114.0
136.0
117.0
148.0
149.0
134.0
65.0
115.0
127.0
331.0
83.0
47.0
165.0
109.0
90.0
125.0
115.0
110.0
164.0
140.0
183.0
121.0
88.0
158.0
112.0
214.0
126.0
84.0
73.0
156.0
222.0
126.0
112.0
181.0
76.0
119.0
70.0
118.0
97.0
84.0
93.0
173.0
83.0
137.0
126.0
123.0
182.0
150.0
87.0
126.0
143.0
73.0
112.0
114.0
273.0
170.0
201.0
158.0
107.0
199.0
138.0
79.0
122.0
155.0
145.0
89.0
175.0
91.0
135.0
54.0
107.0
120.0
198.0
145.0
49.0
150.0
202.0
149.0
75.0
124.0
60.0
178.0
178.0
120.0
62.0
85.0
183.0
146.0
51.0
119.0
71.0
162.0
133.0
205.0
113.0
132.0
90.0
112.0
80.0
121.0
100.0
102.0
140.0
159.0
122.0
130.0
145.0
122.0
139.0
93.0
177.0
169.0
139.0
127.0
117.0
173.0
157.0
171.0
112.0
258.0
192.0
125.0
76.0
185.0
83.0
135.0
55.0
115.0
131.0
187.0
192.0
108.0
221.0
150.0
169.0
89.0
142.0
154.0
124.0
155.0
125.0
85.0
115.0
134.0
93.0
222.0
144.0
101.0
213.0
158.0
94.0
117.0
95.0
112.0
107.0
97.0
127.0
119.0
175.0
241.0
51.0
147.0
156.0
78.0
101.0
136.0
102.0
107.0
87.0
158.0
115.0
196.0
92.0
77.0
114.0
139.0
185.0
128.0
181.0
111.0
150.0
160.0
98.0
128.0
117.0
106.0
90.0
134.0
190.0
97.0
155.0
107.0
62.0
119.0
111.0
81.0
107.0
166.0
179.0
121.0
116.0
93.0
216.0
110.0
128.0
113.0
124.0
177.0
80.0
230.0
118.0
78.0
152.0
178.0
104.0
118.0
142.0
93.0
118.0
81.0
164.0
194.0
116.0
107.0
139.0
115.0
135.0
123.0
135.0
131.0
145.0
124.0
164.0
165.0
233.0
145.0
149.0
67.0
141.0
132.0
86.0
74.0
103.0
94.0
124.0
92.0
145.0
346.0
136.0
124.0
78.0
102.0
188.0
176.0
150.0
158.0
70.0
109.0
126.0
147.0
67.0
131.0
143.0
82.0
93.0
169.0
144.0
152.0
126.0
87.0
125.0
114.0
162.0
90.0
123.0
101.0
115.0
66.0
148.0
128.0
131.0
117.0
140.0
117.0
123.0
145.0
193.0
97.0
125.0
149.0
115.0
146.0
104.0
79.0
78.0
87.0
144.0
65.0
151.0
117.0
197.0
77.0
120.0
163.0
132.0
149.0
114.0
85.0
142.0
119.0
87.0
149.0
71.0
186.0
150.0
120.0
216.0
75.0
103.0
104.0
108.0
129.0
277.0
154.0
79.0
165.0
100.0
178.0
111.0
140.0
222.0
122.0
139.0
49.0
158.0
93.0
145.0
130.0
104.0
76.0
195.0
169.0
115.0
130.0
184.0
114.0
77.0
139.0
168.0
117.0
141.0
81.0
97.0
108.0
99.0
171.0
66.0
105.0
126.0
182.0
110.0
105.0
80.0
109.0
122.0
134.0
129.0
151.0
144.0
176.0
178.0
96.0
92.0
98.0
111.0
117.0
83.0
83.0
150.0
176.0
55.0
155.0
103.0
178.0
125.0
89.0
93.0
110.0
106.0
101.0
106.0
143.0
113.0
194.0
135.0
240.0
69.0
135.0
150.0
131.0
76.0
123.0
116.0
248.0
380.0
123.0
96.0
107.0
178.0
112.0
51.0
92.0
106.0
129.0
126.0
145.0
104.0
137.0
136.0
202.0
159.0
52.0
154.0
131.0
223.0
182.0
89.0
109.0
115.0
417.0
92.0
94.0
114.0
200.0
156.0
124.0
73.0
78.0
152.0
125.0
147.0
154.0
172.0
156.0
107.0
63.0
141.0
78.0
151.0
131.0
88.0
123.0
145.0
81.0
167.0
97.0
109.0
87.0
169.0
93.0
96.0
86.0
172.0
69.0
150.0
131.0
122.0
160.0
222.0
80.0
165.0
221.0
287.0
209.0
94.0
65.0
206.0
70.0
132.0
109.0
103.0
147.0
166.0
78.0
163.0
82.0
87.0
162.0
126.0
160.0
172.0
132.0
74.0
226.0
176.0
73.0
111.0
109.0
215.0
132.0
169.0
100.0
196.0
134.0
154.0
136.0
135.0
183.0
159.0
180.0
129.0
132.0
138.0
101.0
111.0
127.0
183.0
93.0
80.0
105.0
93.0
132.0
117.0
153.0
191.0
151.0
211.0
97.0
121.0
157.0
85.0
332.0
80.0
204.0
107.0
97.0
149.0
125.0
124.0
142.0
87.0
75.0
184.0
108.0
135.0
217.0
96.0
123.0
165.0
60.0
119.0
80.0
89.0
108.0
113.0
216.0
128.0
92.0
105.0
144.0
287.0
84.0
124.0
229.0
94.0
77.0
139.0
99.0
115.0
218.0
101.0
97.0
93.0
150.0
121.0
91.0
126.0
94.0
127.0
133.0
79.0
124.0
246.0
105.0
106.0
104.0
191.0
120.0
150.0
175.0
110.0
199.0
117.0
167.0
139.0
177.0
160.0
158.0
90.0
163.0
87.0
87.0
106.0
101.0
135.0
105.0
88.0
128.0
201.0
80.0
117.0
67.0
169.0
136.0
157.0
144.0
125.0
149.0
97.0
123.0
157.0
93.0
99.0
94.0
114.0
104.0
205.0
215.0
173.0
97.0
166.0
79.0
230.0
98.0
155.0
120.0
95.0
150.0
78.0
163.0
115.0
76.0
155.0
89.0
106.0
108.0
117.0
139.0
96.0
103.0
103.0
128.0
96.0
104.0
196.0
235.0
84.0
133.0
168.0
116.0
90.0
86.0
126.0
93.0
137.0
129.0
148.0
157.0
198.0
180.0
251.0
117.0
102.0
103.0
139.0
65.0
159.0
156.0
132.0
195.0
162.0
166.0
183.0
97.0
101.0
68.0
203.0
194.0
114.0
67.0
57.0
103.0
67.0
95.0
174.0
173.0
67.0
146.0
99.0
166.0
100.0
134.0
240.0
93.0
210.0
141.0
98.0
66.0
123.0
116.0
93.0
182.0
204.0
95.0
124.0
129.0
186.0
120.0
115.0
173.0
151.0
140.0
148.0
125.0
83.0
156.0
64.0
169.0
143.0
134.0
127.0
171.0
110.0
125.0
180.0
137.0
160.0
114.0
80.0
71.0
113.0
103.0
131.0
136.0
85.0
218.0
203.0
137.0
92.0
136.0
89.0
258.0
144.0
159.0
123.0
151.0
184.0
116.0
120.0
88.0
488.0
110.0
126.0
123.0
109.0
111.0
154.0
137.0
112.0
111.0
43.0
91.0
136.0
112.0
95.0
300.0
152.0
119.0
165.0
133.0
199.0
115.0
137.0
106.0
187.0
55.0
156.0
114.0
111.0
126.0
116.0
108.0
171.0
156.0
123.0
113.0
97.0
92.0
90.0
194.0
93.0
141.0
111.0
133.0
137.0
153.0
165.0
97.0
180.0
123.0
263.0
107.0
100.0
100.0
140.0
163.0
147.0
88.0
134.0
93.0
111.0
140.0
118.0
115.0
97.0
100.0
167.0
143.0
114.0
193.0
182.0
85.0
194.0
158.0
426.0
53.0
69.0
147.0
78.0
191.0
115.0
153.0
109.0
110.0
105.0
120.0
129.0
145.0
136.0
149.0
173.0
47.0
171.0
141.0
122.0
82.0
118.0
187.0
106.0
163.0
80.0
149.0
99.0
166.0
243.0
145.0
69.0
115.0
120.0
118.0
113.0
124.0
202.0
150.0
170.0
73.0
163.0
57.0
164.0
237.0
97.0
152.0
97.0
118.0
132.0
127.0
133.0
81.0
150.0
137.0
89.0
76.0
126.0
61.0
170.0
184.0
112.0
182.0
81.0
152.0
137.0
101.0
158.0
74.0
143.0
80.0
127.0
124.0
141.0
92.0
95.0
170.0
109.0
183.0
111.0
150.0
94.0
149.0
93.0
88.0
223.0
149.0
90.0
123.0
104.0
151.0
147.0
172.0
95.0
121.0
220.0
146.0
233.0
219.0
69.0
229.0
122.0
104.0
118.0
89.0
145.0
84.0
169.0
135.0
211.0
99.0
98.0
68.0
168.0
122.0
179.0
108.0
150.0
145.0
108.0
80.0
99.0
95.0
151.0
95.0
103.0
167.0
96.0
113.0
68.0
144.0
138.0
143.0
116.0
151.0
100.0
166.0
142.0
98.0
215.0
105.0
196.0
104.0
178.0
116.0
148.0
328.0
165.0
125.0
222.0
75.0
103.0
88.0
104.0
94.0
209.0
115.0
123.0
110.0
87.0
158.0
143.0
96.0
126.0
155.0
134.0
116.0
163.0
121.0
108.0
115.0
118.0
125.0
103.0
283.0
124.0
124.0
115.0
48.0
93.0
152.0
155.0
175.0
178.0
198.0
80.0
160.0
138.0
130.0
138.0
103.0
152.0
133.0
110.0
163.0
193.0
125.0
186.0
145.0
126.0
141.0
93.0
261.0
134.0
160.0
110.0
112.0
105.0
117.0
84.0
173.0
242.0
122.0
113.0
132.0
117.0
134.0
104.0
146.0
111.0
106.0
155.0
108.0
51.0
143.0
90.0
74.0
138.0
202.0
88.0
139.0
86.0
97.0
122.0
137.0
120.0
219.0
136.0
150.0
115.0
84.0
192.0
152.0
97.0
129.0
96.0
113.0
160.0
64.0
175.0
168.0
50.0
98.0
132.0
93.0
211.0
86.0
214.0
160.0
104.0
211.0
102.0
217.0
99.0
161.0
101.0
216.0
96.0
116.0
102.0
234.0
191.0
163.0
83.0
63.0
151.0
157.0
260.0
126.0
138.0
115.0
167.0
150.0
154.0
130.0
396.0
144.0
128.0
151.0
136.0
96.0
79.0
133.0
187.0
132.0
184.0
93.0
118.0
171.0
113.0
102.0
108.0
123.0
159.0
110.0
108.0
129.0
114.0
158.0
88.0
161.0
90.0
87.0
81.0
92.0
199.0
173.0
120.0
124.0
100.0
109.0
95.0
200.0
110.0
118.0
166.0
94.0
158.0
72.0
118.0
124.0
178.0
136.0
149.0
102.0
156.0
108.0
247.0
149.0
128.0
139.0
148.0
56.0
104.0
119.0
126.0
120.0
72.0
88.0
106.0
87.0
60.0
229.0
90.0
170.0
107.0
103.0
168.0
103.0
131.0
101.0
199.0
103.0
128.0
161.0
124.0
101.0
129.0
129.0
102.0
100.0
127.0
172.0
67.0
135.0
102.0
223.0
88.0
141.0
74.0
192.0
59.0
122.0
159.0
142.0
113.0
116.0
143.0
83.0
146.0
169.0
103.0
106.0
159.0
85.0
152.0
198.0
154.0
155.0
90.0
84.0
131.0
150.0
87.0
151.0
161.0
161.0
158.0
76.0
85.0
187.0
230.0
92.0
84.0
222.0
79.0
157.0
70.0
79.0
135.0
207.0
169.0
81.0
101.0
89.0
149.0
136.0
169.0
87.0
141.0
111.0
169.0
112.0
63.0
184.0
98.0
176.0
162.0
167.0
112.0
126.0
98.0
135.0
273.0
136.0
169.0
82.0
167.0
111.0
111.0
163.0
85.0
92.0
141.0
92.0
177.0
101.0
233.0
227.0
38.0
171.0
155.0
168.0
81.0
146.0
118.0
117.0
229.0
70.0
142.0
140.0
67.0
151.0
193.0
98.0
109.0
274.0
162.0
150.0
133.0
122.0
107.0
81.0
156.0
122.0
153.0
204.0
212.0
185.0
128.0
184.0
160.0
149.0
82.0
124.0
87.0
161.0
117.0
107.0
93.0
90.0
119.0
67.0
196.0
85.0
127.0
244.0
99.0
176.0
81.0
89.0
135.0
112.0
111.0
101.0
94.0
174.0
87.0
155.0
107.0
124.0
140.0
110.0
140.0
35.0
371.0
135.0
131.0
120.0
175.0
165.0
132.0
163.0
136.0
180.0
109.0
83.0
169.0
94.0
290.0
171.0
108.0
138.0
125.0
106.0
112.0
87.0
174.0
193.0
82.0
71.0
74.0
119.0
106.0
149.0
152.0
114.0
137.0
100.0
140.0
105.0
195.0
120.0
165.0
121.0
209.0
170.0
106.0
171.0
127.0
186.0
103.0
207.0
117.0
100.0
138.0
80.0
254.0
99.0
104.0
114.0
176.0
53.0
97.0
114.0
147.0
49.0
210.0
88.0
193.0
70.0
254.0
211.0
112.0
98.0
196.0
177.0
96.0
67.0
228.0
143.0
132.0
94.0
117.0
121.0
105.0
91.0
142.0
95.0
131.0
66.0
107.0
172.0
146.0
140.0
95.0
185.0
125.0
130.0
136.0
172.0
133.0
114.0
188.0
117.0
96.0
135.0
154.0
85.0
184.0
161.0
115.0
137.0
178.0
73.0
183.0
180.0
173.0
140.0
153.0
151.0
143.0
144.0
163.0
152.0
194.0
114.0
134.0
89.0
104.0
70.0
94.0
102.0
150.0
112.0
222.0
85.0
100.0
183.0
113.0
79.0
141.0
213.0
139.0
147.0
208.0
119.0
109.0
180.0
109.0
171.0
222.0
75.0
83.0
113.0
79.0
81.0
261.0
202.0
160.0
131.0
129.0
116.0
99.0
150.0
105.0
94.0
125.0
77.0
240.0
109.0
129.0
143.0
128.0
77.0
174.0
139.0
88.0
111.0
102.0
105.0
122.0
68.0
138.0
74.0
91.0
232.0
108.0
136.0
176.0
104.0
105.0
79.0
145.0
85.0
172.0
97.0
98.0
202.0
111.0
159.0
263.0
102.0
174.0
97.0
147.0
159.0
147.0
125.0
153.0
123.0
158.0
94.0
106.0
143.0
153.0
122.0
207.0
120.0
87.0
113.0
70.0
201.0
127.0
88.0
117.0
199.0
120.0
72.0
154.0
98.0
179.0
108.0
98.0
100.0
112.0
96.0
141.0
106.0
149.0
91.0
77.0
106.0
179.0
67.0
144.0
167.0
134.0
172.0
89.0
98.0
82.0
58.0
121.0
134.0
60.0
142.0
112.0
136.0
175.0
100.0
135.0
186.0
120.0
118.0
119.0
144.0
136.0
87.0
124.0
136.0
113.0
172.0
116.0
109.0
104.0
160.0
141.0
67.0
186.0
67.0
149.0
126.0
77.0
124.0
114.0
85.0
203.0
90.0
92.0
229.0
102.0
124.0
125.0
150.0
220.0
140.0
169.0
138.0
197.0
96.0
106.0
219.0
112.0
164.0
263.0
200.0
111.0
220.0
135.0
166.0
130.0
135.0
110.0
114.0
105.0
93.0
128.0
127.0
130.0
73.0
134.0
107.0
66.0
123.0
106.0
314.0
137.0
151.0
98.0
161.0
186.0
88.0
136.0
114.0
111.0
115.0
141.0
119.0
93.0
99.0
137.0
162.0
101.0
111.0
86.0
147.0
172.0
109.0
176.0
184.0
139.0
159.0
152.0
119.0
100.0
146.0
145.0
111.0
100.0
80.0
258.0
114.0
132.0
169.0
63.0
157.0
106.0
137.0
177.0
139.0
152.0
74.0
184.0
117.0
92.0
92.0
167.0
100.0
120.0
195.0
401.0
155.0
130.0
115.0
88.0
178.0
141.0
98.0
99.0
244.0
107.0
125.0
121.0
112.0
147.0
188.0
157.0
71.0
121.0
166.0
127.0
110.0
116.0
112.0
435.0
105.0
118.0
129.0
105.0
135.0
112.0
115.0
111.0
156.0
102.0
149.0
148.0
64.0
158.0
153.0
232.0
83.0
87.0
137.0
102.0
137.0
137.0
143.0
232.0
152.0
116.0
101.0
68.0
127.0
164.0
109.0
182.0
92.0
121.0
96.0
158.0
135.0
129.0
59.0
170.0
151.0
77.0
83.0
216.0
137.0
120.0
218.0
135.0
131.0
185.0
157.0
86.0
111.0
126.0
93.0
89.0
235.0
111.0
128.0
172.0
70.0
176.0
192.0
129.0
91.0
150.0
102.0
137.0
96.0
126.0
136.0
175.0
458.0
119.0
128.0
93.0
172.0
189.0
122.0
101.0
92.0
155.0
142.0
117.0
142.0
113.0
137.0
120.0
202.0
107.0
146.0
73.0
174.0
135.0
129.0
69.0
122.0
121.0
102.0
136.0
150.0
164.0
157.0
118.0
127.0
189.0
89.0
162.0
208.0
123.0
95.0
159.0
168.0
98.0
84.0
134.0
191.0
174.0
81.0
150.0
83.0
165.0
84.0
97.0
166.0
162.0
156.0
124.0
91.0
92.0
151.0
123.0
155.0
196.0
108.0
92.0
115.0
164.0
214.0
132.0
100.0
123.0
100.0
53.0
220.0
89.0
163.0
220.0
101.0
88.0
76.0
194.0
225.0
143.0
162.0
297.0
104.0
91.0
136.0
97.0
104.0
90.0
120.0
157.0
187.0
222.0
154.0
101.0
109.0
125.0
110.0
125.0
169.0
145.0
149.0
133.0
105.0
134.0
101.0
75.0
129.0
147.0
140.0
145.0
126.0
109.0
173.0
111.0
95.0
140.0
130.0
251.0
113.0
143.0
197.0
160.0
170.0
133.0
102.0
93.0
45.0
142.0
76.0
196.0
136.0
145.0
171.0
137.0
155.0
135.0
136.0
114.0
184.0
136.0
90.0
146.0
72.0
146.0
157.0
170.0
209.0
127.0
246.0
140.0
139.0
164.0
146.0
73.0
103.0
183.0
43.0
127.0
95.0
127.0
133.0
50.0
142.0
74.0
171.0
82.0
135.0
459.0
145.0
185.0
196.0
110.0
187.0
214.0
119.0
387.0
82.0
98.0
143.0
76.0
241.0
182.0
208.0
85.0
103.0
123.0
88.0
113.0
148.0
183.0
138.0
167.0
112.0
112.0
101.0
159.0
97.0
93.0
134.0
79.0
102.0
45.0
205.0
123.0
93.0
159.0
145.0
120.0
101.0
98.0
197.0
85.0
90.0
147.0
91.0
125.0
84.0
116.0
118.0
76.0
200.0
149.0
145.0
93.0
116.0
114.0
133.0
170.0
153.0
73.0
224.0
61.0
102.0
148.0
126.0
188.0
143.0
207.0
134.0
100.0
126.0
143.0
92.0
127.0
113.0
127.0
120.0
120.0
129.0
147.0
112.0
134.0
121.0
140.0
146.0
124.0
235.0
154.0
113.0
138.0
143.0
153.0
75.0
98.0
68.0
128.0
126.0
168.0
84.0
318.0
119.0
158.0
145.0
114.0
127.0
98.0
183.0
166.0
92.0
140.0
77.0
158.0
178.0
49.0
88.0
217.0
69.0
183.0
137.0
132.0
208.0
86.0
133.0
193.0
75.0
153.0
147.0
142.0
120.0
105.0
174.0
153.0
92.0
66.0
110.0
114.0
113.0
73.0
123.0
138.0
182.0
134.0
77.0
145.0
135.0
196.0
111.0
197.0
147.0
143.0
84.0
115.0
196.0
178.0
64.0
126.0
103.0
187.0
104.0
119.0
185.0
154.0
66.0
141.0
167.0
210.0
61.0
293.0
72.0
83.0
78.0
116.0
155.0
84.0
98.0
166.0
107.0
162.0
103.0
110.0
86.0
106.0
149.0
146.0
109.0
279.0
156.0
126.0
108.0
121.0
143.0
88.0
167.0
169.0
167.0
153.0
139.0
168.0
101.0
153.0
177.0
163.0
129.0
128.0
131.0
102.0
165.0
91.0
125.0
117.0
196.0
255.0
181.0
80.0
98.0
112.0
113.0
115.0
85.0
121.0
167.0
147.0
91.0
220.0
128.0
179.0
161.0
124.0
141.0
122.0
157.0
175.0
104.0
125.0
142.0
126.0
208.0
102.0
94.0
133.0
137.0
275.0
95.0
154.0
170.0
119.0
93.0
110.0
149.0
156.0
199.0
199.0
72.0
92.0
118.0
252.0
172.0
179.0
108.0
116.0
152.0
91.0
119.0
132.0
116.0
116.0
87.0
147.0
182.0
90.0
129.0
112.0
161.0
231.0
56.0
155.0
85.0
160.0
54.0
86.0
182.0
198.0
123.0
114.0
88.0
145.0
106.0
399.0
162.0
109.0
154.0
145.0
178.0
118.0
80.0
131.0
183.0
203.0
109.0
58.0
155.0
161.0
109.0
202.0
148.0
102.0
249.0
84.0
107.0
125.0
112.0
126.0
146.0
202.0
117.0
204.0
98.0
175.0
78.0
108.0
106.0
148.0
99.0
148.0
151.0
105.0
178.0
116.0
135.0
125.0
179.0
146.0
152.0
129.0
149.0
71.0
122.0
273.0
122.0
104.0
178.0
168.0
137.0
76.0
107.0
122.0
138.0
308.0
112.0
130.0
103.0
207.0
124.0
153.0
128.0
429.0
126.0
148.0
239.0
136.0
157.0
139.0
82.0
170.0
123.0
107.0
94.0
366.0
146.0
181.0
93.0
145.0
97.0
199.0
71.0
130.0
173.0
83.0
114.0
127.0
100.0
130.0
93.0
130.0
283.0
95.0
110.0
152.0
150.0
141.0
90.0
153.0
108.0
137.0
55.0
151.0
84.0
71.0
216.0
123.0
103.0
110.0
186.0
155.0
218.0
118.0
143.0
105.0
152.0
73.0
102.0
115.0
86.0
112.0
139.0
128.0
77.0
115.0
126.0
183.0
150.0
196.0
120.0
104.0
210.0
145.0
128.0
234.0
124.0
160.0
111.0
133.0
148.0
106.0
209.0
152.0
96.0
197.0
116.0
96.0
112.0
242.0
172.0
95.0
101.0
118.0
158.0
139.0
60.0
142.0
120.0
121.0
173.0
123.0
99.0
108.0
128.0
113.0
79.0
87.0
84.0
198.0
103.0
201.0
157.0
153.0
152.0
190.0
76.0
134.0
125.0
155.0
142.0
210.0
59.0
126.0
71.0
142.0
123.0
93.0
87.0
173.0
156.0
128.0
141.0
125.0
73.0
181.0
103.0
133.0
128.0
119.0
153.0
148.0
133.0
143.0
46.0
149.0
142.0
285.0
112.0
131.0
157.0
119.0
113.0
219.0
99.0
106.0
118.0
148.0
154.0
93.0
74.0
132.0
131.0
134.0
176.0
107.0
123.0
104.0
90.0
56.0
163.0
82.0
161.0
110.0
252.0
111.0
151.0
149.0
121.0
165.0
133.0
107.0
83.0
224.0
126.0
141.0
142.0
93.0
65.0
116.0
127.0
106.0
147.0
173.0
189.0
113.0
195.0
177.0
124.0
158.0
182.0
158.0
161.0
66.0
120.0
146.0
117.0
104.0
109.0
145.0
150.0
75.0
167.0
109.0
92.0
115.0
74.0
147.0
104.0
110.0
119.0
99.0
57.0
117.0
129.0
109.0
73.0
168.0
132.0
111.0
113.0
180.0
110.0
102.0
89.0
134.0
114.0
108.0
116.0
141.0
99.0
165.0
102.0
146.0
169.0
159.0
139.0
134.0
100.0
205.0
153.0
83.0
155.0
115.0
126.0
152.0
150.0
169.0
121.0
120.0
123.0
181.0
106.0
85.0
167.0
84.0
226.0
200.0
81.0
160.0
121.0
248.0
128.0
94.0
108.0
54.0
158.0
137.0
124.0
138.0
160.0
230.0
139.0
134.0
294.0
64.0
188.0
185.0
184.0
122.0
112.0
139.0
155.0
107.0
122.0
145.0
110.0
152.0
151.0
189.0
157.0
98.0
140.0
382.0
145.0
127.0
86.0
141.0
55.0
90.0
134.0
94.0
162.0
156.0
123.0
113.0
116.0
86.0
104.0
107.0
85.0
129.0
151.0
160.0
130.0
100.0
182.0
135.0
96.0
78.0
115.0
149.0
141.0
171.0
109.0
81.0
134.0
119.0
96.0
101.0
133.0
123.0
133.0
135.0
96.0
150.0
257.0
162.0
122.0
160.0
208.0
122.0
129.0
148.0
117.0
88.0
94.0
168.0
166.0
119.0
164.0
171.0
185.0
63.0
110.0
267.0
142.0
102.0
152.0
135.0
142.0
108.0
123.0
150.0
77.0
177.0
121.0
131.0
115.0
558.0
83.0
159.0
175.0
168.0
135.0
105.0
77.0
97.0
194.0
137.0
110.0
93.0
108.0
125.0
150.0
99.0
146.0
79.0
166.0
85.0
106.0
87.0
264.0
81.0
138.0
96.0
128.0
123.0
174.0
138.0
154.0
128.0
109.0
103.0
189.0
150.0
125.0
85.0
136.0
190.0
196.0
117.0
143.0
122.0
143.0
161.0
104.0
139.0
195.0
109.0
98.0
199.0
99.0
51.0
132.0
140.0
164.0
126.0
142.0
116.0
66.0
115.0
119.0
202.0
93.0
206.0
114.0
108.0
179.0
95.0
127.0
110.0
138.0
127.0
97.0
173.0
93.0
225.0
92.0
239.0
146.0
126.0
144.0
166.0
86.0
169.0
81.0
93.0
111.0
161.0
113.0
121.0
201.0
248.0
104.0
96.0
195.0
110.0
148.0
123.0
163.0
112.0
105.0
176.0
129.0
147.0
155.0
127.0
219.0
147.0
168.0
131.0
133.0
119.0
130.0
118.0
91.0
84.0
200.0
104.0
107.0
144.0
213.0
135.0
100.0
89.0
90.0
95.0
116.0
144.0
112.0
167.0
145.0
132.0
79.0
233.0
114.0
172.0
100.0
143.0
94.0
85.0
138.0
149.0
98.0
131.0
126.0
120.0
111.0
200.0
173.0
143.0
142.0
104.0
152.0
107.0
167.0
55.0
177.0
116.0
187.0
60.0
157.0
255.0
79.0
198.0
69.0
104.0
148.0
136.0
162.0
306.0
100.0
90.0
90.0
144.0
119.0
209.0
70.0
167.0
117.0
134.0
140.0
96.0
138.0
149.0
69.0
90.0
71.0
111.0
156.0
107.0
97.0
131.0
162.0
187.0
188.0
142.0
183.0
153.0
165.0
137.0
167.0
77.0
100.0
89.0
211.0
122.0
70.0
159.0
139.0
122.0
183.0
151.0
111.0
117.0
186.0
106.0
87.0
159.0
139.0
73.0
158.0
122.0
93.0
67.0
109.0
196.0
127.0
131.0
114.0
109.0
96.0
184.0
151.0
75.0
163.0
213.0
175.0
88.0
118.0
203.0
113.0
186.0
197.0
131.0
108.0
199.0
139.0
135.0
127.0
156.0
165.0
113.0
185.0
193.0
69.0
257.0
143.0
106.0
111.0
68.0
156.0
182.0
211.0
316.0
132.0
134.0
229.0
89.0
122.0
107.0
98.0
90.0
129.0
165.0
179.0
221.0
114.0
200.0
90.0
85.0
192.0
127.0
152.0
96.0
125.0
155.0
115.0
92.0
127.0
143.0
132.0
127.0
94.0
85.0
79.0
113.0
131.0
89.0
106.0
106.0
153.0
231.0
119.0
198.0
109.0
99.0
118.0
122.0
111.0
186.0
115.0
106.0
164.0
172.0
156.0
60.0
196.0
191.0
107.0
145.0
120.0
109.0
94.0
140.0
126.0
119.0
78.0
83.0
86.0
132.0
144.0
121.0
188.0
139.0
126.0
138.0
107.0
148.0
103.0
166.0
161.0
177.0
159.0
122.0
152.0
237.0
205.0
98.0
76.0
120.0
196.0
267.0
189.0
144.0
68.0
208.0
201.0
193.0
122.0
235.0
177.0
275.0
108.0
194.0
125.0
98.0
136.0
234.0
97.0
126.0
84.0
81.0
258.0
85.0
71.0
132.0
143.0
103.0
148.0
166.0
279.0
121.0
165.0
87.0
148.0
143.0
146.0
165.0
118.0
196.0
91.0
83.0
140.0
111.0
149.0
143.0
93.0
141.0
74.0
233.0
193.0
130.0
134.0
115.0
153.0
74.0
95.0
216.0
97.0
124.0
78.0
152.0
146.0
158.0
81.0
98.0
148.0
229.0
115.0
145.0
172.0
62.0
72.0
105.0
168.0
163.0
117.0
156.0
144.0
107.0
143.0
106.0
93.0
155.0
222.0
161.0
120.0
112.0
117.0
118.0
273.0
121.0
112.0
115.0
171.0
116.0
192.0
232.0
103.0
154.0
257.0
173.0
112.0
169.0
132.0
172.0
179.0
68.0
135.0
165.0
203.0
179.0
265.0
107.0
153.0
144.0
121.0
101.0
137.0
166.0
102.0
136.0
182.0
93.0
78.0
102.0
156.0
245.0
69.0
140.0
107.0
81.0
240.0
277.0
160.0
133.0
180.0
120.0
130.0
125.0
145.0
94.0
147.0
126.0
131.0
94.0
182.0
141.0
94.0
92.0
76.0
167.0
167.0
151.0
104.0
162.0
138.0
255.0
111.0
80.0
212.0
242.0
95.0
144.0
120.0
108.0
89.0
155.0
103.0
85.0
134.0
307.0
102.0
169.0
84.0
149.0
119.0
152.0
132.0
82.0
94.0
182.0
144.0
182.0
102.0
180.0
109.0
90.0
263.0
138.0
165.0
150.0
129.0
126.0
95.0
83.0
78.0
164.0
116.0
158.0
134.0
113.0
126.0
134.0
117.0
89.0
160.0
137.0
84.0
87.0
137.0
95.0
166.0
194.0
135.0
111.0
216.0
142.0
195.0
128.0
122.0
201.0
87.0
179.0
115.0
104.0
129.0
127.0
86.0
139.0
65.0
150.0
142.0
110.0
136.0
124.0
181.0
188.0
212.0
77.0
115.0
224.0
97.0
121.0
118.0
79.0
116.0
154.0
78.0
146.0
135.0
124.0
76.0
160.0
112.0
261.0
240.0
151.0
215.0
116.0
90.0
148.0
147.0
180.0
69.0
187.0
237.0
98.0
137.0
79.0
209.0
135.0
116.0
85.0
154.0
139.0
115.0
99.0
125.0
99.0
102.0
79.0
145.0
98.0
143.0
116.0
152.0
77.0
193.0
138.0
158.0
175.0
119.0
147.0
130.0
51.0
104.0
120.0
140.0
83.0
100.0
139.0
88.0
168.0
236.0
114.0
107.0
145.0
94.0
159.0
110.0
99.0
175.0
106.0
121.0
149.0
108.0
116.0
104.0
100.0
144.0
97.0
124.0
189.0
141.0
102.0
161.0
126.0
61.0
120.0
144.0
204.0
165.0
96.0
89.0
237.0
170.0
172.0
163.0
87.0
194.0
95.0
109.0
216.0
78.0
146.0
106.0
114.0
139.0
69.0
274.0
124.0
175.0
177.0
113.0
105.0
98.0
211.0
134.0
106.0
129.0
131.0
85.0
132.0
158.0
91.0
170.0
91.0
159.0
161.0
166.0
99.0
113.0
153.0
156.0
90.0
75.0
64.0
56.0
209.0
58.0
124.0
158.0
169.0
150.0
191.0
275.0
97.0
111.0
74.0
135.0
118.0
139.0
160.0
140.0
153.0
135.0
101.0
108.0
83.0
124.0
182.0
119.0
129.0
149.0
164.0
160.0
115.0
167.0
89.0
167.0
121.0
107.0
113.0
191.0
99.0
73.0
122.0
106.0
197.0
49.0
172.0
54.0
140.0
158.0
197.0
246.0
106.0
169.0
93.0
116.0
134.0
130.0
99.0
145.0
126.0
72.0
211.0
105.0
112.0
177.0
318.0
161.0
127.0
116.0
73.0
209.0
130.0
115.0
105.0
70.0
108.0
197.0
146.0
79.0
66.0
96.0
108.0
141.0
146.0
173.0
156.0
109.0
188.0
105.0
138.0
93.0
113.0
107.0
143.0
120.0
108.0
131.0
190.0
109.0
74.0
96.0
107.0
130.0
102.0
106.0
79.0
116.0
131.0
77.0
63.0
90.0
177.0
105.0
191.0
74.0
102.0
69.0
215.0
114.0
277.0
113.0
258.0
171.0
116.0
68.0
130.0
104.0
138.0
124.0
119.0
110.0
187.0
108.0
175.0
97.0
164.0
254.0
102.0
147.0
105.0
129.0
78.0
79.0
145.0
137.0
147.0
91.0
180.0
107.0
124.0
109.0
107.0
215.0
179.0
148.0
104.0
185.0
149.0
69.0
185.0
78.0
72.0
265.0
188.0
163.0
75.0
115.0
105.0
161.0
113.0
154.0
132.0
125.0
123.0
133.0
114.0
226.0
103.0
243.0
174.0
203.0
105.0
100.0
114.0
173.0
156.0
102.0
200.0
113.0
82.0
148.0
133.0
122.0
190.0
141.0
179.0
104.0
93.0
136.0
124.0
108.0
133.0
146.0
156.0
89.0
101.0
121.0
151.0
69.0
131.0
176.0
142.0
166.0
159.0
156.0
130.0
96.0
130.0
122.0
193.0
84.0
143.0
83.0
129.0
223.0
129.0
166.0
135.0
106.0
214.0
128.0
162.0
128.0
152.0
144.0
87.0
86.0
124.0
116.0
104.0
107.0
118.0
137.0
81.0
119.0
119.0
77.0
152.0
139.0
104.0
197.0
153.0
147.0
123.0
156.0
139.0
130.0
251.0
130.0
59.0
132.0
187.0
145.0
86.0
119.0
98.0
133.0
185.0
96.0
74.0
227.0
135.0
161.0
130.0
99.0
77.0
123.0
182.0
66.0
172.0
140.0
94.0
116.0
144.0
123.0
69.0
98.0
98.0
103.0
97.0
154.0
164.0
198.0
105.0
120.0
110.0
110.0
78.0
98.0
152.0
131.0
64.0
151.0
163.0
104.0
128.0
144.0
115.0
103.0
168.0
165.0
135.0
216.0
129.0
112.0
129.0
186.0
189.0
130.0
186.0
75.0
122.0
72.0
100.0
103.0
161.0
132.0
240.0
146.0
151.0
129.0
92.0
161.0
116.0
114.0
177.0
65.0
157.0
237.0
107.0
98.0
128.0
152.0
89.0
220.0
101.0
126.0
140.0
101.0
104.0
170.0
161.0
140.0
135.0
111.0
127.0
168.0
162.0
121.0
129.0
182.0
209.0
160.0
139.0
161.0
83.0
129.0
99.0
97.0
124.0
102.0
113.0
149.0
139.0
250.0
186.0
191.0
126.0
190.0
113.0
65.0
99.0
219.0
101.0
130.0
89.0
108.0
110.0
86.0
106.0
214.0
128.0
164.0
112.0
190.0
79.0
202.0
213.0
97.0
79.0
89.0
142.0
122.0
108.0
82.0
93.0
126.0
297.0
101.0
167.0
170.0
160.0
242.0
133.0
106.0
177.0
230.0
193.0
101.0
115.0
120.0
118.0
162.0
170.0
117.0
95.0
106.0
82.0
152.0
140.0
183.0
233.0
127.0
109.0
138.0
162.0
77.0
189.0
99.0
197.0
135.0
125.0
173.0
112.0
108.0
104.0
137.0
197.0
141.0
150.0
170.0
115.0
77.0
182.0
120.0
183.0
145.0
107.0
72.0
173.0
113.0
120.0
94.0
85.0
247.0
196.0
133.0
148.0
143.0
182.0
159.0
72.0
130.0
112.0
104.0
95.0
120.0
102.0
317.0
100.0
131.0
114.0
129.0
104.0
116.0
150.0
96.0
103.0
185.0
102.0
123.0
88.0
116.0
196.0
104.0
73.0
135.0
93.0
123.0
185.0
156.0
191.0
164.0
146.0
156.0
96.0
113.0
110.0
175.0
234.0
126.0
152.0
74.0
158.0
172.0
134.0
149.0
170.0
89.0
119.0
127.0
135.0
140.0
220.0
109.0
175.0
186.0
100.0
218.0
78.0
146.0
120.0
84.0
97.0
256.0
149.0
192.0
178.0
88.0
79.0
162.0
160.0
126.0
137.0
128.0
137.0
61.0
114.0
150.0
195.0
102.0
104.0
118.0
185.0
152.0
109.0
141.0
157.0
95.0
152.0
182.0
74.0
211.0
208.0
115.0
169.0
114.0
58.0
173.0
128.0
67.0
83.0
160.0
91.0
165.0
122.0
89.0
113.0
145.0
187.0
75.0
178.0
142.0
130.0
84.0
173.0
171.0
94.0
192.0
175.0
120.0
296.0
142.0
109.0
236.0
106.0
134.0
204.0
128.0
129.0
92.0
75.0
164.0
119.0
129.0
140.0
305.0
129.0
183.0
136.0
156.0
136.0
161.0
174.0
99.0
175.0
148.0
181.0
153.0
157.0
224.0
182.0
68.0
97.0
318.0
101.0
83.0
133.0
220.0
247.0
198.0
165.0
108.0
113.0
188.0
132.0
118.0
232.0
126.0
148.0
176.0
139.0
133.0
164.0
148.0
119.0
101.0
149.0
63.0
110.0
111.0
207.0
126.0
123.0
72.0
94.0
175.0
142.0
92.0
147.0
114.0
102.0
156.0
179.0
85.0
253.0
165.0
148.0
135.0
108.0
85.0
149.0
197.0
165.0
116.0
106.0
162.0
70.0
117.0
174.0
70.0
170.0
134.0
75.0
89.0
156.0
210.0
278.0
92.0
120.0
127.0
140.0
108.0
190.0
229.0
120.0
156.0
146.0
182.0
73.0
159.0
158.0
161.0
109.0
160.0
133.0
166.0
174.0
91.0
281.0
283.0
104.0
235.0
93.0
79.0
116.0
110.0
78.0
113.0
77.0
158.0
130.0
127.0
113.0
63.0
133.0
88.0
125.0
122.0
288.0
113.0
133.0
141.0
255.0
125.0
132.0
123.0
100.0
76.0
160.0
147.0
95.0
143.0
124.0
96.0
94.0
129.0
110.0
123.0
162.0
252.0
164.0
192.0
133.0
91.0
149.0
63.0
104.0
63.0
161.0
134.0
137.0
114.0
163.0
54.0
208.0
197.0
110.0
106.0
124.0
95.0
103.0
125.0
207.0
116.0
126.0
105.0
183.0
183.0
216.0
88.0
92.0
78.0
48.0
77.0
191.0
126.0
146.0
158.0
110.0
200.0
228.0
125.0
77.0
156.0
121.0
127.0
189.0
163.0
185.0
100.0
113.0
185.0
71.0
112.0
173.0
145.0
100.0
70.0
174.0
110.0
73.0
89.0
116.0
274.0
76.0
123.0
113.0
103.0
100.0
173.0
99.0
123.0
107.0
120.0
187.0
117.0
100.0
137.0
109.0
101.0
96.0
133.0
272.0
152.0
169.0
143.0
110.0
110.0
105.0
116.0
65.0
142.0
113.0
150.0
248.0
178.0
121.0
124.0
145.0
181.0
128.0
100.0
200.0
57.0
138.0
68.0
87.0
150.0
171.0
97.0
174.0
81.0
117.0
172.0
173.0
170.0
160.0
87.0
127.0
114.0
179.0
161.0
93.0
166.0
138.0
107.0
194.0
109.0
116.0
103.0
120.0
114.0
137.0
148.0
85.0
99.0
86.0
131.0
105.0
155.0
69.0
151.0
98.0
140.0
171.0
111.0
131.0
83.0
112.0
238.0
234.0
96.0
221.0
192.0
123.0
151.0
130.0
136.0
125.0
136.0
150.0
97.0
93.0
132.0
219.0
188.0
185.0
72.0
96.0
174.0
83.0
86.0
92.0
210.0
153.0
158.0
71.0
133.0
133.0
152.0
100.0
131.0
265.0
70.0
136.0
87.0
132.0
121.0
200.0
209.0
168.0
89.0
105.0
72.0
90.0
137.0
80.0
132.0
165.0
199.0
146.0
87.0
117.0
101.0
192.0
114.0
74.0
151.0
99.0
103.0
197.0
107.0
88.0
202.0
162.0
121.0
127.0
126.0
95.0
89.0
204.0
105.0
140.0
105.0
98.0
175.0
154.0
134.0
102.0
98.0
143.0
138.0
164.0
80.0
241.0
82.0
110.0
127.0
130.0
161.0
85.0
228.0
165.0
123.0
67.0
154.0
238.0
242.0
160.0
80.0
198.0
93.0
128.0
121.0
153.0
208.0
160.0
128.0
183.0
121.0
112.0
153.0
118.0
124.0
80.0
107.0
121.0
102.0
170.0
108.0
118.0
133.0
135.0
193.0
104.0
152.0
132.0
128.0
189.0
110.0
83.0
81.0
118.0
174.0
123.0
104.0
119.0
125.0
105.0
117.0
136.0
76.0
74.0
196.0
124.0
128.0
104.0
76.0
155.0
124.0
148.0
126.0
130.0
86.0
145.0
91.0
157.0
118.0
77.0
255.0
141.0
94.0
89.0
95.0
215.0
95.0
286.0
79.0
84.0
131.0
79.0
158.0
82.0
146.0
209.0
284.0
144.0
213.0
243.0
97.0
106.0
192.0
104.0
75.0
81.0
81.0
87.0
171.0
51.0
144.0
143.0
191.0
119.0
184.0
98.0
93.0
116.0
86.0
153.0
125.0
191.0
91.0
123.0
225.0
103.0
117.0
134.0
107.0
130.0
92.0
62.0
132.0
126.0
156.0
117.0
126.0
156.0
79.0
157.0
122.0
224.0
110.0
185.0
138.0
227.0
96.0
179.0
120.0
148.0
93.0
137.0
156.0
98.0
107.0
135.0
102.0
182.0
190.0
90.0
121.0
103.0
114.0
146.0
170.0
257.0
87.0
197.0
67.0
164.0
66.0
180.0
115.0
115.0
96.0
166.0
147.0
85.0
104.0
155.0
80.0
151.0
139.0
174.0
103.0
129.0
85.0
195.0
121.0
183.0
107.0
186.0
181.0
146.0
72.0
113.0
165.0
177.0
300.0
85.0
158.0
62.0
104.0
214.0
103.0
98.0
123.0
184.0
171.0
124.0
64.0
129.0
137.0
177.0
232.0
87.0
123.0
125.0
161.0
115.0
270.0
117.0
108.0
380.0
113.0
241.0
122.0
172.0
92.0
95.0
118.0
109.0
138.0
88.0
222.0
126.0
73.0
132.0
99.0
71.0
80.0
111.0
117.0
126.0
179.0
89.0
109.0
117.0
134.0
112.0
144.0
197.0
135.0
114.0
166.0
81.0
73.0
64.0
137.0
131.0
92.0
137.0
118.0
127.0
238.0
109.0
161.0
90.0
93.0
120.0
132.0
140.0
79.0
158.0
45.0
226.0
185.0
173.0
91.0
155.0
124.0
191.0
194.0
91.0
62.0
83.0
184.0
95.0
122.0
109.0
180.0
102.0
96.0
225.0
75.0
126.0
155.0
193.0
116.0
109.0
132.0
137.0
253.0
104.0
154.0
92.0
137.0
171.0
115.0
130.0
72.0
155.0
195.0
112.0
102.0
144.0
221.0
207.0
114.0
103.0
203.0
91.0
84.0
103.0
101.0
189.0
87.0
136.0
130.0
153.0
82.0
189.0
179.0
62.0
87.0
144.0
110.0
89.0
117.0
129.0
139.0
161.0
125.0
145.0
135.0
64.0
93.0
128.0
152.0
182.0
164.0
141.0
96.0
161.0
129.0
135.0
109.0
166.0
135.0
121.0
195.0
134.0
83.0
172.0
101.0
94.0
142.0
108.0
158.0
102.0
107.0
140.0
171.0
144.0
134.0
122.0
161.0
146.0
116.0
112.0
141.0
96.0
111.0
109.0
116.0
131.0
160.0
149.0
134.0
147.0
204.0
80.0
162.0
246.0
154.0
70.0
141.0
205.0
247.0
82.0
125.0
124.0
106.0
129.0
77.0
120.0
248.0
82.0
129.0
154.0
296.0
161.0
127.0
96.0
65.0
74.0
185.0
196.0
144.0
78.0
278.0
218.0
79.0
120.0
166.0
94.0
106.0
168.0
190.0
102.0
150.0
236.0
106.0
132.0
148.0
178.0
111.0
117.0
148.0
125.0
87.0
76.0
108.0
92.0
142.0
73.0
117.0
182.0
133.0
101.0
101.0
135.0
237.0
108.0
115.0
87.0
181.0
98.0
185.0
108.0
110.0
166.0
224.0
130.0
188.0
100.0
146.0
73.0
140.0
188.0
203.0
260.0
158.0
126.0
100.0
115.0
97.0
223.0
170.0
152.0
159.0
110.0
111.0
94.0
157.0
126.0
154.0
101.0
203.0
137.0
128.0
86.0
118.0
215.0
105.0
152.0
113.0
208.0
135.0
117.0
120.0
150.0
238.0
224.0
133.0
84.0
88.0
131.0
152.0
220.0
165.0
145.0
134.0
329.0
276.0
163.0
166.0
106.0
136.0
112.0
83.0
90.0
128.0
199.0
102.0
329.0
106.0
124.0
220.0
161.0
124.0
269.0
150.0
151.0
218.0
83.0
158.0
266.0
100.0
94.0
143.0
144.0
121.0
199.0
189.0
112.0
152.0
114.0
63.0
90.0
129.0
72.0
85.0
81.0
131.0
83.0
192.0
82.0
111.0
81.0
185.0
96.0
175.0
114.0
92.0
142.0
129.0
126.0
132.0
193.0
95.0
139.0
150.0
108.0
102.0
184.0
114.0
152.0
206.0
121.0
124.0
116.0
203.0
122.0
113.0
134.0
190.0
182.0
162.0
126.0
81.0
200.0
112.0
175.0
137.0
154.0
135.0
145.0
143.0
78.0
138.0
158.0
127.0
141.0
113.0
178.0
209.0
97.0
103.0
101.0
130.0
103.0
144.0
123.0
120.0
199.0
203.0
181.0
115.0
131.0
202.0
106.0
289.0
163.0
135.0
309.0
172.0
86.0
150.0
176.0
128.0
90.0
171.0
144.0
137.0
97.0
244.0
186.0
160.0
115.0
210.0
54.0
143.0
87.0
105.0
137.0
93.0
86.0
179.0
102.0
139.0
157.0
162.0
162.0
134.0
111.0
120.0
132.0
99.0
163.0
217.0
97.0
206.0
96.0
141.0
199.0
199.0
134.0
234.0
127.0
117.0
150.0
86.0
77.0
61.0
104.0
147.0
143.0
131.0
211.0
105.0
138.0
129.0
127.0
167.0
91.0
222.0
92.0
97.0
49.0
136.0
173.0
89.0
86.0
148.0
132.0
117.0
121.0
203.0
139.0
118.0
118.0
133.0
111.0
180.0
108.0
93.0
121.0
159.0
93.0
121.0
76.0
166.0
93.0
115.0
278.0
93.0
104.0
98.0
152.0
100.0
155.0
169.0
126.0
937.0
122.0
78.0
125.0
90.0
119.0
250.0
62.0
270.0
154.0
92.0
68.0
108.0
120.0
99.0
134.0
206.0
113.0
99.0
137.0
111.0
119.0
106.0
91.0
73.0
119.0
52.0
145.0
199.0
113.0
144.0
149.0
149.0
84.0
205.0
125.0
160.0
106.0
63.0
160.0
104.0
130.0
114.0
127.0
90.0
99.0
203.0
145.0
124.0
186.0
91.0
194.0
77.0
81.0
40.0
196.0
146.0
174.0
60.0
103.0
119.0
114.0
109.0
194.0
126.0
74.0
94.0
85.0
95.0
105.0
120.0
198.0
48.0
185.0
140.0
160.0
190.0
175.0
73.0
120.0
89.0
180.0
127.0
145.0
190.0
76.0
156.0
166.0
94.0
126.0
105.0
107.0
77.0
127.0
186.0
109.0
188.0
92.0
103.0
100.0
143.0
250.0
127.0
105.0
189.0
58.0
85.0
182.0
115.0
95.0
167.0
265.0
135.0
170.0
111.0
149.0
139.0
152.0
137.0
104.0
89.0
237.0
114.0
157.0
86.0
102.0
124.0
213.0
98.0
84.0
68.0
206.0
196.0
142.0
74.0
124.0
103.0
95.0
95.0
138.0
266.0
105.0
59.0
139.0
176.0
115.0
188.0
100.0
154.0
103.0
129.0
77.0
117.0
151.0
120.0
121.0
169.0
139.0
118.0
126.0
131.0
130.0
410.0
134.0
50.0
128.0
126.0
134.0
190.0
132.0
107.0
171.0
57.0
84.0
138.0
193.0
154.0
85.0
80.0
174.0
151.0
112.0
176.0
91.0
114.0
110.0
147.0
140.0
131.0
189.0
116.0
142.0
113.0
110.0
169.0
226.0
105.0
67.0
107.0
96.0
167.0
84.0
142.0
115.0
92.0
827.0
147.0
172.0
163.0
137.0
168.0
107.0
130.0
126.0
199.0
102.0
94.0
176.0
139.0
141.0
127.0
166.0
109.0
98.0
89.0
158.0
111.0
74.0
93.0
109.0
77.0
134.0
111.0
113.0
201.0
178.0
75.0
215.0
167.0
116.0
196.0
168.0
120.0
93.0
216.0
166.0
94.0
111.0
93.0
153.0
187.0
132.0
123.0
122.0
95.0
109.0
226.0
133.0
143.0
141.0
98.0
151.0
217.0
157.0
148.0
79.0
131.0
70.0
85.0
133.0
155.0
251.0
172.0
67.0
116.0
141.0
128.0
135.0
177.0
121.0
126.0
162.0
200.0
182.0
164.0
100.0
110.0
86.0
60.0
177.0
76.0
133.0
225.0
135.0
83.0
108.0
199.0
184.0
90.0
125.0
86.0
127.0
135.0
90.0
72.0
303.0
105.0
165.0
101.0
156.0
184.0
131.0
181.0
165.0
176.0
157.0
72.0
167.0
96.0
95.0
164.0
165.0
198.0
140.0
60.0
78.0
170.0
141.0
111.0
124.0
150.0
105.0
101.0
183.0
66.0
114.0
143.0
60.0
140.0
87.0
125.0
101.0
154.0
128.0
79.0
124.0
99.0
113.0
280.0
65.0
133.0
89.0
170.0
132.0
177.0
184.0
94.0
230.0
84.0
99.0
146.0
115.0
90.0
167.0
182.0
63.0
222.0
230.0
115.0
105.0
200.0
142.0
197.0
112.0
193.0
278.0
83.0
106.0
85.0
187.0
181.0
174.0
143.0
88.0
144.0
122.0
85.0
201.0
107.0
112.0
58.0
60.0
80.0
108.0
140.0
174.0
113.0
99.0
141.0
106.0
117.0
131.0
78.0
132.0
146.0
257.0
123.0
167.0
114.0
124.0
75.0
96.0
169.0
128.0
95.0
244.0
89.0
112.0
116.0
136.0
157.0
171.0
123.0
132.0
108.0
160.0
134.0
83.0
197.0
148.0
100.0
40.0
121.0
113.0
166.0
198.0
164.0
75.0
96.0
117.0
92.0
118.0
169.0
97.0
146.0
90.0
76.0
117.0
160.0
124.0
66.0
120.0
194.0
109.0
118.0
149.0
84.0
95.0
227.0
111.0
152.0
91.0
110.0
87.0
131.0
220.0
193.0
135.0
56.0
125.0
158.0
192.0
191.0
236.0
162.0
146.0
214.0
66.0
285.0
173.0
111.0
150.0
80.0
98.0
197.0
99.0
138.0
179.0
100.0
164.0
116.0
155.0
154.0
67.0
106.0
115.0
147.0
195.0
219.0
110.0
74.0
125.0
119.0
82.0
105.0
137.0
142.0
93.0
129.0
223.0
83.0
221.0
123.0
72.0
60.0
164.0
241.0
76.0
228.0
256.0
105.0
47.0
146.0
90.0
75.0
140.0
72.0
104.0
82.0
92.0
185.0
129.0
197.0
188.0
489.0
135.0
89.0
122.0
175.0
116.0
112.0
109.0
155.0
194.0
72.0
96.0
104.0
110.0
216.0
170.0
58.0
152.0
163.0
104.0
167.0
117.0
225.0
67.0
186.0
137.0
93.0
140.0
193.0
127.0
131.0
82.0
85.0
153.0
97.0
110.0
58.0
107.0
163.0
133.0
100.0
253.0
102.0
124.0
146.0
110.0
64.0
102.0
135.0
112.0
91.0
58.0
106.0
256.0
127.0
128.0
123.0
120.0
72.0
130.0
148.0
198.0
100.0
101.0
141.0
103.0
173.0
158.0
168.0
121.0
109.0
212.0
76.0
214.0
82.0
140.0
119.0
91.0
121.0
102.0
160.0
77.0
128.0
191.0
107.0
107.0
108.0
116.0
78.0
135.0
157.0
108.0
122.0
202.0
84.0
97.0
62.0
143.0
50.0
213.0
132.0
194.0
119.0
119.0
198.0
108.0
123.0
103.0
113.0
205.0
65.0
282.0
75.0
113.0
175.0
259.0
130.0
67.0
127.0
107.0
97.0
142.0
134.0
126.0
136.0
133.0
235.0
153.0
163.0
119.0
130.0
123.0
135.0
125.0
129.0
133.0
94.0
84.0
173.0
227.0
102.0
345.0
171.0
111.0
123.0
120.0
59.0
122.0
185.0
231.0
116.0
144.0
216.0
149.0
108.0
58.0
145.0
102.0
164.0
98.0
93.0
91.0
173.0
116.0
264.0
121.0
75.0
101.0
119.0
116.0
86.0
206.0
157.0
131.0
112.0
100.0
168.0
128.0
201.0
115.0
63.0
163.0
107.0
108.0
38.0
88.0
224.0
104.0
124.0
103.0
158.0
219.0
76.0
226.0
130.0
124.0
134.0
82.0
113.0
167.0
118.0
127.0
132.0
45.0
143.0
141.0
106.0
510.0
146.0
99.0
89.0
173.0
105.0
98.0
148.0
1082.0
201.0
96.0
116.0
89.0
204.0
123.0
109.0
103.0
91.0
126.0
90.0
216.0
227.0
114.0
141.0
181.0
143.0
137.0
246.0
81.0
128.0
127.0
163.0
144.0
118.0
119.0
66.0
181.0
104.0
228.0
94.0
253.0
100.0
334.0
114.0
114.0
162.0
82.0
211.0
67.0
192.0
172.0
167.0
101.0
115.0
186.0
78.0
61.0
129.0
200.0
111.0
180.0
179.0
98.0
166.0
163.0
109.0
155.0
111.0
209.0
130.0
167.0
273.0
166.0
103.0
67.0
104.0
88.0
86.0
120.0
139.0
83.0
100.0
127.0
132.0
126.0
95.0
53.0
84.0
116.0
126.0
338.0
205.0
179.0
108.0
195.0
73.0
100.0
255.0
59.0
84.0
173.0
96.0
95.0
120.0
338.0
257.0
146.0
198.0
109.0
66.0
191.0
314.0
317.0
129.0
118.0
144.0
74.0
161.0
51.0
126.0
337.0
90.0
101.0
248.0
175.0
137.0
161.0
45.0
100.0
205.0
133.0
84.0
145.0
174.0
112.0
52.0
103.0
145.0
209.0
177.0
128.0
107.0
135.0
164.0
110.0
193.0
58.0
255.0
148.0
35.0
118.0
257.0
92.0
123.0
64.0
134.0
102.0
101.0
125.0
161.0
76.0
163.0
163.0
53.0
216.0
160.0
129.0
114.0
107.0
124.0
154.0
140.0
70.0
79.0
201.0
134.0
137.0
73.0
119.0
75.0
204.0
146.0
170.0
180.0
172.0
123.0
69.0
106.0
116.0
198.0
189.0
124.0
92.0
83.0
115.0
112.0
102.0
95.0
52.0
256.0
174.0
119.0
149.0
111.0
154.0
180.0
172.0
81.0
159.0
883.0
89.0
177.0
169.0
153.0
74.0
247.0
207.0
68.0
119.0
131.0
87.0
79.0
105.0
287.0
208.0
108.0
143.0
105.0
198.0
102.0
84.0
156.0
119.0
163.0
91.0
139.0
125.0
118.0
308.0
78.0
155.0
40.0
100.0
126.0
190.0
136.0
109.0
127.0
132.0
58.0
105.0
173.0
143.0
120.0
196.0
90.0
189.0
126.0
125.0
59.0
199.0
78.0
130.0
95.0
141.0
168.0
86.0
119.0
89.0
146.0
273.0
103.0
72.0
68.0
168.0
99.0
127.0
192.0
118.0
190.0
122.0
214.0
105.0
111.0
178.0
150.0
205.0
174.0
122.0
109.0
107.0
133.0
122.0
129.0
98.0
130.0
124.0
127.0
136.0
127.0
105.0
141.0
97.0
194.0
151.0
94.0
145.0
97.0
176.0
112.0
254.0
106.0
203.0
116.0
110.0
162.0
169.0
76.0
134.0
144.0
162.0
125.0
118.0
94.0
64.0
182.0
253.0
94.0
139.0
124.0
120.0
172.0
247.0
197.0
175.0
103.0
133.0
256.0
129.0
70.0
90.0
213.0
135.0
100.0
137.0
178.0
142.0
191.0
214.0
158.0
135.0
94.0
87.0
192.0
92.0
136.0
227.0
328.0
189.0
197.0
152.0
104.0
121.0
62.0
56.0
121.0
143.0
77.0
123.0
106.0
92.0
185.0
101.0
180.0
137.0
134.0
161.0
167.0
256.0
185.0
128.0
123.0
138.0
192.0
68.0
102.0
185.0
220.0
42.0
156.0
134.0
93.0
91.0
226.0
131.0
72.0
112.0
85.0
115.0
184.0
111.0
119.0
62.0
193.0
158.0
139.0
102.0
106.0
126.0
159.0
53.0
98.0
123.0
101.0
97.0
93.0
213.0
131.0
101.0
108.0
106.0
119.0
53.0
165.0
81.0
158.0
240.0
88.0
227.0
213.0
185.0
200.0
114.0
111.0
124.0
191.0
185.0
161.0
136.0
246.0
105.0
144.0
171.0
114.0
195.0
133.0
100.0
93.0
161.0
113.0
77.0
175.0
52.0
189.0
106.0
129.0
141.0
165.0
123.0
149.0
120.0
157.0
95.0
80.0
92.0
121.0
90.0
213.0
128.0
102.0
89.0
47.0
123.0
258.0
143.0
223.0
82.0
160.0
214.0
139.0
90.0
125.0
167.0
85.0
145.0
183.0
81.0
268.0
84.0
168.0
151.0
133.0
116.0
168.0
109.0
54.0
174.0
116.0
107.0
102.0
62.0
132.0
155.0
250.0
156.0
146.0
133.0
98.0
150.0
92.0
89.0
132.0
158.0
176.0
76.0
134.0
329.0
122.0
193.0
128.0
145.0
223.0
68.0
85.0
294.0
207.0
75.0
105.0
90.0
74.0
166.0
85.0
194.0
84.0
135.0
355.0
199.0
204.0
117.0
121.0
134.0
104.0
98.0
159.0
105.0
136.0
89.0
77.0
134.0
60.0
184.0
130.0
111.0
115.0
71.0
111.0
127.0
102.0
137.0
106.0
147.0
104.0
119.0
225.0
99.0
184.0
143.0
128.0
51.0
137.0
185.0
204.0
194.0
160.0
109.0
154.0
86.0
84.0
98.0
193.0
376.0
71.0
22.0
178.0
53.0
179.0
163.0
113.0
139.0
99.0
82.0
195.0
130.0
107.0
92.0
76.0
125.0
107.0
68.0
131.0
128.0
81.0
226.0
74.0
141.0
295.0
114.0
72.0
201.0
171.0
174.0
123.0
96.0
111.0
128.0
141.0
106.0
81.0
88.0
159.0
116.0
141.0
114.0
249.0
132.0
115.0
110.0
53.0
170.0
105.0
102.0
133.0
72.0
155.0
150.0
112.0
82.0
115.0
140.0
181.0
133.0
118.0
230.0
131.0
122.0
86.0
82.0
115.0
123.0
221.0
117.0
132.0
244.0
157.0
80.0
107.0
146.0
153.0
168.0
241.0
142.0
138.0
176.0
99.0
167.0
152.0
140.0
134.0
117.0
77.0
96.0
203.0
176.0
180.0
68.0
108.0
145.0
111.0
116.0
83.0
167.0
58.0
142.0
82.0
94.0
152.0
172.0
98.0
115.0
155.0
72.0
100.0
84.0
154.0
124.0
80.0
128.0
105.0
106.0
79.0
132.0
150.0
191.0
128.0
170.0
140.0
94.0
123.0
94.0
101.0
154.0
146.0
180.0
115.0
110.0
104.0
133.0
169.0
112.0
318.0
105.0
119.0
145.0
74.0
110.0
105.0
146.0
71.0
183.0
169.0
252.0
74.0
122.0
134.0
144.0
117.0
149.0
162.0
104.0
56.0
91.0
102.0
78.0
186.0
113.0
469.0
109.0
78.0
68.0
219.0
54.0
223.0
178.0
132.0
121.0
134.0
214.0
93.0
79.0
64.0
89.0
138.0
153.0
79.0
120.0
159.0
160.0
69.0
120.0
100.0
126.0
81.0
95.0
134.0
121.0
171.0
143.0
214.0
78.0
93.0
209.0
159.0
269.0
148.0
71.0
93.0
122.0
132.0
131.0
133.0
184.0
138.0
180.0
172.0
179.0
104.0
197.0
101.0
70.0
128.0
150.0
102.0
113.0
128.0
94.0
138.0
237.0
212.0
137.0
242.0
137.0
54.0
87.0
33.0
117.0
99.0
96.0
120.0
95.0
101.0
128.0
283.0
118.0
161.0
126.0
62.0
103.0
175.0
109.0
79.0
285.0
101.0
118.0
126.0
151.0
112.0
132.0
69.0
216.0
60.0
67.0
210.0
93.0
57.0
320.0
247.0
101.0
165.0
270.0
191.0
199.0
123.0
142.0
136.0
132.0
89.0
182.0
101.0
194.0
118.0
151.0
166.0
76.0
88.0
101.0
127.0
89.0
139.0
138.0
195.0
135.0
103.0
82.0
117.0
171.0
141.0
148.0
149.0
89.0
388.0
88.0
133.0
173.0
106.0
251.0
242.0
85.0
277.0
89.0
96.0
124.0
139.0
156.0
129.0
97.0
184.0
167.0
144.0
237.0
180.0
131.0
95.0
81.0
145.0
89.0
40.0
86.0
114.0
162.0
45.0
94.0
109.0
442.0
227.0
108.0
100.0
225.0
186.0
109.0
113.0
89.0
231.0
120.0
133.0
133.0
124.0
132.0
114.0
56.0
151.0
240.0
152.0
123.0
159.0
246.0
103.0
95.0
144.0
108.0
107.0
148.0
103.0
67.0
56.0
143.0
138.0
154.0
113.0
110.0
127.0
139.0
310.0
173.0
137.0
151.0
62.0
131.0
178.0
116.0
255.0
94.0
174.0
113.0
167.0
245.0
130.0
52.0
103.0
86.0
130.0
264.0
78.0
59.0
268.0
125.0
233.0
118.0
81.0
231.0
162.0
161.0
127.0
172.0
194.0
62.0
174.0
191.0
122.0
138.0
105.0
150.0
104.0
137.0
130.0
145.0
168.0
400.0
100.0
83.0
149.0
155.0
184.0
146.0
86.0
95.0
132.0
88.0
127.0
79.0
104.0
106.0
82.0
330.0
112.0
218.0
136.0
189.0
125.0
209.0
480.0
125.0
44.0
222.0
97.0
87.0
185.0
209.0
183.0
133.0
243.0
212.0
121.0
120.0
132.0
147.0
141.0
124.0
102.0
128.0
73.0
189.0
84.0
96.0
74.0
66.0
72.0
51.0
93.0
105.0
91.0
68.0
147.0
309.0
126.0
104.0
116.0
162.0
168.0
191.0
116.0
105.0
105.0
162.0
107.0
109.0
134.0
120.0
96.0
172.0
154.0
76.0
282.0
115.0
136.0
104.0
103.0
67.0
150.0
180.0
110.0
178.0
132.0
99.0
146.0
144.0
382.0
157.0
208.0
197.0
121.0
154.0
151.0
127.0
111.0
94.0
124.0
75.0
92.0
80.0
250.0
229.0
204.0
214.0
61.0
104.0
103.0
88.0
83.0
170.0
176.0
131.0
98.0
70.0
84.0
127.0
71.0
130.0
131.0
235.0
220.0
231.0
148.0
167.0
183.0
199.0
90.0
113.0
119.0
165.0
167.0
181.0
122.0
135.0
172.0
140.0
224.0
121.0
129.0
82.0
120.0
141.0
130.0
115.0
114.0
141.0
132.0
119.0
68.0
89.0
62.0
324.0
146.0
160.0
190.0
105.0
75.0
126.0
71.0
84.0
171.0
98.0
96.0
156.0
139.0
143.0
107.0
140.0
100.0
115.0
136.0
183.0
151.0
124.0
189.0
117.0
69.0
160.0
196.0
206.0
116.0
94.0
198.0
184.0
128.0
210.0
136.0
89.0
132.0
143.0
227.0
75.0
84.0
168.0
246.0
131.0
151.0
180.0
165.0
76.0
111.0
138.0
113.0
136.0
240.0
130.0
160.0
136.0
156.0
100.0
159.0
190.0
113.0
68.0
181.0
158.0
117.0
167.0
116.0
121.0
136.0
170.0
161.0
270.0
168.0
147.0
77.0
116.0
83.0
151.0
125.0
143.0
141.0
91.0
168.0
150.0
117.0
164.0
172.0
180.0
117.0
123.0
124.0
155.0
154.0
131.0
486.0
186.0
131.0
84.0
146.0
258.0
109.0
105.0
115.0
132.0
133.0
137.0
115.0
220.0
116.0
157.0
208.0
214.0
124.0
86.0
154.0
209.0
51.0
80.0
120.0
122.0
208.0
240.0
79.0
233.0
96.0
128.0
129.0
106.0
208.0
214.0
153.0
141.0
167.0
153.0
116.0
176.0
189.0
111.0
189.0
82.0
161.0
96.0
89.0
90.0
120.0
88.0
137.0
187.0
139.0
164.0
159.0
104.0
226.0
176.0
163.0
164.0
71.0
115.0
117.0
149.0
205.0
267.0
78.0
251.0
127.0
103.0
185.0
122.0
129.0
97.0
133.0
318.0
134.0
150.0
86.0
135.0
90.0
176.0
153.0
87.0
107.0
105.0
151.0
94.0
146.0
134.0
74.0
157.0
193.0
102.0
76.0
116.0
190.0
148.0
233.0
124.0
135.0
133.0
169.0
89.0
112.0
80.0
149.0
134.0
252.0
111.0
161.0
185.0
96.0
133.0
183.0
103.0
70.0
99.0
129.0
137.0
143.0
91.0
249.0
90.0
204.0
97.0
189.0
208.0
187.0
123.0
115.0
48.0
95.0
84.0
122.0
149.0
109.0
179.0
62.0
118.0
77.0
114.0
202.0
176.0
91.0
149.0
151.0
109.0
83.0
243.0
60.0
232.0
78.0
114.0
190.0
75.0
170.0
77.0
192.0
179.0
109.0
138.0
67.0
130.0
177.0
90.0
91.0
197.0
89.0
131.0
107.0
130.0
181.0
81.0
150.0
187.0
103.0
115.0
125.0
86.0
127.0
127.0
218.0
59.0
127.0
116.0
99.0
232.0
204.0
138.0
113.0
147.0
133.0
143.0
204.0
92.0
135.0
159.0
180.0
57.0
109.0
140.0
252.0
200.0
77.0
128.0
75.0
215.0
155.0
149.0
115.0
103.0
185.0
136.0
98.0
95.0
144.0
167.0
103.0
195.0
168.0
149.0
154.0
286.0
97.0
148.0
126.0
81.0
114.0
76.0
186.0
138.0
170.0
73.0
155.0
86.0
140.0
198.0
99.0
161.0
94.0
91.0
162.0
172.0
74.0
57.0
173.0
155.0
111.0
104.0
138.0
180.0
106.0
328.0
119.0
107.0
107.0
121.0
91.0
170.0
109.0
146.0
125.0
143.0
99.0
192.0
145.0
81.0
133.0
175.0
56.0
82.0
95.0
111.0
109.0
205.0
132.0
154.0
107.0
201.0
233.0
190.0
94.0
192.0
76.0
118.0
81.0
122.0
91.0
152.0
101.0
100.0
96.0
119.0
156.0
92.0
178.0
97.0
94.0
92.0
85.0
119.0
81.0
142.0
129.0
142.0
227.0
118.0
122.0
103.0
162.0
151.0
122.0
128.0
98.0
81.0
135.0
116.0
114.0
91.0
138.0
89.0
207.0
142.0
155.0
120.0
138.0
130.0
181.0
105.0
115.0
180.0
179.0
154.0
94.0
93.0
101.0
144.0
122.0
204.0
91.0
121.0
94.0
137.0
174.0
173.0
130.0
117.0
211.0
103.0
191.0
133.0
109.0
171.0
166.0
147.0
147.0
193.0
89.0
88.0
167.0
151.0
107.0
107.0
100.0
134.0
193.0
123.0
195.0
71.0
170.0
121.0
134.0
131.0
175.0
93.0
149.0
132.0
46.0
104.0
95.0
112.0
160.0
121.0
116.0
121.0
163.0
167.0
74.0
166.0
145.0
105.0
86.0
126.0
126.0
122.0
49.0
161.0
97.0
78.0
168.0
127.0
107.0
143.0
142.0
172.0
59.0
85.0
131.0
74.0
218.0
113.0
92.0
68.0
170.0
137.0
117.0
130.0
88.0
123.0
98.0
201.0
117.0
73.0
183.0
104.0
108.0
153.0
120.0
123.0
102.0
136.0
100.0
110.0
299.0
144.0
133.0
212.0
117.0
200.0
72.0
83.0
184.0
137.0
116.0
103.0
241.0
166.0
116.0
125.0
189.0
93.0
147.0
104.0
86.0
128.0
91.0
249.0
147.0
81.0
90.0
199.0
225.0
81.0
132.0
110.0
104.0
164.0
165.0
156.0
97.0
163.0
145.0
102.0
120.0
159.0
120.0
84.0
113.0
74.0
78.0
105.0
113.0
146.0
89.0
192.0
53.0
130.0
199.0
66.0
174.0
105.0
194.0
183.0
160.0
80.0
95.0
165.0
150.0
101.0
146.0
123.0
101.0
125.0
187.0
115.0
155.0
148.0
137.0
73.0
73.0
68.0
88.0
122.0
124.0
114.0
147.0
137.0
81.0
294.0
138.0
90.0
161.0
253.0
99.0
176.0
163.0
220.0
123.0
165.0
109.0
112.0
88.0
89.0
126.0
275.0
123.0
76.0
139.0
59.0
87.0
168.0
101.0
161.0
111.0
115.0
185.0
205.0
118.0
133.0
90.0
264.0
131.0
172.0
161.0
175.0
83.0
141.0
105.0
111.0
118.0
143.0
125.0
111.0
98.0
128.0
113.0
179.0
111.0
121.0
163.0
103.0
224.0
122.0
107.0
123.0
155.0
142.0
62.0
324.0
310.0
190.0
124.0
168.0
116.0
189.0
115.0
77.0
123.0
219.0
147.0
151.0
188.0
97.0
145.0
131.0
123.0
113.0
184.0
99.0
158.0
127.0
106.0
129.0
170.0
202.0
140.0
153.0
148.0
95.0
89.0
112.0
118.0
126.0
156.0
207.0
264.0
184.0
88.0
172.0
118.0
107.0
145.0
262.0
130.0
166.0
137.0
90.0
210.0
107.0
95.0
124.0
127.0
132.0
130.0
131.0
126.0
246.0
186.0
90.0
160.0
169.0
173.0
92.0
168.0
120.0
61.0
72.0
152.0
103.0
83.0
174.0
89.0
235.0
81.0
145.0
230.0
96.0
217.0
112.0
113.0
173.0
97.0
144.0
104.0
215.0
115.0
114.0
158.0
181.0
215.0
109.0
182.0
82.0
125.0
148.0
206.0
137.0
162.0
139.0
78.0
130.0
135.0
140.0
280.0
82.0
153.0
113.0
93.0
356.0
113.0
122.0
121.0
248.0
285.0
52.0
86.0
115.0
150.0
104.0
155.0
75.0
183.0
148.0
57.0
195.0
80.0
110.0
146.0
160.0
172.0
96.0
410.0
88.0
134.0
76.0
221.0
149.0
113.0
149.0
132.0
188.0
107.0
115.0
128.0
145.0
141.0
123.0
133.0
114.0
128.0
166.0
76.0
209.0
93.0
181.0
188.0
83.0
110.0
195.0
218.0
143.0
159.0
189.0
108.0
104.0
169.0
265.0
81.0
96.0
162.0
91.0
154.0
193.0
96.0
149.0
77.0
89.0
224.0
187.0
138.0
90.0
137.0
125.0
126.0
127.0
171.0
163.0
77.0
136.0
165.0
156.0
322.0
62.0
105.0
113.0
180.0
164.0
180.0
135.0
69.0
99.0
125.0
119.0
160.0
95.0
211.0
187.0
295.0
133.0
127.0
155.0
91.0
91.0
134.0
77.0
191.0
155.0
130.0
132.0
118.0
130.0
144.0
317.0
505.0
78.0
122.0
118.0
74.0
212.0
271.0
142.0
111.0
153.0
123.0
154.0
170.0
42.0
158.0
91.0
165.0
75.0
205.0
104.0
209.0
150.0
145.0
92.0
72.0
112.0
207.0
160.0
139.0
117.0
79.0
116.0
212.0
152.0
149.0
128.0
87.0
182.0
138.0
117.0
154.0
120.0
130.0
100.0
193.0
160.0
145.0
116.0
89.0
148.0
158.0
114.0
151.0
175.0
105.0
246.0
85.0
123.0
184.0
67.0
207.0
205.0
91.0
192.0
175.0
264.0
126.0
78.0
163.0
115.0
214.0
113.0
77.0
126.0
190.0
119.0
158.0
229.0
124.0
118.0
176.0
188.0
192.0
186.0
191.0
128.0
138.0
293.0
115.0
152.0
81.0
100.0
180.0
144.0
148.0
151.0
154.0
157.0
170.0
126.0
152.0
168.0
159.0
172.0
199.0
86.0
129.0
196.0
96.0
171.0
112.0
80.0
98.0
67.0
103.0
130.0
65.0
192.0
151.0
144.0
349.0
302.0
131.0
80.0
169.0
73.0
121.0
141.0
103.0
101.0
169.0
185.0
254.0
112.0
88.0
67.0
106.0
123.0
135.0
189.0
124.0
151.0
101.0
132.0
159.0
138.0
178.0
75.0
206.0
149.0
86.0
191.0
188.0
156.0
104.0
152.0
119.0
217.0
125.0
792.0
108.0
195.0
120.0
109.0
202.0
159.0
116.0
224.0
150.0
172.0
138.0
88.0
167.0
65.0
111.0
181.0
155.0
159.0
142.0
119.0
136.0
154.0
145.0
182.0
203.0
181.0
112.0
131.0
199.0
117.0
124.0
80.0
179.0
165.0
59.0
156.0
119.0
142.0
131.0
60.0
232.0
172.0
173.0
100.0
185.0
102.0
152.0
79.0
172.0
94.0
173.0
123.0
109.0
102.0
118.0
197.0
212.0
121.0
147.0
95.0
187.0
114.0
130.0
131.0
240.0
144.0
285.0
142.0
167.0
245.0
94.0
168.0
152.0
211.0
133.0
111.0
168.0
124.0
122.0
67.0
187.0
97.0
164.0
151.0
102.0
57.0
168.0
118.0
120.0
91.0
124.0
140.0
102.0
88.0
131.0
131.0
211.0
354.0
127.0
129.0
243.0
114.0
128.0
81.0
163.0
112.0
157.0
88.0
151.0
175.0
51.0
179.0
124.0
75.0
246.0
147.0
202.0
198.0
133.0
227.0
113.0
67.0
120.0
192.0
130.0
132.0
94.0
114.0
83.0
123.0
195.0
85.0
88.0
138.0
147.0
67.0
121.0
166.0
81.0
116.0
53.0
91.0
195.0
153.0
183.0
80.0
146.0
155.0
130.0
153.0
65.0
73.0
66.0
124.0
213.0
89.0
129.0
83.0
153.0
116.0
139.0
134.0
132.0
193.0
113.0
111.0
136.0
84.0
119.0
168.0
147.0
86.0
206.0
222.0
86.0
213.0
107.0
160.0
256.0
129.0
67.0
84.0
130.0
181.0
123.0
65.0
106.0
210.0
105.0
106.0
98.0
127.0
76.0
146.0
230.0
69.0
93.0
157.0
180.0
109.0
114.0
134.0
102.0
224.0
135.0
94.0
104.0
134.0
137.0
165.0
107.0
163.0
144.0
106.0
100.0
175.0
122.0
121.0
239.0
121.0
125.0
175.0
140.0
125.0
141.0
185.0
120.0
118.0
131.0
189.0
126.0
75.0
140.0
103.0
260.0
147.0
135.0
113.0
129.0
124.0
128.0
115.0
212.0
40.0
211.0
124.0
131.0
192.0
101.0
99.0
176.0
119.0
144.0
141.0
206.0
178.0
154.0
143.0
97.0
123.0
76.0
119.0
152.0
97.0
218.0
205.0
53.0
238.0
97.0
205.0
102.0
72.0
168.0
164.0
96.0
80.0
144.0
139.0
113.0
119.0
137.0
110.0
172.0
123.0
135.0
78.0
98.0
169.0
113.0
170.0
127.0
90.0
159.0
187.0
99.0
165.0
217.0
142.0
90.0
122.0
103.0
104.0
145.0
102.0
206.0
110.0
75.0
117.0
162.0
136.0
110.0
88.0
143.0
205.0
70.0
136.0
185.0
147.0
138.0
81.0
88.0
162.0
116.0
151.0
191.0
153.0
112.0
185.0
152.0
160.0
111.0
112.0
209.0
144.0
92.0
96.0
223.0
123.0
161.0
120.0
235.0
132.0
148.0
204.0
147.0
112.0
115.0
102.0
149.0
215.0
123.0
201.0
148.0
115.0
108.0
153.0
130.0
168.0
302.0
123.0
143.0
203.0
113.0
73.0
114.0
203.0
71.0
98.0
150.0
81.0
103.0
146.0
143.0
213.0
108.0
86.0
92.0
88.0
130.0
151.0
175.0
124.0
123.0
129.0
136.0
126.0
189.0
135.0
96.0
112.0
149.0
210.0
93.0
193.0
98.0
225.0
182.0
223.0
134.0
172.0
145.0
95.0
86.0
116.0
120.0
215.0
120.0
142.0
134.0
159.0
120.0
145.0
160.0
90.0
55.0
209.0
101.0
298.0
113.0
182.0
144.0
78.0
142.0
103.0
123.0
106.0
212.0
154.0
126.0
161.0
115.0
139.0
107.0
69.0
83.0
86.0
113.0
147.0
74.0
131.0
101.0
217.0
110.0
50.0
66.0
72.0
123.0
150.0
167.0
154.0
200.0
102.0
199.0
130.0
153.0
93.0
141.0
159.0
133.0
154.0
169.0
161.0
185.0
222.0
88.0
79.0
102.0
77.0
114.0
206.0
162.0
273.0
212.0
155.0
119.0
123.0
148.0
208.0
130.0
158.0
192.0
114.0
155.0
137.0
119.0
105.0
76.0
121.0
135.0
87.0
83.0
230.0
124.0
124.0
195.0
99.0
174.0
137.0
195.0
127.0
102.0
160.0
291.0
75.0
121.0
102.0
58.0
115.0
124.0
96.0
81.0
190.0
187.0
109.0
110.0
134.0
99.0
67.0
86.0
302.0
83.0
169.0
83.0
157.0
115.0
119.0
182.0
91.0
131.0
148.0
209.0
139.0
139.0
164.0
155.0
136.0
93.0
84.0
166.0
149.0
109.0
130.0
147.0
161.0
107.0
195.0
237.0
145.0
117.0
153.0
308.0
154.0
117.0
158.0
90.0
131.0
77.0
206.0
171.0
83.0
149.0
110.0
140.0
123.0
182.0
135.0
136.0
211.0
110.0
113.0
133.0
171.0
128.0
148.0
171.0
111.0
86.0
255.0
128.0
98.0
100.0
195.0
183.0
176.0
247.0
262.0
133.0
96.0
113.0
113.0
83.0
111.0
102.0
116.0
211.0
73.0
101.0
90.0
150.0
111.0
135.0
143.0
130.0
114.0
92.0
113.0
153.0
157.0
129.0
104.0
104.0
130.0
192.0
111.0
111.0
271.0
111.0
104.0
421.0
143.0
114.0
84.0
181.0
95.0
154.0
160.0
242.0
101.0
130.0
121.0
134.0
106.0
141.0
104.0
182.0
278.0
191.0
128.0
116.0
166.0
127.0
120.0
176.0
190.0
94.0
104.0
173.0
104.0
128.0
132.0
167.0
160.0
123.0
98.0
125.0
121.0
161.0
131.0
177.0
108.0
111.0
70.0
187.0
88.0
69.0
114.0
132.0
161.0
141.0
117.0
187.0
131.0
162.0
112.0
129.0
204.0
64.0
129.0
256.0
115.0
165.0
114.0
111.0
119.0
136.0
183.0
141.0
91.0
189.0
90.0
136.0
105.0
134.0
164.0
129.0
60.0
104.0
133.0
144.0
181.0
113.0
96.0
57.0
188.0
56.0
140.0
121.0
139.0
129.0
157.0
132.0
138.0
161.0
100.0
106.0
153.0
241.0
137.0
123.0
79.0
181.0
134.0
173.0
117.0
200.0
226.0
97.0
152.0
180.0
70.0
240.0
75.0
98.0
136.0
135.0
141.0
112.0
160.0
209.0
210.0
120.0
247.0
76.0
201.0
127.0
82.0
196.0
143.0
130.0
196.0
44.0
67.0
117.0
169.0
179.0
127.0
156.0
107.0
97.0
133.0
112.0
85.0
165.0
95.0
141.0
141.0
90.0
173.0
149.0
147.0
162.0
215.0
156.0
385.0
157.0
262.0
125.0
90.0
131.0
48.0
90.0
67.0
187.0
91.0
181.0
128.0
111.0
222.0
156.0
99.0
173.0
142.0
83.0
88.0
223.0
103.0
113.0
125.0
117.0
102.0
112.0
233.0
117.0
138.0
63.0
145.0
120.0
133.0
167.0
122.0
152.0
168.0
125.0
152.0
107.0
128.0
136.0
112.0
161.0
153.0
127.0
224.0
133.0
201.0
304.0
134.0
197.0
262.0
75.0
170.0
109.0
138.0
89.0
198.0
170.0
107.0
79.0
124.0
299.0
116.0
142.0
101.0
138.0
112.0
91.0
171.0
130.0
87.0
121.0
163.0
128.0
161.0
126.0
83.0
110.0
167.0
71.0
139.0
262.0
160.0
58.0
121.0
170.0
143.0
94.0
96.0
198.0
159.0
147.0
88.0
88.0
142.0
117.0
321.0
146.0
197.0
121.0
182.0
172.0
82.0
62.0
121.0
73.0
96.0
92.0
149.0
209.0
99.0
198.0
193.0
166.0
136.0
98.0
117.0
204.0
141.0
197.0
182.0
92.0
97.0
137.0
153.0
123.0
198.0
90.0
172.0
235.0
180.0
124.0
80.0
168.0
108.0
134.0
164.0
140.0
215.0
213.0
102.0
170.0
175.0
141.0
114.0
122.0
208.0
158.0
140.0
258.0
85.0
101.0
180.0
212.0
79.0
192.0
68.0
192.0
109.0
127.0
207.0
238.0
119.0
214.0
169.0
151.0
119.0
102.0
138.0
127.0
116.0
131.0
108.0
104.0
128.0
104.0
139.0
172.0
152.0
249.0
165.0
118.0
144.0
148.0
195.0
160.0
110.0
122.0
75.0
120.0
140.0
122.0
123.0
117.0
180.0
106.0
112.0
147.0
172.0
123.0
114.0
173.0
159.0
93.0
142.0
174.0
161.0
104.0
179.0
93.0
141.0
152.0
181.0
139.0
176.0
248.0
100.0
147.0
163.0
53.0
355.0
163.0
144.0
122.0
115.0
114.0
244.0
108.0
243.0
121.0
113.0
189.0
128.0
175.0
130.0
99.0
137.0
116.0
86.0
77.0
167.0
81.0
83.0
67.0
175.0
161.0
110.0
142.0
102.0
140.0
226.0
178.0
183.0
208.0
106.0
133.0
150.0
120.0
173.0
121.0
127.0
176.0
110.0
132.0
92.0
293.0
234.0
160.0
133.0
89.0
137.0
165.0
101.0
132.0
93.0
142.0
77.0
160.0
188.0
85.0
134.0
139.0
134.0
125.0
196.0
242.0
225.0
137.0
121.0
161.0
205.0
152.0
106.0
125.0
152.0
154.0
146.0
127.0
180.0
72.0
120.0
247.0
334.0
169.0
156.0
81.0
215.0
95.0
218.0
174.0
79.0
111.0
115.0
122.0
148.0
122.0
96.0
118.0
254.0
123.0
164.0
225.0
92.0
219.0
85.0
155.0
126.0
103.0
178.0
125.0
173.0
181.0
243.0
79.0
128.0
141.0
130.0
133.0
210.0
79.0
120.0
107.0
169.0
103.0
63.0
115.0
106.0
169.0
119.0
127.0
113.0
121.0
152.0
95.0
177.0
266.0
117.0
118.0
120.0
226.0
142.0
80.0
110.0
92.0
181.0
152.0
231.0
86.0
161.0
210.0
196.0
114.0
138.0
130.0
155.0
66.0
144.0
139.0
121.0
76.0
139.0
147.0
119.0
169.0
206.0
157.0
149.0
87.0
146.0
275.0
138.0
141.0
83.0
181.0
133.0
111.0
155.0
250.0
84.0
149.0
85.0
194.0
120.0
75.0
83.0
88.0
295.0
100.0
106.0
115.0
97.0
192.0
134.0
114.0
164.0
212.0
167.0
148.0
146.0
133.0
103.0
120.0
134.0
112.0
157.0
118.0
233.0
116.0
70.0
141.0
197.0
113.0
187.0
171.0
158.0
89.0
148.0
121.0
219.0
110.0
118.0
173.0
141.0
187.0
77.0
151.0
98.0
151.0
99.0
195.0
210.0
164.0
197.0
168.0
82.0
119.0
82.0
228.0
154.0
149.0
72.0
92.0
171.0
99.0
78.0
149.0
84.0
130.0
149.0
146.0
136.0
170.0
125.0
85.0
81.0
108.0
195.0
90.0
137.0
139.0
161.0
118.0
216.0
130.0
246.0
90.0
161.0
143.0
179.0
65.0
109.0
148.0
110.0
130.0
132.0
118.0
110.0
151.0
187.0
116.0
117.0
168.0
186.0
121.0
154.0
169.0
186.0
90.0
92.0
155.0
129.0
146.0
107.0
197.0
128.0
136.0
128.0
177.0
174.0
182.0
126.0
168.0
152.0
168.0
283.0
79.0
86.0
113.0
97.0
115.0
113.0
117.0
252.0
106.0
143.0
93.0
119.0
103.0
154.0
136.0
182.0
195.0
103.0
137.0
159.0
233.0
305.0
157.0
91.0
135.0
149.0
125.0
126.0
177.0
186.0
110.0
109.0
93.0
102.0
234.0
104.0
120.0
101.0
110.0
162.0
80.0
147.0
132.0
139.0
170.0
92.0
102.0
146.0
163.0
142.0
115.0
172.0
157.0
85.0
167.0
162.0
192.0
241.0
65.0
124.0
146.0
95.0
98.0
129.0
153.0
80.0
140.0
161.0
106.0
98.0
214.0
150.0
107.0
108.0
162.0
91.0
126.0
192.0
178.0
129.0
117.0
174.0
183.0
133.0
162.0
137.0
157.0
135.0
94.0
148.0
114.0
114.0
242.0
133.0
176.0
131.0
191.0
170.0
114.0
176.0
117.0
111.0
141.0
97.0
108.0
82.0
134.0
214.0
139.0
110.0
90.0
139.0
141.0
123.0
162.0
140.0
103.0
135.0
211.0
97.0
162.0
108.0
160.0
111.0
187.0
78.0
112.0
87.0
134.0
146.0
104.0
134.0
77.0
152.0
91.0
91.0
122.0
103.0
128.0
107.0
235.0
147.0
108.0
113.0
130.0
117.0
103.0
249.0
172.0
110.0
207.0
160.0
104.0
177.0
132.0
210.0
187.0
95.0
154.0
121.0
142.0
269.0
71.0
121.0
172.0
204.0
83.0
109.0
164.0
110.0
205.0
122.0
111.0
95.0
127.0
141.0
159.0
171.0
135.0
144.0
143.0
152.0
89.0
149.0
119.0
191.0
135.0
61.0
92.0
131.0
98.0
112.0
104.0
82.0
131.0
146.0
81.0
140.0
158.0
182.0
137.0
75.0
162.0
94.0
120.0
155.0
146.0
162.0
111.0
147.0
147.0
193.0
86.0
179.0
97.0
205.0
105.0
133.0
126.0
123.0
108.0
96.0
170.0
141.0
87.0
124.0
156.0
106.0
165.0
141.0
212.0
140.0
116.0
125.0
120.0
92.0
94.0
233.0
108.0
89.0
98.0
236.0
207.0
160.0
97.0
156.0
399.0
256.0
123.0
161.0
151.0
196.0
143.0
156.0
172.0
152.0
201.0
157.0
129.0
110.0
165.0
182.0
62.0
114.0
91.0
86.0
192.0
123.0
90.0
145.0
165.0
94.0
167.0
115.0
165.0
131.0
163.0
129.0
87.0
161.0
176.0
122.0
89.0
134.0
123.0
123.0
88.0
125.0
80.0
166.0
123.0
183.0
140.0
79.0
132.0
104.0
130.0
123.0
100.0
227.0
117.0
76.0
183.0
170.0
126.0
129.0
115.0
107.0
148.0
112.0
128.0
97.0
145.0
200.0
145.0
366.0
98.0
130.0
171.0
79.0
161.0
88.0
149.0
94.0
113.0
124.0
140.0
129.0
260.0
75.0
164.0
64.0
217.0
196.0
99.0
118.0
224.0
94.0
161.0
115.0
218.0
104.0
108.0
143.0
198.0
129.0
215.0
166.0
205.0
132.0
100.0
128.0
183.0
136.0
150.0
114.0
153.0
77.0
163.0
87.0
131.0
182.0
169.0
125.0
82.0
182.0
90.0
134.0
160.0
136.0
198.0
168.0
111.0
71.0
92.0
403.0
71.0
180.0
142.0
102.0
95.0
247.0
56.0
62.0
127.0
100.0
137.0
124.0
44.0
149.0
165.0
149.0
117.0
106.0
99.0
175.0
190.0
125.0
111.0
84.0
71.0
125.0
128.0
144.0
165.0
105.0
164.0
188.0
169.0
121.0
78.0
157.0
111.0
192.0
175.0
118.0
125.0
105.0
169.0
176.0
110.0
83.0
256.0
100.0
140.0
174.0
176.0
128.0
94.0
140.0
168.0
130.0
147.0
190.0
251.0
187.0
160.0
98.0
116.0
110.0
97.0
54.0
171.0
172.0
129.0
135.0
112.0
174.0
164.0
207.0
169.0
59.0
124.0
142.0
130.0
85.0
158.0
142.0
128.0
156.0
139.0
86.0
134.0
169.0
61.0
295.0
106.0
132.0
130.0
162.0
284.0
124.0
231.0
131.0
114.0
135.0
135.0
115.0
142.0
146.0
128.0
90.0
164.0
170.0
160.0
204.0
136.0
187.0
99.0
87.0
206.0
101.0
89.0
116.0
139.0
72.0
108.0
109.0
208.0
115.0
107.0
103.0
123.0
203.0
112.0
153.0
167.0
127.0
141.0
130.0
125.0
207.0
136.0
125.0
97.0
101.0
96.0
128.0
177.0
143.0
116.0
71.0
156.0
122.0
200.0
96.0
126.0
240.0
95.0
185.0
168.0
156.0
63.0
87.0
197.0
113.0
120.0
209.0
120.0
119.0
64.0
201.0
114.0
111.0
181.0
142.0
128.0
149.0
130.0
210.0
110.0
91.0
129.0
81.0
178.0
235.0
137.0
138.0
121.0
126.0
154.0
222.0
215.0
185.0
140.0
93.0
95.0
140.0
142.0
138.0
165.0
194.0
103.0
154.0
201.0
124.0
256.0
91.0
72.0
71.0
109.0
142.0
96.0
130.0
247.0
103.0
134.0
229.0
226.0
130.0
103.0
144.0
232.0
166.0
206.0
136.0
86.0
171.0
99.0
119.0
85.0
148.0
128.0
142.0
158.0
118.0
93.0
138.0
158.0
97.0
229.0
183.0
155.0
149.0
160.0
81.0
252.0
65.0
122.0
63.0
197.0
173.0
187.0
236.0
167.0
103.0
160.0
192.0
172.0
136.0
122.0
114.0
126.0
105.0
87.0
162.0
82.0
142.0
184.0
143.0
99.0
171.0
109.0
151.0
104.0
199.0
105.0
107.0
89.0
116.0
163.0
105.0
146.0
95.0
149.0
102.0
154.0
252.0
135.0
142.0
97.0
156.0
144.0
90.0
182.0
186.0
153.0
168.0
136.0
157.0
132.0
100.0
171.0
108.0
283.0
137.0
119.0
154.0
121.0
116.0
111.0
271.0
109.0
100.0
162.0
122.0
103.0
138.0
125.0
178.0
158.0
131.0
206.0
129.0
168.0
116.0
179.0
130.0
82.0
235.0
103.0
153.0
185.0
162.0
123.0
137.0
149.0
97.0
74.0
174.0
157.0
72.0
280.0
110.0
161.0
135.0
93.0
156.0
103.0
164.0
89.0
55.0
117.0
152.0
135.0
195.0
131.0
199.0
157.0
199.0
184.0
134.0
224.0
170.0
87.0
170.0
93.0
152.0
139.0
234.0
94.0
129.0
88.0
119.0
153.0
92.0
120.0
160.0
106.0
162.0
240.0
116.0
104.0
127.0
118.0
99.0
168.0
130.0
103.0
176.0
167.0
125.0
111.0
108.0
116.0
205.0
119.0
119.0
171.0
121.0
168.0
148.0
177.0
172.0
139.0
207.0
192.0
80.0
131.0
241.0
136.0
181.0
167.0
150.0
151.0
240.0
99.0
121.0
128.0
170.0
187.0
164.0
193.0
166.0
135.0
136.0
208.0
145.0
172.0
184.0
128.0
126.0
101.0
82.0
119.0
363.0
111.0
140.0
97.0
88.0
108.0
108.0
134.0
93.0
113.0
95.0
211.0
119.0
140.0
128.0
105.0
159.0
235.0
165.0
127.0
86.0
123.0
150.0
198.0
95.0
78.0
177.0
145.0
254.0
110.0
158.0
175.0
146.0
87.0
195.0
275.0
144.0
179.0
106.0
145.0
108.0
152.0
135.0
105.0
96.0
178.0
157.0
240.0
120.0
137.0
126.0
100.0
96.0
247.0
161.0
122.0
130.0
165.0
196.0
161.0
74.0
120.0
126.0
82.0
138.0
140.0
147.0
105.0
115.0
157.0
143.0
116.0
87.0
108.0
143.0
141.0
155.0
81.0
123.0
83.0
181.0
94.0
168.0
85.0
138.0
140.0
137.0
64.0
107.0
144.0
160.0
180.0
196.0
159.0
207.0
133.0
195.0
118.0
170.0
80.0
139.0
143.0
218.0
109.0
155.0
149.0
146.0
132.0
254.0
158.0
95.0
116.0
103.0
80.0
126.0
144.0
163.0
128.0
220.0
220.0
298.0
114.0
115.0
122.0
127.0
145.0
126.0
145.0
127.0
142.0
77.0
169.0
128.0
131.0
108.0
50.0
198.0
227.0
134.0
140.0
102.0
160.0
116.0
137.0
136.0
267.0
115.0
108.0
133.0
90.0
98.0
294.0
135.0
206.0
125.0
110.0
101.0
170.0
142.0
172.0
103.0
217.0
105.0
135.0
210.0
99.0
97.0
141.0
153.0
125.0
134.0
121.0
125.0
206.0
108.0
93.0
114.0
124.0
116.0
109.0
155.0
113.0
115.0
80.0
154.0
230.0
156.0
107.0
199.0
215.0
132.0
157.0
90.0
138.0
72.0
169.0
164.0
184.0
130.0
92.0
147.0
88.0
153.0
91.0
90.0
137.0
131.0
149.0
280.0
204.0
139.0
209.0
205.0
258.0
133.0
113.0
101.0
129.0
211.0
116.0
78.0
205.0
79.0
111.0
229.0
131.0
133.0
118.0
116.0
150.0
98.0
182.0
121.0
98.0
127.0
81.0
159.0
73.0
118.0
151.0
90.0
179.0
137.0
154.0
237.0
220.0
154.0
147.0
155.0
117.0
106.0
153.0
104.0
113.0
108.0
117.0
171.0
78.0
127.0
236.0
142.0
120.0
155.0
265.0
135.0
116.0
122.0
179.0
98.0
170.0
115.0
163.0
158.0
132.0
91.0
138.0
168.0
166.0
143.0
121.0
168.0
80.0
91.0
91.0
121.0
182.0
162.0
79.0
131.0
205.0
160.0
218.0
97.0
102.0
113.0
139.0
155.0
218.0
89.0
62.0
122.0
194.0
136.0
174.0
123.0
98.0
125.0
186.0
147.0
152.0
196.0
134.0
110.0
158.0
120.0
116.0
151.0
96.0
192.0
88.0
116.0
75.0
174.0
140.0
110.0
159.0
174.0
111.0
108.0
173.0
129.0
130.0
157.0
106.0
120.0
149.0
179.0
136.0
115.0
120.0
131.0
109.0
276.0
157.0
212.0
152.0
102.0
108.0
114.0
147.0
129.0
163.0
177.0
152.0
90.0
67.0
133.0
79.0
172.0
141.0
219.0
83.0
152.0
175.0
132.0
67.0
205.0
254.0
129.0
142.0
132.0
217.0
110.0
122.0
216.0
128.0
96.0
95.0
175.0
67.0
121.0
124.0
74.0
131.0
204.0
95.0
136.0
126.0
177.0
156.0
95.0
117.0
270.0
202.0
173.0
129.0
185.0
163.0
65.0
102.0
234.0
127.0
73.0
125.0
174.0
167.0
82.0
103.0
119.0
139.0
155.0
189.0
169.0
222.0
124.0
225.0
126.0
78.0
126.0
116.0
80.0
168.0
69.0
204.0
201.0
124.0
143.0
189.0
187.0
117.0
262.0
149.0
147.0
178.0
117.0
163.0
95.0
187.0
148.0
90.0
210.0
203.0
104.0
171.0
212.0
91.0
137.0
84.0
120.0
68.0
78.0
187.0
78.0
185.0
138.0
101.0
132.0
121.0
104.0
90.0
167.0
99.0
97.0
123.0
128.0
108.0
152.0
163.0
144.0
139.0
195.0
142.0
177.0
118.0
116.0
158.0
131.0
200.0
140.0
193.0
101.0
138.0
174.0
136.0
103.0
173.0
100.0
170.0
95.0
81.0
77.0
202.0
131.0
182.0
136.0
120.0
156.0
221.0
208.0
144.0
59.0
127.0
189.0
199.0
85.0
101.0
143.0
81.0
221.0
113.0
107.0
174.0
172.0
130.0
181.0
123.0
145.0
147.0
166.0
134.0
159.0
143.0
161.0
211.0
89.0
202.0
80.0
143.0
165.0
112.0
204.0
146.0
136.0
123.0
123.0
197.0
134.0
144.0
187.0
69.0
123.0
307.0
152.0
217.0
186.0
172.0
167.0
101.0
88.0
115.0
127.0
93.0
99.0
126.0
181.0
136.0
132.0
67.0
66.0
218.0
156.0
136.0
169.0
86.0
180.0
126.0
119.0
155.0
93.0
148.0
156.0
120.0
124.0
76.0
187.0
150.0
127.0
147.0
122.0
149.0
109.0
107.0
178.0
156.0
79.0
72.0
95.0
122.0
247.0
121.0
110.0
227.0
138.0
119.0
227.0
164.0
233.0
142.0
100.0
157.0
162.0
106.0
113.0
166.0
190.0
154.0
222.0
127.0
129.0
252.0
179.0
164.0
144.0
93.0
97.0
103.0
159.0
183.0
143.0
120.0
126.0
95.0
176.0
103.0
118.0
119.0
180.0
161.0
201.0
152.0
136.0
155.0
141.0
78.0
153.0
204.0
123.0
108.0
178.0
61.0
164.0
218.0
86.0
133.0
135.0
144.0
176.0
80.0
181.0
129.0
84.0
90.0
124.0
142.0
117.0
121.0
171.0
253.0
154.0
118.0
111.0
90.0
125.0
250.0
190.0
148.0
91.0
157.0
113.0
162.0
154.0
169.0
118.0
104.0
106.0
123.0
116.0
188.0
157.0
292.0
86.0
73.0
179.0
102.0
101.0
115.0
87.0
113.0
139.0
104.0
122.0
147.0
124.0
128.0
107.0
132.0
102.0
145.0
131.0
176.0
129.0
156.0
169.0
136.0
115.0
210.0
121.0
148.0
92.0
70.0
140.0
140.0
128.0
73.0
241.0
120.0
151.0
145.0
126.0
147.0
129.0
102.0
208.0
143.0
189.0
153.0
138.0
108.0
148.0
164.0
195.0
169.0
93.0
125.0
194.0
147.0
124.0
189.0
195.0
126.0
160.0
82.0
135.0
206.0
183.0
118.0
80.0
114.0
76.0
143.0
135.0
196.0
129.0
132.0
213.0
132.0
110.0
108.0
136.0
165.0
128.0
67.0
119.0
158.0
83.0
210.0
71.0
120.0
149.0
250.0
114.0
174.0
101.0
74.0
172.0
93.0
101.0
149.0
99.0
116.0
208.0
130.0
128.0
158.0
153.0
131.0
93.0
177.0
110.0
116.0
83.0
214.0
105.0
174.0
156.0
179.0
120.0
187.0
167.0
86.0
157.0
217.0
204.0
150.0
164.0
101.0
110.0
128.0
86.0
137.0
151.0
189.0
114.0
86.0
106.0
116.0
95.0
98.0
124.0
160.0
115.0
111.0
168.0
124.0
179.0
161.0
120.0
195.0
146.0
184.0
158.0
120.0
85.0
144.0
118.0
154.0
114.0
193.0
118.0
179.0
126.0
177.0
146.0
153.0
170.0
102.0
117.0
120.0
153.0
138.0
192.0
159.0
218.0
162.0
158.0
170.0
102.0
114.0
130.0
189.0
107.0
96.0
129.0
163.0
113.0
120.0
210.0
152.0
118.0
95.0
142.0
84.0
181.0
157.0
205.0
131.0
132.0
97.0
136.0
141.0
129.0
174.0
140.0
200.0
151.0
185.0
117.0
141.0
92.0
99.0
182.0
121.0
87.0
133.0
129.0
127.0
180.0
224.0
78.0
177.0
128.0
184.0
137.0
223.0
150.0
122.0
122.0
180.0
128.0
104.0
95.0
111.0
98.0
97.0
150.0
203.0
135.0
76.0
171.0
131.0
98.0
125.0
220.0
159.0
135.0
112.0
214.0
147.0
185.0
196.0
105.0
161.0
120.0
125.0
165.0
84.0
259.0
116.0
164.0
177.0
134.0
245.0
121.0
67.0
127.0
199.0
132.0
79.0
179.0
137.0
108.0
123.0
123.0
145.0
206.0
191.0
179.0
93.0
105.0
255.0
150.0
144.0
163.0
206.0
211.0
117.0
116.0
132.0
73.0
110.0
89.0
132.0
98.0
169.0
102.0
138.0
124.0
141.0
178.0
159.0
161.0
157.0
122.0
192.0
149.0
137.0
91.0
180.0
135.0
129.0
111.0
172.0
113.0
103.0
123.0
121.0
107.0
119.0
124.0
154.0
169.0
177.0
100.0
155.0
50.0
211.0
220.0
163.0
143.0
145.0
189.0
113.0
90.0
202.0
148.0
123.0
186.0
71.0
80.0
106.0
97.0
366.0
153.0
175.0
100.0
110.0
224.0
123.0
142.0
129.0
188.0
240.0
147.0
184.0
97.0
150.0
103.0
110.0
93.0
125.0
220.0
185.0
164.0
140.0
222.0
161.0
239.0
111.0
165.0
124.0
162.0
164.0
99.0
162.0
104.0
108.0
172.0
138.0
89.0
108.0
104.0
187.0
134.0
58.0
190.0
127.0
142.0
213.0
94.0
162.0
133.0
145.0
90.0
139.0
112.0
142.0
155.0
147.0
109.0
129.0
139.0
117.0
143.0
117.0
185.0
138.0
203.0
154.0
137.0
136.0
92.0
247.0
169.0
149.0
91.0
131.0
100.0
180.0
142.0
67.0
120.0
138.0
152.0
144.0
91.0
143.0
112.0
146.0
168.0
157.0
129.0
132.0
186.0
177.0
211.0
135.0
97.0
350.0
145.0
99.0
180.0
72.0
97.0
135.0
153.0
148.0
182.0
133.0
187.0
109.0
144.0
275.0
129.0
106.0
157.0
93.0
122.0
140.0
135.0
167.0
138.0
151.0
100.0
90.0
117.0
123.0
201.0
96.0
177.0
162.0
65.0
132.0
168.0
156.0
150.0
150.0
141.0
186.0
87.0
149.0
180.0
219.0
166.0
72.0
174.0
87.0
139.0
171.0
156.0
151.0
148.0
165.0
78.0
131.0
99.0
144.0
118.0
150.0
100.0
188.0
103.0
249.0
99.0
132.0
135.0
160.0
148.0
100.0
96.0
104.0
147.0
125.0
121.0
158.0
175.0
170.0
136.0
118.0
132.0
96.0
127.0
108.0
183.0
130.0
132.0
126.0
264.0
87.0
135.0
172.0
103.0
186.0
114.0
181.0
99.0
131.0
108.0
97.0
111.0
105.0
149.0
109.0
175.0
185.0
130.0
91.0
199.0
158.0
243.0
121.0
107.0
199.0
183.0
146.0
120.0
133.0
204.0
189.0
112.0
105.0
111.0
106.0
136.0
188.0
158.0
265.0
142.0
193.0
77.0
141.0
182.0
132.0
58.0
129.0
84.0
185.0
117.0
110.0
149.0
137.0
134.0
139.0
110.0
165.0
135.0
141.0
136.0
133.0
119.0
113.0
87.0
162.0
133.0
179.0
102.0
172.0
89.0
112.0
192.0
104.0
141.0
157.0
168.0
139.0
106.0
223.0
174.0
111.0
130.0
103.0
111.0
184.0
97.0
130.0
148.0
103.0
183.0
62.0
101.0
121.0
101.0
199.0
146.0
124.0
113.0
136.0
245.0
61.0
231.0
91.0
137.0
170.0
169.0
157.0
133.0
132.0
188.0
143.0
149.0
64.0
66.0
169.0
195.0
106.0
121.0
212.0
70.0
97.0
152.0
121.0
214.0
187.0
140.0
119.0
272.0
132.0
177.0
106.0
126.0
196.0
156.0
79.0
123.0
62.0
130.0
153.0
155.0
132.0
222.0
193.0
92.0
186.0
164.0
169.0
94.0
88.0
122.0
64.0
146.0
257.0
102.0
167.0
178.0
133.0
138.0
155.0
273.0
150.0
123.0
140.0
157.0
73.0
105.0
109.0
80.0
112.0
223.0
137.0
162.0
137.0
147.0
86.0
121.0
90.0
118.0
168.0
231.0
168.0
124.0
82.0
139.0
167.0
106.0
121.0
197.0
177.0
187.0
74.0
146.0
158.0
88.0
153.0
153.0
197.0
163.0
126.0
159.0
251.0
127.0
151.0
183.0
98.0
144.0
131.0
109.0
330.0
140.0
102.0
159.0
139.0
190.0
70.0
120.0
193.0
208.0
155.0
170.0
167.0
147.0
331.0
128.0
113.0
190.0
60.0
156.0
138.0
121.0
126.0
186.0
135.0
205.0
130.0
101.0
207.0
107.0
128.0
112.0
158.0
157.0
96.0
229.0
103.0
128.0
97.0
122.0
112.0
135.0
134.0
72.0
189.0
115.0
163.0
140.0
86.0
201.0
125.0
98.0
127.0
106.0
236.0
109.0
161.0
153.0
121.0
102.0
279.0
106.0
95.0
134.0
163.0
146.0
156.0
179.0
172.0
130.0
193.0
120.0
109.0
152.0
80.0
228.0
105.0
109.0
168.0
132.0
130.0
129.0
107.0
153.0
210.0
216.0
77.0
187.0
82.0
140.0
98.0
154.0
207.0
114.0
107.0
94.0
68.0
201.0
263.0
103.0
253.0
196.0
122.0
242.0
210.0
134.0
185.0
105.0
90.0
235.0
161.0
160.0
118.0
179.0
130.0
79.0
138.0
148.0
377.0
119.0
176.0
90.0
198.0
136.0
105.0
176.0
216.0
107.0
260.0
145.0
159.0
81.0
143.0
134.0
205.0
71.0
89.0
182.0
124.0
128.0
119.0
120.0
138.0
132.0
97.0
106.0
136.0
166.0
73.0
164.0
147.0
150.0
100.0
166.0
196.0
139.0
150.0
133.0
161.0
87.0
199.0
89.0
151.0
105.0
369.0
146.0
188.0
55.0
173.0
173.0
176.0
154.0
147.0
185.0
166.0
110.0
80.0
98.0
307.0
136.0
294.0
206.0
142.0
123.0
142.0
88.0
75.0
162.0
93.0
214.0
109.0
98.0
92.0
113.0
133.0
161.0
95.0
175.0
104.0
92.0
124.0
76.0
89.0
66.0
127.0
74.0
134.0
129.0
97.0
219.0
150.0
109.0
110.0
255.0
122.0
59.0
136.0
181.0
157.0
208.0
153.0
108.0
172.0
148.0
149.0
159.0
224.0
101.0
185.0
157.0
199.0
179.0
130.0
149.0
193.0
136.0
191.0
94.0
82.0
127.0
137.0
144.0
119.0
142.0
148.0
99.0
87.0
155.0
266.0
170.0
88.0
105.0
146.0
86.0
192.0
151.0
152.0
98.0
164.0
168.0
116.0
109.0
169.0
142.0
122.0
98.0
115.0
156.0
85.0
135.0
160.0
171.0
73.0
134.0
170.0
116.0
140.0
146.0
193.0
93.0
190.0
263.0
198.0
154.0
189.0
145.0
140.0
146.0
101.0
107.0
104.0
86.0
122.0
146.0
150.0
120.0
150.0
163.0
160.0
157.0
86.0
169.0
92.0
148.0
179.0
159.0
113.0
71.0
117.0
133.0
122.0
167.0
183.0
203.0
123.0
161.0
122.0
98.0
144.0
120.0
137.0
187.0
179.0
143.0
141.0
147.0
153.0
111.0
116.0
189.0
142.0
126.0
223.0
120.0
163.0
208.0
81.0
139.0
99.0
158.0
144.0
83.0
79.0
261.0
123.0
110.0
108.0
110.0
154.0
155.0
93.0
131.0
138.0
164.0
97.0
144.0
88.0
135.0
135.0
151.0
215.0
99.0
163.0
91.0
180.0
130.0
124.0
73.0
183.0
122.0
141.0
151.0
162.0
91.0
211.0
190.0
197.0
112.0
215.0
81.0
157.0
122.0
85.0
93.0
78.0
140.0
105.0
141.0
120.0
94.0
228.0
103.0
183.0
154.0
120.0
113.0
184.0
226.0
126.0
105.0
185.0
81.0
201.0
157.0
103.0
77.0
139.0
146.0
160.0
128.0
76.0
117.0
237.0
145.0
154.0
101.0
154.0
174.0
165.0
183.0
130.0
90.0
94.0
145.0
107.0
135.0
145.0
91.0
81.0
199.0
82.0
209.0
136.0
119.0
179.0
186.0
195.0
202.0
176.0
162.0
175.0
70.0
198.0
69.0
165.0
102.0
153.0
324.0
120.0
219.0
154.0
101.0
80.0
127.0
149.0
120.0
204.0
141.0
219.0
182.0
113.0
62.0
168.0
125.0
126.0
108.0
170.0
142.0
130.0
124.0
144.0
97.0
166.0
89.0
166.0
152.0
127.0
131.0
231.0
119.0
99.0
190.0
100.0
153.0
125.0
65.0
143.0
120.0
121.0
108.0
99.0
176.0
81.0
127.0
217.0
130.0
152.0
139.0
150.0
134.0
170.0
94.0
162.0
138.0
232.0
81.0
155.0
129.0
116.0
146.0
121.0
222.0
143.0
157.0
164.0
131.0
111.0
102.0
103.0
228.0
92.0
291.0
85.0
159.0
129.0
130.0
120.0
83.0
143.0
176.0
107.0
179.0
114.0
193.0
175.0
209.0
68.0
96.0
168.0
165.0
125.0
94.0
183.0
118.0
115.0
73.0
122.0
192.0
76.0
95.0
118.0
165.0
105.0
144.0
197.0
87.0
173.0
138.0
233.0
143.0
136.0
126.0
136.0
116.0
98.0
274.0
95.0
183.0
126.0
139.0
100.0
176.0
96.0
103.0
100.0
71.0
79.0
218.0
165.0
243.0
170.0
204.0
130.0
118.0
103.0
116.0
207.0
131.0
62.0
125.0
146.0
257.0
185.0
63.0
103.0
126.0
102.0
164.0
227.0
181.0
104.0
160.0
158.0
116.0
146.0
105.0
273.0
113.0
146.0
305.0
152.0
203.0
100.0
100.0
159.0
76.0
105.0
115.0
106.0
131.0
193.0
173.0
77.0
228.0
311.0
172.0
97.0
90.0
130.0
200.0
150.0
117.0
127.0
128.0
108.0
155.0
134.0
203.0
111.0
160.0
126.0
131.0
139.0
125.0
74.0
103.0
166.0
80.0
251.0
168.0
87.0
108.0
171.0
151.0
145.0
94.0
130.0
98.0
130.0
166.0
117.0
149.0
119.0
57.0
140.0
170.0
88.0
75.0
152.0
321.0
248.0
110.0
102.0
106.0
73.0
165.0
262.0
215.0
172.0
245.0
140.0
109.0
143.0
108.0
108.0
194.0
126.0
186.0
188.0
184.0
274.0
115.0
167.0
165.0
130.0
203.0
88.0
136.0
156.0
115.0
106.0
66.0
122.0
269.0
122.0
96.0
182.0
333.0
178.0
151.0
189.0
134.0
132.0
310.0
211.0
131.0
104.0
111.0
72.0
124.0
151.0
121.0
93.0
356.0
80.0
109.0
99.0
188.0
136.0
90.0
105.0
105.0
148.0
156.0
127.0
95.0
244.0
77.0
136.0
146.0
73.0
147.0
80.0
142.0
127.0
110.0
147.0
176.0
177.0
117.0
164.0
142.0
79.0
148.0
120.0
132.0
73.0
127.0
222.0
152.0
175.0
155.0
119.0
173.0
135.0
122.0
131.0
96.0
158.0
111.0
46.0
165.0
223.0
75.0
141.0
180.0
156.0
169.0
132.0
163.0
104.0
77.0
200.0
80.0
130.0
136.0
121.0
219.0
114.0
190.0
132.0
206.0
155.0
168.0
143.0
73.0
69.0
157.0
118.0
136.0
200.0
79.0
94.0
251.0
127.0
149.0
151.0
198.0
106.0
113.0
174.0
106.0
100.0
319.0
135.0
79.0
133.0
132.0
158.0
101.0
190.0
157.0
80.0
106.0
130.0
105.0
242.0
111.0
100.0
127.0
162.0
155.0
74.0
116.0
167.0
125.0
113.0
149.0
106.0
153.0
108.0
270.0
61.0
69.0
83.0
130.0
92.0
78.0
182.0
209.0
360.0
132.0
140.0
131.0
247.0
146.0
100.0
161.0
66.0
107.0
137.0
213.0
143.0
146.0
141.0
60.0
110.0
146.0
215.0
115.0
117.0
126.0
98.0
309.0
124.0
129.0
235.0
272.0
93.0
140.0
217.0
142.0
111.0
81.0
116.0
148.0
225.0
118.0
96.0
224.0
158.0
107.0
147.0
93.0
113.0
161.0
196.0
111.0
238.0
127.0
111.0
143.0
158.0
146.0
167.0
193.0
129.0
118.0
134.0
96.0
140.0
115.0
132.0
115.0
194.0
74.0
172.0
240.0
127.0
156.0
122.0
144.0
129.0
114.0
104.0
118.0
196.0
147.0
254.0
134.0
215.0
115.0
140.0
161.0
123.0
129.0
331.0
146.0
109.0
119.0
308.0
160.0
116.0
167.0
181.0
105.0
94.0
70.0
94.0
153.0
120.0
253.0
182.0
130.0
108.0
149.0
174.0
132.0
98.0
98.0
81.0
107.0
112.0
154.0
140.0
138.0
154.0
112.0
73.0
150.0
114.0
171.0
152.0
161.0
165.0
143.0
187.0
77.0
105.0
107.0
139.0
92.0
205.0
91.0
148.0
190.0
106.0
122.0
284.0
324.0
149.0
161.0
158.0
142.0
166.0
127.0
279.0
99.0
108.0
180.0
128.0
158.0
112.0
92.0
123.0
131.0
214.0
102.0
138.0
139.0
164.0
154.0
212.0
79.0
121.0
159.0
91.0
73.0
205.0
118.0
166.0
115.0
251.0
161.0
172.0
154.0
113.0
128.0
114.0
97.0
103.0
145.0
148.0
220.0
116.0
133.0
177.0
79.0
94.0
182.0
240.0
116.0
118.0
111.0
102.0
127.0
195.0
190.0
188.0
92.0
135.0
144.0
118.0
186.0
94.0
65.0
113.0
131.0
191.0
97.0
97.0
73.0
252.0
113.0
86.0
135.0
175.0
182.0
152.0
113.0
131.0
142.0
171.0
244.0
123.0
128.0
118.0
241.0
204.0
91.0
211.0
261.0
197.0
262.0
134.0
115.0
193.0
104.0
132.0
88.0
115.0
89.0
362.0
150.0
121.0
236.0
185.0
129.0
148.0
88.0
320.0
125.0
120.0
163.0
79.0
182.0
111.0
70.0
113.0
182.0
172.0
261.0
121.0
115.0
63.0
94.0
245.0
186.0
125.0
202.0
91.0
153.0
160.0
190.0
111.0
103.0
150.0
87.0
178.0
108.0
116.0
104.0
204.0
90.0
184.0
117.0
235.0
67.0
121.0
101.0
168.0
102.0
78.0
221.0
130.0
108.0
166.0
202.0
511.0
181.0
185.0
288.0
94.0
47.0
161.0
78.0
120.0
69.0
85.0
156.0
146.0
92.0
121.0
126.0
89.0
86.0
112.0
248.0
104.0
159.0
109.0
126.0
183.0
121.0
186.0
225.0
147.0
113.0
141.0
104.0
163.0
109.0
241.0
201.0
195.0
88.0
206.0
127.0
103.0
167.0
77.0
55.0
142.0
83.0
85.0
138.0
119.0
113.0
175.0
106.0
178.0
118.0
68.0
136.0
141.0
114.0
125.0
145.0
124.0
95.0
165.0
156.0
130.0
222.0
159.0
59.0
203.0
103.0
281.0
200.0
181.0
162.0
255.0
139.0
97.0
129.0
72.0
122.0
128.0
113.0
333.0
233.0
122.0
134.0
129.0
153.0
175.0
111.0
104.0
127.0
65.0
118.0
118.0
235.0
196.0
107.0
68.0
162.0
179.0
226.0
224.0
175.0
177.0
203.0
119.0
117.0
55.0
221.0
72.0
135.0
94.0
92.0
173.0
122.0
106.0
108.0
113.0
107.0
131.0
104.0
183.0
143.0
124.0
103.0
48.0
104.0
128.0
263.0
335.0
120.0
82.0
113.0
81.0
184.0
112.0
155.0
135.0
135.0
107.0
117.0
124.0
168.0
141.0
153.0
130.0
112.0
178.0
108.0
82.0
116.0
101.0
90.0
261.0
92.0
243.0
98.0
48.0
151.0
138.0
154.0
108.0
134.0
132.0
239.0
119.0
183.0
173.0
70.0
119.0
130.0
134.0
138.0
134.0
158.0
94.0
205.0
159.0
179.0
136.0
308.0
116.0
204.0
85.0
119.0
188.0
158.0
181.0
184.0
106.0
119.0
356.0
133.0
89.0
71.0
141.0
101.0
87.0
144.0
129.0
279.0
130.0
143.0
154.0
129.0
152.0
95.0
172.0
107.0
90.0
105.0
173.0
244.0
117.0
198.0
180.0
110.0
106.0
109.0
142.0
139.0
154.0
191.0
136.0
130.0
149.0
161.0
249.0
159.0
135.0
213.0
84.0
220.0
258.0
88.0
101.0
128.0
76.0
124.0
62.0
108.0
114.0
105.0
180.0
160.0
55.0
110.0
109.0
150.0
109.0
74.0
158.0
138.0
168.0
114.0
277.0
246.0
54.0
112.0
154.0
120.0
116.0
101.0
94.0
129.0
92.0
125.0
107.0
205.0
90.0
134.0
235.0
100.0
113.0
121.0
156.0
208.0
86.0
128.0
164.0
132.0
969.0
102.0
156.0
149.0
200.0
164.0
75.0
157.0
215.0
132.0
102.0
127.0
116.0
92.0
122.0
92.0
117.0
126.0
128.0
173.0
84.0
57.0
152.0
98.0
159.0
137.0
132.0
98.0
139.0
162.0
115.0
197.0
112.0
214.0
77.0
106.0
211.0
223.0
87.0
76.0
194.0
145.0
144.0
247.0
123.0
159.0
94.0
118.0
128.0
139.0
137.0
126.0
104.0
163.0
129.0
70.0
121.0
140.0
116.0
105.0
161.0
179.0
74.0
138.0
129.0
121.0
119.0
325.0
73.0
103.0
153.0
117.0
110.0
147.0
74.0
136.0
222.0
92.0
270.0
131.0
103.0
168.0
145.0
149.0
171.0
218.0
104.0
191.0
233.0
77.0
54.0
78.0
100.0
191.0
75.0
170.0
106.0
195.0
179.0
72.0
306.0
88.0
144.0
151.0
90.0
215.0
172.0
125.0
121.0
119.0
142.0
108.0
242.0
107.0
93.0
86.0
126.0
146.0
211.0
120.0
141.0
143.0
71.0
147.0
125.0
128.0
139.0
116.0
186.0
173.0
129.0
187.0
114.0
110.0
204.0
117.0
96.0
187.0
137.0
185.0
145.0
133.0
169.0
179.0
100.0
75.0
152.0
146.0
144.0
155.0
123.0
102.0
161.0
60.0
206.0
85.0
140.0
172.0
130.0
174.0
100.0
88.0
78.0
122.0
206.0
143.0
72.0
151.0
137.0
222.0
155.0
203.0
189.0
114.0
80.0
113.0
83.0
133.0
204.0
121.0
220.0
206.0
94.0
95.0
143.0
180.0
70.0
239.0
138.0
104.0
85.0
59.0
106.0
114.0
68.0
162.0
73.0
71.0
129.0
145.0
263.0
116.0
155.0
122.0
91.0
154.0
114.0
182.0
119.0
184.0
97.0
167.0
95.0
93.0
65.0
125.0
282.0
111.0
515.0
85.0
162.0
103.0
151.0
111.0
218.0
102.0
127.0
164.0
94.0
142.0
152.0
194.0
136.0
107.0
115.0
116.0
99.0
257.0
179.0
122.0
212.0
110.0
102.0
147.0
122.0
100.0
145.0
232.0
119.0
204.0
132.0
168.0
152.0
191.0
180.0
79.0
89.0
118.0
111.0
142.0
171.0
215.0
185.0
145.0
91.0
86.0
78.0
139.0
66.0
99.0
116.0
110.0
109.0
172.0
231.0
189.0
170.0
162.0
135.0
69.0
126.0
84.0
205.0
86.0
132.0
69.0
109.0
54.0
177.0
109.0
218.0
223.0
104.0
124.0
234.0
184.0
210.0
64.0
182.0
133.0
114.0
236.0
73.0
133.0
135.0
137.0
154.0
218.0
112.0
233.0
197.0
114.0
69.0
132.0
126.0
341.0
114.0
103.0
110.0
152.0
213.0
74.0
112.0
357.0
100.0
122.0
84.0
97.0
161.0
156.0
117.0
185.0
115.0
189.0
211.0
287.0
140.0
108.0
167.0
122.0
108.0
194.0
202.0
179.0
89.0
74.0
117.0
112.0
137.0
86.0
262.0
129.0
115.0
162.0
86.0
248.0
67.0
105.0
97.0
123.0
98.0
112.0
167.0
148.0
158.0
112.0
113.0
148.0
62.0
184.0
111.0
81.0
145.0
231.0
180.0
105.0
78.0
111.0
292.0
156.0
99.0
326.0
100.0
154.0
81.0
92.0
113.0
111.0
140.0
113.0
114.0
105.0
154.0
152.0
83.0
151.0
132.0
132.0
118.0
85.0
108.0
132.0
163.0
96.0
104.0
218.0
126.0
150.0
142.0
242.0
91.0
169.0
154.0
88.0
793.0
170.0
80.0
90.0
115.0
147.0
111.0
162.0
128.0
87.0
136.0
108.0
161.0
266.0
176.0
93.0
161.0
239.0
94.0
87.0
141.0
198.0
52.0
120.0
182.0
111.0
285.0
97.0
123.0
161.0
166.0
193.0
194.0
155.0
97.0
121.0
134.0
187.0
288.0
161.0
152.0
200.0
105.0
187.0
193.0
114.0
133.0
174.0
206.0
108.0
100.0
83.0
108.0
109.0
224.0
158.0
98.0
143.0
122.0
123.0
177.0
127.0
151.0
104.0
214.0
91.0
182.0
87.0
311.0
144.0
126.0
316.0
173.0
125.0
197.0
116.0
110.0
258.0
103.0
120.0
181.0
134.0
400.0
103.0
173.0
158.0
140.0
192.0
77.0
189.0
66.0
191.0
115.0
106.0
127.0
107.0
405.0
118.0
243.0
133.0
246.0
141.0
170.0
122.0
102.0
103.0
143.0
104.0
181.0
115.0
109.0
160.0
111.0
204.0
129.0
75.0
195.0
133.0
123.0
152.0
184.0
75.0
150.0
111.0
201.0
59.0
106.0
126.0
81.0
167.0
182.0
111.0
123.0
85.0
160.0
116.0
154.0
282.0
191.0
108.0
172.0
149.0
196.0
176.0
121.0
153.0
131.0
160.0
126.0
237.0
123.0
94.0
142.0
115.0
170.0
133.0
103.0
146.0
81.0
86.0
121.0
111.0
106.0
119.0
156.0
78.0
96.0
188.0
148.0
184.0
100.0
151.0
381.0
258.0
189.0
121.0
176.0
109.0
126.0
87.0
77.0
164.0
151.0
145.0
135.0
187.0
121.0
163.0
185.0
153.0
174.0
119.0
165.0
84.0
124.0
91.0
203.0
135.0
158.0
127.0
142.0
131.0
90.0
155.0
168.0
90.0
211.0
145.0
130.0
203.0
66.0
133.0
119.0
98.0
93.0
127.0
101.0
100.0
121.0
115.0
119.0
169.0
96.0
181.0
158.0
83.0
335.0
127.0
110.0
144.0
425.0
100.0
101.0
89.0
241.0
78.0
107.0
118.0
140.0
193.0
113.0
162.0
104.0
215.0
159.0
139.0
164.0
56.0
99.0
122.0
215.0
122.0
151.0
75.0
114.0
68.0
103.0
131.0
194.0
125.0
143.0
133.0
98.0
152.0
117.0
140.0
260.0
108.0
73.0
156.0
96.0
127.0
292.0
189.0
131.0
84.0
432.0
193.0
140.0
79.0
129.0
205.0
82.0
127.0
98.0
117.0
151.0
130.0
144.0
87.0
313.0
131.0
111.0
79.0
52.0
118.0
147.0
199.0
170.0
243.0
70.0
135.0
96.0
210.0
113.0
108.0
70.0
158.0
156.0
71.0
115.0
89.0
165.0
90.0
122.0
147.0
95.0
69.0
155.0
122.0
80.0
226.0
193.0
136.0
89.0
208.0
141.0
104.0
198.0
107.0
162.0
135.0
159.0
177.0
315.0
106.0
133.0
121.0
162.0
109.0
168.0
263.0
70.0
124.0
132.0
224.0
114.0
127.0
85.0
175.0
125.0
91.0
99.0
136.0
116.0
148.0
75.0
140.0
159.0
77.0
192.0
184.0
95.0
205.0
96.0
144.0
207.0
76.0
93.0
148.0
183.0
182.0
109.0
176.0
110.0
119.0
210.0
108.0
139.0
146.0
176.0
491.0
91.0
103.0
96.0
92.0
116.0
119.0
166.0
254.0
115.0
104.0
131.0
186.0
143.0
129.0
101.0
71.0
78.0
237.0
280.0
174.0
111.0
233.0
183.0
212.0
104.0
130.0
87.0
123.0
81.0
120.0
134.0
99.0
103.0
128.0
163.0
98.0
202.0
222.0
157.0
70.0
133.0
113.0
129.0
116.0
254.0
156.0
121.0
140.0
136.0
99.0
119.0
143.0
194.0
106.0
156.0
111.0
99.0
156.0
75.0
183.0
121.0
204.0
159.0
164.0
130.0
103.0
108.0
273.0
118.0
165.0
88.0
79.0
145.0
198.0
105.0
120.0
173.0
226.0
304.0
165.0
167.0
81.0
140.0
180.0
138.0
89.0
160.0
220.0
112.0
152.0
108.0
129.0
205.0
168.0
100.0
157.0
152.0
171.0
142.0
203.0
210.0
291.0
138.0
113.0
106.0
75.0
102.0
152.0
96.0
311.0
64.0
266.0
71.0
154.0
139.0
86.0
130.0
195.0
155.0
132.0
91.0
138.0
95.0
217.0
263.0
139.0
182.0
207.0
338.0
90.0
155.0
117.0
180.0
115.0
99.0
131.0
207.0
141.0
84.0
90.0
144.0
124.0
100.0
81.0
145.0
173.0
167.0
138.0
108.0
208.0
167.0
190.0
74.0
110.0
118.0
184.0
143.0
86.0
184.0
123.0
91.0
88.0
75.0
99.0
100.0
114.0
163.0
134.0
180.0
92.0
147.0
227.0
103.0
169.0
73.0
184.0
154.0
969.0
102.0
173.0
95.0
101.0
174.0
280.0
157.0
112.0
159.0
111.0
92.0
113.0
130.0
233.0
122.0
158.0
104.0
147.0
113.0
136.0
122.0
733.0
82.0
212.0
120.0
142.0
165.0
134.0
118.0
119.0
154.0
146.0
105.0
142.0
142.0
111.0
131.0
207.0
180.0
176.0
189.0
87.0
73.0
152.0
150.0
105.0
107.0
101.0
118.0
271.0
77.0
193.0
101.0
114.0
148.0
155.0
140.0
171.0
96.0
274.0
120.0
156.0
151.0
148.0
140.0
63.0
211.0
198.0
142.0
58.0
76.0
230.0
179.0
105.0
173.0
200.0
186.0
92.0
98.0
136.0
112.0
179.0
93.0
262.0
202.0
147.0
126.0
117.0
75.0
186.0
102.0
98.0
108.0
121.0
158.0
100.0
158.0
112.0
179.0
274.0
123.0
91.0
170.0
333.0
86.0
111.0
199.0
102.0
78.0
95.0
68.0
124.0
128.0
115.0
167.0
110.0
119.0
109.0
120.0
202.0
165.0
251.0
203.0
115.0
88.0
274.0
232.0
87.0
148.0
194.0
218.0
153.0
278.0
136.0
115.0
110.0
141.0
121.0
77.0
115.0
208.0
67.0
99.0
124.0
99.0
274.0
127.0
136.0
117.0
144.0
126.0
120.0
110.0
148.0
107.0
211.0
124.0
86.0
94.0
193.0
174.0
178.0
100.0
187.0
119.0
79.0
82.0
151.0
121.0
68.0
114.0
74.0
127.0
198.0
115.0
86.0
104.0
182.0
263.0
88.0
158.0
166.0
176.0
52.0
103.0
192.0
117.0
147.0
131.0
148.0
127.0
496.0
60.0
103.0
123.0
145.0
108.0
146.0
145.0
140.0
175.0
116.0
160.0
116.0
117.0
151.0
119.0
209.0
161.0
176.0
65.0
92.0
117.0
187.0
136.0
54.0
136.0
112.0
100.0
142.0
95.0
61.0
133.0
179.0
127.0
148.0
156.0
167.0
182.0
202.0
102.0
84.0
213.0
94.0
126.0
188.0
170.0
83.0
119.0
130.0
126.0
93.0
164.0
134.0
241.0
141.0
176.0
164.0
99.0
98.0
117.0
167.0
177.0
127.0
239.0
110.0
140.0
211.0
130.0
148.0
145.0
73.0
96.0
60.0
126.0
175.0
229.0
124.0
71.0
176.0
117.0
216.0
137.0
134.0
92.0
71.0
138.0
59.0
162.0
73.0
131.0
204.0
110.0
129.0
89.0
111.0
70.0
172.0
193.0
119.0
134.0
268.0
138.0
180.0
103.0
149.0
144.0
93.0
139.0
151.0
102.0
78.0
153.0
152.0
86.0
122.0
182.0
123.0
104.0
72.0
207.0
279.0
145.0
116.0
107.0
224.0
143.0
167.0
78.0
114.0
95.0
148.0
122.0
158.0
125.0
253.0
120.0
322.0
121.0
140.0
154.0
137.0
122.0
183.0
85.0
110.0
120.0
118.0
98.0
151.0
131.0
242.0
179.0
135.0
112.0
170.0
110.0
122.0
78.0
79.0
171.0
181.0
124.0
164.0
81.0
149.0
127.0
277.0
180.0
114.0
110.0
195.0
113.0
151.0
122.0
150.0
113.0
107.0
146.0
186.0
96.0
114.0
172.0
69.0
144.0
206.0
117.0
83.0
109.0
81.0
96.0
171.0
193.0
104.0
196.0
172.0
108.0
96.0
262.0
102.0
245.0
85.0
104.0
58.0
321.0
151.0
92.0
148.0
138.0
152.0
95.0
99.0
132.0
56.0
82.0
136.0
96.0
110.0
252.0
100.0
55.0
202.0
100.0
126.0
126.0
280.0
108.0
129.0
43.0
163.0
125.0
115.0
213.0
155.0
122.0
156.0
161.0
164.0
144.0
200.0
159.0
211.0
110.0
322.0
164.0
158.0
72.0
99.0
104.0
152.0
101.0
198.0
156.0
182.0
151.0
95.0
221.0
121.0
131.0
200.0
183.0
101.0
113.0
161.0
96.0
144.0
150.0
131.0
74.0
218.0
243.0
172.0
152.0
128.0
175.0
122.0
95.0
80.0
86.0
341.0
197.0
104.0
92.0
288.0
154.0
228.0
124.0
80.0
153.0
154.0
88.0
167.0
152.0
201.0
138.0
199.0
109.0
187.0
146.0
116.0
79.0
109.0
138.0
185.0
119.0
220.0
198.0
120.0
177.0
280.0
182.0
40.0
105.0
184.0
319.0
96.0
124.0
60.0
254.0
123.0
56.0
101.0
123.0
137.0
208.0
161.0
278.0
113.0
89.0
181.0
126.0
144.0
196.0
110.0
106.0
111.0
85.0
149.0
201.0
194.0
158.0
101.0
209.0
176.0
100.0
130.0
147.0
142.0
85.0
189.0
97.0
72.0
169.0
139.0
195.0
121.0
165.0
102.0
90.0
113.0
184.0
149.0
202.0
165.0
233.0
124.0
157.0
134.0
86.0
139.0
106.0
79.0
215.0
148.0
206.0
72.0
176.0
167.0
102.0
185.0
240.0
143.0
76.0
305.0
117.0
196.0
113.0
202.0
179.0
154.0
94.0
188.0
134.0
164.0
132.0
160.0
159.0
113.0
155.0
170.0
135.0
164.0
173.0
91.0
130.0
66.0
143.0
167.0
162.0
90.0
77.0
219.0
191.0
135.0
209.0
82.0
113.0
290.0
168.0
132.0
171.0
205.0
52.0
144.0
111.0
137.0
164.0
253.0
187.0
234.0
83.0
179.0
232.0
81.0
124.0
73.0
195.0
104.0
125.0
85.0
150.0
133.0
101.0
120.0
176.0
117.0
178.0
117.0
134.0
167.0
222.0
276.0
214.0
145.0
270.0
137.0
89.0
148.0
100.0
105.0
98.0
102.0
156.0
167.0
156.0
169.0
88.0
97.0
129.0
188.0
132.0
127.0
197.0
110.0
132.0
154.0
97.0
154.0
136.0
73.0
130.0
137.0
144.0
166.0
102.0
96.0
130.0
129.0
224.0
94.0
166.0
148.0
76.0
110.0
84.0
214.0
184.0
95.0
209.0
184.0
179.0
176.0
118.0
71.0
215.0
100.0
173.0
184.0
149.0
101.0
112.0
121.0
106.0
123.0
128.0
170.0
131.0
153.0
85.0
75.0
144.0
206.0
116.0
102.0
150.0
114.0
102.0
75.0
125.0
159.0
157.0
133.0
118.0
265.0
98.0
141.0
71.0
264.0
275.0
175.0
179.0
131.0
77.0
164.0
105.0
233.0
202.0
78.0
168.0
163.0
106.0
112.0
92.0
134.0
323.0
94.0
194.0
93.0
221.0
112.0
198.0
121.0
137.0
98.0
85.0
203.0
162.0
174.0
120.0
122.0
110.0
118.0
231.0
138.0
119.0
224.0
139.0
95.0
63.0
251.0
119.0
314.0
183.0
112.0
130.0
96.0
177.0
203.0
133.0
83.0
143.0
235.0
114.0
104.0
88.0
170.0
152.0
134.0
105.0
173.0
123.0
171.0
99.0
132.0
105.0
478.0
203.0
91.0
149.0
186.0
84.0
117.0
136.0
181.0
160.0
89.0
143.0
160.0
192.0
93.0
121.0
200.0
157.0
101.0
160.0
142.0
131.0
225.0
106.0
82.0
134.0
135.0
124.0
134.0
102.0
194.0
101.0
152.0
229.0
213.0
125.0
161.0
192.0
164.0
141.0
165.0
107.0
243.0
175.0
146.0
216.0
210.0
185.0
111.0
105.0
115.0
117.0
245.0
161.0
135.0
88.0
143.0
110.0
156.0
125.0
131.0
50.0
91.0
142.0
188.0
169.0
134.0
173.0
190.0
88.0
138.0
111.0
115.0
115.0
156.0
125.0
156.0
116.0
192.0
117.0
308.0
131.0
93.0
142.0
117.0
215.0
94.0
159.0
85.0
202.0
252.0
131.0
82.0
151.0
118.0
260.0
210.0
64.0
143.0
131.0
74.0
102.0
144.0
153.0
312.0
378.0
234.0
133.0
197.0
163.0
101.0
86.0
131.0
162.0
168.0
81.0
87.0
135.0
159.0
81.0
174.0
208.0
166.0
118.0
131.0
131.0
154.0
123.0
346.0
83.0
153.0
184.0
109.0
218.0
201.0
109.0
216.0
142.0
131.0
206.0
192.0
111.0
159.0
134.0
185.0
203.0
174.0
167.0
108.0
141.0
60.0
132.0
131.0
133.0
151.0
140.0
108.0
147.0
126.0
132.0
118.0
166.0
184.0
144.0
133.0
95.0
137.0
243.0
188.0
184.0
127.0
297.0
98.0
133.0
176.0
110.0
105.0
128.0
109.0
128.0
78.0
60.0
224.0
85.0
113.0
285.0
144.0
180.0
109.0
106.0
245.0
181.0
67.0
207.0
159.0
147.0
220.0
196.0
153.0
77.0
249.0
203.0
111.0
113.0
249.0
86.0
190.0
70.0
104.0
238.0
169.0
174.0
224.0
98.0
45.0
131.0
124.0
85.0
173.0
122.0
144.0
196.0
215.0
161.0
125.0
114.0
29.0
116.0
100.0
183.0
121.0
166.0
158.0
92.0
107.0
136.0
113.0
304.0
120.0
159.0
179.0
133.0
93.0
90.0
246.0
137.0
111.0
83.0
124.0
196.0
127.0
99.0
213.0
95.0
173.0
104.0
80.0
163.0
181.0
160.0
186.0
149.0
159.0
118.0
208.0
275.0
212.0
117.0
89.0
200.0
127.0
225.0
209.0
101.0
134.0
99.0
120.0
133.0
138.0
213.0
78.0
126.0
125.0
131.0
107.0
220.0
104.0
57.0
125.0
295.0
154.0
124.0
160.0
106.0
129.0
73.0
178.0
125.0
183.0
178.0
150.0
136.0
129.0
190.0
158.0
144.0
61.0
127.0
122.0
110.0
156.0
171.0
80.0
190.0
85.0
127.0
107.0
179.0
97.0
125.0
125.0
91.0
201.0
65.0
188.0
146.0
148.0
176.0
92.0
131.0
160.0
206.0
77.0
131.0
143.0
178.0
245.0
199.0
163.0
162.0
183.0
62.0
196.0
401.0
138.0
117.0
201.0
192.0
128.0
133.0
119.0
130.0
136.0
160.0
125.0
99.0
169.0
117.0
173.0
148.0
69.0
216.0
150.0
113.0
104.0
180.0
182.0
132.0
115.0
128.0
126.0
113.0
96.0
91.0
112.0
138.0
96.0
161.0
164.0
123.0
159.0
146.0
117.0
259.0
89.0
144.0
115.0
159.0
136.0
128.0
107.0
83.0
264.0
143.0
113.0
61.0
154.0
168.0
101.0
182.0
138.0
121.0
191.0
107.0
173.0
185.0
128.0
111.0
57.0
127.0
115.0
127.0
108.0
157.0
119.0
113.0
99.0
206.0
114.0
127.0
78.0
119.0
208.0
125.0
130.0
136.0
103.0
182.0
109.0
87.0
161.0
106.0
124.0
63.0
170.0
150.0
223.0
108.0
193.0
141.0
196.0
119.0
137.0
119.0
153.0
209.0
139.0
211.0
132.0
112.0
130.0
117.0
194.0
113.0
131.0
98.0
100.0
153.0
145.0
80.0
155.0
149.0
104.0
115.0
115.0
155.0
159.0
107.0
151.0
128.0
151.0
156.0
142.0
169.0
140.0
209.0
66.0
90.0
171.0
97.0
110.0
158.0
135.0
156.0
242.0
185.0
129.0
169.0
110.0
152.0
81.0
99.0
120.0
84.0
185.0
117.0
156.0
113.0
164.0
84.0
119.0
126.0
196.0
116.0
165.0
74.0
150.0
143.0
105.0
155.0
131.0
154.0
162.0
107.0
226.0
85.0
158.0
164.0
83.0
129.0
194.0
225.0
212.0
206.0
132.0
140.0
148.0
118.0
132.0
85.0
203.0
180.0
132.0
253.0
212.0
127.0
141.0
150.0
125.0
151.0
248.0
125.0
129.0
140.0
112.0
187.0
102.0
105.0
77.0
207.0
182.0
99.0
142.0
183.0
96.0
114.0
153.0
88.0
119.0
117.0
110.0
223.0
242.0
132.0
67.0
102.0
114.0
160.0
160.0
119.0
231.0
139.0
73.0
176.0
215.0
243.0
140.0
205.0
77.0
102.0
157.0
106.0
155.0
95.0
115.0
149.0
180.0
92.0
292.0
125.0
261.0
118.0
213.0
129.0
180.0
125.0
176.0
201.0
115.0
111.0
111.0
148.0
133.0
148.0
209.0
202.0
141.0
281.0
66.0
148.0
102.0
123.0
89.0
121.0
122.0
109.0
139.0
131.0
200.0
175.0
79.0
148.0
94.0
111.0
175.0
146.0
243.0
104.0
132.0
160.0
173.0
110.0
169.0
147.0
147.0
185.0
76.0
302.0
120.0
241.0
178.0
120.0
179.0
172.0
110.0
72.0
196.0
219.0
175.0
138.0
115.0
216.0
165.0
167.0
132.0
164.0
156.0
121.0
131.0
121.0
116.0
153.0
180.0
134.0
133.0
280.0
79.0
111.0
159.0
67.0
121.0
104.0
203.0
101.0
124.0
233.0
154.0
65.0
105.0
177.0
148.0
119.0
183.0
89.0
197.0
125.0
127.0
124.0
173.0
209.0
122.0
92.0
97.0
244.0
191.0
177.0
209.0
181.0
117.0
107.0
131.0
141.0
134.0
164.0
155.0
75.0
150.0
100.0
189.0
157.0
102.0
106.0
222.0
185.0
107.0
121.0
162.0
229.0
159.0
204.0
87.0
95.0
108.0
204.0
214.0
158.0
91.0
176.0
209.0
251.0
104.0
195.0
218.0
90.0
113.0
96.0
102.0
138.0
144.0
169.0
199.0
166.0
117.0
226.0
137.0
143.0
128.0
144.0
222.0
111.0
163.0
95.0
87.0
137.0
196.0
128.0
122.0
94.0
182.0
67.0
184.0
146.0
106.0
132.0
113.0
132.0
80.0
182.0
218.0
97.0
80.0
191.0
148.0
218.0
159.0
187.0
143.0
112.0
196.0
116.0
117.0
153.0
198.0
192.0
178.0
140.0
263.0
191.0
113.0
92.0
175.0
114.0
161.0
124.0
219.0
133.0
176.0
189.0
155.0
129.0
120.0
193.0
86.0
107.0
80.0
88.0
140.0
264.0
128.0
99.0
230.0
97.0
321.0
132.0
94.0
125.0
107.0
193.0
95.0
188.0
242.0
169.0
181.0
90.0
141.0
124.0
128.0
213.0
147.0
135.0
124.0
202.0
111.0
131.0
205.0
104.0
129.0
96.0
135.0
118.0
166.0
137.0
180.0
214.0
127.0
121.0
256.0
227.0
149.0
135.0
313.0
125.0
173.0
122.0
50.0
104.0
162.0
123.0
170.0
144.0
153.0
78.0
97.0
151.0
132.0
168.0
110.0
126.0
192.0
110.0
69.0
214.0
210.0
109.0
205.0
91.0
120.0
179.0
102.0
171.0
188.0
118.0
121.0
98.0
126.0
198.0
115.0
143.0
221.0
150.0
74.0
113.0
138.0
102.0
124.0
115.0
150.0
106.0
150.0
129.0
115.0
165.0
131.0
134.0
146.0
78.0
122.0
151.0
184.0
129.0
67.0
137.0
188.0
120.0
121.0
225.0
162.0
121.0
238.0
218.0
107.0
69.0
397.0
111.0
199.0
126.0
156.0
104.0
188.0
160.0
128.0
212.0
279.0
197.0
138.0
271.0
88.0
101.0
128.0
138.0
139.0
103.0
174.0
119.0
100.0
251.0
110.0
154.0
208.0
174.0
174.0
111.0
144.0
163.0
102.0
175.0
147.0
122.0
128.0
142.0
310.0
180.0
126.0
82.0
115.0
64.0
95.0
130.0
189.0
257.0
139.0
101.0
127.0
92.0
233.0
108.0
316.0
212.0
120.0
120.0
115.0
108.0
117.0
126.0
118.0
135.0
183.0
143.0
83.0
129.0
146.0
158.0
156.0
164.0
131.0
82.0
185.0
97.0
219.0
125.0
197.0
207.0
175.0
119.0
93.0
131.0
142.0
210.0
208.0
103.0
125.0
172.0
129.0
98.0
79.0
178.0
122.0
182.0
134.0
195.0
127.0
89.0
166.0
165.0
120.0
142.0
203.0
162.0
133.0
76.0
241.0
130.0
176.0
111.0
212.0
149.0
115.0
194.0
161.0
100.0
240.0
109.0
154.0
133.0
105.0
118.0
131.0
109.0
129.0
168.0
167.0
117.0
170.0
143.0
270.0
177.0
82.0
136.0
221.0
108.0
160.0
110.0
168.0
112.0
100.0
303.0
108.0
154.0
76.0
131.0
176.0
113.0
236.0
215.0
110.0
108.0
74.0
190.0
109.0
94.0
109.0
169.0
160.0
112.0
265.0
112.0
112.0
148.0
197.0
168.0
87.0
200.0
146.0
110.0
182.0
143.0
127.0
125.0
147.0
108.0
162.0
107.0
172.0
131.0
171.0
79.0
164.0
120.0
99.0
127.0
201.0
202.0
104.0
86.0
104.0
99.0
133.0
163.0
197.0
160.0
161.0
125.0
116.0
139.0
176.0
130.0
105.0
240.0
278.0
111.0
135.0
72.0
115.0
160.0
146.0
163.0
155.0
125.0
148.0
157.0
115.0
188.0
225.0
96.0
178.0
125.0
206.0
172.0
141.0
114.0
156.0
235.0
111.0
90.0
190.0
108.0
103.0
198.0
150.0
230.0
182.0
116.0
167.0
139.0
182.0
152.0
167.0
148.0
59.0
203.0
152.0
121.0
108.0
74.0
72.0
214.0
169.0
129.0
110.0
185.0
90.0
144.0
135.0
168.0
112.0
113.0
148.0
93.0
108.0
169.0
181.0
300.0
144.0
169.0
111.0
98.0
185.0
145.0
98.0
74.0
124.0
85.0
81.0
185.0
119.0
163.0
151.0
169.0
130.0
176.0
88.0
101.0
98.0
133.0
136.0
104.0
122.0
155.0
139.0
145.0
128.0
79.0
220.0
101.0
208.0
75.0
253.0
151.0
129.0
267.0
143.0
202.0
167.0
93.0
186.0
124.0
116.0
176.0
151.0
176.0
129.0
125.0
107.0
146.0
83.0
109.0
171.0
196.0
110.0
201.0
96.0
139.0
206.0
101.0
110.0
164.0
128.0
128.0
203.0
142.0
193.0
93.0
101.0
160.0
230.0
136.0
117.0
141.0
126.0
129.0
121.0
71.0
149.0
115.0
121.0
63.0
109.0
125.0
131.0
234.0
154.0
171.0
69.0
186.0
92.0
192.0
138.0
126.0
170.0
162.0
95.0
123.0
110.0
102.0
161.0
163.0
155.0
166.0
134.0
100.0
165.0
79.0
137.0
190.0
407.0
113.0
159.0
176.0
106.0
118.0
132.0
79.0
90.0
50.0
137.0
158.0
105.0
102.0
144.0
165.0
133.0
188.0
168.0
182.0
148.0
198.0
129.0
145.0
170.0
103.0
265.0
155.0
85.0
271.0
211.0
125.0
122.0
171.0
158.0
135.0
173.0
160.0
155.0
145.0
136.0
219.0
138.0
142.0
84.0
108.0
174.0
102.0
206.0
128.0
169.0
142.0
183.0
227.0
132.0
184.0
149.0
139.0
212.0
141.0
91.0
149.0
161.0
120.0
84.0
130.0
111.0
220.0
171.0
123.0
153.0
122.0
144.0
126.0
197.0
147.0
224.0
106.0
111.0
135.0
96.0
127.0
132.0
193.0
120.0
140.0
88.0
124.0
237.0
205.0
164.0
224.0
110.0
183.0
93.0
96.0
121.0
122.0
143.0
167.0
110.0
210.0
167.0
161.0
189.0
126.0
115.0
150.0
168.0
161.0
178.0
134.0
101.0
147.0
128.0
183.0
125.0
137.0
116.0
114.0
126.0
111.0
148.0
109.0
116.0
146.0
155.0
154.0
105.0
115.0
162.0
128.0
138.0
131.0
133.0
116.0
248.0
175.0
114.0
96.0
182.0
137.0
96.0
152.0
130.0
144.0
127.0
163.0
105.0
194.0
187.0
64.0
111.0
156.0
97.0
166.0
103.0
144.0
135.0
117.0
127.0
111.0
204.0
147.0
166.0
164.0
139.0
152.0
58.0
190.0
160.0
107.0
88.0
96.0
317.0
138.0
141.0
175.0
264.0
140.0
172.0
169.0
156.0
153.0
161.0
159.0
192.0
127.0
147.0
115.0
123.0
187.0
172.0
112.0
154.0
110.0
95.0
167.0
137.0
118.0
108.0
102.0
124.0
152.0
75.0
172.0
131.0
135.0
106.0
152.0
158.0
118.0
235.0
126.0
234.0
199.0
78.0
195.0
184.0
210.0
137.0
149.0
82.0
151.0
126.0
151.0
147.0
154.0
111.0
197.0
148.0
103.0
136.0
116.0
184.0
162.0
139.0
135.0
132.0
137.0
127.0
125.0
122.0
114.0
91.0
97.0
122.0
119.0
95.0
109.0
269.0
108.0
109.0
123.0
278.0
153.0
137.0
110.0
139.0
235.0
80.0
118.0
92.0
157.0
158.0
121.0
250.0
179.0
108.0
197.0
125.0
113.0
271.0
232.0
145.0
145.0
211.0
173.0
125.0
122.0
195.0
133.0
201.0
157.0
134.0
226.0
110.0
103.0
184.0
122.0
150.0
111.0
78.0
166.0
144.0
104.0
167.0
105.0
155.0
180.0
186.0
142.0
165.0
88.0
109.0
128.0
127.0
64.0
141.0
170.0
105.0
144.0
192.0
166.0
212.0
152.0
173.0
101.0
110.0
148.0
227.0
153.0
162.0
302.0
149.0
114.0
148.0
138.0
133.0
256.0
124.0
142.0
136.0
185.0
109.0
75.0
148.0
134.0
181.0
109.0
126.0
77.0
114.0
171.0
183.0
153.0
88.0
134.0
264.0
133.0
140.0
138.0
77.0
129.0
99.0
190.0
109.0
100.0
169.0
150.0
89.0
148.0
150.0
72.0
118.0
189.0
121.0
143.0
203.0
146.0
120.0
151.0
109.0
207.0
202.0
192.0
151.0
95.0
71.0
127.0
105.0
85.0
109.0
194.0
188.0
171.0
142.0
121.0
183.0
109.0
87.0
120.0
252.0
131.0
107.0
167.0
138.0
136.0
149.0
130.0
147.0
110.0
205.0
142.0
87.0
123.0
202.0
116.0
74.0
101.0
163.0
135.0
101.0
101.0
124.0
196.0
141.0
121.0
165.0
165.0
114.0
149.0
158.0
104.0
169.0
163.0
191.0
241.0
155.0
108.0
186.0
147.0
144.0
146.0
184.0
146.0
135.0
174.0
163.0
204.0
206.0
241.0
97.0
163.0
97.0
191.0
136.0
137.0
116.0
119.0
170.0
189.0
190.0
101.0
155.0
164.0
113.0
224.0
111.0
209.0
69.0
99.0
109.0
100.0
117.0
203.0
204.0
139.0
322.0
124.0
118.0
198.0
204.0
104.0
162.0
58.0
185.0
160.0
146.0
142.0
195.0
119.0
129.0
169.0
195.0
129.0
162.0
119.0
139.0
99.0
196.0
164.0
85.0
78.0
137.0
184.0
244.0
106.0
128.0
152.0
135.0
160.0
122.0
162.0
143.0
148.0
198.0
252.0
137.0
79.0
116.0
114.0
169.0
148.0
109.0
118.0
108.0
72.0
103.0
150.0
94.0
126.0
90.0
253.0
152.0
144.0
151.0
226.0
104.0
321.0
92.0
189.0
203.0
138.0
135.0
113.0
219.0
203.0
180.0
88.0
159.0
142.0
180.0
111.0
185.0
153.0
261.0
116.0
211.0
93.0
180.0
161.0
78.0
139.0
114.0
114.0
176.0
147.0
190.0
140.0
121.0
138.0
84.0
126.0
130.0
202.0
93.0
153.0
133.0
190.0
97.0
98.0
137.0
145.0
92.0
163.0
161.0
133.0
143.0
171.0
185.0
165.0
114.0
148.0
192.0
145.0
137.0
108.0
136.0
102.0
166.0
147.0
207.0
132.0
86.0
53.0
143.0
144.0
89.0
225.0
168.0
173.0
179.0
163.0
131.0
94.0
120.0
147.0
123.0
223.0
136.0
118.0
112.0
168.0
165.0
120.0
101.0
166.0
551.0
124.0
102.0
140.0
99.0
108.0
143.0
143.0
226.0
147.0
136.0
128.0
137.0
164.0
84.0
155.0
142.0
176.0
223.0
105.0
188.0
170.0
184.0
269.0
131.0
160.0
181.0
122.0
96.0
130.0
160.0
183.0
100.0
161.0
166.0
101.0
115.0
151.0
96.0
227.0
142.0
83.0
148.0
125.0
112.0
200.0
139.0
104.0
166.0
124.0
58.0
99.0
192.0
182.0
117.0
115.0
181.0
127.0
121.0
74.0
203.0
186.0
98.0
120.0
181.0
97.0
130.0
191.0
150.0
151.0
170.0
202.0
190.0
140.0
130.0
149.0
114.0
101.0
197.0
134.0
123.0
169.0
160.0
235.0
112.0
134.0
190.0
121.0
139.0
175.0
142.0
141.0
209.0
142.0
106.0
174.0
156.0
92.0
261.0
129.0
137.0
146.0
228.0
103.0
119.0
157.0
166.0
114.0
187.0
204.0
306.0
89.0
141.0
192.0
111.0
208.0
106.0
97.0
100.0
90.0
123.0
137.0
96.0
137.0
186.0
129.0
150.0
183.0
128.0
142.0
172.0
133.0
199.0
170.0
171.0
94.0
182.0
152.0
153.0
122.0
113.0
108.0
87.0
151.0
142.0
109.0
113.0
156.0
233.0
183.0
122.0
99.0
183.0
160.0
165.0
128.0
155.0
91.0
89.0
225.0
177.0
162.0
205.0
178.0
88.0
125.0
122.0
102.0
198.0
91.0
228.0
152.0
148.0
128.0
157.0
182.0
72.0
151.0
93.0
94.0
184.0
96.0
230.0
222.0
161.0
121.0
172.0
259.0
183.0
102.0
137.0
93.0
181.0
83.0
175.0
86.0
237.0
119.0
90.0
221.0
105.0
143.0
242.0
121.0
135.0
129.0
110.0
177.0
125.0
96.0
88.0
241.0
135.0
219.0
163.0
207.0
313.0
159.0
123.0
106.0
122.0
161.0
118.0
156.0
144.0
117.0
82.0
103.0
158.0
101.0
99.0
122.0
253.0
133.0
214.0
129.0
88.0
129.0
149.0
118.0
119.0
254.0
162.0
164.0
146.0
142.0
83.0
142.0
148.0
171.0
103.0
190.0
110.0
189.0
132.0
108.0
200.0
139.0
98.0
121.0
110.0
153.0
108.0
207.0
153.0
138.0
206.0
134.0
100.0
189.0
212.0
135.0
105.0
80.0
150.0
119.0
125.0
131.0
115.0
230.0
120.0
99.0
101.0
143.0
135.0
133.0
112.0
149.0
153.0
105.0
156.0
149.0
118.0
143.0
273.0
153.0
67.0
160.0
215.0
144.0
118.0
168.0
135.0
234.0
136.0
184.0
140.0
150.0
67.0
166.0
119.0
142.0
110.0
88.0
229.0
116.0
147.0
165.0
191.0
108.0
294.0
151.0
141.0
103.0
110.0
189.0
97.0
126.0
183.0
135.0
206.0
99.0
108.0
127.0
102.0
86.0
193.0
86.0
155.0
142.0
187.0
218.0
167.0
47.0
134.0
155.0
93.0
219.0
120.0
116.0
78.0
118.0
106.0
97.0
106.0
163.0
156.0
183.0
128.0
83.0
134.0
164.0
91.0
100.0
150.0
114.0
159.0
166.0
152.0
154.0
118.0
118.0
100.0
281.0
186.0
229.0
216.0
119.0
127.0
112.0
231.0
220.0
169.0
114.0
88.0
116.0
166.0
161.0
104.0
140.0
154.0
151.0
139.0
105.0
133.0
142.0
52.0
194.0
156.0
226.0
173.0
122.0
143.0
138.0
112.0
153.0
198.0
102.0
164.0
125.0
132.0
120.0
130.0
138.0
184.0
101.0
108.0
114.0
203.0
130.0
229.0
132.0
127.0
110.0
196.0
259.0
116.0
91.0
86.0
122.0
130.0
145.0
180.0
119.0
136.0
174.0
111.0
143.0
194.0
143.0
114.0
141.0
117.0
124.0
80.0
293.0
123.0
137.0
102.0
301.0
133.0
148.0
146.0
107.0
230.0
102.0
138.0
176.0
132.0
114.0
64.0
44.0
296.0
125.0
293.0
123.0
85.0
117.0
142.0
98.0
195.0
244.0
135.0
220.0
196.0
119.0
129.0
116.0
140.0
201.0
136.0
170.0
265.0
111.0
115.0
80.0
99.0
134.0
133.0
116.0
137.0
252.0
110.0
133.0
204.0
105.0
88.0
140.0
110.0
152.0
152.0
111.0
61.0
202.0
158.0
88.0
90.0
184.0
164.0
116.0
91.0
76.0
255.0
217.0
231.0
117.0
153.0
221.0
125.0
187.0
102.0
137.0
110.0
149.0
168.0
174.0
196.0
158.0
193.0
125.0
104.0
123.0
114.0
101.0
96.0
164.0
158.0
165.0
227.0
129.0
146.0
86.0
248.0
261.0
136.0
110.0
174.0
159.0
106.0
165.0
103.0
89.0
125.0
164.0
125.0
132.0
126.0
107.0
158.0
102.0
200.0
153.0
135.0
155.0
111.0
107.0
110.0
141.0
306.0
150.0
141.0
139.0
97.0
113.0
97.0
238.0
226.0
122.0
130.0
168.0
145.0
148.0
103.0
121.0
132.0
214.0
175.0
275.0
80.0
149.0
135.0
120.0
88.0
106.0
181.0
93.0
189.0
144.0
181.0
132.0
156.0
187.0
105.0
120.0
120.0
97.0
157.0
193.0
148.0
104.0
103.0
166.0
97.0
174.0
129.0
100.0
90.0
135.0
136.0
75.0
211.0
132.0
120.0
139.0
126.0
234.0
154.0
158.0
187.0
121.0
173.0
240.0
92.0
92.0
173.0
105.0
241.0
164.0
223.0
89.0
125.0
141.0
107.0
194.0
140.0
175.0
98.0
164.0
157.0
72.0
192.0
123.0
204.0
89.0
371.0
153.0
152.0
154.0
112.0
135.0
130.0
104.0
152.0
247.0
144.0
167.0
142.0
156.0
163.0
90.0
160.0
93.0
140.0
173.0
141.0
149.0
159.0
168.0
109.0
194.0
166.0
165.0
151.0
209.0
140.0
152.0
146.0
135.0
114.0
206.0
146.0
105.0
130.0
207.0
77.0
144.0
166.0
134.0
149.0
141.0
143.0
76.0
121.0
234.0
106.0
252.0
169.0
127.0
113.0
109.0
80.0
197.0
170.0
110.0
150.0
88.0
115.0
95.0
222.0
221.0
168.0
127.0
155.0
79.0
210.0
105.0
146.0
116.0
179.0
135.0
197.0
147.0
184.0
58.0
117.0
105.0
152.0
137.0
107.0
139.0
162.0
191.0
170.0
118.0
85.0
122.0
174.0
130.0
144.0
104.0
234.0
173.0
160.0
131.0
149.0
230.0
95.0
147.0
134.0
109.0
86.0
106.0
73.0
173.0
167.0
118.0
108.0
184.0
142.0
159.0
157.0
151.0
144.0
88.0
124.0
150.0
150.0
116.0
169.0
164.0
183.0
142.0
102.0
164.0
92.0
161.0
131.0
187.0
173.0
134.0
104.0
166.0
104.0
192.0
137.0
136.0
148.0
127.0
80.0
186.0
175.0
221.0
180.0
112.0
238.0
185.0
220.0
115.0
120.0
100.0
56.0
201.0
66.0
170.0
144.0
126.0
197.0
246.0
96.0
207.0
82.0
371.0
124.0
249.0
156.0
163.0
101.0
121.0
210.0
137.0
201.0
148.0
117.0
148.0
187.0
128.0
95.0
134.0
212.0
105.0
108.0
99.0
168.0
177.0
60.0
226.0
53.0
211.0
130.0
150.0
118.0
109.0
127.0
191.0
190.0
101.0
114.0
231.0
185.0
140.0
180.0
129.0
122.0
198.0
211.0
101.0
118.0
144.0
115.0
146.0
210.0
69.0
104.0
157.0
155.0
158.0
128.0
121.0
230.0
203.0
162.0
162.0
83.0
67.0
176.0
214.0
157.0
160.0
172.0
159.0
170.0
169.0
217.0
101.0
131.0
259.0
150.0
164.0
154.0
130.0
91.0
275.0
209.0
219.0
120.0
197.0
233.0
218.0
224.0
223.0
124.0
144.0
140.0
83.0
252.0
127.0
139.0
144.0
104.0
130.0
228.0
183.0
115.0
169.0
187.0
174.0
93.0
230.0
110.0
81.0
139.0
137.0
110.0
76.0
131.0
203.0
125.0
196.0
112.0
170.0
198.0
155.0
148.0
71.0
138.0
142.0
185.0
106.0
121.0
181.0
168.0
192.0
95.0
207.0
103.0
125.0
138.0
185.0
198.0
146.0
123.0
130.0
144.0
149.0
174.0
94.0
157.0
144.0
176.0
119.0
92.0
135.0
125.0
163.0
106.0
130.0
228.0
159.0
177.0
177.0
91.0
160.0
203.0
218.0
148.0
176.0
151.0
169.0
146.0
183.0
188.0
109.0
162.0
202.0
234.0
132.0
79.0
255.0
273.0
199.0
203.0
188.0
134.0
175.0
150.0
49.0
153.0
203.0
164.0
225.0
106.0
90.0
275.0
91.0
191.0
182.0
177.0
194.0
93.0
71.0
128.0
162.0
131.0
300.0
112.0
76.0
219.0
112.0
139.0
157.0
216.0
279.0
135.0
137.0
126.0
259.0
129.0
138.0
97.0
168.0
116.0
118.0
140.0
189.0
161.0
102.0
180.0
124.0
135.0
224.0
76.0
117.0
183.0
86.0
127.0
185.0
139.0
166.0
92.0
93.0
212.0
199.0
149.0
150.0
219.0
136.0
93.0
123.0
250.0
121.0
147.0
203.0
85.0
207.0
154.0
244.0
170.0
170.0
174.0
255.0
452.0
196.0
191.0
124.0
82.0
195.0
186.0
180.0
125.0
245.0
172.0
80.0
179.0
145.0
128.0
122.0
211.0
114.0
156.0
103.0
148.0
128.0
169.0
183.0
111.0
90.0
134.0
98.0
143.0
107.0
113.0
110.0
118.0
92.0
104.0
171.0
73.0
82.0
241.0
223.0
152.0
176.0
172.0
134.0
115.0
107.0
169.0
225.0
108.0
127.0
120.0
190.0
163.0
196.0
181.0
163.0
154.0
167.0
211.0
125.0
272.0
152.0
151.0
166.0
161.0
189.0
126.0
278.0
88.0
148.0
118.0
137.0
135.0
142.0
173.0
107.0
94.0
137.0
172.0
140.0
134.0
84.0
109.0
136.0
145.0
198.0
130.0
202.0
124.0
175.0
236.0
154.0
165.0
148.0
169.0
155.0
171.0
106.0
94.0
83.0
131.0
322.0
80.0
196.0
146.0
208.0
113.0
160.0
167.0
98.0
118.0
100.0
163.0
146.0
186.0
103.0
76.0
114.0
163.0
157.0
175.0
135.0
169.0
132.0
139.0
154.0
131.0
235.0
188.0
76.0
164.0
213.0
142.0
66.0
109.0
186.0
124.0
102.0
148.0
143.0
122.0
142.0
106.0
111.0
91.0
175.0
127.0
131.0
184.0
147.0
148.0
172.0
89.0
95.0
208.0
146.0
102.0
86.0
200.0
161.0
93.0
78.0
163.0
70.0
110.0
103.0
175.0
111.0
178.0
87.0
194.0
137.0
100.0
92.0
94.0
153.0
144.0
145.0
249.0
115.0
134.0
92.0
139.0
221.0
115.0
99.0
80.0
148.0
172.0
103.0
163.0
165.0
108.0
172.0
173.0
138.0
119.0
81.0
150.0
82.0
105.0
149.0
130.0
75.0
198.0
138.0
103.0
222.0
198.0
234.0
152.0
103.0
197.0
165.0
122.0
131.0
128.0
212.0
129.0
136.0
99.0
122.0
126.0
192.0
94.0
89.0
218.0
123.0
116.0
191.0
118.0
145.0
143.0
114.0
101.0
167.0
196.0
77.0
100.0
177.0
202.0
127.0
110.0
92.0
135.0
63.0
109.0
91.0
132.0
122.0
200.0
124.0
82.0
154.0
105.0
127.0
107.0
91.0
126.0
154.0
119.0
190.0
133.0
79.0
89.0
170.0
74.0
164.0
73.0
101.0
201.0
125.0
144.0
120.0
116.0
300.0
77.0
147.0
122.0
103.0
112.0
212.0
207.0
196.0
131.0
119.0
139.0
240.0
159.0
114.0
171.0
149.0
147.0
133.0
93.0
87.0
85.0
147.0
145.0
117.0
147.0
226.0
146.0
66.0
126.0
170.0
154.0
136.0
144.0
172.0
132.0
94.0
168.0
122.0
106.0
120.0
112.0
303.0
141.0
155.0
108.0
130.0
128.0
112.0
120.0
132.0
110.0
217.0
163.0
122.0
169.0
100.0
182.0
213.0
101.0
117.0
204.0
197.0
129.0
101.0
133.0
116.0
147.0
121.0
213.0
134.0
147.0
139.0
74.0
74.0
175.0
151.0
174.0
96.0
228.0
93.0
142.0
105.0
301.0
80.0
163.0
103.0
93.0
546.0
139.0
108.0
171.0
198.0
145.0
180.0
138.0
224.0
67.0
85.0
149.0
69.0
130.0
214.0
101.0
156.0
155.0
145.0
129.0
95.0
189.0
121.0
170.0
130.0
200.0
73.0
151.0
167.0
163.0
180.0
148.0
130.0
96.0
91.0
160.0
128.0
112.0
194.0
161.0
111.0
191.0
105.0
262.0
102.0
89.0
147.0
120.0
82.0
186.0
90.0
148.0
134.0
127.0
151.0
159.0
179.0
169.0
180.0
107.0
157.0
91.0
168.0
134.0
152.0
192.0
144.0
133.0
154.0
234.0
87.0
202.0
182.0
89.0
211.0
173.0
158.0
163.0
100.0
144.0
183.0
106.0
116.0
203.0
83.0
156.0
159.0
185.0
87.0
77.0
121.0
106.0
187.0
218.0
191.0
179.0
94.0
153.0
136.0
158.0
188.0
100.0
137.0
189.0
209.0
115.0
119.0
85.0
132.0
175.0
185.0
99.0
136.0
137.0
162.0
110.0
127.0
157.0
171.0
234.0
54.0
170.0
171.0
167.0
142.0
151.0
145.0
197.0
151.0
185.0
87.0
168.0
80.0
186.0
77.0
127.0
185.0
131.0
106.0
81.0
173.0
218.0
95.0
184.0
165.0
156.0
135.0
173.0
174.0
92.0
169.0
104.0
87.0
121.0
231.0
165.0
112.0
169.0
226.0
138.0
79.0
105.0
128.0
152.0
184.0
89.0
175.0
118.0
155.0
89.0
161.0
150.0
162.0
147.0
157.0
111.0
156.0
118.0
122.0
172.0
216.0
222.0
155.0
138.0
167.0
159.0
73.0
174.0
155.0
157.0
139.0
107.0
123.0
311.0
125.0
123.0
120.0
88.0
223.0
210.0
126.0
182.0
96.0
193.0
188.0
133.0
71.0
98.0
132.0
154.0
99.0
231.0
158.0
108.0
200.0
107.0
131.0
167.0
160.0
107.0
158.0
203.0
107.0
213.0
159.0
129.0
148.0
124.0
202.0
143.0
195.0
106.0
165.0
128.0
117.0
76.0
196.0
153.0
152.0
164.0
164.0
136.0
77.0
153.0
157.0
102.0
119.0
113.0
141.0
230.0
105.0
110.0
70.0
106.0
133.0
88.0
47.0
263.0
102.0
157.0
122.0
224.0
115.0
120.0
152.0
108.0
110.0
195.0
215.0
148.0
111.0
92.0
90.0
89.0
281.0
233.0
131.0
208.0
105.0
104.0
102.0
246.0
148.0
181.0
145.0
204.0
174.0
104.0
102.0
344.0
130.0
117.0
120.0
128.0
206.0
114.0
245.0
169.0
125.0
155.0
113.0
182.0
203.0
232.0
89.0
129.0
135.0
158.0
179.0
169.0
105.0
101.0
185.0
162.0
153.0
230.0
113.0
128.0
217.0
120.0
104.0
233.0
194.0
238.0
190.0
110.0
127.0
135.0
98.0
79.0
88.0
204.0
112.0
140.0
80.0
209.0
207.0
103.0
167.0
170.0
250.0
119.0
205.0
152.0
89.0
92.0
111.0
157.0
156.0
190.0
128.0
235.0
133.0
104.0
94.0
138.0
120.0
142.0
187.0
133.0
114.0
159.0
79.0
214.0
133.0
127.0
205.0
114.0
298.0
191.0
125.0
153.0
97.0
60.0
119.0
147.0
160.0
321.0
105.0
239.0
166.0
102.0
163.0
143.0
132.0
106.0
120.0
185.0
109.0
142.0
121.0
265.0
133.0
85.0
101.0
147.0
158.0
228.0
148.0
161.0
140.0
82.0
146.0
135.0
108.0
144.0
192.0
161.0
181.0
170.0
159.0
190.0
203.0
163.0
298.0
240.0
75.0
93.0
128.0
191.0
145.0
179.0
109.0
134.0
125.0
118.0
117.0
167.0
93.0
161.0
155.0
148.0
123.0
103.0
185.0
222.0
161.0
112.0
114.0
138.0
130.0
245.0
78.0
254.0
210.0
148.0
138.0
112.0
152.0
226.0
61.0
154.0
114.0
257.0
115.0
138.0
283.0
152.0
184.0
143.0
183.0
170.0
112.0
188.0
104.0
113.0
134.0
194.0
144.0
228.0
184.0
221.0
123.0
87.0
149.0
67.0
138.0
168.0
141.0
152.0
184.0
110.0
216.0
146.0
107.0
111.0
86.0
133.0
200.0
136.0
126.0
125.0
130.0
140.0
127.0
98.0
204.0
106.0
161.0
137.0
156.0
187.0
160.0
104.0
138.0
157.0
144.0
103.0
138.0
139.0
114.0
135.0
156.0
67.0
154.0
307.0
171.0
190.0
138.0
183.0
176.0
199.0
141.0
191.0
94.0
210.0
90.0
178.0
109.0
191.0
232.0
202.0
158.0
143.0
145.0
209.0
96.0
84.0
204.0
124.0
145.0
159.0
127.0
186.0
311.0
223.0
215.0
161.0
119.0
165.0
177.0
166.0
270.0
216.0
77.0
158.0
142.0
186.0
163.0
131.0
139.0
129.0
131.0
171.0
152.0
152.0
118.0
240.0
195.0
210.0
132.0
231.0
216.0
284.0
139.0
136.0
137.0
139.0
161.0
149.0
135.0
93.0
159.0
166.0
159.0
105.0
132.0
93.0
109.0
157.0
93.0
149.0
117.0
172.0
137.0
124.0
119.0
119.0
278.0
73.0
156.0
90.0
142.0
184.0
99.0
86.0
353.0
130.0
196.0
90.0
86.0
90.0
163.0
87.0
143.0
184.0
215.0
148.0
130.0
328.0
152.0
199.0
118.0
149.0
134.0
367.0
157.0
253.0
96.0
154.0
160.0
215.0
137.0
183.0
133.0
165.0
113.0
164.0
126.0
109.0
38.0
104.0
168.0
165.0
90.0
89.0
174.0
176.0
108.0
189.0
114.0
106.0
122.0
175.0
86.0
200.0
98.0
113.0
99.0
119.0
142.0
110.0
181.0
215.0
92.0
235.0
245.0
109.0
130.0
133.0
223.0
131.0
284.0
210.0
175.0
183.0
173.0
174.0
189.0
132.0
149.0
213.0
95.0
101.0
194.0
112.0
170.0
169.0
142.0
188.0
141.0
79.0
137.0
220.0
138.0
178.0
167.0
210.0
159.0
133.0
127.0
117.0
208.0
74.0
131.0
185.0
111.0
191.0
127.0
206.0
109.0
134.0
85.0
99.0
128.0
131.0
191.0
111.0
164.0
192.0
267.0
157.0
59.0
150.0
177.0
184.0
248.0
155.0
217.0
134.0
161.0
148.0
171.0
184.0
178.0
115.0
117.0
108.0
86.0
133.0
162.0
146.0
125.0
157.0
124.0
145.0
70.0
145.0
136.0
164.0
72.0
103.0
133.0
118.0
185.0
136.0
200.0
126.0
136.0
153.0
138.0
259.0
135.0
129.0
218.0
247.0
159.0
138.0
227.0
98.0
91.0
125.0
98.0
253.0
197.0
141.0
219.0
100.0
149.0
143.0
152.0
224.0
131.0
153.0
147.0
135.0
140.0
93.0
167.0
183.0
116.0
195.0
135.0
130.0
90.0
148.0
180.0
167.0
135.0
155.0
114.0
118.0
168.0
137.0
130.0
212.0
115.0
98.0
96.0
136.0
91.0
178.0
102.0
89.0
147.0
88.0
122.0
164.0
298.0
230.0
172.0
196.0
68.0
196.0
107.0
179.0
124.0
214.0
188.0
263.0
143.0
215.0
120.0
142.0
164.0
112.0
201.0
78.0
138.0
74.0
210.0
120.0
175.0
241.0
117.0
100.0
100.0
86.0
142.0
136.0
130.0
84.0
248.0
149.0
122.0
129.0
68.0
105.0
174.0
136.0
140.0
162.0
60.0
113.0
148.0
166.0
178.0
136.0
99.0
122.0
80.0
168.0
96.0
79.0
171.0
138.0
94.0
176.0
145.0
118.0
87.0
129.0
103.0
139.0
103.0
144.0
120.0
122.0
225.0
124.0
220.0
112.0
197.0
151.0
182.0
151.0
131.0
183.0
177.0
102.0
205.0
155.0
143.0
155.0
98.0
141.0
150.0
228.0
107.0
115.0
133.0
173.0
162.0
133.0
86.0
207.0
82.0
94.0
86.0
198.0
178.0
157.0
228.0
175.0
106.0
133.0
177.0
246.0
89.0
150.0
116.0
233.0
199.0
95.0
122.0
135.0
224.0
169.0
90.0
145.0
113.0
136.0
156.0
123.0
119.0
113.0
126.0
128.0
125.0
115.0
140.0
120.0
119.0
163.0
172.0
110.0
122.0
90.0
207.0
161.0
115.0
121.0
350.0
195.0
172.0
173.0
111.0
156.0
128.0
160.0
115.0
190.0
119.0
127.0
131.0
133.0
158.0
128.0
134.0
124.0
153.0
118.0
138.0
158.0
138.0
146.0
121.0
248.0
196.0
758.0
81.0
142.0
104.0
144.0
142.0
185.0
102.0
155.0
101.0
111.0
131.0
158.0
95.0
187.0
117.0
184.0
119.0
117.0
87.0
197.0
128.0
228.0
101.0
148.0
172.0
103.0
132.0
121.0
127.0
233.0
241.0
111.0
99.0
193.0
115.0
118.0
132.0
126.0
123.0
115.0
72.0
229.0
142.0
195.0
118.0
146.0
128.0
191.0
291.0
112.0
150.0
119.0
166.0
156.0
55.0
285.0
104.0
119.0
114.0
189.0
117.0
131.0
215.0
138.0
138.0
64.0
126.0
149.0
87.0
70.0
102.0
110.0
179.0
255.0
165.0
117.0
154.0
127.0
121.0
78.0
120.0
93.0
125.0
100.0
135.0
98.0
91.0
192.0
137.0
117.0
136.0
257.0
95.0
168.0
138.0
175.0
161.0
138.0
113.0
232.0
74.0
190.0
138.0
81.0
154.0
106.0
216.0
89.0
77.0
165.0
164.0
113.0
321.0
180.0
86.0
140.0
180.0
200.0
141.0
127.0
149.0
110.0
227.0
128.0
182.0
73.0
135.0
168.0
134.0
109.0
216.0
117.0
209.0
161.0
145.0
116.0
167.0
114.0
110.0
150.0
157.0
154.0
69.0
174.0
156.0
231.0
129.0
148.0
136.0
166.0
159.0
150.0
87.0
169.0
180.0
178.0
93.0
191.0
142.0
123.0
184.0
133.0
167.0
187.0
123.0
157.0
139.0
67.0
100.0
110.0
125.0
88.0
135.0
117.0
181.0
181.0
116.0
94.0
175.0
122.0
141.0
100.0
147.0
223.0
89.0
168.0
156.0
133.0
105.0
159.0
143.0
108.0
143.0
111.0
138.0
82.0
186.0
256.0
121.0
192.0
127.0
138.0
148.0
142.0
165.0
135.0
162.0
82.0
167.0
121.0
139.0
290.0
109.0
148.0
144.0
92.0
211.0
124.0
139.0
121.0
181.0
105.0
95.0
100.0
126.0
152.0
152.0
109.0
90.0
115.0
250.0
99.0
123.0
135.0
124.0
104.0
192.0
111.0
55.0
244.0
189.0
131.0
125.0
210.0
107.0
88.0
165.0
147.0
139.0
204.0
245.0
159.0
172.0
132.0
50.0
119.0
131.0
119.0
218.0
70.0
154.0
148.0
149.0
171.0
132.0
153.0
144.0
193.0
217.0
182.0
119.0
63.0
152.0
199.0
191.0
76.0
190.0
164.0
182.0
154.0
93.0
186.0
171.0
109.0
130.0
152.0
130.0
128.0
63.0
296.0
230.0
123.0
173.0
155.0
331.0
113.0
152.0
153.0
248.0
110.0
179.0
241.0
89.0
182.0
188.0
80.0
181.0
145.0
97.0
101.0
106.0
299.0
86.0
116.0
171.0
169.0
181.0
178.0
193.0
251.0
122.0
104.0
154.0
199.0
222.0
105.0
163.0
224.0
136.0
112.0
111.0
134.0
151.0
195.0
112.0
129.0
157.0
132.0
162.0
159.0
150.0
171.0
97.0
120.0
154.0
206.0
132.0
223.0
136.0
117.0
155.0
168.0
169.0
129.0
77.0
117.0
148.0
165.0
179.0
165.0
96.0
112.0
186.0
197.0
111.0
145.0
112.0
161.0
112.0
187.0
116.0
98.0
145.0
127.0
103.0
174.0
164.0
142.0
169.0
175.0
176.0
91.0
122.0
107.0
183.0
184.0
121.0
212.0
120.0
207.0
258.0
126.0
149.0
130.0
157.0
125.0
174.0
80.0
136.0
118.0
125.0
130.0
149.0
156.0
163.0
214.0
120.0
115.0
244.0
208.0
96.0
277.0
146.0
119.0
208.0
149.0
131.0
182.0
212.0
116.0
159.0
243.0
202.0
179.0
85.0
106.0
112.0
160.0
138.0
142.0
119.0
190.0
340.0
121.0
132.0
154.0
133.0
99.0
96.0
119.0
250.0
75.0
139.0
163.0
170.0
172.0
95.0
122.0
168.0
171.0
101.0
203.0
130.0
143.0
165.0
82.0
266.0
216.0
161.0
194.0
158.0
155.0
103.0
194.0
175.0
162.0
141.0
92.0
167.0
178.0
205.0
144.0
205.0
128.0
132.0
200.0
199.0
149.0
143.0
151.0
184.0
125.0
116.0
159.0
204.0
83.0
81.0
109.0
106.0
144.0
168.0
90.0
121.0
298.0
216.0
196.0
186.0
92.0
137.0
187.0
141.0
85.0
90.0
98.0
199.0
119.0
263.0
101.0
127.0
170.0
90.0
205.0
190.0
178.0
105.0
134.0
170.0
85.0
132.0
117.0
255.0
95.0
116.0
120.0
98.0
299.0
180.0
150.0
149.0
129.0
130.0
214.0
122.0
163.0
148.0
155.0
84.0
127.0
133.0
224.0
84.0
138.0
221.0
79.0
148.0
189.0
78.0
173.0
218.0
125.0
151.0
236.0
255.0
168.0
102.0
187.0
85.0
200.0
238.0
143.0
69.0
173.0
94.0
155.0
146.0
214.0
155.0
169.0
184.0
247.0
120.0
135.0
196.0
129.0
176.0
108.0
192.0
158.0
123.0
87.0
121.0
161.0
103.0
235.0
102.0
141.0
336.0
208.0
162.0
136.0
77.0
133.0
145.0
107.0
152.0
146.0
258.0
106.0
174.0
169.0
277.0
131.0
180.0
146.0
109.0
113.0
233.0
135.0
110.0
81.0
187.0
150.0
215.0
187.0
101.0
109.0
145.0
159.0
194.0
196.0
114.0
145.0
129.0
222.0
146.0
122.0
133.0
161.0
156.0
104.0
247.0
112.0
147.0
114.0
118.0
156.0
95.0
164.0
140.0
127.0
109.0
128.0
150.0
138.0
113.0
212.0
144.0
205.0
125.0
202.0
127.0
67.0
141.0
257.0
72.0
119.0
98.0
119.0
158.0
155.0
211.0
134.0
270.0
238.0
168.0
93.0
114.0
146.0
62.0
128.0
205.0
140.0
220.0
113.0
100.0
136.0
208.0
234.0
150.0
175.0
136.0
103.0
136.0
105.0
150.0
164.0
144.0
180.0
141.0
157.0
112.0
266.0
250.0
243.0
170.0
139.0
132.0
154.0
70.0
230.0
229.0
171.0
184.0
159.0
93.0
84.0
123.0
195.0
116.0
205.0
112.0
112.0
81.0
165.0
150.0
187.0
98.0
124.0
188.0
241.0
245.0
190.0
140.0
184.0
191.0
159.0
164.0
179.0
76.0
159.0
101.0
145.0
91.0
97.0
168.0
144.0
116.0
107.0
175.0
129.0
153.0
115.0
189.0
230.0
129.0
318.0
140.0
93.0
168.0
140.0
129.0
132.0
121.0
80.0
83.0
177.0
127.0
230.0
208.0
117.0
147.0
126.0
169.0
287.0
96.0
249.0
164.0
93.0
135.0
243.0
77.0
122.0
609.0
123.0
206.0
140.0
235.0
141.0
213.0
172.0
171.0
202.0
258.0
153.0
168.0
94.0
159.0
157.0
147.0
114.0
222.0
223.0
138.0
146.0
95.0
101.0
132.0
83.0
112.0
169.0
121.0
188.0
146.0
166.0
130.0
206.0
179.0
92.0
112.0
179.0
196.0
126.0
131.0
107.0
87.0
121.0
99.0
182.0
113.0
124.0
157.0
125.0
192.0
162.0
180.0
174.0
105.0
210.0
109.0
209.0
155.0
149.0
220.0
184.0
85.0
209.0
95.0
134.0
173.0
137.0
104.0
128.0
143.0
286.0
169.0
126.0
164.0
170.0
162.0
159.0
77.0
86.0
70.0
113.0
118.0
102.0
184.0
119.0
149.0
103.0
200.0
356.0
123.0
115.0
149.0
179.0
139.0
217.0
54.0
159.0
149.0
144.0
100.0
173.0
81.0
183.0
125.0
166.0
55.0
232.0
194.0
147.0
164.0
170.0
186.0
126.0
285.0
96.0
143.0
119.0
117.0
94.0
163.0
284.0
146.0
128.0
159.0
120.0
216.0
118.0
106.0
104.0
99.0
133.0
134.0
96.0
71.0
343.0
186.0
154.0
174.0
190.0
134.0
71.0
137.0
120.0
62.0
131.0
214.0
161.0
113.0
114.0
205.0
117.0
134.0
222.0
156.0
182.0
216.0
113.0
73.0
142.0
164.0
44.0
107.0
64.0
486.0
174.0
145.0
107.0
198.0
168.0
121.0
117.0
96.0
188.0
197.0
96.0
88.0
180.0
179.0
77.0
138.0
172.0
115.0
111.0
56.0
93.0
91.0
102.0
220.0
181.0
80.0
429.0
126.0
240.0
66.0
153.0
110.0
171.0
104.0
93.0
119.0
117.0
129.0
45.0
160.0
139.0
154.0
154.0
216.0
74.0
86.0
88.0
116.0
74.0
141.0
251.0
211.0
93.0
168.0
75.0
102.0
109.0
166.0
163.0
97.0
134.0
129.0
111.0
156.0
117.0
103.0
162.0
86.0
220.0
247.0
148.0
117.0
216.0
136.0
145.0
103.0
86.0
131.0
135.0
155.0
247.0
79.0
100.0
119.0
113.0
186.0
110.0
177.0
190.0
77.0
178.0
148.0
105.0
192.0
155.0
124.0
215.0
94.0
204.0
156.0
167.0
91.0
125.0
118.0
156.0
113.0
102.0
87.0
82.0
96.0
111.0
128.0
98.0
100.0
154.0
300.0
65.0
65.0
153.0
189.0
145.0
97.0
120.0
77.0
193.0
186.0
137.0
103.0
96.0
93.0
133.0
131.0
79.0
223.0
81.0
70.0
138.0
65.0
202.0
133.0
117.0
186.0
100.0
200.0
109.0
110.0
142.0
177.0
255.0
75.0
225.0
151.0
147.0
117.0
119.0
218.0
180.0
68.0
149.0
169.0
112.0
158.0
90.0
58.0
135.0
115.0
142.0
191.0
201.0
134.0
148.0
133.0
160.0
127.0
114.0
69.0
334.0
85.0
147.0
160.0
88.0
315.0
159.0
73.0
240.0
111.0
115.0
116.0
147.0
91.0
289.0
154.0
151.0
101.0
130.0
120.0
123.0
114.0
102.0
126.0
110.0
157.0
120.0
84.0
141.0
179.0
112.0
97.0
137.0
150.0
80.0
114.0
190.0
204.0
226.0
169.0
206.0
130.0
98.0
158.0
141.0
139.0
229.0
111.0
180.0
76.0
105.0
125.0
133.0
94.0
66.0
108.0
199.0
159.0
97.0
91.0
152.0
202.0
175.0
130.0
182.0
90.0
151.0
130.0
105.0
159.0
137.0
168.0
143.0
235.0
113.0
163.0
186.0
120.0
138.0
110.0
151.0
99.0
151.0
107.0
179.0
84.0
147.0
105.0
133.0
117.0
121.0
82.0
157.0
177.0
99.0
122.0
203.0
82.0
302.0
134.0
67.0
104.0
198.0
120.0
90.0
282.0
106.0
116.0
108.0
173.0
128.0
179.0
112.0
99.0
205.0
173.0
133.0
175.0
185.0
115.0
210.0
117.0
112.0
193.0
143.0
119.0
133.0
143.0
184.0
236.0
117.0
95.0
97.0
144.0
73.0
180.0
189.0
212.0
82.0
238.0
81.0
175.0
142.0
121.0
144.0
105.0
109.0
186.0
119.0
225.0
220.0
68.0
174.0
153.0
89.0
102.0
105.0
223.0
93.0
196.0
87.0
112.0
118.0
192.0
185.0
144.0
88.0
116.0
203.0
78.0
125.0
293.0
172.0
147.0
158.0
117.0
186.0
254.0
143.0
126.0
150.0
259.0
92.0
199.0
197.0
188.0
139.0
114.0
141.0
137.0
134.0
128.0
153.0
103.0
135.0
105.0
152.0
224.0
204.0
178.0
213.0
107.0
175.0
95.0
144.0
119.0
130.0
140.0
155.0
174.0
175.0
118.0
115.0
154.0
88.0
193.0
141.0
135.0
183.0
164.0
127.0
115.0
142.0
124.0
160.0
125.0
114.0
137.0
178.0
146.0
80.0
187.0
222.0
66.0
109.0
175.0
136.0
103.0
150.0
158.0
126.0
102.0
262.0
173.0
140.0
144.0
158.0
81.0
142.0
186.0
110.0
128.0
121.0
144.0
91.0
156.0
148.0
157.0
89.0
107.0
143.0
101.0
130.0
129.0
113.0
195.0
192.0
121.0
86.0
229.0
129.0
103.0
209.0
300.0
239.0
193.0
119.0
170.0
325.0
176.0
331.0
158.0
78.0
74.0
121.0
166.0
335.0
136.0
161.0
198.0
152.0
153.0
121.0
125.0
192.0
157.0
195.0
70.0
159.0
145.0
546.0
59.0
270.0
279.0
246.0
187.0
155.0
111.0
165.0
124.0
80.0
134.0
112.0
142.0
95.0
213.0
131.0
140.0
138.0
287.0
148.0
249.0
110.0
118.0
119.0
165.0
114.0
83.0
151.0
249.0
139.0
78.0
123.0
171.0
200.0
302.0
103.0
126.0
172.0
143.0
107.0
157.0
137.0
134.0
102.0
219.0
80.0
117.0
235.0
157.0
149.0
215.0
102.0
58.0
105.0
177.0
130.0
119.0
100.0
73.0
129.0
156.0
95.0
255.0
193.0
103.0
142.0
122.0
242.0
179.0
158.0
148.0
127.0
102.0
105.0
204.0
144.0
126.0
272.0
87.0
185.0
147.0
119.0
189.0
154.0
253.0
164.0
134.0
227.0
259.0
122.0
233.0
193.0
150.0
106.0
222.0
125.0
122.0
187.0
184.0
114.0
144.0
101.0
108.0
187.0
117.0
65.0
623.0
288.0
136.0
85.0
161.0
216.0
143.0
112.0
185.0
81.0
167.0
117.0
147.0
155.0
114.0
254.0
141.0
113.0
130.0
188.0
97.0
202.0
160.0
100.0
309.0
132.0
168.0
185.0
144.0
216.0
57.0
107.0
148.0
196.0
91.0
199.0
74.0
123.0
93.0
178.0
101.0
246.0
158.0
206.0
128.0
67.0
129.0
125.0
286.0
86.0
238.0
123.0
252.0
246.0
103.0
103.0
121.0
160.0
197.0
68.0
178.0
90.0
202.0
145.0
87.0
95.0
181.0
223.0
81.0
121.0
140.0
185.0
162.0
120.0
150.0
183.0
149.0
100.0
125.0
149.0
244.0
167.0
160.0
142.0
138.0
185.0
81.0
195.0
128.0
112.0
112.0
108.0
315.0
88.0
156.0
157.0
198.0
137.0
101.0
91.0
147.0
75.0
93.0
99.0
187.0
132.0
168.0
135.0
109.0
323.0
114.0
69.0
302.0
195.0
226.0
101.0
146.0
170.0
140.0
135.0
265.0
85.0
175.0
470.0
125.0
126.0
189.0
119.0
201.0
85.0
121.0
243.0
106.0
125.0
122.0
97.0
93.0
235.0
127.0
165.0
253.0
260.0
134.0
126.0
177.0
76.0
99.0
127.0
99.0
172.0
185.0
123.0
222.0
115.0
260.0
180.0
95.0
111.0
101.0
98.0
166.0
96.0
189.0
169.0
115.0
117.0
121.0
167.0
238.0
155.0
167.0
164.0
118.0
123.0
130.0
137.0
195.0
154.0
148.0
129.0
118.0
127.0
167.0
191.0
219.0
72.0
93.0
596.0
198.0
110.0
264.0
95.0
192.0
110.0
191.0
150.0
197.0
167.0
139.0
150.0
154.0
214.0
63.0
166.0
100.0
206.0
133.0
229.0
146.0
163.0
159.0
271.0
149.0
114.0
160.0
204.0
85.0
152.0
190.0
138.0
118.0
154.0
138.0
77.0
229.0
64.0
104.0
59.0
161.0
212.0
99.0
161.0
215.0
146.0
187.0
107.0
93.0
145.0
188.0
103.0
153.0
87.0
202.0
178.0
264.0
300.0
170.0
189.0
125.0
193.0
226.0
184.0
163.0
118.0
136.0
127.0
112.0
144.0
152.0
223.0
142.0
245.0
140.0
144.0
143.0
89.0
82.0
129.0
109.0
92.0
196.0
171.0
128.0
225.0
116.0
139.0
150.0
128.0
108.0
329.0
117.0
167.0
138.0
214.0
136.0
91.0
126.0
178.0
52.0
118.0
91.0
133.0
111.0
101.0
269.0
107.0
99.0
196.0
259.0
134.0
186.0
102.0
182.0
193.0
78.0
107.0
203.0
128.0
120.0
115.0
101.0
59.0
96.0
312.0
117.0
68.0
127.0
122.0
126.0
140.0
139.0
179.0
129.0
129.0
161.0
135.0
71.0
116.0
69.0
64.0
85.0
135.0
189.0
255.0
114.0
133.0
95.0
239.0
359.0
180.0
147.0
106.0
180.0
130.0
195.0
220.0
152.0
151.0
139.0
131.0
226.0
76.0
89.0
191.0
104.0
182.0
82.0
129.0
145.0
326.0
101.0
109.0
219.0
87.0
125.0
287.0
173.0
130.0
104.0
155.0
137.0
235.0
184.0
128.0
138.0
65.0
162.0
119.0
152.0
121.0
92.0
89.0
205.0
265.0
149.0
109.0
146.0
146.0
170.0
147.0
220.0
101.0
135.0
88.0
141.0
106.0
119.0
115.0
104.0
182.0
150.0
67.0
114.0
131.0
111.0
89.0
76.0
108.0
184.0
148.0
182.0
206.0
159.0
83.0
104.0
109.0
179.0
76.0
198.0
90.0
121.0
212.0
212.0
156.0
134.0
86.0
115.0
96.0
134.0
72.0
198.0
71.0
131.0
160.0
101.0
193.0
131.0
199.0
117.0
133.0
183.0
148.0
245.0
123.0
164.0
77.0
62.0
194.0
101.0
125.0
97.0
111.0
126.0
154.0
157.0
128.0
142.0
115.0
141.0
180.0
100.0
1276.0
80.0
76.0
146.0
122.0
251.0
270.0
98.0
188.0
126.0
154.0
152.0
132.0
133.0
122.0
142.0
102.0
121.0
106.0
97.0
166.0
96.0
163.0
131.0
140.0
135.0
208.0
61.0
167.0
116.0
181.0
74.0
145.0
114.0
115.0
84.0
129.0
109.0
100.0
145.0
206.0
128.0
153.0
89.0
157.0
75.0
131.0
47.0
165.0
90.0
315.0
91.0
115.0
86.0
109.0
131.0
101.0
86.0
110.0
120.0
97.0
183.0
223.0
101.0
77.0
157.0
80.0
177.0
93.0
168.0
130.0
125.0
165.0
75.0
139.0
213.0
77.0
193.0
154.0
50.0
108.0
125.0
57.0
120.0
94.0
112.0
82.0
156.0
230.0
98.0
196.0
139.0
144.0
144.0
122.0
201.0
134.0
137.0
90.0
471.0
129.0
198.0
233.0
136.0
161.0
103.0
249.0
243.0
155.0
118.0
145.0
113.0
112.0
146.0
204.0
149.0
103.0
182.0
137.0
331.0
114.0
216.0
100.0
105.0
199.0
97.0
263.0
102.0
155.0
163.0
120.0
208.0
141.0
130.0
126.0
129.0
137.0
175.0
120.0
94.0
88.0
199.0
72.0
153.0
211.0
124.0
81.0
115.0
166.0
164.0
178.0
108.0
82.0
66.0
113.0
355.0
112.0
82.0
137.0
85.0
139.0
106.0
202.0
174.0
177.0
229.0
96.0
110.0
112.0
104.0
118.0
165.0
98.0
103.0
225.0
107.0
188.0
130.0
165.0
83.0
260.0
199.0
179.0
116.0
68.0
174.0
106.0
255.0
167.0
134.0
145.0
154.0
88.0
94.0
184.0
121.0
74.0
130.0
91.0
203.0
142.0
146.0
124.0
119.0
230.0
173.0
85.0
178.0
116.0
195.0
106.0
120.0
62.0
163.0
102.0
261.0
118.0
96.0
137.0
95.0
136.0
87.0
133.0
240.0
231.0
180.0
113.0
89.0
141.0
196.0
90.0
136.0
79.0
141.0
176.0
137.0
156.0
176.0
163.0
97.0
151.0
74.0
75.0
316.0
177.0
147.0
149.0
98.0
90.0
213.0
123.0
100.0
90.0
141.0
144.0
346.0
142.0
95.0
149.0
206.0
125.0
82.0
162.0
108.0
125.0
163.0
88.0
225.0
70.0
120.0
211.0
112.0
115.0
121.0
62.0
67.0
121.0
129.0
283.0
145.0
152.0
63.0
201.0
217.0
88.0
175.0
105.0
100.0
104.0
120.0
135.0
133.0
97.0
279.0
123.0
149.0
137.0
125.0
155.0
89.0
152.0
104.0
128.0
324.0
100.0
390.0
145.0
170.0
163.0
128.0
101.0
206.0
110.0
95.0
200.0
169.0
81.0
85.0
137.0
97.0
137.0
83.0
101.0
109.0
181.0
186.0
215.0
336.0
166.0
124.0
134.0
125.0
125.0
125.0
122.0
146.0
107.0
133.0
178.0
120.0
148.0
124.0
123.0
200.0
118.0
94.0
82.0
93.0
171.0
167.0
99.0
153.0
125.0
102.0
205.0
195.0
76.0
168.0
111.0
77.0
88.0
135.0
118.0
118.0
114.0
133.0
95.0
189.0
157.0
146.0
113.0
74.0
74.0
112.0
187.0
81.0
112.0
104.0
109.0
78.0
131.0
125.0
63.0
232.0
88.0
104.0
193.0
127.0
98.0
102.0
230.0
144.0
117.0
210.0
171.0
89.0
171.0
98.0
136.0
137.0
153.0
171.0
128.0
143.0
3327.0
136.0
185.0
418.0
195.0
174.0
145.0
145.0
127.0
157.0
78.0
176.0
85.0
261.0
209.0
234.0
131.0
148.0
94.0
93.0
141.0
159.0
177.0
124.0
200.0
166.0
157.0
203.0
102.0
168.0
155.0
100.0
115.0
162.0
101.0
144.0
300.0
157.0
91.0
192.0
107.0
46.0
86.0
233.0
177.0
163.0
116.0
110.0
120.0
145.0
135.0
143.0
115.0
179.0
109.0
121.0
105.0
191.0
113.0
133.0
130.0
161.0
158.0
92.0
178.0
162.0
180.0
119.0
142.0
176.0
192.0
65.0
117.0
173.0
143.0
132.0
119.0
254.0
50.0
107.0
156.0
131.0
173.0
175.0
199.0
92.0
239.0
167.0
87.0
158.0
168.0
686.0
95.0
110.0
59.0
197.0
162.0
92.0
300.0
218.0
185.0
141.0
118.0
177.0
133.0
187.0
195.0
465.0
173.0
111.0
178.0
195.0
122.0
180.0
140.0
217.0
187.0
258.0
148.0
219.0
136.0
101.0
89.0
212.0
193.0
245.0
179.0
162.0
122.0
203.0
141.0
99.0
88.0
217.0
160.0
114.0
129.0
209.0
253.0
116.0
107.0
137.0
161.0
136.0
155.0
96.0
180.0
173.0
223.0
138.0
116.0
98.0
154.0
154.0
128.0
196.0
145.0
155.0
200.0
107.0
82.0
96.0
154.0
219.0
131.0
280.0
120.0
119.0
111.0
205.0
92.0
112.0
167.0
83.0
138.0
137.0
202.0
103.0
111.0
146.0
84.0
287.0
157.0
155.0
100.0
167.0
248.0
179.0
139.0
787.0
239.0
168.0
89.0
99.0
200.0
171.0
116.0
236.0
106.0
137.0
134.0
116.0
184.0
143.0
169.0
149.0
139.0
111.0
122.0
159.0
117.0
538.0
166.0
116.0
169.0
201.0
147.0
119.0
158.0
229.0
71.0
162.0
183.0
173.0
112.0
278.0
150.0
143.0
155.0
110.0
221.0
135.0
188.0
130.0
196.0
159.0
101.0
227.0
147.0
87.0
180.0
237.0
106.0
135.0
64.0
162.0
143.0
185.0
152.0
206.0
183.0
105.0
185.0
129.0
167.0
126.0
111.0
96.0
192.0
123.0
135.0
89.0
184.0
180.0
176.0
88.0
182.0
245.0
144.0
147.0
114.0
83.0
205.0
132.0
121.0
144.0
76.0
145.0
85.0
71.0
134.0
248.0
183.0
85.0
150.0
190.0
137.0
155.0
133.0
238.0
118.0
117.0
203.0
213.0
67.0
71.0
149.0
102.0
74.0
254.0
74.0
159.0
225.0
181.0
187.0
176.0
300.0
140.0
139.0
146.0
190.0
146.0
119.0
167.0
204.0
107.0
169.0
238.0
174.0
146.0
227.0
128.0
126.0
177.0
132.0
144.0
129.0
94.0
153.0
231.0
178.0
89.0
139.0
147.0
98.0
139.0
87.0
120.0
76.0
135.0
111.0
155.0
243.0
150.0
157.0
125.0
172.0
92.0
98.0
159.0
71.0
145.0
44.0
145.0
125.0
139.0
143.0
204.0
112.0
183.0
145.0
94.0
310.0
127.0
156.0
135.0
67.0
68.0
168.0
133.0
176.0
189.0
164.0
122.0
125.0
173.0
176.0
122.0
97.0
213.0
116.0
133.0
93.0
127.0
167.0
154.0
164.0
109.0
136.0
117.0
103.0
144.0
164.0
90.0
76.0
116.0
155.0
105.0
180.0
180.0
157.0
165.0
110.0
104.0
143.0
117.0
137.0
107.0
122.0
210.0
119.0
157.0
180.0
131.0
55.0
166.0
167.0
83.0
279.0
93.0
112.0
160.0
96.0
95.0
276.0
98.0
103.0
120.0
145.0
162.0
113.0
167.0
50.0
164.0
114.0
103.0
87.0
111.0
82.0
157.0
98.0
111.0
137.0
187.0
119.0
150.0
75.0
112.0
148.0
137.0
162.0
123.0
160.0
87.0
132.0
188.0
96.0
144.0
143.0
158.0
182.0
114.0
150.0
118.0
158.0
194.0
271.0
116.0
124.0
166.0
133.0
122.0
159.0
170.0
203.0
187.0
109.0
146.0
124.0
114.0
235.0
68.0
88.0
135.0
94.0
132.0
83.0
129.0
132.0
150.0
181.0
176.0
156.0
205.0
229.0
158.0
130.0
181.0
85.0
97.0
255.0
125.0
251.0
129.0
153.0
135.0
172.0
65.0
223.0
160.0
144.0
111.0
207.0
209.0
113.0
100.0
186.0
312.0
135.0
97.0
158.0
137.0
100.0
93.0
147.0
154.0
151.0
98.0
295.0
116.0
224.0
136.0
94.0
159.0
113.0
191.0
112.0
142.0
119.0
138.0
125.0
128.0
198.0
219.0
193.0
153.0
134.0
150.0
97.0
121.0
149.0
126.0
151.0
145.0
146.0
127.0
112.0
238.0
104.0
187.0
97.0
71.0
138.0
131.0
196.0
93.0
141.0
118.0
145.0
100.0
181.0
93.0
143.0
107.0
130.0
148.0
150.0
141.0
181.0
173.0
127.0
81.0
105.0
148.0
95.0
92.0
118.0
170.0
90.0
238.0
1574.0
197.0
124.0
98.0
291.0
105.0
160.0
173.0
141.0
182.0
173.0
286.0
143.0
158.0
82.0
210.0
290.0
207.0
120.0
124.0
202.0
127.0
89.0
65.0
241.0
133.0
153.0
121.0
161.0
91.0
120.0
230.0
128.0
149.0
145.0
90.0
159.0
126.0
129.0
262.0
112.0
232.0
72.0
178.0
109.0
117.0
120.0
266.0
196.0
154.0
70.0
68.0
194.0
183.0
92.0
97.0
139.0
102.0
156.0
122.0
232.0
139.0
81.0
235.0
138.0
251.0
89.0
151.0
249.0
133.0
96.0
250.0
223.0
164.0
117.0
143.0
124.0
389.0
143.0
182.0
79.0
107.0
234.0
243.0
164.0
114.0
92.0
156.0
103.0
160.0
84.0
278.0
99.0
95.0
383.0
98.0
172.0
96.0
105.0
147.0
134.0
142.0
186.0
217.0
139.0
95.0
109.0
307.0
192.0
248.0
130.0
124.0
174.0
143.0
117.0
219.0
105.0
128.0
100.0
169.0
147.0
206.0
133.0
145.0
132.0
169.0
141.0
168.0
209.0
111.0
155.0
113.0
151.0
229.0
114.0
190.0
145.0
88.0
165.0
79.0
239.0
213.0
149.0
153.0
95.0
139.0
185.0
210.0
76.0
108.0
175.0
125.0
79.0
145.0
208.0
225.0
90.0
130.0
101.0
133.0
107.0
83.0
114.0
144.0
120.0
208.0
187.0
207.0
132.0
108.0
172.0
189.0
120.0
118.0
73.0
109.0
125.0
130.0
131.0
82.0
203.0
243.0
144.0
222.0
119.0
174.0
102.0
191.0
169.0
175.0
125.0
137.0
123.0
104.0
112.0
99.0
182.0
93.0
89.0
106.0
100.0
133.0
65.0
160.0
97.0
163.0
127.0
79.0
135.0
175.0
130.0
102.0
132.0
169.0
145.0
438.0
160.0
118.0
156.0
203.0
155.0
119.0
188.0
124.0
85.0
143.0
112.0
169.0
111.0
139.0
195.0
168.0
112.0
146.0
109.0
128.0
130.0
204.0
152.0
156.0
158.0
248.0
91.0
100.0
95.0
136.0
142.0
109.0
170.0
203.0
171.0
87.0
202.0
112.0
144.0
173.0
162.0
92.0
96.0
183.0
155.0
52.0
128.0
64.0
213.0
172.0
171.0
90.0
159.0
240.0
148.0
192.0
108.0
153.0
143.0
150.0
108.0
220.0
156.0
193.0
169.0
126.0
260.0
169.0
211.0
169.0
232.0
210.0
132.0
151.0
208.0
121.0
80.0
171.0
114.0
111.0
91.0
164.0
173.0
144.0
148.0
90.0
105.0
136.0
209.0
72.0
227.0
147.0
122.0
93.0
204.0
181.0
146.0
98.0
188.0
179.0
181.0
89.0
176.0
286.0
197.0
153.0
194.0
179.0
105.0
101.0
143.0
82.0
117.0
78.0
178.0
89.0
139.0
149.0
146.0
210.0
136.0
106.0
74.0
152.0
201.0
156.0
126.0
101.0
141.0
160.0
126.0
139.0
82.0
347.0
115.0
136.0
178.0
170.0
163.0
81.0
119.0
109.0
130.0
199.0
95.0
131.0
226.0
85.0
155.0
120.0
137.0
223.0
112.0
184.0
244.0
161.0
90.0
161.0
139.0
139.0
151.0
121.0
155.0
169.0
141.0
119.0
247.0
413.0
218.0
108.0
263.0
112.0
119.0
134.0
180.0
129.0
92.0
76.0
114.0
172.0
130.0
175.0
206.0
110.0
136.0
148.0
145.0
83.0
136.0
566.0
151.0
203.0
146.0
174.0
257.0
259.0
67.0
163.0
249.0
163.0
204.0
143.0
136.0
104.0
181.0
169.0
137.0
72.0
225.0
96.0
233.0
181.0
214.0
159.0
157.0
144.0
142.0
87.0
216.0
132.0
110.0
148.0
172.0
227.0
81.0
154.0
98.0
140.0
88.0
170.0
136.0
196.0
134.0
248.0
113.0
90.0
162.0
167.0
101.0
146.0
136.0
78.0
105.0
106.0
261.0
128.0
146.0
414.0
102.0
117.0
167.0
123.0
122.0
143.0
217.0
152.0
133.0
79.0
124.0
180.0
100.0
144.0
96.0
185.0
156.0
132.0
138.0
123.0
180.0
203.0
176.0
165.0
86.0
215.0
121.0
207.0
138.0
86.0
76.0
202.0
146.0
172.0
167.0
168.0
98.0
196.0
109.0
97.0
161.0
190.0
107.0
153.0
140.0
187.0
166.0
385.0
119.0
129.0
143.0
187.0
153.0
154.0
92.0
121.0
151.0
176.0
115.0
164.0
180.0
177.0
133.0
105.0
124.0
59.0
119.0
137.0
212.0
102.0
197.0
188.0
159.0
67.0
130.0
193.0
198.0
76.0
235.0
147.0
105.0
69.0
111.0
112.0
208.0
113.0
158.0
138.0
105.0
91.0
167.0
94.0
217.0
119.0
112.0
147.0
124.0
81.0
311.0
162.0
160.0
183.0
88.0
130.0
96.0
136.0
160.0
118.0
104.0
226.0
379.0
56.0
83.0
174.0
116.0
159.0
95.0
219.0
140.0
131.0
218.0
134.0
307.0
109.0
189.0
222.0
162.0
216.0
107.0
159.0
339.0
148.0
99.0
153.0
107.0
90.0
222.0
146.0
130.0
210.0
212.0
81.0
187.0
161.0
106.0
138.0
109.0
478.0
211.0
182.0
310.0
249.0
87.0
162.0
129.0
170.0
131.0
106.0
171.0
141.0
234.0
224.0
104.0
159.0
142.0
155.0
78.0
144.0
139.0
198.0
112.0
263.0
113.0
139.0
152.0
107.0
115.0
132.0
96.0
221.0
119.0
129.0
296.0
212.0
87.0
81.0
106.0
186.0
185.0
127.0
128.0
126.0
159.0
274.0
63.0
165.0
114.0
147.0
102.0
133.0
197.0
111.0
87.0
109.0
141.0
77.0
191.0
103.0
276.0
116.0
169.0
95.0
105.0
221.0
106.0
88.0
118.0
129.0
110.0
161.0
89.0
254.0
279.0
109.0
282.0
257.0
235.0
86.0
223.0
135.0
127.0
169.0
88.0
123.0
151.0
222.0
109.0
158.0
160.0
93.0
189.0
95.0
139.0
87.0
76.0
116.0
146.0
134.0
171.0
111.0
124.0
104.0
139.0
258.0
106.0
140.0
151.0
104.0
81.0
97.0
137.0
142.0
218.0
204.0
140.0
141.0
164.0
130.0
136.0
142.0
129.0
123.0
281.0
149.0
86.0
307.0
140.0
224.0
123.0
195.0
129.0
76.0
165.0
119.0
132.0
223.0
123.0
117.0
138.0
105.0
153.0
120.0
112.0
110.0
133.0
96.0
66.0
245.0
115.0
100.0
135.0
82.0
164.0
103.0
243.0
122.0
177.0
130.0
228.0
125.0
270.0
116.0
114.0
300.0
180.0
109.0
224.0
137.0
63.0
185.0
158.0
105.0
180.0
241.0
132.0
134.0
89.0
240.0
221.0
102.0
137.0
78.0
124.0
120.0
133.0
134.0
132.0
217.0
164.0
178.0
117.0
176.0
103.0
191.0
255.0
144.0
102.0
147.0
124.0
152.0
115.0
184.0
91.0
119.0
134.0
85.0
108.0
148.0
85.0
116.0
163.0
86.0
123.0
180.0
124.0
150.0
104.0
170.0
222.0
122.0
148.0
193.0
57.0
146.0
117.0
331.0
107.0
126.0
144.0
137.0
170.0
131.0
131.0
153.0
210.0
189.0
237.0
100.0
138.0
124.0
154.0
155.0
101.0
154.0
151.0
148.0
162.0
205.0
154.0
144.0
99.0
182.0
186.0
87.0
205.0
179.0
123.0
115.0
182.0
185.0
172.0
202.0
153.0
119.0
261.0
163.0
164.0
318.0
139.0
163.0
132.0
112.0
115.0
227.0
202.0
118.0
258.0
122.0
118.0
327.0
196.0
151.0
105.0
124.0
151.0
143.0
97.0
117.0
177.0
151.0
127.0
142.0
171.0
165.0
123.0
101.0
201.0
120.0
125.0
114.0
172.0
153.0
182.0
163.0
171.0
171.0
232.0
105.0
212.0
102.0
177.0
212.0
159.0
338.0
135.0
158.0
142.0
73.0
122.0
173.0
123.0
108.0
159.0
133.0
202.0
166.0
99.0
144.0
155.0
181.0
203.0
117.0
171.0
72.0
151.0
169.0
193.0
109.0
70.0
208.0
208.0
239.0
173.0
206.0
156.0
124.0
62.0
235.0
121.0
200.0
174.0
173.0
163.0
140.0
98.0
79.0
107.0
416.0
226.0
115.0
200.0
129.0
78.0
159.0
127.0
173.0
144.0
162.0
151.0
128.0
105.0
103.0
127.0
198.0
125.0
91.0
145.0
143.0
162.0
136.0
392.0
179.0
115.0
128.0
160.0
161.0
178.0
208.0
87.0
139.0
135.0
142.0
91.0
127.0
122.0
140.0
132.0
138.0
101.0
160.0
253.0
354.0
161.0
142.0
102.0
158.0
49.0
205.0
107.0
109.0
258.0
166.0
158.0
148.0
168.0
150.0
158.0
164.0
138.0
133.0
157.0
99.0
97.0
111.0
189.0
171.0
139.0
153.0
193.0
181.0
117.0
161.0
111.0
132.0
148.0
93.0
128.0
192.0
136.0
173.0
260.0
115.0
163.0
159.0
240.0
154.0
201.0
121.0
127.0
149.0
125.0
152.0
123.0
178.0
115.0
124.0
126.0
249.0
194.0
87.0
79.0
188.0
144.0
103.0
128.0
116.0
81.0
88.0
214.0
219.0
127.0
225.0
161.0
86.0
209.0
179.0
67.0
107.0
106.0
116.0
317.0
137.0
199.0
120.0
233.0
100.0
71.0
230.0
114.0
113.0
153.0
193.0
259.0
123.0
152.0
101.0
158.0
155.0
184.0
108.0
131.0
130.0
96.0
118.0
159.0
139.0
171.0
125.0
200.0
116.0
91.0
107.0
119.0
105.0
157.0
77.0
136.0
145.0
153.0
349.0
154.0
133.0
129.0
83.0
120.0
248.0
118.0
145.0
121.0
128.0
141.0
141.0
163.0
150.0
66.0
201.0
201.0
84.0
214.0
146.0
155.0
167.0
192.0
132.0
218.0
90.0
106.0
107.0
125.0
103.0
160.0
227.0
167.0
142.0
126.0
138.0
86.0
145.0
176.0
182.0
75.0
205.0
247.0
183.0
119.0
126.0
205.0
168.0
160.0
184.0
110.0
174.0
107.0
161.0
151.0
118.0
261.0
170.0
87.0
139.0
140.0
185.0
103.0
176.0
105.0
151.0
220.0
137.0
152.0
100.0
130.0
159.0
195.0
158.0
101.0
141.0
108.0
200.0
166.0
126.0
147.0
332.0
117.0
79.0
206.0
178.0
223.0
103.0
53.0
168.0
134.0
108.0
183.0
129.0
131.0
120.0
145.0
248.0
128.0
123.0
88.0
117.0
169.0
237.0
113.0
155.0
123.0
257.0
168.0
180.0
176.0
189.0
204.0
126.0
97.0
187.0
204.0
105.0
123.0
253.0
116.0
141.0
229.0
123.0
170.0
189.0
130.0
182.0
98.0
180.0
158.0
92.0
151.0
225.0
233.0
190.0
104.0
221.0
143.0
153.0
232.0
142.0
105.0
262.0
181.0
152.0
100.0
199.0
167.0
120.0
142.0
142.0
134.0
158.0
64.0
77.0
128.0
111.0
200.0
130.0
228.0
202.0
163.0
120.0
122.0
245.0
136.0
155.0
135.0
199.0
182.0
160.0
138.0
255.0
181.0
109.0
129.0
159.0
88.0
156.0
207.0
144.0
164.0
157.0
62.0
145.0
172.0
115.0
102.0
118.0
102.0
112.0
204.0
142.0
117.0
204.0
212.0
58.0
167.0
116.0
74.0
188.0
222.0
101.0
203.0
141.0
183.0
106.0
151.0
139.0
138.0
132.0
84.0
127.0
172.0
95.0
208.0
119.0
115.0
147.0
160.0
109.0
265.0
151.0
180.0
139.0
148.0
158.0
155.0
181.0
250.0
122.0
90.0
224.0
186.0
176.0
117.0
107.0
150.0
105.0
193.0
75.0
208.0
83.0
220.0
178.0
151.0
255.0
168.0
246.0
117.0
122.0
83.0
83.0
224.0
100.0
127.0
144.0
245.0
101.0
121.0
112.0
180.0
61.0
176.0
395.0
111.0
177.0
206.0
127.0
212.0
153.0
145.0
101.0
417.0
115.0
82.0
199.0
80.0
230.0
204.0
140.0
123.0
122.0
86.0
61.0
111.0
193.0
141.0
188.0
136.0
114.0
133.0
238.0
149.0
131.0
118.0
257.0
190.0
97.0
139.0
146.0
141.0
101.0
179.0
175.0
129.0
104.0
174.0
183.0
234.0
81.0
130.0
129.0
138.0
96.0
122.0
125.0
91.0
125.0
117.0
141.0
199.0
127.0
152.0
135.0
200.0
160.0
221.0
64.0
139.0
116.0
102.0
198.0
158.0
162.0
179.0
187.0
138.0
94.0
147.0
121.0
182.0
138.0
176.0
121.0
156.0
115.0
130.0
192.0
175.0
170.0
208.0
206.0
156.0
117.0
141.0
120.0
224.0
120.0
104.0
149.0
215.0
158.0
83.0
182.0
215.0
129.0
133.0
175.0
216.0
218.0
163.0
138.0
87.0
83.0
130.0
146.0
53.0
81.0
57.0
130.0
196.0
169.0
130.0
97.0
159.0
140.0
118.0
122.0
252.0
127.0
179.0
172.0
244.0
118.0
161.0
111.0
129.0
105.0
523.0
124.0
120.0
91.0
140.0
196.0
115.0
158.0
161.0
252.0
63.0
142.0
123.0
177.0
143.0
154.0
136.0
187.0
65.0
181.0
79.0
82.0
171.0
143.0
113.0
134.0
177.0
134.0
158.0
134.0
151.0
126.0
104.0
169.0
221.0
83.0
106.0
156.0
111.0
123.0
171.0
150.0
148.0
130.0
187.0
187.0
244.0
137.0
154.0
186.0
150.0
168.0
153.0
165.0
166.0
126.0
124.0
207.0
140.0
157.0
125.0
128.0
171.0
160.0
152.0
130.0
155.0
128.0
177.0
158.0
117.0
188.0
167.0
121.0
260.0
117.0
105.0
362.0
197.0
103.0
121.0
107.0
111.0
85.0
197.0
103.0
205.0
136.0
158.0
134.0
118.0
102.0
111.0
140.0
149.0
202.0
198.0
147.0
202.0
113.0
214.0
108.0
138.0
149.0
108.0
163.0
95.0
133.0
102.0
82.0
163.0
122.0
257.0
184.0
142.0
249.0
157.0
161.0
95.0
234.0
146.0
105.0
122.0
208.0
182.0
130.0
106.0
89.0
97.0
130.0
222.0
139.0
161.0
136.0
193.0
158.0
222.0
117.0
189.0
111.0
179.0
208.0
113.0
181.0
123.0
179.0
160.0
165.0
160.0
185.0
192.0
215.0
132.0
170.0
121.0
222.0
189.0
150.0
125.0
151.0
113.0
120.0
274.0
120.0
57.0
182.0
136.0
139.0
122.0
87.0
127.0
121.0
75.0
187.0
57.0
181.0
143.0
209.0
214.0
106.0
212.0
126.0
57.0
84.0
235.0
109.0
185.0
206.0
132.0
157.0
157.0
159.0
187.0
136.0
102.0
152.0
216.0
140.0
180.0
184.0
189.0
146.0
195.0
198.0
188.0
137.0
171.0
213.0
178.0
99.0
111.0
111.0
131.0
129.0
242.0
178.0
144.0
128.0
148.0
178.0
179.0
156.0
180.0
203.0
65.0
147.0
67.0
220.0
238.0
133.0
171.0
148.0
117.0
150.0
240.0
161.0
136.0
319.0
111.0
153.0
124.0
157.0
174.0
130.0
97.0
139.0
266.0
134.0
159.0
147.0
120.0
137.0
113.0
154.0
91.0
136.0
102.0
208.0
142.0
154.0
183.0
184.0
129.0
198.0
146.0
100.0
152.0
86.0
141.0
162.0
96.0
116.0
174.0
168.0
161.0
125.0
242.0
267.0
137.0
296.0
100.0
171.0
186.0
116.0
91.0
80.0
143.0
236.0
155.0
67.0
126.0
197.0
277.0
196.0
129.0
171.0
145.0
87.0
181.0
122.0
147.0
216.0
107.0
221.0
118.0
245.0
176.0
237.0
140.0
276.0
172.0
217.0
145.0
118.0
261.0
130.0
249.0
90.0
200.0
97.0
216.0
154.0
126.0
112.0
141.0
199.0
95.0
99.0
160.0
188.0
184.0
108.0
165.0
137.0
201.0
185.0
149.0
155.0
220.0
126.0
131.0
266.0
119.0
140.0
186.0
118.0
190.0
88.0
215.0
116.0
190.0
149.0
171.0
289.0
80.0
89.0
180.0
119.0
152.0
292.0
153.0
86.0
125.0
151.0
206.0
186.0
174.0
211.0
108.0
166.0
185.0
196.0
163.0
115.0
73.0
145.0
104.0
200.0
141.0
198.0
163.0
216.0
218.0
179.0
152.0
119.0
118.0
111.0
160.0
131.0
138.0
130.0
231.0
317.0
94.0
111.0
100.0
171.0
101.0
155.0
142.0
135.0
117.0
112.0
114.0
136.0
126.0
174.0
177.0
205.0
200.0
150.0
86.0
164.0
142.0
96.0
131.0
209.0
168.0
211.0
190.0
116.0
104.0
165.0
155.0
197.0
164.0
190.0
154.0
132.0
98.0
132.0
118.0
210.0
119.0
91.0
126.0
143.0
74.0
123.0
110.0
182.0
182.0
125.0
136.0
213.0
145.0
217.0
82.0
137.0
161.0
133.0
100.0
134.0
154.0
191.0
146.0
128.0
117.0
74.0
201.0
156.0
218.0
144.0
129.0
137.0
127.0
135.0
152.0
104.0
135.0
95.0
141.0
168.0
203.0
168.0
112.0
125.0
123.0
219.0
178.0
298.0
75.0
165.0
143.0
186.0
106.0
116.0
141.0
130.0
116.0
155.0
155.0
131.0
149.0
185.0
141.0
196.0
93.0
84.0
174.0
204.0
129.0
195.0
194.0
192.0
94.0
137.0
148.0
145.0
136.0
116.0
193.0
156.0
159.0
79.0
160.0
148.0
218.0
180.0
151.0
166.0
113.0
169.0
266.0
199.0
190.0
121.0
102.0
161.0
87.0
195.0
121.0
184.0
79.0
97.0
206.0
199.0
154.0
95.0
111.0
135.0
115.0
151.0
190.0
123.0
139.0
186.0
163.0
176.0
131.0
134.0
130.0
149.0
287.0
134.0
130.0
161.0
114.0
55.0
190.0
90.0
181.0
178.0
138.0
214.0
108.0
133.0
143.0
119.0
151.0
218.0
115.0
181.0
90.0
189.0
162.0
136.0
137.0
171.0
208.0
114.0
137.0
131.0
175.0
141.0
123.0
115.0
134.0
144.0
80.0
147.0
126.0
136.0
130.0
157.0
181.0
284.0
152.0
204.0
151.0
141.0
121.0
159.0
133.0
326.0
126.0
165.0
81.0
133.0
73.0
100.0
146.0
167.0
176.0
110.0
147.0
130.0
203.0
133.0
120.0
199.0
148.0
221.0
165.0
96.0
130.0
83.0
172.0
145.0
76.0
186.0
167.0
117.0
127.0
115.0
289.0
339.0
149.0
155.0
185.0
171.0
134.0
156.0
115.0
204.0
210.0
137.0
157.0
145.0
222.0
113.0
153.0
119.0
103.0
135.0
118.0
179.0
184.0
102.0
227.0
127.0
128.0
96.0
144.0
181.0
88.0
129.0
190.0
116.0
115.0
138.0
183.0
115.0
136.0
151.0
105.0
187.0
122.0
229.0
151.0
219.0
156.0
118.0
111.0
110.0
164.0
222.0
212.0
91.0
134.0
158.0
143.0
146.0
171.0
209.0
159.0
174.0
101.0
156.0
125.0
344.0
178.0
169.0
186.0
159.0
183.0
185.0
163.0
120.0
164.0
126.0
144.0
51.0
102.0
230.0
123.0
191.0
218.0
144.0
104.0
196.0
121.0
161.0
133.0
113.0
162.0
170.0
111.0
98.0
193.0
109.0
146.0
134.0
115.0
191.0
126.0
113.0
212.0
148.0
232.0
210.0
129.0
121.0
175.0
135.0
175.0
192.0
141.0
111.0
260.0
149.0
105.0
135.0
130.0
120.0
184.0
141.0
150.0
150.0
151.0
207.0
142.0
169.0
89.0
112.0
162.0
140.0
195.0
168.0
100.0
234.0
103.0
170.0
132.0
149.0
147.0
117.0
154.0
162.0
154.0
178.0
170.0
73.0
102.0
135.0
160.0
124.0
153.0
114.0
117.0
163.0
149.0
126.0
75.0
194.0
507.0
115.0
148.0
171.0
124.0
119.0
147.0
137.0
158.0
200.0
118.0
183.0
125.0
273.0
101.0
106.0
168.0
137.0
119.0
130.0
110.0
175.0
130.0
172.0
153.0
129.0
125.0
336.0
135.0
142.0
164.0
177.0
125.0
211.0
129.0
177.0
77.0
229.0
98.0
77.0
138.0
93.0
197.0
131.0
142.0
87.0
111.0
163.0
177.0
209.0
109.0
178.0
121.0
167.0
108.0
134.0
134.0
68.0
238.0
208.0
145.0
236.0
128.0
107.0
153.0
153.0
205.0
107.0
163.0
195.0
123.0
119.0
216.0
169.0
124.0
136.0
70.0
111.0
367.0
116.0
134.0
216.0
77.0
80.0
137.0
203.0
176.0
141.0
93.0
160.0
184.0
92.0
87.0
262.0
148.0
244.0
194.0
108.0
228.0
110.0
171.0
196.0
209.0
127.0
175.0
144.0
135.0
142.0
191.0
132.0
113.0
171.0
115.0
156.0
154.0
71.0
71.0
218.0
101.0
140.0
140.0
120.0
216.0
179.0
182.0
170.0
195.0
137.0
210.0
175.0
142.0
106.0
169.0
182.0
198.0
261.0
135.0
138.0
142.0
225.0
127.0
152.0
138.0
122.0
142.0
144.0
164.0
114.0
124.0
113.0
75.0
205.0
144.0
125.0
250.0
183.0
150.0
148.0
215.0
186.0
75.0
155.0
128.0
154.0
226.0
156.0
148.0
105.0
139.0
182.0
113.0
108.0
146.0
126.0
129.0
162.0
133.0
158.0
117.0
147.0
104.0
74.0
272.0
134.0
115.0
150.0
226.0
120.0
188.0
113.0
157.0
109.0
169.0
187.0
171.0
161.0
285.0
140.0
97.0
119.0
199.0
83.0
234.0
144.0
503.0
120.0
230.0
185.0
122.0
179.0
138.0
164.0
133.0
118.0
126.0
87.0
236.0
158.0
146.0
131.0
136.0
162.0
95.0
144.0
255.0
134.0
95.0
112.0
310.0
142.0
237.0
94.0
192.0
159.0
128.0
139.0
142.0
164.0
179.0
193.0
129.0
131.0
118.0
145.0
196.0
121.0
173.0
129.0
143.0
155.0
164.0
193.0
165.0
113.0
70.0
159.0
147.0
159.0
132.0
130.0
123.0
177.0
150.0
134.0
118.0
181.0
135.0
161.0
159.0
114.0
133.0
180.0
208.0
224.0
176.0
157.0
182.0
123.0
110.0
127.0
170.0
163.0
195.0
167.0
77.0
143.0
190.0
167.0
311.0
145.0
90.0
117.0
135.0
94.0
138.0
162.0
125.0
152.0
193.0
139.0
144.0
117.0
87.0
163.0
165.0
191.0
167.0
127.0
151.0
155.0
178.0
158.0
133.0
283.0
121.0
236.0
197.0
150.0
183.0
146.0
106.0
141.0
145.0
155.0
124.0
180.0
114.0
142.0
239.0
134.0
84.0
136.0
99.0
60.0
245.0
156.0
179.0
187.0
178.0
246.0
125.0
163.0
127.0
75.0
142.0
152.0
171.0
112.0
108.0
158.0
169.0
200.0
172.0
107.0
263.0
163.0
193.0
170.0
171.0
134.0
119.0
97.0
146.0
253.0
333.0
125.0
122.0
173.0
88.0
141.0
140.0
266.0
171.0
105.0
105.0
162.0
190.0
95.0
110.0
132.0
184.0
144.0
262.0
104.0
187.0
120.0
218.0
135.0
197.0
219.0
141.0
203.0
106.0
150.0
87.0
178.0
217.0
106.0
163.0
216.0
171.0
130.0
136.0
143.0
164.0
123.0
181.0
137.0
127.0
143.0
76.0
157.0
144.0
137.0
132.0
165.0
171.0
154.0
191.0
213.0
109.0
103.0
166.0
139.0
173.0
141.0
164.0
103.0
173.0
140.0
230.0
172.0
125.0
234.0
144.0
119.0
142.0
185.0
255.0
149.0
73.0
120.0
147.0
136.0
183.0
90.0
75.0
179.0
146.0
182.0
164.0
191.0
146.0
284.0
124.0
106.0
118.0
136.0
159.0
114.0
137.0
108.0
250.0
127.0
85.0
230.0
123.0
192.0
91.0
155.0
191.0
135.0
124.0
211.0
220.0
145.0
156.0
217.0
60.0
91.0
231.0
159.0
166.0
336.0
169.0
94.0
168.0
86.0
121.0
133.0
165.0
153.0
253.0
138.0
130.0
135.0
235.0
79.0
175.0
118.0
150.0
81.0
174.0
138.0
128.0
114.0
181.0
151.0
227.0
157.0
191.0
106.0
180.0
154.0
130.0
101.0
188.0
158.0
165.0
139.0
324.0
122.0
105.0
125.0
116.0
143.0
80.0
147.0
129.0
190.0
76.0
196.0
148.0
170.0
158.0
147.0
146.0
140.0
137.0
197.0
180.0
199.0
100.0
177.0
110.0
165.0
120.0
179.0
208.0
123.0
166.0
176.0
166.0
143.0
137.0
167.0
97.0
183.0
146.0
102.0
200.0
164.0
136.0
176.0
105.0
149.0
145.0
190.0
181.0
136.0
144.0
96.0
84.0
163.0
98.0
139.0
139.0
128.0
166.0
122.0
131.0
179.0
179.0
168.0
148.0
154.0
153.0
188.0
150.0
116.0
121.0
178.0
88.0
92.0
291.0
147.0
172.0
77.0
158.0
181.0
176.0
167.0
87.0
114.0
129.0
127.0
81.0
101.0
86.0
125.0
133.0
237.0
121.0
146.0
102.0
84.0
138.0
132.0
161.0
142.0
106.0
251.0
117.0
178.0
204.0
86.0
93.0
140.0
132.0
138.0
115.0
111.0
253.0
212.0
162.0
100.0
118.0
159.0
168.0
119.0
143.0
71.0
165.0
120.0
147.0
127.0
346.0
114.0
126.0
172.0
76.0
116.0
176.0
176.0
126.0
204.0
180.0
146.0
73.0
111.0
140.0
150.0
116.0
122.0
167.0
92.0
160.0
156.0
91.0
166.0
117.0
125.0
139.0
126.0
97.0
120.0
252.0
152.0
208.0
171.0
120.0
124.0
199.0
71.0
148.0
177.0
70.0
180.0
110.0
159.0
167.0
123.0
148.0
129.0
189.0
253.0
103.0
170.0
109.0
175.0
221.0
139.0
150.0
144.0
114.0
132.0
81.0
170.0
120.0
155.0
162.0
162.0
81.0
196.0
140.0
120.0
216.0
147.0
199.0
180.0
116.0
161.0
177.0
140.0
109.0
167.0
145.0
288.0
197.0
138.0
243.0
104.0
89.0
146.0
189.0
118.0
122.0
297.0
260.0
112.0
174.0
167.0
155.0
161.0
130.0
108.0
130.0
133.0
155.0
180.0
190.0
156.0
122.0
184.0
123.0
153.0
222.0
82.0
149.0
139.0
110.0
130.0
147.0
79.0
177.0
105.0
132.0
261.0
180.0
253.0
212.0
140.0
185.0
150.0
209.0
96.0
116.0
190.0
146.0
168.0
127.0
175.0
265.0
172.0
192.0
185.0
116.0
156.0
98.0
142.0
175.0
176.0
185.0
120.0
176.0
146.0
112.0
183.0
210.0
139.0
58.0
135.0
101.0
201.0
143.0
172.0
149.0
316.0
117.0
189.0
149.0
97.0
160.0
125.0
120.0
149.0
163.0
160.0
136.0
107.0
224.0
179.0
214.0
161.0
122.0
133.0
95.0
168.0
74.0
135.0
195.0
208.0
176.0
248.0
187.0
144.0
170.0
184.0
151.0
226.0
99.0
148.0
138.0
142.0
163.0
181.0
185.0
157.0
127.0
139.0
143.0
134.0
217.0
189.0
154.0
149.0
112.0
128.0
116.0
187.0
155.0
135.0
169.0
153.0
152.0
187.0
99.0
172.0
132.0
101.0
197.0
73.0
122.0
172.0
106.0
142.0
295.0
117.0
80.0
122.0
270.0
146.0
109.0
254.0
141.0
123.0
130.0
171.0
185.0
103.0
81.0
128.0
142.0
73.0
118.0
197.0
149.0
143.0
212.0
234.0
149.0
131.0
123.0
160.0
162.0
281.0
86.0
136.0
149.0
161.0
162.0
216.0
146.0
177.0
112.0
245.0
173.0
240.0
200.0
154.0
128.0
125.0
247.0
198.0
116.0
134.0
136.0
99.0
223.0
85.0
167.0
197.0
120.0
217.0
152.0
165.0
225.0
97.0
135.0
156.0
97.0
172.0
167.0
200.0
156.0
101.0
126.0
111.0
181.0
240.0
192.0
139.0
111.0
148.0
148.0
184.0
83.0
156.0
128.0
234.0
100.0
232.0
78.0
135.0
149.0
251.0
216.0
129.0
202.0
103.0
171.0
145.0
172.0
146.0
135.0
139.0
112.0
157.0
222.0
96.0
122.0
127.0
159.0
182.0
225.0
107.0
216.0
176.0
122.0
134.0
103.0
341.0
181.0
116.0
199.0
131.0
202.0
201.0
145.0
780.0
103.0
147.0
180.0
83.0
120.0
183.0
115.0
88.0
148.0
267.0
191.0
202.0
142.0
164.0
205.0
188.0
90.0
137.0
176.0
180.0
224.0
164.0
157.0
141.0
105.0
212.0
195.0
147.0
174.0
104.0
230.0
193.0
145.0
101.0
109.0
221.0
134.0
90.0
177.0
128.0
131.0
96.0
142.0
64.0
125.0
109.0
166.0
134.0
197.0
179.0
148.0
133.0
131.0
118.0
311.0
115.0
150.0
111.0
189.0
147.0
160.0
95.0
171.0
129.0
169.0
199.0
136.0
97.0
169.0
244.0
118.0
151.0
129.0
173.0
265.0
138.0
169.0
104.0
107.0
182.0
204.0
67.0
103.0
124.0
107.0
221.0
161.0
193.0
139.0
146.0
125.0
291.0
244.0
131.0
171.0
278.0
142.0
145.0
168.0
111.0
154.0
125.0
133.0
164.0
97.0
196.0
107.0
68.0
165.0
139.0
220.0
169.0
110.0
106.0
116.0
136.0
174.0
192.0
199.0
143.0
154.0
177.0
176.0
164.0
106.0
145.0
161.0
93.0
283.0
134.0
135.0
167.0
110.0
145.0
187.0
77.0
137.0
160.0
169.0
154.0
125.0
195.0
186.0
86.0
140.0
112.0
84.0
146.0
156.0
134.0
66.0
114.0
107.0
110.0
225.0
149.0
108.0
145.0
212.0
112.0
126.0
145.0
159.0
206.0
140.0
161.0
143.0
191.0
151.0
116.0
110.0
89.0
325.0
180.0
135.0
129.0
151.0
120.0
92.0
192.0
154.0
267.0
230.0
161.0
120.0
187.0
90.0
137.0
131.0
143.0
132.0
159.0
132.0
151.0
154.0
161.0
192.0
83.0
177.0
182.0
157.0
147.0
96.0
167.0
101.0
250.0
96.0
162.0
120.0
156.0
119.0
177.0
115.0
104.0
189.0
117.0
167.0
106.0
226.0
188.0
116.0
153.0
152.0
166.0
124.0
83.0
138.0
118.0
306.0
225.0
140.0
180.0
123.0
63.0
148.0
177.0
140.0
166.0
103.0
113.0
164.0
138.0
151.0
216.0
174.0
107.0
147.0
125.0
140.0
123.0
161.0
107.0
120.0
154.0
123.0
157.0
90.0
96.0
146.0
112.0
233.0
153.0
123.0
163.0
194.0
165.0
118.0
261.0
124.0
300.0
138.0
159.0
142.0
185.0
137.0
165.0
151.0
207.0
159.0
168.0
125.0
296.0
162.0
132.0
112.0
116.0
180.0
234.0
138.0
143.0
145.0
149.0
158.0
166.0
192.0
188.0
93.0
136.0
177.0
111.0
234.0
132.0
117.0
245.0
163.0
104.0
150.0
138.0
125.0
141.0
188.0
195.0
84.0
98.0
108.0
249.0
116.0
93.0
208.0
154.0
139.0
85.0
151.0
307.0
125.0
98.0
166.0
151.0
208.0
106.0
99.0
175.0
173.0
185.0
167.0
176.0
201.0
177.0
165.0
133.0
92.0
185.0
75.0
95.0
215.0
160.0
170.0
113.0
108.0
74.0
197.0
164.0
128.0
103.0
183.0
90.0
157.0
125.0
447.0
115.0
136.0
131.0
726.0
88.0
145.0
93.0
211.0
130.0
114.0
213.0
161.0
145.0
207.0
115.0
152.0
114.0
129.0
109.0
209.0
73.0
189.0
108.0
134.0
123.0
154.0
197.0
224.0
211.0
206.0
150.0
233.0
124.0
130.0
108.0
160.0
131.0
113.0
198.0
200.0
149.0
115.0
128.0
171.0
206.0
121.0
87.0
71.0
139.0
173.0
206.0
116.0
128.0
162.0
171.0
155.0
116.0
104.0
209.0
122.0
114.0
118.0
295.0
110.0
139.0
155.0
258.0
274.0
131.0
180.0
157.0
145.0
230.0
173.0
143.0
110.0
180.0
93.0
200.0
142.0
124.0
116.0
203.0
247.0
107.0
125.0
129.0
113.0
143.0
163.0
145.0
311.0
106.0
213.0
168.0
147.0
127.0
205.0
119.0
155.0
145.0
81.0
117.0
150.0
105.0
125.0
168.0
56.0
113.0
201.0
182.0
112.0
202.0
88.0
211.0
234.0
109.0
134.0
152.0
104.0
130.0
194.0
167.0
168.0
98.0
162.0
166.0
96.0
121.0
112.0
180.0
166.0
176.0
192.0
99.0
171.0
101.0
186.0
100.0
80.0
142.0
117.0
99.0
241.0
132.0
109.0
144.0
198.0
133.0
128.0
143.0
145.0
139.0
119.0
123.0
84.0
157.0
179.0
113.0
134.0
208.0
244.0
170.0
148.0
170.0
139.0
165.0
152.0
160.0
102.0
119.0
150.0
244.0
155.0
164.0
242.0
103.0
129.0
156.0
126.0
129.0
211.0
123.0
161.0
135.0
120.0
215.0
122.0
192.0
137.0
162.0
116.0
135.0
161.0
141.0
190.0
107.0
151.0
104.0
139.0
88.0
101.0
218.0
76.0
152.0
117.0
199.0
126.0
69.0
202.0
99.0
151.0
78.0
220.0
190.0
64.0
173.0
184.0
190.0
94.0
271.0
270.0
230.0
110.0
129.0
155.0
187.0
91.0
98.0
96.0
170.0
124.0
85.0
117.0
150.0
168.0
143.0
204.0
115.0
193.0
123.0
143.0
136.0
106.0
159.0
251.0
131.0
222.0
92.0
148.0
106.0
231.0
179.0
171.0
155.0
125.0
111.0
235.0
192.0
77.0
103.0
106.0
145.0
174.0
145.0
159.0
151.0
117.0
237.0
160.0
118.0
95.0
138.0
186.0
118.0
128.0
445.0
198.0
192.0
101.0
126.0
54.0
128.0
184.0
135.0
158.0
121.0
113.0
144.0
123.0
138.0
181.0
79.0
85.0
209.0
224.0
120.0
199.0
111.0
163.0
116.0
114.0
152.0
167.0
108.0
139.0
174.0
113.0
102.0
93.0
169.0
136.0
171.0
170.0
151.0
157.0
111.0
144.0
337.0
129.0
91.0
228.0
156.0
248.0
77.0
130.0
162.0
128.0
146.0
117.0
168.0
134.0
169.0
85.0
107.0
110.0
92.0
156.0
170.0
175.0
150.0
102.0
126.0
173.0
183.0
258.0
201.0
92.0
123.0
189.0
119.0
181.0
136.0
115.0
180.0
151.0
133.0
250.0
121.0
154.0
156.0
167.0
190.0
172.0
145.0
165.0
185.0
146.0
134.0
290.0
133.0
144.0
128.0
249.0
183.0
114.0
397.0
202.0
100.0
199.0
160.0
109.0
76.0
138.0
91.0
131.0
136.0
210.0
126.0
136.0
114.0
163.0
183.0
176.0
155.0
214.0
78.0
121.0
93.0
109.0
181.0
121.0
210.0
103.0
113.0
201.0
228.0
132.0
112.0
129.0
147.0
301.0
150.0
115.0
194.0
166.0
137.0
176.0
122.0
90.0
62.0
87.0
310.0
190.0
137.0
121.0
163.0
101.0
139.0
177.0
295.0
156.0
90.0
151.0
177.0
118.0
146.0
210.0
224.0
91.0
182.0
82.0
163.0
125.0
148.0
149.0
352.0
134.0
103.0
274.0
139.0
149.0
167.0
110.0
222.0
152.0
168.0
158.0
205.0
86.0
97.0
104.0
204.0
304.0
121.0
276.0
125.0
238.0
167.0
176.0
137.0
250.0
276.0
116.0
270.0
193.0
143.0
174.0
177.0
117.0
136.0
164.0
132.0
175.0
64.0
199.0
102.0
132.0
122.0
118.0
132.0
130.0
118.0
153.0
144.0
271.0
162.0
190.0
96.0
137.0
164.0
58.0
121.0
156.0
197.0
113.0
161.0
113.0
163.0
178.0
181.0
120.0
94.0
158.0
93.0
186.0
121.0
273.0
121.0
82.0
116.0
115.0
113.0
146.0
210.0
121.0
141.0
150.0
214.0
229.0
75.0
91.0
99.0
141.0
130.0
171.0
87.0
145.0
173.0
258.0
140.0
145.0
145.0
101.0
168.0
166.0
587.0
136.0
212.0
134.0
157.0
209.0
106.0
223.0
182.0
212.0
142.0
105.0
112.0
139.0
81.0
69.0
135.0
197.0
189.0
134.0
105.0
120.0
106.0
103.0
162.0
234.0
306.0
220.0
168.0
241.0
152.0
186.0
120.0
158.0
284.0
265.0
113.0
248.0
165.0
88.0
121.0
148.0
132.0
155.0
139.0
183.0
170.0
154.0
218.0
167.0
125.0
133.0
120.0
168.0
161.0
141.0
123.0
131.0
99.0
137.0
125.0
133.0
91.0
160.0
216.0
102.0
137.0
132.0
260.0
181.0
200.0
118.0
253.0
125.0
72.0
113.0
301.0
713.0
80.0
147.0
113.0
169.0
80.0
188.0
119.0
228.0
142.0
160.0
195.0
119.0
147.0
111.0
124.0
120.0
151.0
179.0
147.0
120.0
157.0
119.0
141.0
228.0
259.0
375.0
134.0
208.0
203.0
124.0
176.0
152.0
164.0
166.0
126.0
118.0
164.0
115.0
219.0
104.0
64.0
100.0
198.0
227.0
190.0
156.0
125.0
147.0
148.0
85.0
73.0
149.0
113.0
259.0
137.0
154.0
156.0
147.0
161.0
126.0
114.0
81.0
162.0
168.0
144.0
130.0
106.0
112.0
162.0
117.0
131.0
195.0
283.0
245.0
62.0
145.0
123.0
231.0
142.0
218.0
231.0
118.0
122.0
153.0
211.0
141.0
135.0
131.0
165.0
170.0
143.0
174.0
96.0
170.0
99.0
117.0
141.0
137.0
126.0
202.0
78.0
130.0
185.0
279.0
170.0
98.0
290.0
122.0
139.0
139.0
121.0
125.0
199.0
124.0
85.0
124.0
126.0
145.0
116.0
279.0
230.0
106.0
181.0
115.0
121.0
136.0
125.0
200.0
170.0
117.0
102.0
176.0
139.0
142.0
157.0
150.0
323.0
142.0
206.0
128.0
119.0
125.0
136.0
182.0
140.0
113.0
131.0
152.0
256.0
158.0
173.0
123.0
154.0
155.0
141.0
125.0
121.0
122.0
223.0
159.0
166.0
131.0
140.0
212.0
225.0
139.0
192.0
155.0
138.0
81.0
124.0
124.0
103.0
167.0
204.0
136.0
250.0
138.0
210.0
133.0
139.0
190.0
184.0
168.0
191.0
75.0
131.0
153.0
100.0
147.0
146.0
81.0
248.0
152.0
152.0
137.0
174.0
141.0
163.0
169.0
117.0
230.0
222.0
228.0
202.0
187.0
119.0
247.0
138.0
119.0
154.0
159.0
140.0
206.0
141.0
121.0
101.0
141.0
100.0
182.0
102.0
219.0
166.0
125.0
125.0
230.0
217.0
102.0
235.0
81.0
248.0
129.0
180.0
141.0
158.0
147.0
134.0
190.0
155.0
164.0
155.0
174.0
94.0
185.0
139.0
161.0
136.0
87.0
115.0
83.0
98.0
250.0
131.0
248.0
161.0
78.0
140.0
268.0
180.0
178.0
137.0
150.0
71.0
142.0
195.0
103.0
141.0
162.0
112.0
186.0
138.0
169.0
66.0
133.0
184.0
247.0
234.0
139.0
220.0
85.0
107.0
165.0
175.0
200.0
169.0
207.0
114.0
130.0
110.0
161.0
182.0
102.0
150.0
101.0
89.0
149.0
194.0
231.0
173.0
103.0
145.0
126.0
176.0
271.0
193.0
218.0
107.0
115.0
292.0
209.0
110.0
122.0
125.0
150.0
121.0
121.0
101.0
326.0
112.0
155.0
82.0
144.0
147.0
75.0
185.0
172.0
132.0
94.0
96.0
110.0
75.0
227.0
109.0
237.0
97.0
202.0
136.0
314.0
132.0
160.0
137.0
166.0
171.0
296.0
136.0
206.0
131.0
149.0
96.0
136.0
111.0
112.0
114.0
116.0
148.0
183.0
159.0
172.0
113.0
97.0
132.0
118.0
96.0
195.0
90.0
126.0
141.0
153.0
820.0
69.0
111.0
116.0
173.0
185.0
161.0
135.0
98.0
132.0
116.0
143.0
109.0
131.0
220.0
118.0
136.0
118.0
189.0
179.0
159.0
181.0
303.0
107.0
78.0
137.0
185.0
159.0
193.0
184.0
82.0
170.0
252.0
86.0
86.0
122.0
226.0
168.0
140.0
130.0
56.0
141.0
203.0
155.0
194.0
151.0
243.0
99.0
115.0
90.0
102.0
136.0
105.0
127.0
87.0
184.0
158.0
142.0
91.0
138.0
116.0
206.0
277.0
132.0
177.0
106.0
106.0
179.0
112.0
396.0
199.0
168.0
163.0
258.0
188.0
153.0
90.0
181.0
158.0
89.0
117.0
144.0
139.0
123.0
174.0
71.0
105.0
57.0
130.0
144.0
277.0
146.0
92.0
159.0
99.0
177.0
201.0
237.0
163.0
118.0
147.0
224.0
151.0
143.0
106.0
154.0
143.0
123.0
150.0
86.0
168.0
179.0
122.0
141.0
186.0
156.0
94.0
182.0
338.0
123.0
295.0
162.0
143.0
245.0
245.0
167.0
94.0
130.0
171.0
141.0
141.0
218.0
111.0
155.0
155.0
119.0
113.0
104.0
150.0
202.0
126.0
130.0
94.0
98.0
160.0
109.0
165.0
95.0
165.0
191.0
200.0
114.0
180.0
236.0
100.0
207.0
157.0
164.0
181.0
174.0
100.0
134.0
272.0
132.0
167.0
201.0
141.0
175.0
175.0
87.0
149.0
116.0
131.0
132.0
321.0
127.0
141.0
163.0
243.0
312.0
119.0
101.0
145.0
106.0
153.0
110.0
111.0
121.0
105.0
295.0
137.0
226.0
127.0
154.0
224.0
194.0
150.0
128.0
268.0
155.0
180.0
160.0
175.0
127.0
126.0
148.0
247.0
151.0
127.0
248.0
320.0
123.0
137.0
210.0
171.0
98.0
217.0
124.0
218.0
241.0
73.0
90.0
147.0
112.0
244.0
164.0
164.0
104.0
165.0
121.0
188.0
129.0
136.0
187.0
145.0
166.0
167.0
120.0
160.0
80.0
100.0
102.0
78.0
120.0
194.0
209.0
188.0
140.0
171.0
93.0
160.0
171.0
150.0
139.0
211.0
181.0
234.0
194.0
99.0
130.0
206.0
193.0
144.0
99.0
145.0
116.0
100.0
171.0
167.0
177.0
181.0
123.0
105.0
165.0
351.0
169.0
165.0
142.0
194.0
88.0
126.0
167.0
258.0
74.0
136.0
232.0
194.0
148.0
82.0
126.0
183.0
159.0
110.0
209.0
195.0
228.0
103.0
121.0
176.0
227.0
126.0
212.0
157.0
152.0
92.0
123.0
212.0
133.0
111.0
115.0
86.0
159.0
170.0
253.0
89.0
183.0
196.0
264.0
151.0
178.0
247.0
169.0
171.0
152.0
228.0
86.0
194.0
160.0
108.0
193.0
206.0
138.0
192.0
145.0
184.0
86.0
225.0
124.0
124.0
114.0
91.0
81.0
159.0
195.0
142.0
122.0
96.0
127.0
145.0
268.0
130.0
110.0
133.0
279.0
106.0
262.0
214.0
182.0
103.0
146.0
150.0
295.0
104.0
247.0
98.0
72.0
242.0
117.0
119.0
189.0
126.0
156.0
141.0
188.0
787.0
82.0
226.0
112.0
179.0
141.0
87.0
134.0
121.0
157.0
107.0
148.0
168.0
104.0
128.0
126.0
126.0
150.0
132.0
97.0
247.0
157.0
92.0
186.0
209.0
133.0
177.0
96.0
116.0
117.0
74.0
195.0
96.0
159.0
157.0
249.0
121.0
151.0
89.0
187.0
124.0
188.0
256.0
164.0
109.0
98.0
109.0
133.0
175.0
156.0
175.0
183.0
174.0
79.0
162.0
148.0
134.0
171.0
186.0
180.0
115.0
149.0
137.0
144.0
194.0
135.0
188.0
101.0
163.0
92.0
232.0
256.0
125.0
110.0
219.0
80.0
135.0
130.0
128.0
134.0
394.0
118.0
165.0
137.0
167.0
136.0
217.0
176.0
107.0
144.0
227.0
137.0
132.0
209.0
151.0
261.0
154.0
134.0
153.0
103.0
110.0
172.0
185.0
223.0
130.0
128.0
195.0
85.0
102.0
126.0
168.0
174.0
141.0
142.0
120.0
148.0
66.0
119.0
74.0
158.0
121.0
104.0
154.0
138.0
219.0
101.0
133.0
138.0
117.0
191.0
257.0
158.0
111.0
275.0
220.0
76.0
110.0
155.0
133.0
145.0
138.0
110.0
166.0
110.0
193.0
207.0
170.0
136.0
170.0
191.0
140.0
105.0
148.0
269.0
340.0
116.0
152.0
111.0
196.0
133.0
139.0
165.0
387.0
137.0
173.0
82.0
165.0
138.0
215.0
167.0
103.0
179.0
132.0
154.0
118.0
102.0
218.0
214.0
128.0
264.0
96.0
196.0
142.0
96.0
136.0
96.0
151.0
101.0
272.0
132.0
193.0
157.0
171.0
162.0
280.0
193.0
137.0
124.0
114.0
176.0
151.0
176.0
58.0
188.0
163.0
116.0
183.0
164.0
147.0
103.0
122.0
157.0
189.0
78.0
132.0
138.0
141.0
131.0
156.0
255.0
313.0
145.0
122.0
143.0
106.0
68.0
102.0
136.0
70.0
239.0
181.0
113.0
91.0
139.0
141.0
135.0
106.0
96.0
132.0
153.0
155.0
71.0
182.0
188.0
150.0
186.0
761.0
153.0
132.0
235.0
132.0
74.0
137.0
174.0
156.0
103.0
132.0
166.0
175.0
115.0
114.0
117.0
146.0
171.0
175.0
111.0
253.0
147.0
166.0
261.0
242.0
179.0
103.0
145.0
120.0
192.0
192.0
158.0
114.0
113.0
119.0
126.0
203.0
90.0
135.0
200.0
93.0
84.0
179.0
120.0
132.0
193.0
136.0
171.0
102.0
181.0
239.0
174.0
116.0
137.0
120.0
147.0
118.0
139.0
194.0
185.0
114.0
99.0
146.0
134.0
129.0
194.0
112.0
151.0
121.0
161.0
178.0
189.0
148.0
140.0
142.0
243.0
156.0
268.0
75.0
229.0
144.0
241.0
113.0
74.0
112.0
192.0
100.0
268.0
200.0
122.0
122.0
153.0
100.0
275.0
161.0
144.0
165.0
170.0
261.0
108.0
119.0
104.0
187.0
272.0
160.0
147.0
144.0
122.0
211.0
122.0
141.0
135.0
143.0
150.0
69.0
294.0
99.0
219.0
227.0
200.0
182.0
206.0
172.0
174.0
164.0
148.0
128.0
174.0
174.0
129.0
70.0
229.0
115.0
66.0
213.0
175.0
130.0
215.0
101.0
142.0
217.0
149.0
190.0
181.0
226.0
104.0
196.0
194.0
177.0
312.0
174.0
107.0
329.0
175.0
139.0
167.0
168.0
86.0
122.0
106.0
156.0
134.0
148.0
119.0
155.0
112.0
122.0
125.0
195.0
418.0
118.0
141.0
109.0
86.0
189.0
157.0
208.0
129.0
138.0
214.0
135.0
77.0
127.0
112.0
149.0
100.0
112.0
179.0
214.0
173.0
157.0
121.0
121.0
148.0
124.0
291.0
187.0
174.0
192.0
254.0
99.0
118.0
200.0
149.0
209.0
338.0
76.0
247.0
187.0
189.0
117.0
182.0
192.0
187.0
267.0
114.0
167.0
166.0
92.0
231.0
373.0
152.0
210.0
213.0
199.0
147.0
95.0
184.0
164.0
83.0
112.0
205.0
167.0
148.0
153.0
101.0
279.0
138.0
106.0
150.0
132.0
126.0
67.0
125.0
138.0
31.0
158.0
187.0
144.0
133.0
109.0
252.0
208.0
164.0
198.0
120.0
58.0
126.0
65.0
123.0
186.0
125.0
83.0
111.0
157.0
157.0
157.0
76.0
82.0
137.0
342.0
178.0
128.0
278.0
195.0
95.0
199.0
144.0
228.0
150.0
120.0
114.0
208.0
93.0
113.0
142.0
226.0
130.0
132.0
133.0
99.0
144.0
155.0
146.0
87.0
167.0
150.0
179.0
209.0
175.0
134.0
102.0
122.0
158.0
188.0
166.0
137.0
233.0
307.0
112.0
72.0
168.0
168.0
198.0
111.0
134.0
195.0
80.0
136.0
429.0
110.0
143.0
139.0
209.0
140.0
201.0
126.0
170.0
102.0
186.0
50.0
105.0
140.0
81.0
100.0
153.0
100.0
89.0
187.0
145.0
102.0
129.0
172.0
113.0
118.0
143.0
130.0
121.0
85.0
115.0
169.0
114.0
177.0
160.0
202.0
199.0
210.0
145.0
145.0
112.0
97.0
109.0
139.0
103.0
132.0
302.0
90.0
80.0
98.0
153.0
299.0
178.0
212.0
128.0
148.0
177.0
155.0
89.0
123.0
140.0
87.0
146.0
114.0
115.0
151.0
261.0
62.0
105.0
159.0
178.0
241.0
124.0
205.0
125.0
162.0
215.0
222.0
132.0
109.0
144.0
304.0
187.0
171.0
69.0
103.0
167.0
187.0
97.0
120.0
249.0
166.0
202.0
138.0
105.0
117.0
162.0
193.0
178.0
130.0
107.0
132.0
138.0
110.0
125.0
146.0
112.0
166.0
118.0
164.0
244.0
183.0
113.0
158.0
172.0
159.0
154.0
263.0
187.0
105.0
103.0
161.0
168.0
56.0
119.0
170.0
279.0
138.0
282.0
134.0
281.0
115.0
160.0
197.0
86.0
111.0
164.0
142.0
150.0
98.0
141.0
183.0
111.0
141.0
189.0
62.0
138.0
202.0
145.0
141.0
103.0
192.0
187.0
170.0
182.0
135.0
210.0
136.0
267.0
101.0
109.0
142.0
140.0
140.0
143.0
138.0
226.0
98.0
125.0
137.0
139.0
143.0
183.0
298.0
80.0
451.0
252.0
139.0
172.0
116.0
143.0
122.0
310.0
100.0
160.0
182.0
64.0
176.0
102.0
183.0
114.0
226.0
242.0
130.0
241.0
163.0
84.0
125.0
144.0
120.0
99.0
139.0
130.0
159.0
135.0
240.0
173.0
230.0
130.0
137.0
183.0
96.0
242.0
117.0
73.0
160.0
215.0
163.0
123.0
123.0
377.0
207.0
63.0
78.0
77.0
194.0
86.0
151.0
126.0
152.0
199.0
125.0
253.0
180.0
138.0
124.0
103.0
295.0
129.0
202.0
177.0
144.0
120.0
145.0
197.0
183.0
241.0
247.0
126.0
158.0
128.0
104.0
209.0
61.0
163.0
226.0
254.0
210.0
159.0
108.0
229.0
155.0
158.0
71.0
126.0
116.0
135.0
185.0
109.0
141.0
115.0
148.0
245.0
111.0
142.0
195.0
283.0
109.0
208.0
102.0
162.0
132.0
140.0
102.0
140.0
170.0
217.0
89.0
89.0
99.0
157.0
182.0
126.0
135.0
92.0
219.0
115.0
79.0
117.0
123.0
135.0
137.0
127.0
187.0
158.0
187.0
158.0
176.0
124.0
108.0
126.0
197.0
161.0
194.0
224.0
123.0
129.0
168.0
185.0
92.0
157.0
66.0
164.0
161.0
58.0
104.0
97.0
154.0
188.0
145.0
113.0
227.0
101.0
113.0
169.0
91.0
226.0
233.0
100.0
243.0
97.0
110.0
95.0
236.0
102.0
158.0
142.0
167.0
141.0
127.0
178.0
168.0
132.0
200.0
129.0
145.0
183.0
179.0
159.0
135.0
325.0
98.0
124.0
121.0
152.0
178.0
103.0
118.0
127.0
106.0
233.0
150.0
149.0
125.0
165.0
148.0
349.0
183.0
168.0
240.0
117.0
211.0
168.0
115.0
204.0
126.0
301.0
123.0
225.0
163.0
137.0
208.0
159.0
140.0
130.0
94.0
193.0
90.0
111.0
153.0
228.0
104.0
78.0
198.0
140.0
100.0
113.0
156.0
142.0
207.0
131.0
181.0
86.0
158.0
136.0
120.0
115.0
133.0
505.0
85.0
253.0
123.0
207.0
92.0
162.0
136.0
102.0
205.0
100.0
173.0
132.0
156.0
154.0
103.0
101.0
63.0
171.0
243.0
172.0
152.0
111.0
146.0
154.0
270.0
230.0
108.0
125.0
124.0
191.0
160.0
142.0
170.0
266.0
292.0
159.0
173.0
274.0
86.0
154.0
186.0
104.0
182.0
103.0
106.0
173.0
156.0
187.0
76.0
366.0
151.0
236.0
114.0
156.0
124.0
132.0
78.0
108.0
164.0
161.0
144.0
227.0
72.0
134.0
284.0
190.0
125.0
105.0
147.0
120.0
121.0
117.0
117.0
180.0
139.0
174.0
147.0
86.0
162.0
133.0
99.0
134.0
166.0
178.0
107.0
113.0
129.0
102.0
86.0
226.0
116.0
155.0
189.0
125.0
205.0
70.0
167.0
95.0
106.0
226.0
125.0
155.0
110.0
117.0
172.0
64.0
147.0
163.0
115.0
168.0
138.0
174.0
217.0
118.0
281.0
78.0
124.0
171.0
191.0
93.0
106.0
224.0
197.0
116.0
124.0
202.0
191.0
215.0
164.0
246.0
167.0
150.0
114.0
70.0
156.0
103.0
137.0
396.0
223.0
94.0
111.0
89.0
95.0
147.0
152.0
110.0
187.0
144.0
99.0
302.0
117.0
184.0
106.0
212.0
160.0
137.0
142.0
103.0
152.0
161.0
270.0
162.0
115.0
164.0
166.0
83.0
129.0
126.0
202.0
139.0
220.0
132.0
188.0
164.0
119.0
172.0
97.0
254.0
155.0
132.0
125.0
273.0
159.0
136.0
130.0
146.0
232.0
216.0
133.0
118.0
134.0
183.0
121.0
175.0
137.0
193.0
159.0
106.0
157.0
57.0
395.0
233.0
163.0
162.0
184.0
123.0
158.0
174.0
130.0
188.0
162.0
83.0
93.0
101.0
85.0
148.0
212.0
154.0
217.0
122.0
100.0
156.0
139.0
168.0
131.0
260.0
85.0
148.0
124.0
263.0
176.0
113.0
110.0
171.0
112.0
181.0
163.0
158.0
114.0
133.0
188.0
162.0
205.0
169.0
121.0
134.0
183.0
228.0
119.0
117.0
94.0
147.0
172.0
193.0
146.0
232.0
118.0
193.0
261.0
190.0
110.0
108.0
123.0
171.0
203.0
143.0
247.0
249.0
168.0
295.0
135.0
233.0
186.0
204.0
261.0
100.0
130.0
133.0
104.0
201.0
210.0
260.0
67.0
139.0
182.0
144.0
109.0
145.0
317.0
84.0
129.0
171.0
113.0
157.0
121.0
103.0
93.0
129.0
137.0
100.0
134.0
134.0
106.0
450.0
165.0
117.0
108.0
223.0
137.0
102.0
87.0
180.0
219.0
183.0
100.0
234.0
154.0
114.0
150.0
197.0
111.0
385.0
114.0
192.0
65.0
340.0
137.0
109.0
155.0
114.0
112.0
195.0
354.0
95.0
82.0
142.0
222.0
137.0
173.0
186.0
203.0
126.0
90.0
200.0
88.0
104.0
198.0
189.0
204.0
218.0
172.0
158.0
138.0
163.0
161.0
156.0
169.0
250.0
185.0
102.0
178.0
161.0
81.0
156.0
139.0
121.0
124.0
137.0
190.0
144.0
137.0
247.0
155.0
164.0
143.0
111.0
213.0
129.0
211.0
149.0
146.0
124.0
135.0
256.0
145.0
139.0
129.0
103.0
163.0
164.0
163.0
117.0
217.0
108.0
126.0
119.0
209.0
120.0
158.0
151.0
163.0
145.0
118.0
141.0
198.0
239.0
134.0
177.0
108.0
200.0
94.0
190.0
170.0
181.0
148.0
156.0
160.0
255.0
218.0
125.0
334.0
109.0
155.0
87.0
179.0
108.0
175.0
144.0
123.0
139.0
118.0
88.0
211.0
162.0
99.0
147.0
58.0
171.0
160.0
151.0
131.0
131.0
217.0
118.0
95.0
181.0
381.0
84.0
170.0
163.0
168.0
145.0
121.0
127.0
136.0
213.0
179.0
158.0
142.0
198.0
82.0
96.0
117.0
146.0
252.0
68.0
101.0
105.0
223.0
209.0
175.0
287.0
145.0
127.0
297.0
168.0
222.0
143.0
143.0
135.0
159.0
207.0
188.0
132.0
151.0
82.0
117.0
251.0
108.0
144.0
190.0
249.0
80.0
74.0
148.0
142.0
89.0
99.0
330.0
115.0
193.0
98.0
238.0
176.0
142.0
100.0
135.0
68.0
129.0
166.0
100.0
166.0
149.0
94.0
134.0
182.0
168.0
182.0
180.0
107.0
69.0
344.0
94.0
149.0
89.0
107.0
227.0
125.0
140.0
176.0
163.0
145.0
90.0
115.0
175.0
207.0
148.0
181.0
96.0
119.0
93.0
131.0
155.0
231.0
182.0
189.0
116.0
162.0
218.0
413.0
178.0
158.0
236.0
137.0
142.0
143.0
104.0
75.0
237.0
94.0
242.0
112.0
96.0
217.0
168.0
200.0
331.0
127.0
109.0
111.0
246.0
185.0
154.0
154.0
91.0
93.0
56.0
112.0
89.0
190.0
151.0
114.0
173.0
254.0
109.0
134.0
79.0
101.0
76.0
100.0
104.0
138.0
155.0
91.0
85.0
145.0
218.0
89.0
212.0
240.0
191.0
144.0
82.0
110.0
217.0
77.0
119.0
136.0
208.0
60.0
109.0
211.0
73.0
161.0
113.0
103.0
81.0
141.0
165.0
186.0
150.0
176.0
231.0
90.0
127.0
110.0
163.0
269.0
70.0
181.0
126.0
156.0
222.0
118.0
187.0
105.0
267.0
156.0
107.0
144.0
150.0
186.0
175.0
204.0
134.0
262.0
115.0
116.0
221.0
187.0
96.0
150.0
352.0
165.0
116.0
163.0
92.0
180.0
225.0
201.0
134.0
107.0
221.0
128.0
230.0
98.0
129.0
210.0
151.0
169.0
179.0
115.0
123.0
125.0
96.0
81.0
159.0
113.0
87.0
111.0
98.0
102.0
232.0
108.0
194.0
323.0
229.0
382.0
147.0
121.0
141.0
117.0
164.0
137.0
83.0
141.0
107.0
139.0
104.0
201.0
141.0
150.0
309.0
174.0
78.0
99.0
291.0
146.0
232.0
97.0
129.0
151.0
134.0
97.0
130.0
116.0
135.0
92.0
88.0
289.0
229.0
148.0
153.0
134.0
206.0
249.0
99.0
147.0
222.0
172.0
183.0
121.0
134.0
122.0
124.0
150.0
186.0
163.0
94.0
170.0
94.0
180.0
171.0
176.0
150.0
137.0
184.0
365.0
181.0
248.0
141.0
131.0
74.0
206.0
116.0
158.0
118.0
133.0
99.0
62.0
174.0
133.0
232.0
228.0
180.0
222.0
121.0
106.0
224.0
202.0
139.0
153.0
181.0
91.0
102.0
211.0
128.0
83.0
155.0
143.0
193.0
119.0
171.0
112.0
92.0
269.0
168.0
100.0
198.0
107.0
133.0
435.0
114.0
114.0
168.0
76.0
339.0
119.0
108.0
165.0
131.0
173.0
125.0
92.0
87.0
137.0
139.0
86.0
279.0
161.0
177.0
175.0
214.0
86.0
230.0
124.0
127.0
128.0
124.0
114.0
195.0
115.0
211.0
173.0
241.0
149.0
107.0
195.0
168.0
151.0
178.0
130.0
153.0
126.0
111.0
189.0
195.0
131.0
191.0
173.0
125.0
124.0
84.0
143.0
105.0
69.0
158.0
201.0
103.0
166.0
137.0
199.0
113.0
405.0
81.0
146.0
277.0
133.0
143.0
195.0
148.0
131.0
135.0
103.0
156.0
73.0
256.0
174.0
169.0
197.0
173.0
136.0
161.0
288.0
124.0
142.0
91.0
172.0
87.0
171.0
75.0
164.0
96.0
146.0
108.0
131.0
244.0
190.0
104.0
154.0
155.0
143.0
231.0
90.0
99.0
123.0
99.0
141.0
103.0
192.0
228.0
123.0
152.0
225.0
111.0
75.0
114.0
202.0
154.0
114.0
207.0
180.0
224.0
91.0
451.0
179.0
117.0
229.0
211.0
94.0
118.0
167.0
209.0
150.0
133.0
153.0
103.0
110.0
182.0
159.0
112.0
242.0
166.0
128.0
226.0
121.0
82.0
97.0
157.0
109.0
213.0
129.0
205.0
114.0
119.0
196.0
164.0
170.0
87.0
149.0
173.0
99.0
120.0
207.0
141.0
186.0
205.0
164.0
184.0
103.0
148.0
71.0
140.0
144.0
144.0
159.0
94.0
81.0
103.0
177.0
601.0
186.0
370.0
132.0
79.0
115.0
168.0
168.0
126.0
308.0
156.0
300.0
214.0
130.0
73.0
99.0
155.0
113.0
86.0
133.0
126.0
277.0
270.0
98.0
206.0
122.0
121.0
199.0
116.0
169.0
92.0
119.0
80.0
111.0
160.0
172.0
170.0
194.0
212.0
119.0
99.0
354.0
90.0
172.0
137.0
126.0
217.0
194.0
164.0
102.0
102.0
212.0
140.0
211.0
265.0
147.0
146.0
129.0
158.0
133.0
68.0
333.0
189.0
236.0
174.0
150.0
151.0
163.0
157.0
174.0
155.0
93.0
120.0
169.0
136.0
96.0
187.0
140.0
118.0
148.0
163.0
95.0
154.0
130.0
136.0
209.0
125.0
143.0
184.0
81.0
270.0
135.0
206.0
164.0
111.0
206.0
256.0
138.0
81.0
111.0
385.0
123.0
75.0
230.0
162.0
107.0
136.0
177.0
118.0
136.0
108.0
94.0
177.0
95.0
166.0
139.0
152.0
160.0
112.0
171.0
167.0
90.0
118.0
249.0
139.0
139.0
136.0
98.0
183.0
168.0
133.0
153.0
54.0
179.0
129.0
172.0
107.0
141.0
260.0
208.0
93.0
87.0
230.0
184.0
84.0
96.0
193.0
205.0
210.0
134.0
165.0
264.0
115.0
184.0
169.0
182.0
109.0
93.0
458.0
163.0
225.0
164.0
75.0
158.0
177.0
239.0
149.0
135.0
206.0
98.0
293.0
121.0
158.0
128.0
90.0
132.0
201.0
138.0
154.0
112.0
111.0
181.0
135.0
138.0
157.0
198.0
183.0
155.0
170.0
143.0
212.0
184.0
293.0
175.0
87.0
220.0
111.0
90.0
214.0
308.0
167.0
161.0
151.0
100.0
98.0
87.0
131.0
108.0
91.0
125.0
118.0
236.0
152.0
110.0
136.0
71.0
182.0
209.0
103.0
139.0
164.0
181.0
143.0
99.0
192.0
143.0
197.0
223.0
112.0
106.0
138.0
249.0
233.0
161.0
116.0
125.0
179.0
196.0
204.0
186.0
126.0
84.0
253.0
161.0
216.0
116.0
137.0
145.0
171.0
244.0
164.0
216.0
126.0
276.0
84.0
81.0
259.0
313.0
91.0
214.0
123.0
147.0
267.0
120.0
101.0
155.0
127.0
105.0
180.0
157.0
220.0
144.0
142.0
253.0
126.0
144.0
124.0
166.0
172.0
283.0
146.0
133.0
182.0
209.0
255.0
124.0
158.0
263.0
194.0
171.0
111.0
96.0
200.0
190.0
248.0
202.0
130.0
175.0
142.0
133.0
223.0
102.0
208.0
118.0
171.0
141.0
234.0
158.0
120.0
89.0
139.0
114.0
169.0
180.0
116.0
196.0
133.0
245.0
150.0
76.0
199.0
80.0
176.0
164.0
88.0
298.0
86.0
98.0
139.0
125.0
144.0
195.0
139.0
249.0
189.0
160.0
71.0
217.0
123.0
152.0
145.0
177.0
119.0
153.0
153.0
139.0
155.0
181.0
133.0
130.0
339.0
154.0
86.0
138.0
176.0
263.0
121.0
305.0
155.0
145.0
127.0
100.0
137.0
121.0
178.0
97.0
110.0
223.0
116.0
158.0
135.0
104.0
173.0
159.0
243.0
93.0
288.0
172.0
111.0
64.0
124.0
181.0
219.0
142.0
214.0
181.0
70.0
199.0
147.0
133.0
160.0
127.0
132.0
85.0
168.0
171.0
182.0
241.0
148.0
175.0
148.0
140.0
106.0
110.0
128.0
122.0
224.0
95.0
149.0
190.0
119.0
109.0
124.0
180.0
189.0
216.0
158.0
148.0
160.0
77.0
151.0
190.0
192.0
73.0
194.0
170.0
161.0
175.0
117.0
148.0
149.0
172.0
106.0
144.0
131.0
221.0
82.0
169.0
97.0
234.0
139.0
329.0
204.0
137.0
126.0
136.0
161.0
169.0
141.0
74.0
142.0
96.0
189.0
136.0
101.0
80.0
117.0
241.0
184.0
70.0
171.0
96.0
132.0
151.0
113.0
166.0
103.0
146.0
265.0
175.0
178.0
240.0
206.0
192.0
124.0
120.0
219.0
91.0
66.0
199.0
174.0
221.0
169.0
58.0
115.0
111.0
77.0
110.0
99.0
115.0
85.0
141.0
110.0
175.0
232.0
163.0
141.0
191.0
144.0
155.0
106.0
149.0
142.0
109.0
144.0
93.0
141.0
103.0
141.0
113.0
133.0
170.0
197.0
469.0
183.0
90.0
195.0
144.0
315.0
193.0
140.0
113.0
151.0
79.0
122.0
285.0
117.0
215.0
216.0
150.0
108.0
142.0
200.0
42.0
115.0
220.0
79.0
161.0
238.0
111.0
234.0
141.0
86.0
107.0
189.0
250.0
150.0
108.0
142.0
132.0
106.0
169.0
87.0
165.0
174.0
126.0
160.0
121.0
114.0
99.0
158.0
137.0
222.0
167.0
126.0
72.0
170.0
129.0
112.0
124.0
173.0
134.0
203.0
161.0
140.0
318.0
116.0
80.0
114.0
162.0
164.0
112.0
133.0
181.0
180.0
173.0
112.0
104.0
131.0
142.0
79.0
198.0
175.0
88.0
81.0
98.0
299.0
127.0
114.0
79.0
221.0
218.0
156.0
210.0
188.0
64.0
167.0
134.0
132.0
94.0
143.0
182.0
72.0
198.0
91.0
131.0
147.0
260.0
136.0
80.0
201.0
111.0
239.0
198.0
126.0
145.0
150.0
168.0
103.0
318.0
155.0
175.0
132.0
179.0
139.0
82.0
198.0
206.0
142.0
176.0
123.0
213.0
95.0
166.0
81.0
200.0
165.0
115.0
154.0
223.0
99.0
154.0
140.0
173.0
215.0
196.0
365.0
154.0
133.0
191.0
82.0
147.0
109.0
110.0
230.0
75.0
250.0
117.0
155.0
187.0
238.0
146.0
155.0
118.0
101.0
153.0
121.0
92.0
127.0
116.0
133.0
54.0
67.0
162.0
151.0
151.0
838.0
213.0
194.0
285.0
140.0
92.0
254.0
104.0
104.0
230.0
194.0
125.0
116.0
149.0
262.0
126.0
115.0
186.0
158.0
161.0
165.0
116.0
72.0
179.0
152.0
69.0
179.0
116.0
173.0
145.0
119.0
87.0
170.0
79.0
103.0
131.0
158.0
142.0
106.0
133.0
254.0
174.0
145.0
226.0
110.0
264.0
402.0
119.0
117.0
118.0
109.0
101.0
88.0
183.0
140.0
97.0
137.0
174.0
86.0
75.0
141.0
172.0
233.0
198.0
119.0
132.0
136.0
320.0
92.0
51.0
140.0
120.0
206.0
147.0
134.0
106.0
106.0
145.0
65.0
136.0
174.0
188.0
169.0
153.0
140.0
163.0
268.0
157.0
130.0
108.0
92.0
153.0
127.0
174.0
170.0
152.0
140.0
69.0
126.0
181.0
159.0
159.0
67.0
201.0
267.0
126.0
130.0
242.0
247.0
110.0
137.0
185.0
116.0
143.0
219.0
156.0
187.0
92.0
140.0
147.0
207.0
225.0
107.0
146.0
77.0
171.0
204.0
96.0
181.0
171.0
144.0
109.0
125.0
87.0
109.0
121.0
251.0
174.0
140.0
127.0
130.0
149.0
79.0
106.0
225.0
315.0
191.0
293.0
64.0
89.0
106.0
349.0
93.0
104.0
89.0
124.0
137.0
143.0
176.0
231.0
72.0
172.0
287.0
215.0
191.0
108.0
155.0
193.0
99.0
131.0
158.0
150.0
152.0
85.0
174.0
147.0
125.0
85.0
127.0
158.0
114.0
215.0
99.0
212.0
85.0
173.0
175.0
136.0
131.0
105.0
151.0
78.0
111.0
123.0
121.0
128.0
105.0
125.0
123.0
183.0
103.0
168.0
194.0
121.0
115.0
269.0
82.0
146.0
152.0
174.0
139.0
518.0
111.0
168.0
102.0
121.0
149.0
123.0
72.0
176.0
117.0
136.0
109.0
188.0
117.0
127.0
221.0
160.0
221.0
126.0
170.0
184.0
120.0
90.0
120.0
111.0
122.0
194.0
195.0
251.0
178.0
103.0
76.0
194.0
107.0
216.0
161.0
154.0
190.0
178.0
134.0
140.0
175.0
298.0
116.0
186.0
171.0
151.0
152.0
177.0
155.0
149.0
121.0
198.0
138.0
456.0
206.0
161.0
75.0
118.0
150.0
150.0
210.0
156.0
212.0
134.0
104.0
205.0
161.0
222.0
138.0
110.0
247.0
188.0
142.0
221.0
69.0
172.0
130.0
188.0
167.0
173.0
111.0
132.0
163.0
223.0
130.0
132.0
85.0
176.0
102.0
204.0
173.0
142.0
83.0
91.0
126.0
122.0
134.0
113.0
445.0
93.0
260.0
130.0
151.0
210.0
96.0
169.0
209.0
214.0
160.0
277.0
222.0
137.0
145.0
198.0
174.0
134.0
76.0
110.0
244.0
131.0
163.0
107.0
133.0
144.0
248.0
189.0
182.0
276.0
223.0
220.0
174.0
170.0
159.0
114.0
104.0
90.0
192.0
193.0
156.0
136.0
119.0
258.0
257.0
205.0
112.0
166.0
187.0
139.0
247.0
169.0
146.0
184.0
161.0
262.0
106.0
194.0
139.0
125.0
132.0
117.0
161.0
124.0
162.0
211.0
117.0
160.0
105.0
233.0
113.0
153.0
207.0
135.0
199.0
280.0
139.0
202.0
239.0
130.0
85.0
132.0
139.0
164.0
114.0
168.0
123.0
116.0
85.0
139.0
116.0
137.0
107.0
93.0
106.0
120.0
249.0
154.0
125.0
585.0
97.0
168.0
180.0
158.0
85.0
159.0
172.0
207.0
92.0
189.0
193.0
113.0
230.0
196.0
220.0
143.0
285.0
147.0
94.0
211.0
177.0
93.0
83.0
150.0
196.0
141.0
167.0
180.0
105.0
187.0
127.0
174.0
271.0
107.0
133.0
145.0
107.0
199.0
140.0
109.0
158.0
133.0
151.0
90.0
147.0
217.0
165.0
223.0
245.0
282.0
144.0
226.0
180.0
160.0
121.0
137.0
146.0
204.0
137.0
171.0
132.0
159.0
87.0
222.0
140.0
122.0
252.0
138.0
209.0
108.0
136.0
180.0
143.0
144.0
249.0
148.0
154.0
161.0
148.0
350.0
143.0
114.0
189.0
126.0
122.0
221.0
202.0
164.0
154.0
187.0
192.0
169.0
145.0
138.0
78.0
193.0
195.0
202.0
126.0
125.0
140.0
180.0
158.0
132.0
172.0
171.0
118.0
169.0
112.0
152.0
100.0
263.0
192.0
247.0
276.0
195.0
232.0
153.0
185.0
147.0
153.0
122.0
128.0
179.0
113.0
150.0
121.0
147.0
171.0
151.0
108.0
160.0
189.0
223.0
234.0
125.0
243.0
146.0
107.0
201.0
112.0
127.0
137.0
172.0
139.0
125.0
163.0
179.0
118.0
228.0
212.0
231.0
187.0
180.0
124.0
198.0
87.0
214.0
164.0
131.0
209.0
192.0
157.0
237.0
193.0
174.0
122.0
246.0
183.0
198.0
164.0
183.0
203.0
95.0
163.0
159.0
229.0
101.0
258.0
171.0
111.0
368.0
148.0
130.0
108.0
205.0
219.0
75.0
144.0
199.0
138.0
197.0
118.0
122.0
177.0
177.0
60.0
153.0
160.0
168.0
170.0
146.0
141.0
213.0
123.0
182.0
138.0
137.0
105.0
202.0
156.0
180.0
166.0
88.0
368.0
120.0
138.0
124.0
140.0
115.0
127.0
157.0
184.0
150.0
105.0
158.0
174.0
152.0
91.0
139.0
190.0
128.0
187.0
183.0
74.0
229.0
154.0
249.0
144.0
125.0
190.0
276.0
226.0
251.0
221.0
70.0
184.0
126.0
227.0
126.0
151.0
241.0
154.0
176.0
139.0
163.0
128.0
239.0
111.0
151.0
148.0
74.0
187.0
172.0
212.0
99.0
167.0
99.0
108.0
129.0
125.0
180.0
134.0
135.0
167.0
135.0
156.0
196.0
146.0
125.0
166.0
144.0
149.0
115.0
120.0
97.0
178.0
247.0
84.0
201.0
129.0
96.0
152.0
158.0
121.0
194.0
164.0
69.0
115.0
149.0
135.0
166.0
115.0
266.0
266.0
185.0
153.0
227.0
149.0
173.0
53.0
161.0
295.0
212.0
144.0
131.0
112.0
146.0
197.0
125.0
196.0
90.0
124.0
161.0
110.0
127.0
174.0
169.0
180.0
118.0
171.0
83.0
121.0
129.0
222.0
145.0
141.0
158.0
125.0
225.0
154.0
122.0
128.0
147.0
178.0
228.0
303.0
207.0
146.0
94.0
146.0
226.0
103.0
100.0
112.0
121.0
127.0
202.0
172.0
117.0
171.0
155.0
203.0
109.0
181.0
94.0
175.0
133.0
215.0
160.0
242.0
167.0
143.0
139.0
159.0
193.0
97.0
130.0
139.0
105.0
63.0
97.0
169.0
139.0
168.0
177.0
197.0
126.0
127.0
132.0
148.0
135.0
192.0
168.0
142.0
169.0
185.0
200.0
94.0
145.0
134.0
110.0
139.0
127.0
142.0
78.0
227.0
136.0
149.0
187.0
216.0
171.0
185.0
180.0
189.0
160.0
147.0
107.0
169.0
150.0
216.0
181.0
146.0
152.0
108.0
84.0
172.0
167.0
274.0
232.0
117.0
142.0
227.0
117.0
204.0
167.0
107.0
110.0
144.0
110.0
131.0
137.0
82.0
208.0
229.0
191.0
165.0
210.0
122.0
150.0
112.0
180.0
129.0
78.0
107.0
213.0
101.0
267.0
198.0
96.0
230.0
168.0
168.0
183.0
151.0
140.0
176.0
166.0
74.0
139.0
202.0
106.0
130.0
196.0
101.0
138.0
125.0
169.0
92.0
126.0
98.0
141.0
253.0
160.0
128.0
164.0
128.0
158.0
162.0
84.0
129.0
139.0
151.0
163.0
169.0
151.0
204.0
99.0
142.0
133.0
237.0
168.0
164.0
119.0
174.0
182.0
159.0
85.0
87.0
139.0
147.0
243.0
181.0
170.0
79.0
189.0
155.0
225.0
202.0
154.0
96.0
159.0
154.0
267.0
162.0
126.0
139.0
196.0
108.0
176.0
181.0
148.0
228.0
98.0
123.0
211.0
135.0
207.0
138.0
168.0
150.0
158.0
280.0
80.0
170.0
70.0
130.0
175.0
111.0
137.0
105.0
132.0
99.0
122.0
196.0
150.0
135.0
155.0
147.0
200.0
259.0
122.0
159.0
239.0
145.0
170.0
111.0
209.0
104.0
222.0
123.0
131.0
183.0
129.0
146.0
116.0
185.0
166.0
157.0
133.0
97.0
184.0
166.0
123.0
123.0
396.0
156.0
179.0
164.0
122.0
165.0
111.0
122.0
143.0
124.0
144.0
120.0
202.0
107.0
264.0
135.0
114.0
137.0
209.0
183.0
80.0
178.0
152.0
139.0
226.0
150.0
104.0
154.0
150.0
118.0
149.0
167.0
133.0
92.0
161.0
183.0
172.0
127.0
222.0
158.0
80.0
143.0
123.0
107.0
128.0
131.0
128.0
123.0
157.0
164.0
175.0
137.0
159.0
201.0
116.0
165.0
183.0
131.0
110.0
156.0
204.0
144.0
92.0
148.0
160.0
104.0
132.0
127.0
72.0
83.0
145.0
96.0
248.0
127.0
153.0
169.0
100.0
97.0
125.0
89.0
222.0
150.0
225.0
87.0
218.0
152.0
250.0
135.0
143.0
166.0
99.0
133.0
185.0
122.0
109.0
118.0
131.0
200.0
138.0
127.0
137.0
94.0
167.0
186.0
152.0
166.0
222.0
85.0
155.0
125.0
71.0
156.0
145.0
106.0
212.0
117.0
97.0
209.0
110.0
133.0
166.0
170.0
144.0
118.0
134.0
144.0
137.0
223.0
141.0
133.0
145.0
98.0
192.0
147.0
134.0
172.0
163.0
149.0
129.0
196.0
113.0
160.0
95.0
155.0
188.0
178.0
151.0
145.0
99.0
141.0
190.0
85.0
145.0
170.0
137.0
169.0
289.0
143.0
161.0
152.0
108.0
126.0
80.0
225.0
176.0
120.0
83.0
184.0
134.0
230.0
186.0
149.0
201.0
198.0
170.0
123.0
158.0
226.0
189.0
87.0
116.0
144.0
221.0
251.0
237.0
101.0
279.0
179.0
271.0
176.0
166.0
144.0
162.0
108.0
82.0
95.0
64.0
110.0
130.0
256.0
116.0
162.0
80.0
105.0
134.0
262.0
121.0
168.0
174.0
163.0
270.0
200.0
102.0
111.0
167.0
89.0
148.0
166.0
192.0
180.0
296.0
256.0
233.0
250.0
140.0
107.0
171.0
178.0
168.0
75.0
283.0
206.0
180.0
174.0
121.0
71.0
131.0
189.0
120.0
254.0
136.0
93.0
170.0
175.0
199.0
181.0
114.0
190.0
123.0
220.0
112.0
91.0
143.0
136.0
144.0
168.0
74.0
158.0
187.0
126.0
215.0
259.0
97.0
167.0
272.0
146.0
170.0
162.0
177.0
161.0
379.0
258.0
131.0
202.0
184.0
132.0
146.0
185.0
138.0
149.0
227.0
179.0
275.0
177.0
159.0
281.0
61.0
249.0
160.0
196.0
126.0
146.0
156.0
215.0
144.0
108.0
77.0
122.0
102.0
123.0
109.0
109.0
107.0
168.0
134.0
130.0
92.0
114.0
111.0
217.0
197.0
169.0
248.0
106.0
173.0
196.0
156.0
164.0
160.0
185.0
218.0
276.0
251.0
161.0
151.0
231.0
168.0
322.0
198.0
121.0
121.0
156.0
117.0
140.0
155.0
144.0
129.0
116.0
118.0
118.0
184.0
92.0
96.0
237.0
238.0
129.0
131.0
159.0
114.0
130.0
135.0
151.0
136.0
156.0
122.0
107.0
133.0
424.0
170.0
168.0
143.0
190.0
121.0
250.0
287.0
207.0
124.0
235.0
200.0
165.0
194.0
110.0
375.0
159.0
83.0
190.0
146.0
146.0
149.0
118.0
87.0
149.0
118.0
139.0
236.0
151.0
157.0
96.0
207.0
138.0
122.0
194.0
138.0
252.0
183.0
137.0
89.0
185.0
259.0
115.0
142.0
152.0
81.0
124.0
190.0
125.0
172.0
123.0
236.0
712.0
105.0
90.0
150.0
223.0
173.0
162.0
179.0
157.0
96.0
224.0
120.0
171.0
228.0
172.0
192.0
132.0
196.0
168.0
236.0
150.0
141.0
158.0
214.0
146.0
118.0
189.0
114.0
155.0
201.0
142.0
114.0
167.0
114.0
129.0
296.0
159.0
149.0
222.0
204.0
162.0
160.0
196.0
172.0
128.0
163.0
120.0
138.0
134.0
142.0
174.0
158.0
178.0
320.0
173.0
184.0
127.0
171.0
187.0
80.0
113.0
197.0
108.0
219.0
101.0
201.0
157.0
146.0
132.0
174.0
196.0
109.0
191.0
105.0
297.0
114.0
178.0
150.0
159.0
218.0
163.0
150.0
155.0
213.0
136.0
158.0
148.0
285.0
161.0
185.0
161.0
206.0
154.0
137.0
207.0
166.0
167.0
142.0
128.0
157.0
174.0
114.0
169.0
135.0
166.0
313.0
73.0
194.0
130.0
185.0
152.0
181.0
249.0
77.0
134.0
173.0
185.0
134.0
134.0
216.0
115.0
126.0
169.0
238.0
163.0
186.0
112.0
174.0
233.0
124.0
130.0
172.0
119.0
181.0
182.0
159.0
126.0
107.0
226.0
204.0
169.0
213.0
97.0
204.0
65.0
163.0
164.0
182.0
180.0
234.0
168.0
99.0
168.0
81.0
192.0
239.0
197.0
232.0
159.0
147.0
238.0
131.0
141.0
229.0
186.0
161.0
194.0
130.0
160.0
142.0
134.0
116.0
206.0
250.0
164.0
191.0
97.0
183.0
154.0
210.0
153.0
163.0
171.0
180.0
210.0
152.0
250.0
136.0
127.0
208.0
160.0
152.0
142.0
115.0
149.0
215.0
141.0
108.0
112.0
75.0
286.0
97.0
137.0
101.0
185.0
145.0
192.0
161.0
210.0
152.0
116.0
131.0
170.0
155.0
74.0
191.0
336.0
145.0
156.0
347.0
83.0
99.0
97.0
183.0
139.0
205.0
136.0
121.0
141.0
163.0
221.0
123.0
163.0
140.0
107.0
125.0
195.0
195.0
131.0
125.0
119.0
245.0
140.0
170.0
213.0
95.0
223.0
211.0
143.0
159.0
196.0
162.0
97.0
143.0
197.0
148.0
130.0
130.0
212.0
156.0
189.0
143.0
168.0
163.0
199.0
219.0
132.0
212.0
131.0
194.0
169.0
171.0
124.0
209.0
160.0
170.0
148.0
147.0
133.0
154.0
161.0
144.0
120.0
207.0
190.0
122.0
239.0
209.0
131.0
177.0
139.0
73.0
106.0
298.0
95.0
89.0
84.0
113.0
102.0
125.0
148.0
169.0
109.0
122.0
247.0
225.0
244.0
178.0
308.0
154.0
113.0
140.0
212.0
162.0
185.0
160.0
102.0
107.0
144.0
128.0
144.0
152.0
90.0
139.0
113.0
143.0
151.0
150.0
100.0
162.0
140.0
183.0
105.0
125.0
240.0
174.0
180.0
192.0
83.0
196.0
176.0
132.0
125.0
129.0
215.0
226.0
150.0
117.0
152.0
186.0
168.0
130.0
274.0
126.0
228.0
166.0
116.0
162.0
143.0
129.0
100.0
127.0
169.0
160.0
110.0
156.0
205.0
161.0
138.0
141.0
167.0
164.0
158.0
106.0
163.0
135.0
195.0
123.0
80.0
170.0
101.0
131.0
188.0
198.0
146.0
117.0
94.0
139.0
179.0
136.0
154.0
197.0
118.0
135.0
120.0
144.0
127.0
136.0
194.0
237.0
184.0
213.0
144.0
128.0
326.0
252.0
139.0
146.0
134.0
242.0
170.0
139.0
147.0
118.0
187.0
205.0
153.0
154.0
133.0
257.0
217.0
149.0
147.0
168.0
97.0
124.0
251.0
141.0
112.0
189.0
177.0
114.0
194.0
180.0
101.0
96.0
188.0
158.0
209.0
247.0
119.0
134.0
122.0
124.0
150.0
115.0
200.0
142.0
132.0
184.0
209.0
176.0
75.0
184.0
157.0
169.0
92.0
130.0
117.0
109.0
118.0
167.0
230.0
185.0
180.0
162.0
128.0
190.0
135.0
165.0
174.0
171.0
125.0
193.0
104.0
302.0
131.0
210.0
126.0
206.0
124.0
119.0
116.0
116.0
152.0
121.0
146.0
207.0
173.0
201.0
80.0
360.0
124.0
168.0
91.0
177.0
214.0
106.0
151.0
150.0
162.0
211.0
169.0
147.0
199.0
137.0
188.0
251.0
143.0
157.0
178.0
314.0
131.0
148.0
123.0
206.0
123.0
145.0
106.0
121.0
139.0
164.0
205.0
145.0
166.0
146.0
217.0
100.0
245.0
124.0
129.0
62.0
103.0
157.0
151.0
406.0
161.0
95.0
114.0
159.0
126.0
179.0
216.0
156.0
187.0
95.0
186.0
116.0
86.0
142.0
124.0
109.0
134.0
190.0
123.0
163.0
137.0
88.0
95.0
114.0
161.0
265.0
108.0
198.0
230.0
198.0
144.0
150.0
144.0
154.0
142.0
202.0
86.0
199.0
175.0
161.0
158.0
112.0
174.0
114.0
167.0
185.0
112.0
205.0
123.0
216.0
220.0
157.0
183.0
196.0
83.0
119.0
96.0
232.0
146.0
176.0
151.0
104.0
134.0
146.0
189.0
229.0
190.0
129.0
244.0
159.0
209.0
112.0
89.0
148.0
137.0
146.0
234.0
160.0
117.0
223.0
110.0
102.0
120.0
139.0
107.0
138.0
134.0
187.0
152.0
92.0
207.0
142.0
204.0
182.0
224.0
88.0
119.0
103.0
254.0
136.0
208.0
142.0
146.0
180.0
208.0
129.0
128.0
120.0
125.0
119.0
287.0
200.0
113.0
138.0
274.0
164.0
128.0
162.0
180.0
78.0
108.0
170.0
117.0
152.0
68.0
105.0
117.0
229.0
131.0
191.0
180.0
162.0
163.0
160.0
103.0
253.0
129.0
120.0
85.0
90.0
130.0
245.0
180.0
122.0
206.0
122.0
142.0
148.0
152.0
178.0
89.0
129.0
206.0
140.0
200.0
149.0
106.0
53.0
101.0
207.0
195.0
123.0
140.0
221.0
162.0
124.0
141.0
117.0
96.0
212.0
112.0
108.0
224.0
216.0
126.0
108.0
127.0
145.0
107.0
121.0
107.0
121.0
155.0
149.0
146.0
245.0
132.0
183.0
219.0
183.0
206.0
250.0
192.0
170.0
153.0
80.0
191.0
253.0
104.0
111.0
144.0
108.0
185.0
106.0
139.0
144.0
173.0
206.0
183.0
122.0
130.0
185.0
146.0
80.0
300.0
233.0
83.0
129.0
172.0
260.0
102.0
96.0
135.0
149.0
169.0
227.0
190.0
80.0
83.0
180.0
77.0
166.0
155.0
215.0
105.0
257.0
164.0
142.0
126.0
154.0
133.0
172.0
129.0
170.0
199.0
159.0
177.0
164.0
107.0
230.0
141.0
182.0
114.0
184.0
131.0
212.0
165.0
115.0
157.0
129.0
162.0
137.0
151.0
75.0
167.0
189.0
263.0
113.0
240.0
115.0
164.0
248.0
182.0
182.0
161.0
183.0
189.0
112.0
122.0
127.0
148.0
140.0
69.0
148.0
228.0
147.0
157.0
151.0
126.0
211.0
152.0
208.0
176.0
232.0
249.0
164.0
219.0
156.0
168.0
200.0
170.0
107.0
111.0
156.0
126.0
117.0
151.0
144.0
163.0
174.0
96.0
171.0
145.0
239.0
160.0
124.0
148.0
180.0
153.0
198.0
103.0
125.0
255.0
217.0
223.0
242.0
138.0
179.0
310.0
163.0
119.0
197.0
93.0
76.0
123.0
194.0
175.0
196.0
121.0
176.0
154.0
105.0
157.0
166.0
143.0
133.0
108.0
154.0
75.0
225.0
159.0
130.0
218.0
155.0
58.0
138.0
110.0
191.0
132.0
185.0
144.0
139.0
84.0
177.0
92.0
127.0
160.0
136.0
217.0
111.0
248.0
254.0
180.0
161.0
183.0
172.0
110.0
370.0
192.0
110.0
249.0
236.0
157.0
148.0
239.0
104.0
132.0
129.0
146.0
182.0
183.0
168.0
188.0
150.0
137.0
169.0
194.0
117.0
210.0
199.0
175.0
191.0
153.0
149.0
174.0
122.0
100.0
122.0
130.0
125.0
153.0
130.0
113.0
189.0
183.0
157.0
151.0
233.0
196.0
122.0
247.0
153.0
171.0
149.0
128.0
153.0
104.0
236.0
124.0
137.0
193.0
205.0
150.0
111.0
169.0
85.0
211.0
180.0
154.0
92.0
140.0
149.0
181.0
145.0
183.0
114.0
215.0
172.0
240.0
87.0
84.0
126.0
137.0
177.0
136.0
149.0
206.0
182.0
255.0
118.0
172.0
169.0
157.0
169.0
227.0
146.0
177.0
137.0
185.0
145.0
221.0
96.0
108.0
263.0
117.0
173.0
173.0
196.0
114.0
198.0
252.0
209.0
158.0
116.0
252.0
118.0
176.0
135.0
90.0
75.0
93.0
126.0
220.0
141.0
241.0
146.0
225.0
170.0
179.0
152.0
123.0
190.0
225.0
142.0
159.0
286.0
178.0
175.0
110.0
187.0
130.0
102.0
199.0
130.0
229.0
116.0
173.0
147.0
127.0
150.0
179.0
165.0
65.0
133.0
200.0
173.0
143.0
156.0
137.0
215.0
128.0
292.0
173.0
121.0
128.0
139.0
153.0
242.0
148.0
144.0
151.0
246.0
108.0
270.0
183.0
219.0
152.0
202.0
142.0
136.0
122.0
362.0
149.0
226.0
114.0
183.0
152.0
237.0
153.0
94.0
124.0
111.0
160.0
118.0
82.0
95.0
199.0
212.0
220.0
154.0
174.0
148.0
155.0
185.0
193.0
93.0
101.0
174.0
110.0
203.0
179.0
129.0
182.0
160.0
182.0
172.0
187.0
143.0
148.0
106.0
128.0
263.0
121.0
109.0
104.0
192.0
157.0
174.0
182.0
180.0
149.0
200.0
273.0
171.0
121.0
103.0
208.0
186.0
363.0
121.0
260.0
94.0
144.0
131.0
135.0
156.0
119.0
150.0
127.0
175.0
112.0
374.0
189.0
191.0
210.0
141.0
158.0
169.0
132.0
218.0
147.0
166.0
126.0
153.0
285.0
134.0
132.0
202.0
169.0
128.0
157.0
188.0
86.0
267.0
180.0
79.0
124.0
185.0
144.0
152.0
250.0
216.0
123.0
211.0
150.0
139.0
249.0
185.0
178.0
193.0
123.0
140.0
197.0
96.0
162.0
130.0
168.0
216.0
88.0
215.0
182.0
154.0
153.0
282.0
165.0
199.0
196.0
124.0
224.0
121.0
214.0
112.0
190.0
98.0
159.0
177.0
142.0
167.0
107.0
145.0
161.0
101.0
132.0
231.0
170.0
96.0
81.0
248.0
145.0
131.0
230.0
139.0
210.0
177.0
191.0
90.0
202.0
195.0
132.0
139.0
198.0
142.0
178.0
156.0
144.0
136.0
98.0
207.0
186.0
118.0
118.0
166.0
129.0
369.0
222.0
93.0
154.0
130.0
118.0
104.0
143.0
193.0
127.0
213.0
166.0
194.0
100.0
188.0
292.0
238.0
131.0
190.0
130.0
194.0
225.0
158.0
99.0
103.0
147.0
153.0
188.0
160.0
155.0
204.0
168.0
130.0
204.0
205.0
276.0
132.0
131.0
44.0
103.0
145.0
104.0
202.0
132.0
164.0
198.0
223.0
226.0
119.0
132.0
108.0
179.0
218.0
386.0
188.0
149.0
115.0
152.0
131.0
196.0
191.0
234.0
147.0
109.0
168.0
139.0
166.0
232.0
72.0
188.0
166.0
125.0
148.0
155.0
171.0
79.0
165.0
118.0
149.0
140.0
138.0
117.0
270.0
218.0
133.0
268.0
140.0
94.0
151.0
221.0
111.0
185.0
140.0
202.0
190.0
212.0
114.0
254.0
117.0
116.0
131.0
150.0
105.0
189.0
184.0
128.0
255.0
289.0
88.0
117.0
220.0
183.0
142.0
156.0
119.0
118.0
156.0
147.0
126.0
185.0
81.0
126.0
148.0
204.0
210.0
149.0
143.0
55.0
154.0
115.0
230.0
281.0
122.0
162.0
108.0
183.0
251.0
138.0
131.0
199.0
158.0
318.0
188.0
101.0
172.0
125.0
261.0
133.0
176.0
211.0
170.0
128.0
149.0
103.0
185.0
128.0
135.0
145.0
180.0
161.0
185.0
143.0
193.0
100.0
237.0
129.0
157.0
172.0
206.0
177.0
170.0
141.0
153.0
193.0
98.0
153.0
192.0
123.0
135.0
224.0
107.0
195.0
142.0
51.0
204.0
165.0
125.0
103.0
199.0
152.0
102.0
136.0
135.0
157.0
161.0
116.0
93.0
77.0
114.0
132.0
163.0
224.0
267.0
130.0
174.0
236.0
161.0
195.0
126.0
107.0
176.0
172.0
182.0
178.0
92.0
511.0
121.0
178.0
198.0
213.0
138.0
137.0
187.0
187.0
208.0
107.0
223.0
196.0
188.0
170.0
172.0
138.0
140.0
164.0
123.0
119.0
174.0
244.0
128.0
183.0
131.0
178.0
204.0
113.0
141.0
130.0
108.0
158.0
98.0
93.0
117.0
183.0
160.0
135.0
162.0
133.0
112.0
95.0
125.0
137.0
153.0
110.0
196.0
148.0
116.0
152.0
182.0
145.0
114.0
126.0
77.0
144.0
136.0
192.0
232.0
668.0
149.0
159.0
162.0
173.0
145.0
160.0
154.0
194.0
151.0
181.0
159.0
106.0
143.0
115.0
165.0
195.0
184.0
91.0
132.0
117.0
115.0
225.0
123.0
135.0
252.0
156.0
122.0
232.0
202.0
132.0
145.0
116.0
167.0
217.0
126.0
137.0
144.0
265.0
188.0
140.0
143.0
134.0
101.0
162.0
100.0
131.0
236.0
124.0
136.0
124.0
171.0
218.0
113.0
206.0
101.0
133.0
146.0
102.0
222.0
155.0
125.0
136.0
137.0
245.0
98.0
76.0
197.0
159.0
145.0
159.0
107.0
166.0
108.0
155.0
280.0
93.0
202.0
180.0
113.0
86.0
142.0
141.0
150.0
134.0
228.0
174.0
138.0
165.0
146.0
74.0
209.0
124.0
157.0
194.0
240.0
179.0
121.0
191.0
157.0
217.0
148.0
150.0
174.0
149.0
168.0
196.0
124.0
167.0
146.0
195.0
161.0
155.0
70.0
97.0
146.0
192.0
111.0
128.0
109.0
83.0
103.0
117.0
115.0
116.0
152.0
164.0
84.0
193.0
141.0
155.0
138.0
195.0
99.0
160.0
99.0
170.0
155.0
201.0
200.0
107.0
102.0
230.0
238.0
167.0
119.0
186.0
198.0
160.0
112.0
210.0
125.0
104.0
219.0
172.0
189.0
102.0
110.0
144.0
100.0
138.0
186.0
115.0
219.0
143.0
115.0
146.0
128.0
129.0
163.0
173.0
163.0
120.0
113.0
173.0
116.0
96.0
109.0
192.0
148.0
138.0
180.0
285.0
155.0
203.0
186.0
172.0
193.0
212.0
260.0
151.0
137.0
190.0
113.0
132.0
133.0
109.0
145.0
388.0
230.0
132.0
160.0
193.0
200.0
330.0
135.0
129.0
73.0
171.0
135.0
115.0
164.0
209.0
157.0
152.0
221.0
152.0
161.0
152.0
159.0
94.0
117.0
197.0
126.0
123.0
151.0
106.0
216.0
146.0
191.0
166.0
90.0
272.0
151.0
144.0
106.0
233.0
177.0
136.0
145.0
166.0
115.0
171.0
112.0
111.0
197.0
187.0
189.0
207.0
91.0
102.0
82.0
160.0
207.0
116.0
234.0
98.0
199.0
203.0
127.0
148.0
82.0
145.0
126.0
126.0
137.0
159.0
170.0
212.0
172.0
234.0
177.0
142.0
144.0
138.0
108.0
135.0
89.0
152.0
142.0
180.0
213.0
109.0
182.0
158.0
196.0
287.0
164.0
147.0
249.0
77.0
203.0
217.0
178.0
197.0
143.0
215.0
212.0
161.0
163.0
206.0
198.0
75.0
179.0
115.0
117.0
87.0
79.0
103.0
158.0
202.0
167.0
209.0
107.0
142.0
103.0
268.0
155.0
204.0
143.0
216.0
120.0
138.0
263.0
157.0
132.0
94.0
95.0
128.0
228.0
197.0
125.0
145.0
134.0
141.0
136.0
171.0
97.0
135.0
107.0
128.0
152.0
105.0
118.0
204.0
211.0
61.0
164.0
160.0
158.0
191.0
125.0
167.0
149.0
133.0
109.0
217.0
190.0
147.0
137.0
149.0
155.0
129.0
134.0
242.0
92.0
234.0
113.0
232.0
124.0
129.0
118.0
220.0
118.0
105.0
232.0
180.0
125.0
144.0
170.0
118.0
140.0
218.0
139.0
121.0
157.0
159.0
160.0
134.0
180.0
185.0
193.0
149.0
110.0
198.0
143.0
184.0
127.0
102.0
154.0
143.0
125.0
209.0
142.0
162.0
114.0
203.0
111.0
103.0
100.0
172.0
135.0
133.0
245.0
124.0
140.0
176.0
114.0
112.0
145.0
280.0
211.0
172.0
162.0
157.0
110.0
224.0
146.0
213.0
172.0
195.0
113.0
187.0
128.0
161.0
117.0
192.0
117.0
279.0
122.0
115.0
166.0
230.0
102.0
138.0
119.0
137.0
224.0
150.0
205.0
180.0
164.0
149.0
113.0
150.0
146.0
232.0
169.0
171.0
140.0
133.0
202.0
135.0
124.0
99.0
162.0
141.0
158.0
160.0
154.0
108.0
157.0
152.0
232.0
179.0
115.0
194.0
251.0
132.0
240.0
115.0
119.0
178.0
125.0
162.0
96.0
102.0
176.0
100.0
155.0
147.0
185.0
158.0
273.0
243.0
125.0
194.0
168.0
96.0
224.0
207.0
112.0
150.0
295.0
86.0
83.0
174.0
150.0
129.0
162.0
112.0
123.0
109.0
145.0
177.0
110.0
126.0
153.0
262.0
184.0
174.0
121.0
130.0
199.0
131.0
127.0
224.0
186.0
120.0
102.0
157.0
170.0
172.0
108.0
397.0
113.0
119.0
139.0
92.0
332.0
188.0
129.0
211.0
237.0
165.0
241.0
115.0
179.0
224.0
157.0
105.0
143.0
243.0
89.0
198.0
191.0
131.0
192.0
117.0
104.0
170.0
119.0
198.0
189.0
119.0
149.0
125.0
272.0
125.0
181.0
282.0
145.0
134.0
86.0
181.0
311.0
125.0
131.0
152.0
262.0
137.0
126.0
133.0
134.0
116.0
286.0
123.0
133.0
115.0
209.0
237.0
127.0
299.0
139.0
223.0
200.0
170.0
153.0
191.0
210.0
142.0
76.0
173.0
207.0
142.0
133.0
146.0
98.0
117.0
168.0
139.0
154.0
169.0
95.0
164.0
131.0
178.0
261.0
76.0
131.0
200.0
150.0
140.0
131.0
204.0
232.0
118.0
169.0
212.0
160.0
219.0
161.0
206.0
124.0
77.0
257.0
159.0
147.0
194.0
461.0
325.0
150.0
139.0
136.0
206.0
264.0
150.0
95.0
194.0
102.0
115.0
259.0
179.0
192.0
150.0
169.0
112.0
190.0
170.0
249.0
168.0
192.0
87.0
137.0
151.0
84.0
146.0
228.0
304.0
121.0
191.0
291.0
164.0
208.0
192.0
157.0
184.0
130.0
142.0
137.0
172.0
81.0
106.0
197.0
114.0
144.0
138.0
233.0
140.0
106.0
171.0
328.0
178.0
171.0
201.0
163.0
117.0
301.0
126.0
217.0
98.0
236.0
174.0
166.0
191.0
173.0
144.0
183.0
69.0
148.0
144.0
287.0
152.0
124.0
181.0
114.0
103.0
114.0
140.0
234.0
177.0
231.0
108.0
227.0
152.0
160.0
160.0
115.0
117.0
130.0
163.0
132.0
207.0
219.0
137.0
136.0
175.0
237.0
188.0
234.0
178.0
183.0
112.0
108.0
174.0
165.0
205.0
156.0
130.0
145.0
106.0
215.0
185.0
135.0
190.0
172.0
91.0
162.0
129.0
123.0
138.0
145.0
153.0
120.0
145.0
226.0
121.0
168.0
123.0
84.0
178.0
138.0
184.0
168.0
139.0
187.0
830.0
173.0
218.0
118.0
106.0
166.0
186.0
193.0
265.0
117.0
126.0
141.0
163.0
143.0
150.0
109.0
163.0
117.0
152.0
104.0
177.0
132.0
272.0
137.0
139.0
158.0
129.0
132.0
179.0
88.0
171.0
197.0
117.0
233.0
221.0
121.0
101.0
72.0
164.0
141.0
181.0
113.0
145.0
161.0
182.0
212.0
103.0
113.0
157.0
131.0
210.0
121.0
158.0
219.0
162.0
239.0
132.0
146.0
526.0
97.0
91.0
144.0
238.0
159.0
229.0
91.0
191.0
147.0
182.0
169.0
160.0
181.0
119.0
107.0
86.0
83.0
104.0
142.0
133.0
177.0
136.0
167.0
206.0
85.0
132.0
338.0
119.0
212.0
146.0
152.0
171.0
115.0
106.0
151.0
178.0
133.0
147.0
193.0
141.0
220.0
201.0
155.0
181.0
176.0
98.0
170.0
156.0
158.0
145.0
181.0
186.0
89.0
160.0
180.0
141.0
205.0
164.0
122.0
77.0
104.0
204.0
126.0
154.0
202.0
157.0
116.0
234.0
232.0
144.0
96.0
123.0
180.0
89.0
191.0
147.0
96.0
119.0
125.0
123.0
128.0
203.0
148.0
181.0
212.0
108.0
124.0
112.0
217.0
180.0
147.0
122.0
409.0
192.0
198.0
124.0
134.0
189.0
228.0
110.0
245.0
129.0
152.0
181.0
154.0
174.0
167.0
241.0
192.0
180.0
138.0
172.0
190.0
112.0
171.0
108.0
85.0
178.0
117.0
143.0
112.0
210.0
151.0
152.0
175.0
174.0
169.0
186.0
111.0
136.0
92.0
147.0
171.0
132.0
169.0
200.0
176.0
221.0
173.0
187.0
123.0
118.0
198.0
52.0
177.0
153.0
272.0
188.0
141.0
153.0
161.0
456.0
177.0
130.0
198.0
121.0
118.0
171.0
82.0
79.0
156.0
137.0
126.0
142.0
115.0
158.0
190.0
239.0
111.0
193.0
227.0
51.0
179.0
184.0
125.0
318.0
145.0
260.0
143.0
173.0
226.0
130.0
130.0
209.0
159.0
98.0
200.0
116.0
166.0
148.0
197.0
192.0
184.0
234.0
124.0
80.0
118.0
108.0
145.0
141.0
131.0
300.0
102.0
175.0
171.0
114.0
187.0
182.0
121.0
223.0
121.0
174.0
217.0
84.0
125.0
185.0
183.0
227.0
116.0
123.0
112.0
106.0
178.0
193.0
143.0
154.0
121.0
81.0
160.0
154.0
160.0
116.0
181.0
125.0
173.0
156.0
107.0
128.0
197.0
64.0
166.0
138.0
160.0
188.0
151.0
186.0
87.0
201.0
215.0
195.0
101.0
178.0
147.0
108.0
174.0
150.0
121.0
148.0
179.0
219.0
170.0
178.0
138.0
116.0
157.0
163.0
217.0
207.0
147.0
138.0
168.0
146.0
107.0
136.0
95.0
155.0
81.0
172.0
156.0
168.0
69.0
93.0
104.0
139.0
151.0
103.0
191.0
208.0
154.0
173.0
198.0
128.0
91.0
191.0
155.0
200.0
266.0
116.0
95.0
207.0
335.0
109.0
104.0
251.0
106.0
119.0
165.0
195.0
152.0
138.0
93.0
151.0
257.0
91.0
269.0
172.0
134.0
143.0
206.0
188.0
159.0
169.0
102.0
148.0
114.0
133.0
173.0
104.0
149.0
140.0
171.0
97.0
158.0
194.0
173.0
121.0
186.0
220.0
148.0
164.0
200.0
195.0
179.0
151.0
140.0
131.0
249.0
121.0
203.0
231.0
172.0
173.0
219.0
108.0
143.0
91.0
211.0
97.0
130.0
107.0
179.0
110.0
446.0
275.0
90.0
127.0
138.0
128.0
169.0
243.0
126.0
213.0
119.0
123.0
141.0
119.0
96.0
185.0
247.0
94.0
245.0
115.0
235.0
135.0
155.0
206.0
124.0
220.0
188.0
142.0
125.0
211.0
137.0
214.0
118.0
97.0
182.0
260.0
161.0
156.0
177.0
203.0
144.0
129.0
326.0
140.0
117.0
119.0
109.0
117.0
197.0
178.0
101.0
138.0
130.0
120.0
111.0
137.0
203.0
160.0
212.0
200.0
134.0
172.0
73.0
153.0
182.0
136.0
191.0
131.0
171.0
122.0
144.0
211.0
127.0
175.0
229.0
142.0
171.0
131.0
194.0
156.0
211.0
184.0
132.0
129.0
185.0
202.0
345.0
233.0
100.0
216.0
145.0
165.0
235.0
97.0
98.0
151.0
127.0
127.0
129.0
91.0
131.0
103.0
112.0
261.0
104.0
126.0
78.0
197.0
180.0
126.0
164.0
145.0
130.0
132.0
170.0
109.0
112.0
257.0
165.0
184.0
98.0
235.0
108.0
126.0
163.0
147.0
202.0
153.0
122.0
142.0
115.0
198.0
161.0
136.0
165.0
232.0
131.0
206.0
199.0
165.0
180.0
157.0
90.0
194.0
160.0
124.0
124.0
183.0
135.0
122.0
144.0
235.0
145.0
152.0
143.0
117.0
173.0
110.0
143.0
190.0
261.0
125.0
168.0
208.0
134.0
220.0
269.0
140.0
116.0
208.0
127.0
296.0
153.0
102.0
157.0
220.0
168.0
136.0
244.0
124.0
114.0
80.0
218.0
148.0
133.0
282.0
131.0
172.0
104.0
94.0
112.0
122.0
166.0
152.0
215.0
102.0
163.0
100.0
142.0
108.0
238.0
119.0
140.0
182.0
147.0
177.0
184.0
120.0
143.0
107.0
169.0
216.0
355.0
156.0
165.0
261.0
196.0
159.0
162.0
210.0
127.0
129.0
136.0
127.0
97.0
165.0
119.0
113.0
128.0
165.0
165.0
173.0
150.0
246.0
202.0
121.0
67.0
171.0
100.0
172.0
148.0
208.0
103.0
126.0
126.0
158.0
125.0
233.0
118.0
142.0
203.0
123.0
109.0
281.0
123.0
94.0
121.0
148.0
241.0
214.0
219.0
116.0
159.0
152.0
114.0
88.0
214.0
124.0
124.0
163.0
212.0
117.0
135.0
341.0
228.0
129.0
170.0
81.0
162.0
144.0
199.0
118.0
182.0
172.0
238.0
180.0
368.0
110.0
127.0
142.0
112.0
185.0
159.0
139.0
156.0
118.0
218.0
162.0
171.0
125.0
152.0
219.0
138.0
110.0
132.0
180.0
278.0
134.0
148.0
238.0
141.0
136.0
180.0
143.0
91.0
255.0
124.0
241.0
121.0
160.0
201.0
320.0
222.0
247.0
191.0
172.0
151.0
152.0
133.0
227.0
123.0
178.0
156.0
189.0
83.0
115.0
239.0
163.0
123.0
284.0
169.0
163.0
119.0
155.0
185.0
143.0
183.0
212.0
135.0
92.0
157.0
145.0
126.0
107.0
261.0
396.0
127.0
194.0
93.0
298.0
127.0
170.0
94.0
128.0
400.0
150.0
161.0
162.0
188.0
121.0
168.0
131.0
138.0
197.0
164.0
226.0
165.0
160.0
148.0
143.0
136.0
145.0
180.0
135.0
133.0
206.0
199.0
331.0
210.0
125.0
108.0
273.0
101.0
166.0
141.0
101.0
123.0
92.0
130.0
199.0
192.0
130.0
131.0
130.0
192.0
83.0
140.0
208.0
208.0
152.0
223.0
95.0
164.0
199.0
107.0
250.0
134.0
205.0
125.0
197.0
265.0
151.0
216.0
149.0
223.0
95.0
161.0
566.0
152.0
78.0
126.0
201.0
250.0
133.0
299.0
168.0
194.0
176.0
184.0
159.0
161.0
158.0
272.0
156.0
223.0
134.0
155.0
119.0
144.0
125.0
144.0
93.0
287.0
94.0
196.0
137.0
131.0
201.0
98.0
188.0
193.0
129.0
166.0
143.0
166.0
181.0
88.0
171.0
186.0
94.0
99.0
143.0
256.0
124.0
188.0
220.0
169.0
169.0
114.0
165.0
179.0
79.0
156.0
239.0
165.0
152.0
143.0
207.0
168.0
162.0
183.0
105.0
107.0
224.0
168.0
118.0
91.0
198.0
166.0
138.0
222.0
162.0
153.0
261.0
118.0
194.0
209.0
89.0
207.0
200.0
189.0
190.0
159.0
132.0
239.0
108.0
210.0
122.0
163.0
220.0
91.0
126.0
123.0
212.0
167.0
92.0
154.0
115.0
145.0
140.0
112.0
174.0
110.0
203.0
180.0
135.0
142.0
173.0
103.0
113.0
218.0
189.0
175.0
104.0
175.0
100.0
251.0
177.0
70.0
229.0
207.0
164.0
149.0
120.0
101.0
139.0
168.0
187.0
167.0
153.0
183.0
174.0
150.0
90.0
224.0
121.0
112.0
596.0
244.0
199.0
87.0
122.0
154.0
153.0
101.0
197.0
178.0
181.0
157.0
178.0
132.0
143.0
134.0
135.0
83.0
283.0
130.0
108.0
91.0
232.0
132.0
120.0
171.0
126.0
224.0
209.0
122.0
164.0
79.0
218.0
275.0
156.0
75.0
164.0
155.0
116.0
181.0
107.0
100.0
149.0
182.0
166.0
280.0
90.0
312.0
65.0
152.0
179.0
139.0
179.0
133.0
122.0
157.0
399.0
87.0
165.0
134.0
115.0
143.0
183.0
59.0
152.0
109.0
246.0
132.0
105.0
200.0
116.0
199.0
212.0
217.0
213.0
153.0
209.0
177.0
114.0
82.0
125.0
226.0
169.0
203.0
100.0
166.0
145.0
172.0
177.0
120.0
163.0
162.0
151.0
135.0
120.0
151.0
106.0
168.0
107.0
257.0
102.0
130.0
194.0
152.0
203.0
183.0
201.0
82.0
162.0
131.0
112.0
137.0
127.0
215.0
77.0
196.0
130.0
119.0
198.0
157.0
152.0
100.0
107.0
128.0
98.0
106.0
237.0
205.0
159.0
190.0
196.0
165.0
91.0
113.0
146.0
164.0
202.0
111.0
215.0
135.0
178.0
142.0
121.0
186.0
186.0
112.0
206.0
160.0
127.0
136.0
142.0
221.0
137.0
215.0
150.0
138.0
138.0
122.0
277.0
237.0
161.0
212.0
178.0
176.0
165.0
185.0
195.0
141.0
151.0
79.0
101.0
145.0
111.0
152.0
158.0
111.0
283.0
197.0
176.0
106.0
158.0
173.0
86.0
186.0
143.0
153.0
192.0
228.0
116.0
160.0
149.0
115.0
147.0
137.0
164.0
200.0
142.0
110.0
184.0
161.0
242.0
183.0
297.0
118.0
133.0
251.0
96.0
128.0
177.0
188.0
145.0
184.0
132.0
182.0
127.0
128.0
319.0
145.0
109.0
183.0
146.0
148.0
184.0
103.0
217.0
141.0
126.0
194.0
223.0
113.0
135.0
178.0
94.0
167.0
89.0
152.0
104.0
187.0
185.0
165.0
215.0
171.0
128.0
138.0
61.0
150.0
155.0
232.0
109.0
99.0
89.0
173.0
207.0
116.0
92.0
186.0
162.0
169.0
215.0
161.0
101.0
156.0
121.0
118.0
239.0
91.0
177.0
253.0
169.0
94.0
133.0
110.0
141.0
150.0
109.0
121.0
241.0
187.0
148.0
264.0
135.0
134.0
165.0
252.0
99.0
128.0
160.0
93.0
91.0
185.0
216.0
180.0
191.0
187.0
186.0
77.0
128.0
219.0
155.0
310.0
217.0
191.0
123.0
260.0
120.0
116.0
222.0
154.0
98.0
104.0
132.0
173.0
89.0
180.0
174.0
238.0
158.0
122.0
179.0
148.0
196.0
165.0
133.0
136.0
68.0
200.0
135.0
110.0
136.0
151.0
116.0
178.0
118.0
93.0
116.0
216.0
166.0
145.0
99.0
366.0
105.0
161.0
181.0
95.0
88.0
82.0
137.0
136.0
192.0
154.0
80.0
143.0
230.0
101.0
222.0
132.0
159.0
157.0
141.0
339.0
211.0
155.0
137.0
206.0
242.0
155.0
146.0
138.0
162.0
203.0
172.0
204.0
202.0
144.0
205.0
169.0
193.0
165.0
147.0
199.0
147.0
101.0
143.0
132.0
98.0
219.0
152.0
122.0
99.0
117.0
145.0
139.0
125.0
209.0
111.0
193.0
147.0
127.0
222.0
212.0
135.0
207.0
298.0
88.0
194.0
97.0
173.0
232.0
166.0
110.0
115.0
183.0
103.0
151.0
169.0
189.0
221.0
153.0
161.0
244.0
182.0
117.0
99.0
83.0
126.0
132.0
196.0
148.0
114.0
131.0
152.0
156.0
133.0
163.0
197.0
230.0
100.0
156.0
137.0
129.0
122.0
227.0
171.0
173.0
78.0
166.0
141.0
206.0
134.0
121.0
112.0
122.0
242.0
195.0
194.0
136.0
115.0
179.0
292.0
170.0
139.0
140.0
164.0
212.0
139.0
125.0
63.0
158.0
177.0
191.0
127.0
202.0
158.0
121.0
242.0
126.0
145.0
162.0
162.0
197.0
159.0
87.0
132.0
177.0
131.0
118.0
147.0
264.0
200.0
191.0
138.0
304.0
173.0
100.0
181.0
199.0
140.0
214.0
137.0
166.0
179.0
229.0
149.0
154.0
135.0
191.0
145.0
100.0
94.0
203.0
139.0
116.0
139.0
173.0
149.0
146.0
136.0
189.0
98.0
127.0
144.0
153.0
140.0
95.0
111.0
98.0
231.0
134.0
130.0
221.0
187.0
154.0
127.0
241.0
95.0
170.0
163.0
224.0
174.0
115.0
129.0
112.0
113.0
205.0
149.0
188.0
117.0
117.0
148.0
184.0
189.0
94.0
177.0
256.0
278.0
143.0
268.0
141.0
232.0
170.0
131.0
118.0
146.0
131.0
218.0
206.0
92.0
128.0
155.0
139.0
90.0
104.0
169.0
223.0
112.0
142.0
175.0
143.0
130.0
406.0
126.0
173.0
85.0
184.0
101.0
123.0
181.0
174.0
264.0
143.0
87.0
163.0
293.0
130.0
123.0
147.0
186.0
121.0
157.0
128.0
171.0
117.0
245.0
238.0
214.0
156.0
89.0
151.0
181.0
111.0
148.0
144.0
225.0
156.0
139.0
126.0
182.0
129.0
127.0
117.0
107.0
192.0
148.0
113.0
256.0
112.0
297.0
93.0
138.0
174.0
215.0
198.0
349.0
145.0
123.0
138.0
116.0
109.0
145.0
205.0
146.0
208.0
149.0
156.0
121.0
149.0
286.0
208.0
201.0
80.0
198.0
160.0
126.0
116.0
170.0
98.0
305.0
136.0
201.0
157.0
129.0
257.0
95.0
150.0
222.0
220.0
181.0
259.0
192.0
111.0
97.0
137.0
168.0
153.0
136.0
113.0
138.0
132.0
161.0
168.0
262.0
109.0
116.0
169.0
84.0
118.0
245.0
173.0
155.0
165.0
109.0
160.0
421.0
240.0
142.0
82.0
175.0
238.0
105.0
142.0
126.0
157.0
207.0
188.0
125.0
123.0
168.0
330.0
232.0
167.0
111.0
172.0
88.0
55.0
199.0
108.0
56.0
143.0
172.0
162.0
191.0
175.0
118.0
185.0
160.0
164.0
123.0
256.0
200.0
189.0
155.0
261.0
194.0
121.0
148.0
303.0
112.0
178.0
148.0
118.0
296.0
228.0
157.0
147.0
105.0
157.0
224.0
224.0
146.0
321.0
130.0
199.0
123.0
135.0
133.0
231.0
134.0
199.0
127.0
117.0
199.0
120.0
137.0
176.0
215.0
194.0
383.0
150.0
192.0
200.0
106.0
73.0
140.0
149.0
206.0
139.0
118.0
105.0
216.0
158.0
133.0
186.0
160.0
113.0
171.0
186.0
246.0
118.0
96.0
252.0
104.0
159.0
176.0
224.0
117.0
164.0
151.0
95.0
216.0
182.0
121.0
126.0
153.0
77.0
119.0
131.0
53.0
189.0
351.0
190.0
174.0
240.0
183.0
109.0
147.0
79.0
133.0
49.0
105.0
112.0
281.0
123.0
210.0
115.0
168.0
125.0
83.0
115.0
211.0
124.0
187.0
332.0
177.0
155.0
152.0
284.0
124.0
222.0
161.0
238.0
145.0
151.0
172.0
131.0
140.0
211.0
126.0
177.0
138.0
104.0
217.0
150.0
158.0
116.0
167.0
162.0
167.0
235.0
195.0
153.0
176.0
117.0
259.0
191.0
114.0
178.0
133.0
120.0
211.0
121.0
264.0
153.0
160.0
88.0
107.0
207.0
119.0
96.0
162.0
123.0
163.0
136.0
167.0
135.0
169.0
158.0
192.0
287.0
169.0
157.0
232.0
94.0
204.0
124.0
119.0
314.0
113.0
94.0
167.0
106.0
194.0
211.0
98.0
249.0
154.0
148.0
157.0
139.0
128.0
155.0
238.0
133.0
122.0
195.0
295.0
150.0
140.0
247.0
106.0
178.0
129.0
126.0
177.0
214.0
306.0
96.0
156.0
123.0
114.0
131.0
130.0
135.0
53.0
182.0
119.0
127.0
192.0
122.0
176.0
441.0
188.0
167.0
173.0
92.0
88.0
99.0
148.0
151.0
92.0
127.0
100.0
165.0
159.0
66.0
160.0
150.0
134.0
147.0
134.0
184.0
183.0
196.0
95.0
218.0
223.0
208.0
187.0
240.0
140.0
135.0
124.0
139.0
218.0
136.0
84.0
152.0
131.0
104.0
111.0
222.0
287.0
122.0
258.0
189.0
167.0
120.0
70.0
216.0
112.0
177.0
126.0
251.0
144.0
101.0
160.0
134.0
138.0
136.0
208.0
241.0
139.0
96.0
182.0
127.0
159.0
179.0
229.0
134.0
168.0
179.0
137.0
109.0
149.0
138.0
321.0
221.0
196.0
174.0
259.0
162.0
157.0
160.0
137.0
120.0
221.0
149.0
108.0
195.0
184.0
183.0
231.0
148.0
211.0
118.0
69.0
165.0
112.0
211.0
199.0
134.0
137.0
172.0
140.0
287.0
244.0
161.0
173.0
114.0
148.0
208.0
152.0
110.0
225.0
60.0
110.0
154.0
119.0
133.0
72.0
197.0
162.0
101.0
119.0
222.0
187.0
177.0
93.0
168.0
129.0
220.0
261.0
345.0
170.0
122.0
133.0
175.0
162.0
164.0
97.0
120.0
290.0
213.0
114.0
283.0
144.0
141.0
162.0
116.0
146.0
128.0
196.0
126.0
208.0
206.0
314.0
287.0
170.0
138.0
136.0
108.0
91.0
66.0
161.0
120.0
198.0
157.0
215.0
138.0
155.0
125.0
166.0
153.0
117.0
165.0
147.0
63.0
216.0
156.0
132.0
767.0
201.0
72.0
109.0
211.0
122.0
180.0
202.0
98.0
96.0
190.0
143.0
304.0
210.0
200.0
225.0
242.0
236.0
105.0
157.0
76.0
144.0
181.0
304.0
92.0
241.0
114.0
196.0
151.0
177.0
101.0
172.0
114.0
150.0
106.0
111.0
108.0
162.0
79.0
124.0
177.0
104.0
102.0
161.0
278.0
239.0
211.0
206.0
206.0
71.0
145.0
144.0
232.0
158.0
142.0
128.0
133.0
230.0
148.0
122.0
112.0
215.0
99.0
230.0
103.0
242.0
162.0
182.0
112.0
115.0
197.0
163.0
211.0
134.0
175.0
104.0
172.0
154.0
168.0
205.0
124.0
128.0
136.0
238.0
217.0
67.0
227.0
120.0
144.0
119.0
148.0
124.0
115.0
196.0
91.0
208.0
123.0
105.0
90.0
196.0
100.0
133.0
143.0
180.0
240.0
140.0
146.0
139.0
210.0
117.0
278.0
163.0
106.0
153.0
106.0
92.0
127.0
260.0
105.0
109.0
162.0
205.0
108.0
131.0
233.0
173.0
149.0
86.0
136.0
152.0
182.0
122.0
181.0
230.0
187.0
185.0
159.0
145.0
109.0
83.0
199.0
126.0
168.0
122.0
171.0
199.0
102.0
320.0
115.0
151.0
136.0
179.0
133.0
165.0
146.0
110.0
83.0
180.0
100.0
110.0
162.0
137.0
195.0
155.0
118.0
214.0
190.0
89.0
158.0
101.0
133.0
160.0
145.0
108.0
213.0
154.0
173.0
236.0
196.0
123.0
163.0
284.0
245.0
110.0
260.0
152.0
101.0
191.0
184.0
170.0
95.0
102.0
140.0
139.0
138.0
174.0
164.0
125.0
169.0
171.0
252.0
148.0
160.0
127.0
162.0
126.0
95.0
114.0
139.0
122.0
124.0
236.0
219.0
234.0
185.0
82.0
151.0
375.0
103.0
117.0
133.0
198.0
146.0
143.0
157.0
192.0
129.0
116.0
128.0
227.0
189.0
137.0
217.0
138.0
198.0
72.0
194.0
91.0
161.0
176.0
137.0
194.0
310.0
92.0
150.0
231.0
106.0
203.0
48.0
275.0
145.0
117.0
166.0
161.0
89.0
136.0
168.0
174.0
275.0
107.0
306.0
330.0
113.0
147.0
187.0
114.0
284.0
156.0
125.0
129.0
127.0
207.0
127.0
111.0
267.0
153.0
239.0
109.0
94.0
108.0
251.0
152.0
99.0
164.0
121.0
144.0
130.0
143.0
156.0
144.0
126.0
187.0
275.0
96.0
219.0
119.0
77.0
323.0
70.0
161.0
143.0
203.0
90.0
126.0
151.0
135.0
124.0
114.0
97.0
213.0
101.0
117.0
142.0
172.0
121.0
137.0
221.0
325.0
514.0
84.0
156.0
87.0
161.0
481.0
185.0
113.0
201.0
169.0
104.0
212.0
102.0
140.0
159.0
162.0
169.0
205.0
279.0
92.0
130.0
137.0
134.0
191.0
98.0
135.0
98.0
73.0
178.0
185.0
113.0
291.0
217.0
226.0
97.0
186.0
103.0
146.0
226.0
227.0
309.0
167.0
184.0
177.0
146.0
152.0
196.0
178.0
248.0
162.0
94.0
136.0
234.0
82.0
234.0
115.0
138.0
183.0
86.0
369.0
127.0
125.0
145.0
173.0
123.0
161.0
222.0
152.0
140.0
134.0
162.0
170.0
105.0
173.0
127.0
168.0
109.0
69.0
136.0
122.0
118.0
88.0
150.0
143.0
130.0
263.0
176.0
171.0
145.0
176.0
266.0
197.0
103.0
171.0
200.0
107.0
252.0
122.0
178.0
210.0
220.0
135.0
130.0
116.0
148.0
118.0
104.0
175.0
341.0
100.0
106.0
195.0
155.0
74.0
240.0
286.0
104.0
161.0
92.0
167.0
149.0
186.0
174.0
215.0
149.0
138.0
198.0
214.0
110.0
178.0
162.0
217.0
108.0
170.0
217.0
184.0
176.0
138.0
223.0
218.0
138.0
237.0
159.0
159.0
245.0
216.0
59.0
156.0
125.0
199.0
137.0
363.0
140.0
208.0
205.0
184.0
115.0
111.0
192.0
216.0
79.0
162.0
333.0
89.0
168.0
193.0
68.0
181.0
196.0
130.0
139.0
96.0
80.0
123.0
270.0
90.0
138.0
220.0
203.0
197.0
120.0
185.0
147.0
85.0
113.0
214.0
132.0
124.0
269.0
119.0
171.0
179.0
106.0
122.0
126.0
116.0
207.0
89.0
148.0
157.0
221.0
104.0
154.0
117.0
188.0
263.0
115.0
126.0
119.0
74.0
266.0
152.0
91.0
198.0
151.0
114.0
160.0
128.0
192.0
132.0
164.0
208.0
129.0
160.0
276.0
114.0
149.0
142.0
214.0
203.0
197.0
161.0
125.0
105.0
155.0
135.0
169.0
156.0
95.0
175.0
210.0
123.0
340.0
94.0
133.0
140.0
174.0
186.0
164.0
129.0
184.0
202.0
171.0
62.0
134.0
177.0
143.0
102.0
129.0
157.0
138.0
145.0
118.0
216.0
168.0
113.0
168.0
132.0
107.0
155.0
71.0
135.0
211.0
116.0
240.0
247.0
142.0
142.0
96.0
157.0
152.0
183.0
156.0
110.0
120.0
255.0
120.0
172.0
85.0
189.0
107.0
213.0
137.0
160.0
257.0
171.0
98.0
192.0
109.0
111.0
138.0
81.0
223.0
202.0
147.0
149.0
185.0
260.0
183.0
222.0
110.0
111.0
83.0
178.0
136.0
94.0
151.0
167.0
172.0
95.0
210.0
265.0
122.0
232.0
217.0
210.0
187.0
166.0
173.0
191.0
111.0
140.0
141.0
180.0
107.0
126.0
177.0
187.0
93.0
122.0
155.0
199.0
109.0
317.0
117.0
88.0
215.0
241.0
93.0
100.0
227.0
198.0
155.0
197.0
157.0
185.0
116.0
198.0
86.0
110.0
113.0
128.0
171.0
154.0
101.0
100.0
187.0
99.0
246.0
125.0
187.0
151.0
129.0
127.0
166.0
85.0
138.0
133.0
190.0
143.0
114.0
123.0
137.0
156.0
177.0
190.0
205.0
107.0
122.0
90.0
198.0
120.0
172.0
121.0
108.0
224.0
148.0
162.0
147.0
107.0
170.0
170.0
160.0
180.0
231.0
230.0
90.0
156.0
254.0
261.0
153.0
175.0
122.0
140.0
270.0
146.0
178.0
108.0
133.0
153.0
132.0
94.0
100.0
192.0
159.0
155.0
177.0
157.0
148.0
215.0
127.0
178.0
277.0
132.0
129.0
321.0
130.0
167.0
162.0
87.0
158.0
226.0
220.0
441.0
166.0
197.0
142.0
167.0
166.0
80.0
180.0
160.0
85.0
187.0
150.0
153.0
99.0
166.0
217.0
146.0
174.0
108.0
45.0
182.0
159.0
81.0
233.0
111.0
292.0
146.0
124.0
164.0
172.0
105.0
160.0
157.0
154.0
191.0
118.0
152.0
148.0
73.0
229.0
218.0
156.0
142.0
100.0
126.0
109.0
57.0
392.0
105.0
96.0
183.0
270.0
137.0
144.0
119.0
103.0
206.0
183.0
83.0
183.0
115.0
181.0
217.0
136.0
187.0
185.0
139.0
136.0
182.0
143.0
215.0
291.0
139.0
221.0
148.0
125.0
156.0
368.0
131.0
193.0
249.0
151.0
132.0
121.0
224.0
166.0
84.0
173.0
92.0
142.0
340.0
183.0
260.0
186.0
175.0
178.0
201.0
255.0
133.0
193.0
242.0
122.0
83.0
58.0
162.0
147.0
138.0
201.0
200.0
213.0
142.0
179.0
80.0
133.0
144.0
397.0
162.0
220.0
131.0
105.0
137.0
160.0
172.0
133.0
145.0
122.0
213.0
165.0
160.0
108.0
256.0
176.0
151.0
159.0
85.0
71.0
282.0
286.0
219.0
170.0
206.0
158.0
245.0
170.0
172.0
129.0
175.0
109.0
93.0
117.0
253.0
118.0
149.0
150.0
166.0
275.0
178.0
145.0
203.0
1084.0
147.0
127.0
145.0
118.0
116.0
140.0
87.0
139.0
123.0
101.0
174.0
189.0
133.0
137.0
235.0
88.0
207.0
122.0
115.0
126.0
97.0
132.0
1782.0
317.0
150.0
162.0
98.0
178.0
168.0
221.0
140.0
151.0
206.0
154.0
158.0
194.0
176.0
94.0
276.0
226.0
237.0
127.0
257.0
184.0
159.0
59.0
182.0
135.0
199.0
269.0
97.0
223.0
101.0
247.0
209.0
98.0
235.0
107.0
179.0
102.0
82.0
170.0
219.0
162.0
254.0
122.0
137.0
151.0
184.0
104.0
174.0
144.0
190.0
127.0
78.0
192.0
293.0
171.0
177.0
110.0
289.0
179.0
131.0
91.0
191.0
181.0
158.0
109.0
135.0
125.0
195.0
180.0
120.0
138.0
101.0
130.0
121.0
212.0
215.0
276.0
111.0
220.0
210.0
259.0
187.0
127.0
78.0
111.0
100.0
217.0
196.0
185.0
151.0
138.0
140.0
145.0
191.0
212.0
69.0
272.0
105.0
119.0
288.0
175.0
148.0
213.0
234.0
155.0
183.0
187.0
125.0
143.0
382.0
127.0
180.0
139.0
108.0
123.0
176.0
148.0
108.0
184.0
209.0
98.0
199.0
64.0
204.0
75.0
144.0
179.0
132.0
106.0
248.0
115.0
110.0
212.0
218.0
198.0
121.0
146.0
160.0
240.0
156.0
201.0
110.0
145.0
144.0
200.0
94.0
121.0
107.0
145.0
117.0
113.0
160.0
293.0
174.0
152.0
101.0
184.0
136.0
214.0
174.0
192.0
111.0
120.0
196.0
83.0
104.0
145.0
135.0
125.0
175.0
108.0
151.0
190.0
182.0
161.0
175.0
133.0
84.0
127.0
62.0
110.0
284.0
97.0
186.0
168.0
118.0
132.0
196.0
145.0
144.0
184.0
150.0
212.0
267.0
208.0
158.0
102.0
103.0
193.0
223.0
176.0
216.0
149.0
157.0
112.0
146.0
146.0
212.0
140.0
153.0
165.0
57.0
133.0
241.0
124.0
137.0
152.0
190.0
193.0
133.0
149.0
148.0
153.0
128.0
79.0
239.0
97.0
132.0
303.0
84.0
230.0
114.0
160.0
356.0
163.0
113.0
184.0
123.0
137.0
174.0
183.0
167.0
105.0
142.0
166.0
92.0
211.0
151.0
113.0
222.0
93.0
296.0
139.0
468.0
195.0
118.0
213.0
141.0
150.0
137.0
180.0
218.0
144.0
82.0
99.0
241.0
162.0
279.0
149.0
157.0
224.0
160.0
137.0
189.0
193.0
115.0
117.0
195.0
117.0
108.0
172.0
161.0
169.0
147.0
156.0
194.0
248.0
167.0
112.0
200.0
130.0
196.0
144.0
120.0
138.0
150.0
119.0
277.0
131.0
224.0
96.0
93.0
166.0
144.0
181.0
194.0
89.0
208.0
121.0
143.0
159.0
240.0
135.0
267.0
111.0
104.0
179.0
215.0
123.0
153.0
142.0
167.0
72.0
176.0
161.0
233.0
138.0
136.0
121.0
131.0
240.0
117.0
216.0
150.0
132.0
148.0
109.0
145.0
202.0
145.0
250.0
114.0
120.0
168.0
88.0
178.0
182.0
199.0
113.0
141.0
161.0
400.0
219.0
147.0
102.0
166.0
200.0
134.0
148.0
122.0
191.0
185.0
135.0
191.0
146.0
200.0
165.0
362.0
161.0
121.0
107.0
188.0
120.0
150.0
253.0
156.0
226.0
70.0
96.0
133.0
162.0
131.0
143.0
112.0
126.0
301.0
199.0
81.0
189.0
198.0
175.0
133.0
233.0
220.0
128.0
123.0
171.0
140.0
132.0
199.0
183.0
180.0
164.0
233.0
132.0
112.0
105.0
132.0
123.0
126.0
157.0
127.0
182.0
163.0
148.0
253.0
164.0
199.0
149.0
174.0
77.0
108.0
176.0
111.0
147.0
142.0
112.0
120.0
74.0
179.0
491.0
145.0
84.0
140.0
123.0
80.0
248.0
153.0
91.0
215.0
107.0
98.0
150.0
227.0
174.0
175.0
165.0
212.0
174.0
156.0
146.0
93.0
86.0
147.0
145.0
229.0
214.0
178.0
154.0
254.0
192.0
160.0
80.0
225.0
184.0
214.0
151.0
164.0
134.0
175.0
130.0
226.0
227.0
159.0
152.0
150.0
218.0
155.0
116.0
110.0
155.0
172.0
239.0
152.0
117.0
119.0
159.0
213.0
138.0
129.0
190.0
172.0
167.0
147.0
206.0
177.0
169.0
204.0
186.0
80.0
118.0
238.0
115.0
240.0
148.0
145.0
236.0
139.0
138.0
149.0
196.0
144.0
213.0
112.0
113.0
204.0
190.0
249.0
117.0
126.0
109.0
177.0
186.0
120.0
113.0
168.0
208.0
144.0
180.0
168.0
247.0
97.0
125.0
212.0
122.0
67.0
164.0
310.0
177.0
121.0
110.0
205.0
130.0
168.0
145.0
189.0
83.0
189.0
217.0
157.0
192.0
247.0
154.0
189.0
267.0
108.0
133.0
81.0
154.0
202.0
216.0
249.0
129.0
86.0
161.0
112.0
104.0
188.0
127.0
165.0
133.0
132.0
142.0
206.0
183.0
155.0
117.0
139.0
114.0
210.0
109.0
185.0
109.0
167.0
195.0
266.0
147.0
143.0
164.0
117.0
148.0
220.0
148.0
174.0
142.0
112.0
143.0
101.0
179.0
207.0
161.0
202.0
91.0
124.0
250.0
128.0
123.0
101.0
104.0
108.0
181.0
359.0
122.0
160.0
150.0
221.0
126.0
99.0
143.0
127.0
348.0
101.0
104.0
136.0
215.0
129.0
115.0
212.0
137.0
136.0
295.0
149.0
91.0
185.0
187.0
166.0
186.0
174.0
146.0
133.0
118.0
192.0
154.0
116.0
243.0
119.0
93.0
196.0
224.0
198.0
198.0
105.0
242.0
191.0
172.0
156.0
207.0
97.0
181.0
127.0
133.0
158.0
208.0
221.0
103.0
189.0
173.0
135.0
176.0
273.0
166.0
215.0
175.0
90.0
135.0
127.0
129.0
141.0
194.0
113.0
251.0
155.0
146.0
139.0
145.0
153.0
101.0
140.0
133.0
191.0
142.0
146.0
123.0
134.0
127.0
180.0
254.0
152.0
171.0
137.0
172.0
137.0
145.0
138.0
114.0
186.0
107.0
184.0
64.0
211.0
131.0
155.0
153.0
134.0
181.0
235.0
135.0
178.0
166.0
152.0
119.0
229.0
195.0
135.0
182.0
136.0
312.0
119.0
142.0
281.0
85.0
209.0
204.0
103.0
186.0
165.0
108.0
216.0
219.0
100.0
121.0
113.0
173.0
234.0
79.0
160.0
205.0
166.0
219.0
124.0
94.0
269.0
136.0
247.0
260.0
281.0
160.0
174.0
112.0
218.0
108.0
84.0
232.0
246.0
106.0
204.0
153.0
125.0
156.0
136.0
244.0
139.0
196.0
118.0
165.0
130.0
142.0
143.0
249.0
112.0
136.0
161.0
307.0
222.0
162.0
433.0
150.0
187.0
117.0
264.0
85.0
118.0
87.0
152.0
87.0
212.0
140.0
232.0
207.0
141.0
167.0
194.0
97.0
164.0
254.0
193.0
84.0
108.0
163.0
250.0
130.0
179.0
92.0
241.0
154.0
149.0
142.0
183.0
219.0
195.0
163.0
184.0
75.0
311.0
189.0
319.0
87.0
125.0
146.0
88.0
110.0
150.0
161.0
1105.0
169.0
136.0
168.0
94.0
146.0
142.0
114.0
105.0
115.0
141.0
168.0
119.0
197.0
100.0
110.0
124.0
263.0
85.0
112.0
941.0
113.0
152.0
176.0
194.0
141.0
148.0
82.0
215.0
207.0
141.0
156.0
130.0
173.0
246.0
188.0
234.0
91.0
146.0
282.0
88.0
156.0
126.0
125.0
449.0
142.0
155.0
235.0
182.0
113.0
193.0
136.0
250.0
189.0
103.0
117.0
226.0
152.0
127.0
94.0
152.0
72.0
155.0
212.0
158.0
133.0
130.0
151.0
145.0
173.0
160.0
245.0
90.0
101.0
154.0
130.0
178.0
168.0
143.0
152.0
115.0
130.0
214.0
135.0
379.0
140.0
113.0
148.0
93.0
170.0
138.0
194.0
139.0
192.0
88.0
139.0
238.0
122.0
158.0
279.0
259.0
126.0
181.0
118.0
193.0
209.0
198.0
163.0
148.0
176.0
126.0
173.0
169.0
155.0
108.0
130.0
145.0
151.0
166.0
153.0
285.0
146.0
219.0
180.0
236.0
152.0
193.0
136.0
141.0
136.0
152.0
171.0
130.0
109.0
132.0
162.0
221.0
160.0
150.0
183.0
243.0
147.0
138.0
218.0
165.0
185.0
189.0
120.0
153.0
117.0
230.0
213.0
144.0
103.0
202.0
93.0
136.0
172.0
144.0
191.0
180.0
140.0
319.0
104.0
142.0
109.0
145.0
251.0
265.0
208.0
275.0
99.0
199.0
72.0
194.0
153.0
111.0
186.0
121.0
189.0
175.0
103.0
210.0
145.0
180.0
146.0
271.0
158.0
117.0
135.0
130.0
169.0
150.0
130.0
132.0
128.0
230.0
158.0
235.0
235.0
189.0
155.0
177.0
252.0
173.0
113.0
124.0
92.0
202.0
162.0
136.0
164.0
171.0
106.0
116.0
300.0
148.0
99.0
118.0
70.0
132.0
141.0
192.0
130.0
303.0
122.0
244.0
168.0
135.0
187.0
165.0
125.0
157.0
150.0
128.0
203.0
95.0
174.0
116.0
128.0
266.0
102.0
281.0
187.0
126.0
120.0
192.0
159.0
267.0
141.0
103.0
168.0
110.0
170.0
206.0
108.0
221.0
246.0
135.0
180.0
101.0
158.0
138.0
169.0
117.0
78.0
263.0
123.0
146.0
196.0
88.0
250.0
175.0
139.0
180.0
118.0
176.0
79.0
98.0
185.0
139.0
119.0
165.0
144.0
69.0
220.0
192.0
85.0
112.0
126.0
139.0
325.0
124.0
499.0
206.0
172.0
199.0
143.0
177.0
195.0
249.0
87.0
272.0
157.0
190.0
88.0
137.0
189.0
124.0
122.0
77.0
128.0
257.0
139.0
190.0
107.0
225.0
226.0
154.0
216.0
100.0
123.0
327.0
93.0
273.0
137.0
198.0
119.0
125.0
140.0
85.0
226.0
161.0
137.0
187.0
237.0
135.0
150.0
110.0
84.0
214.0
153.0
125.0
188.0
109.0
116.0
147.0
131.0
131.0
170.0
251.0
219.0
159.0
71.0
109.0
255.0
140.0
132.0
129.0
150.0
236.0
206.0
153.0
143.0
149.0
120.0
106.0
138.0
185.0
143.0
113.0
200.0
161.0
99.0
188.0
195.0
190.0
96.0
143.0
131.0
192.0
206.0
277.0
90.0
116.0
260.0
91.0
143.0
153.0
245.0
162.0
125.0
189.0
383.0
178.0
187.0
97.0
144.0
120.0
146.0
188.0
130.0
177.0
196.0
187.0
105.0
169.0
286.0
311.0
182.0
170.0
196.0
213.0
144.0
115.0
125.0
208.0
169.0
129.0
119.0
235.0
112.0
202.0
133.0
302.0
193.0
211.0
91.0
77.0
98.0
203.0
108.0
165.0
222.0
134.0
170.0
104.0
232.0
263.0
157.0
139.0
198.0
123.0
209.0
127.0
91.0
197.0
118.0
413.0
113.0
185.0
112.0
118.0
179.0
256.0
221.0
269.0
113.0
164.0
127.0
122.0
144.0
177.0
171.0
156.0
148.0
64.0
128.0
175.0
190.0
115.0
145.0
218.0
119.0
131.0
152.0
106.0
160.0
290.0
119.0
162.0
172.0
158.0
210.0
281.0
116.0
138.0
194.0
206.0
137.0
154.0
162.0
196.0
222.0
146.0
165.0
302.0
143.0
167.0
114.0
148.0
111.0
133.0
170.0
160.0
129.0
144.0
214.0
102.0
247.0
213.0
101.0
124.0
129.0
173.0
194.0
130.0
174.0
240.0
71.0
166.0
143.0
141.0
243.0
195.0
111.0
195.0
191.0
149.0
107.0
114.0
160.0
171.0
153.0
116.0
290.0
221.0
264.0
168.0
132.0
158.0
163.0
120.0
101.0
138.0
212.0
122.0
170.0
127.0
136.0
214.0
145.0
183.0
170.0
152.0
151.0
115.0
112.0
195.0
203.0
249.0
108.0
104.0
226.0
115.0
218.0
181.0
184.0
132.0
125.0
131.0
102.0
197.0
194.0
225.0
130.0
155.0
182.0
135.0
187.0
149.0
142.0
77.0
149.0
167.0
115.0
160.0
119.0
96.0
135.0
229.0
160.0
107.0
358.0
411.0
139.0
107.0
199.0
123.0
142.0
225.0
110.0
174.0
134.0
166.0
144.0
128.0
185.0
119.0
194.0
156.0
106.0
156.0
127.0
175.0
174.0
143.0
146.0
112.0
251.0
148.0
126.0
165.0
178.0
224.0
156.0
154.0
155.0
164.0
185.0
151.0
130.0
147.0
128.0
176.0
140.0
150.0
224.0
195.0
141.0
223.0
140.0
283.0
107.0
165.0
112.0
167.0
131.0
204.0
154.0
92.0
164.0
216.0
235.0
176.0
153.0
223.0
157.0
157.0
154.0
233.0
143.0
172.0
103.0
113.0
236.0
136.0
153.0
177.0
191.0
185.0
138.0
282.0
91.0
151.0
104.0
180.0
173.0
257.0
209.0
125.0
226.0
195.0
114.0
171.0
164.0
126.0
96.0
263.0
136.0
142.0
149.0
114.0
186.0
293.0
139.0
72.0
113.0
140.0
182.0
211.0
122.0
221.0
190.0
201.0
121.0
115.0
228.0
160.0
159.0
101.0
179.0
153.0
146.0
155.0
136.0
191.0
136.0
135.0
148.0
173.0
114.0
133.0
113.0
129.0
136.0
213.0
205.0
195.0
118.0
100.0
219.0
157.0
229.0
156.0
185.0
143.0
90.0
128.0
195.0
145.0
244.0
131.0
141.0
183.0
88.0
161.0
149.0
222.0
266.0
227.0
111.0
259.0
77.0
124.0
76.0
182.0
102.0
204.0
179.0
166.0
125.0
128.0
181.0
137.0
126.0
193.0
89.0
238.0
138.0
130.0
173.0
199.0
80.0
182.0
111.0
220.0
205.0
159.0
108.0
142.0
142.0
163.0
181.0
139.0
226.0
173.0
284.0
112.0
119.0
223.0
189.0
91.0
145.0
189.0
178.0
73.0
183.0
105.0
170.0
151.0
179.0
164.0
124.0
127.0
129.0
145.0
175.0
163.0
188.0
135.0
104.0
195.0
122.0
194.0
303.0
122.0
144.0
102.0
194.0
120.0
123.0
180.0
146.0
229.0
175.0
157.0
147.0
114.0
83.0
214.0
100.0
265.0
222.0
165.0
142.0
104.0
297.0
219.0
114.0
86.0
174.0
220.0
146.0
118.0
120.0
122.0
228.0
175.0
217.0
161.0
166.0
252.0
162.0
149.0
127.0
124.0
75.0
181.0
104.0
79.0
137.0
139.0
136.0
199.0
145.0
156.0
137.0
131.0
206.0
230.0
107.0
159.0
152.0
206.0
325.0
274.0
137.0
144.0
145.0
214.0
129.0
121.0
134.0
192.0
132.0
83.0
174.0
144.0
143.0
200.0
180.0
144.0
243.0
152.0
165.0
118.0
185.0
161.0
173.0
145.0
114.0
195.0
179.0
149.0
184.0
113.0
82.0
138.0
174.0
147.0
191.0
265.0
189.0
164.0
140.0
145.0
241.0
158.0
125.0
190.0
143.0
144.0
156.0
151.0
158.0
173.0
132.0
148.0
112.0
154.0
137.0
158.0
264.0
179.0
115.0
164.0
192.0
176.0
230.0
250.0
225.0
125.0
164.0
108.0
144.0
105.0
113.0
180.0
265.0
215.0
133.0
115.0
219.0
204.0
130.0
224.0
190.0
228.0
196.0
97.0
184.0
121.0
247.0
220.0
253.0
225.0
183.0
111.0
215.0
283.0
174.0
185.0
158.0
127.0
172.0
354.0
226.0
157.0
129.0
259.0
144.0
149.0
170.0
188.0
198.0
233.0
117.0
166.0
135.0
82.0
53.0
107.0
237.0
134.0
170.0
273.0
264.0
131.0
166.0
173.0
149.0
174.0
135.0
305.0
143.0
177.0
194.0
107.0
135.0
173.0
125.0
246.0
127.0
157.0
130.0
335.0
118.0
201.0
177.0
183.0
144.0
195.0
233.0
234.0
137.0
115.0
149.0
102.0
87.0
120.0
168.0
142.0
176.0
113.0
166.0
190.0
196.0
190.0
114.0
146.0
113.0
114.0
144.0
159.0
146.0
81.0
184.0
253.0
215.0
207.0
164.0
119.0
158.0
129.0
131.0
155.0
191.0
176.0
132.0
91.0
198.0
190.0
112.0
138.0
137.0
147.0
152.0
149.0
145.0
231.0
254.0
140.0
113.0
262.0
94.0
166.0
121.0
144.0
114.0
193.0
276.0
107.0
131.0
248.0
131.0
257.0
140.0
122.0
169.0
284.0
185.0
171.0
131.0
141.0
187.0
92.0
209.0
257.0
118.0
166.0
225.0
157.0
201.0
100.0
230.0
146.0
212.0
169.0
322.0
139.0
169.0
152.0
95.0
102.0
185.0
158.0
106.0
188.0
175.0
194.0
189.0
65.0
155.0
84.0
141.0
161.0
139.0
93.0
330.0
151.0
111.0
154.0
115.0
231.0
224.0
159.0
99.0
169.0
144.0
258.0
226.0
182.0
137.0
138.0
248.0
170.0
183.0
209.0
93.0
188.0
127.0
141.0
37.0
170.0
136.0
83.0
197.0
129.0
147.0
212.0
175.0
208.0
173.0
238.0
203.0
167.0
99.0
151.0
135.0
113.0
141.0
197.0
130.0
210.0
153.0
190.0
156.0
229.0
160.0
200.0
136.0
127.0
200.0
151.0
174.0
199.0
113.0
147.0
183.0
142.0
145.0
180.0
163.0
96.0
108.0
156.0
130.0
172.0
153.0
154.0
112.0
152.0
202.0
156.0
109.0
214.0
194.0
105.0
149.0
189.0
248.0
148.0
103.0
173.0
115.0
175.0
74.0
122.0
121.0
337.0
156.0
170.0
165.0
266.0
106.0
145.0
216.0
149.0
231.0
189.0
192.0
135.0
128.0
185.0
250.0
147.0
213.0
115.0
187.0
136.0
181.0
145.0
200.0
150.0
105.0
128.0
161.0
173.0
177.0
114.0
216.0
138.0
146.0
141.0
260.0
140.0
188.0
171.0
126.0
131.0
114.0
193.0
134.0
136.0
132.0
193.0
203.0
151.0
168.0
165.0
137.0
117.0
119.0
114.0
120.0
170.0
91.0
153.0
136.0
165.0
118.0
218.0
218.0
175.0
128.0
147.0
321.0
205.0
344.0
170.0
130.0
140.0
113.0
194.0
152.0
185.0
124.0
142.0
95.0
168.0
119.0
253.0
274.0
88.0
99.0
145.0
150.0
135.0
149.0
163.0
298.0
89.0
199.0
114.0
116.0
163.0
159.0
198.0
285.0
110.0
222.0
240.0
101.0
168.0
79.0
180.0
132.0
207.0
137.0
136.0
264.0
92.0
278.0
133.0
145.0
223.0
207.0
209.0
111.0
241.0
227.0
172.0
94.0
117.0
99.0
132.0
180.0
146.0
131.0
187.0
163.0
135.0
138.0
182.0
152.0
183.0
142.0
160.0
144.0
108.0
213.0
193.0
166.0
190.0
182.0
127.0
124.0
240.0
190.0
208.0
141.0
148.0
164.0
122.0
220.0
457.0
241.0
168.0
130.0
105.0
138.0
166.0
132.0
190.0
189.0
220.0
145.0
208.0
189.0
99.0
156.0
182.0
173.0
135.0
150.0
211.0
94.0
213.0
134.0
203.0
199.0
179.0
134.0
204.0
202.0
252.0
87.0
223.0
167.0
211.0
129.0
109.0
105.0
136.0
205.0
149.0
167.0
140.0
179.0
166.0
249.0
201.0
232.0
120.0
111.0
210.0
166.0
172.0
161.0
224.0
131.0
127.0
266.0
163.0
221.0
106.0
272.0
158.0
140.0
145.0
200.0
121.0
94.0
151.0
276.0
163.0
217.0
208.0
85.0
134.0
182.0
231.0
307.0
106.0
196.0
183.0
146.0
175.0
160.0
156.0
171.0
144.0
101.0
119.0
139.0
214.0
129.0
189.0
146.0
187.0
185.0
116.0
255.0
174.0
184.0
149.0
207.0
175.0
118.0
261.0
310.0
123.0
147.0
148.0
241.0
163.0
185.0
141.0
129.0
261.0
168.0
204.0
112.0
103.0
97.0
277.0
130.0
149.0
85.0
175.0
157.0
116.0
190.0
160.0
183.0
210.0
182.0
137.0
199.0
96.0
162.0
108.0
177.0
179.0
175.0
130.0
195.0
248.0
143.0
169.0
116.0
141.0
118.0
217.0
229.0
332.0
175.0
230.0
144.0
247.0
121.0
198.0
121.0
70.0
166.0
108.0
176.0
149.0
113.0
158.0
202.0
112.0
62.0
117.0
125.0
289.0
160.0
171.0
160.0
132.0
137.0
129.0
190.0
212.0
121.0
141.0
167.0
214.0
151.0
166.0
115.0
218.0
267.0
152.0
234.0
120.0
210.0
128.0
162.0
153.0
170.0
99.0
233.0
157.0
143.0
72.0
159.0
320.0
171.0
151.0
142.0
146.0
201.0
231.0
149.0
209.0
99.0
174.0
98.0
220.0
140.0
259.0
188.0
178.0
141.0
149.0
138.0
227.0
180.0
150.0
115.0
122.0
124.0
199.0
199.0
179.0
114.0
154.0
186.0
147.0
119.0
171.0
251.0
118.0
224.0
117.0
149.0
147.0
198.0
133.0
217.0
180.0
223.0
298.0
155.0
104.0
144.0
204.0
143.0
166.0
164.0
183.0
139.0
178.0
144.0
164.0
238.0
129.0
109.0
135.0
106.0
152.0
222.0
130.0
272.0
111.0
189.0
161.0
146.0
117.0
130.0
382.0
236.0
199.0
135.0
111.0
145.0
129.0
128.0
162.0
167.0
231.0
88.0
106.0
147.0
195.0
118.0
78.0
114.0
141.0
119.0
184.0
165.0
185.0
179.0
92.0
131.0
181.0
143.0
204.0
172.0
122.0
132.0
140.0
177.0
156.0
161.0
229.0
129.0
151.0
190.0
147.0
165.0
156.0
176.0
123.0
116.0
115.0
164.0
140.0
136.0
134.0
119.0
102.0
132.0
240.0
185.0
184.0
175.0
213.0
246.0
189.0
82.0
117.0
106.0
168.0
174.0
184.0
146.0
96.0
152.0
178.0
139.0
181.0
206.0
165.0
182.0
166.0
223.0
96.0
206.0
200.0
119.0
66.0
199.0
107.0
184.0
157.0
158.0
222.0
234.0
150.0
191.0
162.0
99.0
168.0
239.0
190.0
202.0
60.0
94.0
159.0
168.0
188.0
154.0
184.0
103.0
134.0
223.0
159.0
128.0
164.0
167.0
238.0
125.0
160.0
137.0
154.0
144.0
165.0
94.0
307.0
82.0
147.0
178.0
188.0
121.0
202.0
180.0
150.0
130.0
98.0
99.0
122.0
162.0
155.0
275.0
163.0
142.0
183.0
132.0
112.0
140.0
204.0
246.0
223.0
141.0
172.0
130.0
289.0
130.0
167.0
240.0
135.0
94.0
173.0
234.0
104.0
198.0
129.0
134.0
160.0
89.0
184.0
169.0
232.0
153.0
131.0
158.0
160.0
168.0
147.0
144.0
161.0
161.0
140.0
193.0
164.0
187.0
172.0
189.0
135.0
163.0
133.0
178.0
155.0
158.0
173.0
126.0
201.0
232.0
152.0
176.0
143.0
117.0
270.0
228.0
163.0
149.0
144.0
121.0
215.0
171.0
131.0
99.0
170.0
222.0
133.0
112.0
263.0
154.0
175.0
127.0
190.0
147.0
125.0
151.0
211.0
121.0
278.0
199.0
126.0
366.0
158.0
150.0
149.0
154.0
193.0
165.0
188.0
156.0
72.0
185.0
165.0
135.0
80.0
147.0
125.0
112.0
245.0
190.0
142.0
194.0
178.0
129.0
98.0
244.0
195.0
92.0
91.0
157.0
118.0
134.0
137.0
104.0
143.0
115.0
215.0
228.0
184.0
299.0
340.0
113.0
121.0
118.0
63.0
178.0
78.0
280.0
153.0
126.0
95.0
160.0
162.0
206.0
107.0
128.0
186.0
156.0
162.0
195.0
270.0
115.0
265.0
103.0
152.0
188.0
250.0
170.0
226.0
120.0
186.0
190.0
91.0
162.0
106.0
144.0
88.0
244.0
141.0
99.0
196.0
178.0
96.0
86.0
295.0
202.0
216.0
158.0
181.0
285.0
226.0
152.0
240.0
193.0
125.0
124.0
179.0
189.0
257.0
182.0
226.0
102.0
122.0
131.0
151.0
168.0
135.0
127.0
158.0
170.0
186.0
150.0
217.0
188.0
200.0
173.0
167.0
188.0
121.0
187.0
278.0
193.0
83.0
180.0
362.0
281.0
119.0
204.0
137.0
139.0
96.0
242.0
175.0
220.0
170.0
166.0
163.0
156.0
156.0
179.0
225.0
129.0
318.0
94.0
166.0
123.0
231.0
125.0
87.0
187.0
117.0
224.0
83.0
179.0
203.0
133.0
175.0
113.0
165.0
154.0
140.0
223.0
213.0
253.0
156.0
169.0
138.0
76.0
155.0
140.0
119.0
162.0
145.0
152.0
119.0
227.0
171.0
185.0
202.0
165.0
119.0
157.0
201.0
166.0
183.0
130.0
245.0
184.0
140.0
185.0
133.0
198.0
123.0
163.0
174.0
120.0
170.0
157.0
223.0
117.0
108.0
150.0
482.0
134.0
149.0
84.0
76.0
138.0
205.0
106.0
207.0
213.0
148.0
151.0
189.0
88.0
173.0
209.0
201.0
173.0
110.0
125.0
192.0
206.0
252.0
90.0
299.0
161.0
180.0
193.0
198.0
182.0
201.0
196.0
146.0
173.0
126.0
108.0
105.0
148.0
110.0
205.0
152.0
102.0
155.0
126.0
189.0
210.0
113.0
117.0
160.0
200.0
222.0
58.0
250.0
118.0
126.0
187.0
128.0
174.0
283.0
176.0
266.0
100.0
79.0
127.0
123.0
148.0
173.0
146.0
260.0
142.0
233.0
141.0
183.0
122.0
113.0
113.0
193.0
93.0
191.0
98.0
269.0
76.0
171.0
184.0
134.0
223.0
148.0
170.0
207.0
145.0
171.0
167.0
207.0
191.0
154.0
172.0
163.0
124.0
131.0
154.0
219.0
276.0
136.0
159.0
84.0
96.0
130.0
151.0
165.0
180.0
170.0
164.0
156.0
157.0
193.0
158.0
205.0
179.0
126.0
146.0
119.0
179.0
140.0
66.0
116.0
161.0
164.0
282.0
181.0
227.0
156.0
225.0
148.0
165.0
300.0
109.0
194.0
177.0
249.0
91.0
200.0
149.0
206.0
134.0
161.0
174.0
180.0
220.0
173.0
196.0
166.0
192.0
138.0
244.0
162.0
179.0
167.0
105.0
117.0
213.0
94.0
135.0
78.0
191.0
201.0
124.0
175.0
136.0
146.0
200.0
75.0
173.0
123.0
141.0
147.0
142.0
107.0
227.0
100.0
143.0
225.0
181.0
203.0
134.0
98.0
171.0
149.0
90.0
196.0
147.0
231.0
216.0
125.0
132.0
155.0
132.0
204.0
114.0
247.0
173.0
153.0
172.0
158.0
159.0
148.0
228.0
158.0
100.0
162.0
238.0
106.0
240.0
246.0
213.0
136.0
173.0
152.0
117.0
173.0
140.0
142.0
193.0
159.0
197.0
186.0
150.0
161.0
107.0
179.0
180.0
152.0
111.0
270.0
178.0
234.0
252.0
194.0
185.0
114.0
130.0
161.0
201.0
147.0
144.0
114.0
151.0
211.0
189.0
164.0
110.0
160.0
163.0
187.0
198.0
185.0
125.0
119.0
146.0
183.0
166.0
181.0
279.0
140.0
180.0
165.0
186.0
88.0
132.0
156.0
120.0
149.0
119.0
260.0
177.0
137.0
181.0
116.0
163.0
121.0
155.0
136.0
165.0
182.0
216.0
167.0
164.0
85.0
167.0
147.0
169.0
258.0
147.0
162.0
232.0
198.0
183.0
242.0
104.0
133.0
150.0
162.0
267.0
222.0
250.0
158.0
167.0
109.0
166.0
101.0
137.0
102.0
124.0
141.0
129.0
214.0
238.0
153.0
158.0
168.0
283.0
204.0
108.0
178.0
128.0
218.0
89.0
118.0
148.0
194.0
104.0
134.0
175.0
264.0
200.0
187.0
199.0
250.0
122.0
307.0
164.0
162.0
145.0
177.0
108.0
268.0
145.0
193.0
118.0
210.0
201.0
115.0
122.0
199.0
135.0
87.0
217.0
137.0
138.0
263.0
121.0
122.0
158.0
154.0
183.0
161.0
219.0
150.0
146.0
128.0
136.0
97.0
152.0
157.0
192.0
142.0
126.0
249.0
206.0
222.0
179.0
121.0
240.0
125.0
187.0
166.0
124.0
140.0
166.0
137.0
211.0
135.0
168.0
151.0
225.0
168.0
146.0
82.0
135.0
262.0
170.0
134.0
216.0
204.0
238.0
233.0
192.0
217.0
174.0
89.0
130.0
190.0
229.0
110.0
118.0
176.0
216.0
129.0
167.0
132.0
160.0
141.0
258.0
124.0
101.0
168.0
96.0
149.0
283.0
139.0
133.0
138.0
145.0
164.0
139.0
142.0
128.0
191.0
169.0
138.0
191.0
118.0
237.0
151.0
251.0
296.0
187.0
163.0
203.0
136.0
103.0
202.0
161.0
135.0
125.0
100.0
208.0
158.0
109.0
155.0
145.0
107.0
174.0
158.0
126.0
157.0
196.0
287.0
241.0
135.0
95.0
167.0
113.0
105.0
181.0
221.0
202.0
160.0
103.0
185.0
185.0
211.0
203.0
226.0
265.0
153.0
104.0
268.0
170.0
228.0
72.0
164.0
114.0
190.0
183.0
130.0
218.0
115.0
203.0
165.0
245.0
192.0
166.0
165.0
186.0
260.0
213.0
154.0
135.0
277.0
184.0
140.0
251.0
139.0
155.0
134.0
119.0
118.0
171.0
157.0
160.0
175.0
160.0
93.0
139.0
230.0
148.0
199.0
120.0
177.0
100.0
188.0
192.0
106.0
229.0
135.0
179.0
166.0
104.0
224.0
156.0
171.0
182.0
211.0
168.0
241.0
156.0
127.0
145.0
139.0
129.0
150.0
146.0
214.0
228.0
179.0
153.0
140.0
96.0
132.0
152.0
160.0
142.0
139.0
109.0
141.0
139.0
164.0
181.0
156.0
162.0
242.0
83.0
207.0
167.0
185.0
144.0
98.0
260.0
120.0
112.0
161.0
207.0
155.0
97.0
194.0
131.0
296.0
135.0
151.0
100.0
140.0
190.0
154.0
169.0
161.0
210.0
221.0
128.0
93.0
91.0
156.0
164.0
148.0
239.0
225.0
233.0
165.0
120.0
198.0
133.0
123.0
249.0
123.0
160.0
155.0
218.0
121.0
254.0
269.0
151.0
241.0
194.0
181.0
92.0
193.0
201.0
119.0
177.0
158.0
268.0
174.0
173.0
237.0
180.0
248.0
162.0
70.0
377.0
143.0
143.0
112.0
166.0
197.0
157.0
232.0
258.0
145.0
188.0
131.0
137.0
131.0
133.0
163.0
85.0
88.0
251.0
109.0
227.0
136.0
172.0
174.0
166.0
166.0
126.0
135.0
173.0
140.0
196.0
153.0
154.0
123.0
101.0
100.0
197.0
210.0
198.0
110.0
149.0
200.0
219.0
81.0
147.0
144.0
135.0
152.0
227.0
102.0
126.0
160.0
230.0
138.0
121.0
154.0
149.0
168.0
169.0
200.0
150.0
206.0
109.0
116.0
244.0
124.0
160.0
251.0
204.0
176.0
163.0
105.0
177.0
143.0
126.0
226.0
124.0
159.0
213.0
131.0
219.0
131.0
184.0
184.0
152.0
157.0
286.0
144.0
179.0
177.0
131.0
178.0
124.0
160.0
186.0
189.0
233.0
145.0
127.0
147.0
145.0
222.0
171.0
169.0
261.0
163.0
226.0
212.0
182.0
141.0
130.0
144.0
117.0
100.0
221.0
111.0
268.0
193.0
154.0
128.0
66.0
152.0
180.0
175.0
191.0
141.0
167.0
227.0
230.0
120.0
109.0
92.0
110.0
126.0
551.0
163.0
127.0
134.0
126.0
122.0
130.0
139.0
161.0
170.0
139.0
185.0
144.0
153.0
240.0
94.0
153.0
149.0
165.0
202.0
180.0
188.0
148.0
144.0
126.0
178.0
242.0
142.0
130.0
85.0
89.0
217.0
173.0
114.0
113.0
135.0
217.0
144.0
149.0
90.0
267.0
118.0
147.0
117.0
114.0
133.0
214.0
75.0
138.0
160.0
143.0
177.0
190.0
139.0
107.0
93.0
193.0
183.0
178.0
132.0
122.0
139.0
204.0
103.0
238.0
215.0
311.0
120.0
105.0
110.0
184.0
154.0
181.0
79.0
196.0
148.0
165.0
166.0
151.0
223.0
190.0
144.0
96.0
215.0
169.0
141.0
249.0
221.0
113.0
112.0
223.0
106.0
165.0
201.0
140.0
140.0
151.0
163.0
142.0
89.0
149.0
265.0
158.0
148.0
149.0
173.0
133.0
201.0
213.0
190.0
151.0
171.0
117.0
114.0
121.0
292.0
231.0
162.0
160.0
228.0
161.0
194.0
80.0
215.0
133.0
135.0
178.0
140.0
128.0
112.0
93.0
123.0
151.0
141.0
201.0
198.0
143.0
163.0
178.0
162.0
189.0
210.0
173.0
155.0
129.0
197.0
237.0
144.0
91.0
113.0
181.0
390.0
93.0
242.0
149.0
189.0
133.0
155.0
192.0
192.0
153.0
141.0
183.0
203.0
171.0
109.0
322.0
115.0
233.0
260.0
155.0
130.0
120.0
183.0
253.0
156.0
126.0
84.0
187.0
144.0
173.0
121.0
159.0
246.0
168.0
90.0
161.0
193.0
183.0
101.0
230.0
90.0
101.0
165.0
204.0
136.0
142.0
120.0
184.0
186.0
158.0
226.0
225.0
126.0
199.0
190.0
169.0
201.0
174.0
153.0
111.0
144.0
143.0
127.0
116.0
188.0
179.0
218.0
141.0
139.0
194.0
239.0
231.0
161.0
139.0
103.0
189.0
136.0
342.0
127.0
167.0
256.0
199.0
154.0
186.0
144.0
106.0
200.0
226.0
107.0
245.0
113.0
170.0
88.0
162.0
199.0
231.0
185.0
122.0
208.0
176.0
135.0
145.0
153.0
106.0
214.0
173.0
148.0
215.0
140.0
145.0
140.0
126.0
119.0
191.0
145.0
117.0
123.0
187.0
92.0
150.0
97.0
256.0
168.0
194.0
149.0
126.0
141.0
169.0
101.0
475.0
139.0
72.0
146.0
130.0
126.0
193.0
237.0
158.0
144.0
138.0
181.0
132.0
189.0
196.0
265.0
127.0
213.0
112.0
192.0
199.0
167.0
172.0
89.0
103.0
202.0
148.0
152.0
142.0
173.0
187.0
184.0
153.0
111.0
131.0
111.0
157.0
191.0
121.0
133.0
157.0
179.0
191.0
98.0
214.0
169.0
220.0
153.0
133.0
192.0
244.0
145.0
157.0
153.0
140.0
161.0
117.0
174.0
305.0
121.0
220.0
115.0
123.0
99.0
122.0
306.0
214.0
121.0
230.0
116.0
107.0
162.0
209.0
254.0
103.0
120.0
178.0
236.0
87.0
161.0
139.0
106.0
204.0
309.0
231.0
169.0
174.0
247.0
194.0
129.0
177.0
145.0
186.0
185.0
132.0
188.0
123.0
209.0
100.0
157.0
128.0
252.0
166.0
135.0
250.0
139.0
86.0
128.0
152.0
128.0
129.0
197.0
173.0
159.0
149.0
101.0
176.0
84.0
129.0
111.0
154.0
202.0
114.0
155.0
155.0
174.0
212.0
158.0
193.0
104.0
137.0
229.0
230.0
188.0
211.0
153.0
159.0
207.0
238.0
177.0
182.0
138.0
186.0
209.0
131.0
151.0
211.0
132.0
171.0
138.0
222.0
139.0
185.0
227.0
157.0
124.0
219.0
200.0
176.0
220.0
87.0
135.0
192.0
205.0
157.0
139.0
147.0
164.0
170.0
219.0
142.0
110.0
230.0
231.0
138.0
193.0
269.0
133.0
178.0
124.0
197.0
172.0
162.0
149.0
175.0
186.0
124.0
146.0
120.0
175.0
169.0
110.0
109.0
166.0
121.0
142.0
186.0
155.0
212.0
161.0
190.0
139.0
290.0
214.0
253.0
97.0
174.0
152.0
163.0
202.0
129.0
113.0
141.0
178.0
120.0
130.0
112.0
79.0
137.0
136.0
167.0
198.0
133.0
157.0
147.0
225.0
197.0
234.0
158.0
118.0
244.0
143.0
293.0
189.0
160.0
129.0
283.0
170.0
144.0
168.0
195.0
126.0
128.0
194.0
182.0
235.0
108.0
174.0
142.0
154.0
104.0
193.0
232.0
155.0
151.0
194.0
141.0
125.0
191.0
244.0
128.0
135.0
195.0
102.0
138.0
135.0
329.0
112.0
220.0
197.0
162.0
184.0
158.0
187.0
129.0
168.0
291.0
193.0
96.0
205.0
120.0
187.0
189.0
119.0
230.0
227.0
215.0
154.0
232.0
95.0
119.0
134.0
204.0
118.0
113.0
183.0
175.0
218.0
136.0
111.0
121.0
168.0
165.0
242.0
125.0
157.0
129.0
111.0
157.0
165.0
185.0
141.0
218.0
183.0
139.0
87.0
124.0
226.0
170.0
145.0
94.0
199.0
228.0
180.0
146.0
181.0
107.0
127.0
127.0
160.0
174.0
170.0
257.0
121.0
198.0
181.0
173.0
230.0
193.0
121.0
102.0
129.0
200.0
121.0
133.0
139.0
261.0
192.0
297.0
168.0
177.0
167.0
124.0
148.0
150.0
175.0
156.0
248.0
195.0
177.0
112.0
112.0
141.0
243.0
115.0
196.0
215.0
177.0
181.0
214.0
134.0
114.0
200.0
143.0
144.0
124.0
127.0
102.0
150.0
240.0
132.0
209.0
149.0
125.0
138.0
204.0
169.0
196.0
164.0
147.0
200.0
364.0
127.0
136.0
190.0
145.0
119.0
173.0
96.0
108.0
200.0
209.0
90.0
115.0
182.0
166.0
155.0
251.0
188.0
269.0
216.0
102.0
205.0
148.0
385.0
205.0
221.0
130.0
132.0
168.0
96.0
69.0
247.0
209.0
164.0
166.0
179.0
263.0
97.0
241.0
178.0
146.0
206.0
105.0
160.0
104.0
85.0
180.0
159.0
137.0
167.0
131.0
183.0
128.0
168.0
245.0
148.0
249.0
127.0
218.0
112.0
216.0
250.0
177.0
255.0
111.0
143.0
153.0
115.0
147.0
77.0
113.0
145.0
178.0
186.0
232.0
219.0
108.0
105.0
98.0
112.0
124.0
230.0
139.0
151.0
132.0
234.0
183.0
160.0
125.0
129.0
153.0
218.0
180.0
310.0
228.0
129.0
132.0
342.0
225.0
121.0
170.0
122.0
282.0
89.0
140.0
172.0
105.0
161.0
187.0
140.0
200.0
201.0
120.0
130.0
275.0
105.0
164.0
179.0
103.0
205.0
162.0
225.0
145.0
130.0
137.0
256.0
130.0
118.0
126.0
229.0
155.0
160.0
78.0
213.0
212.0
136.0
105.0
183.0
219.0
332.0
193.0
132.0
202.0
202.0
140.0
186.0
162.0
111.0
318.0
148.0
214.0
164.0
89.0
200.0
115.0
320.0
143.0
198.0
251.0
182.0
212.0
191.0
166.0
122.0
222.0
196.0
145.0
234.0
188.0
81.0
170.0
156.0
301.0
122.0
214.0
173.0
134.0
200.0
253.0
186.0
160.0
129.0
147.0
189.0
125.0
119.0
256.0
223.0
170.0
114.0
329.0
129.0
162.0
235.0
202.0
128.0
251.0
121.0
165.0
176.0
87.0
118.0
306.0
145.0
247.0
115.0
182.0
154.0
232.0
146.0
148.0
99.0
151.0
111.0
119.0
121.0
180.0
186.0
238.0
166.0
161.0
221.0
248.0
242.0
93.0
165.0
251.0
104.0
82.0
141.0
69.0
223.0
141.0
175.0
185.0
122.0
254.0
141.0
152.0
80.0
137.0
88.0
138.0
197.0
107.0
400.0
147.0
196.0
79.0
180.0
185.0
169.0
224.0
322.0
207.0
245.0
188.0
136.0
175.0
251.0
96.0
161.0
124.0
161.0
169.0
148.0
135.0
159.0
310.0
132.0
180.0
175.0
126.0
112.0
183.0
121.0
150.0
98.0
182.0
144.0
92.0
116.0
157.0
233.0
120.0
215.0
199.0
109.0
196.0
242.0
156.0
128.0
185.0
326.0
125.0
266.0
159.0
114.0
194.0
220.0
310.0
151.0
146.0
152.0
200.0
153.0
124.0
224.0
152.0
100.0
116.0
164.0
121.0
131.0
245.0
121.0
154.0
148.0
212.0
202.0
100.0
166.0
179.0
122.0
102.0
96.0
110.0
161.0
126.0
82.0
172.0
213.0
177.0
113.0
164.0
166.0
166.0
241.0
137.0
107.0
168.0
102.0
259.0
124.0
152.0
112.0
253.0
166.0
127.0
198.0
176.0
164.0
129.0
176.0
256.0
125.0
193.0
177.0
168.0
214.0
101.0
169.0
153.0
133.0
102.0
99.0
88.0
102.0
196.0
189.0
137.0
170.0
151.0
70.0
157.0
111.0
138.0
124.0
123.0
136.0
205.0
80.0
119.0
149.0
126.0
176.0
146.0
183.0
138.0
83.0
313.0
95.0
94.0
154.0
373.0
177.0
124.0
161.0
82.0
216.0
147.0
133.0
156.0
241.0
178.0
201.0
126.0
166.0
204.0
127.0
97.0
102.0
158.0
66.0
167.0
263.0
147.0
210.0
121.0
133.0
217.0
181.0
186.0
145.0
124.0
196.0
119.0
74.0
185.0
198.0
219.0
124.0
135.0
268.0
210.0
176.0
177.0
157.0
133.0
149.0
121.0
161.0
136.0
95.0
170.0
131.0
176.0
239.0
177.0
117.0
156.0
155.0
107.0
94.0
194.0
191.0
165.0
196.0
148.0
130.0
99.0
180.0
294.0
189.0
156.0
187.0
194.0
92.0
156.0
150.0
198.0
164.0
134.0
157.0
252.0
120.0
130.0
169.0
191.0
178.0
175.0
166.0
275.0
205.0
134.0
196.0
140.0
214.0
194.0
111.0
144.0
196.0
176.0
178.0
167.0
95.0
86.0
269.0
157.0
181.0
174.0
159.0
153.0
188.0
170.0
125.0
173.0
135.0
172.0
172.0
108.0
144.0
197.0
152.0
102.0
165.0
131.0
133.0
144.0
199.0
211.0
178.0
222.0
100.0
110.0
297.0
211.0
202.0
167.0
93.0
198.0
134.0
138.0
207.0
143.0
135.0
134.0
135.0
135.0
205.0
150.0
183.0
172.0
213.0
182.0
177.0
183.0
250.0
140.0
170.0
169.0
178.0
99.0
159.0
128.0
210.0
249.0
106.0
234.0
247.0
138.0
110.0
187.0
181.0
100.0
198.0
137.0
99.0
232.0
205.0
196.0
141.0
153.0
189.0
168.0
145.0
158.0
245.0
95.0
155.0
149.0
125.0
131.0
153.0
143.0
135.0
160.0
160.0
85.0
153.0
196.0
164.0
131.0
271.0
106.0
117.0
119.0
114.0
177.0
202.0
202.0
94.0
126.0
188.0
131.0
179.0
270.0
171.0
201.0
156.0
263.0
90.0
122.0
178.0
81.0
109.0
164.0
155.0
147.0
173.0
140.0
125.0
95.0
182.0
73.0
126.0
176.0
139.0
199.0
151.0
362.0
145.0
131.0
201.0
250.0
150.0
142.0
132.0
140.0
173.0
159.0
224.0
66.0
122.0
190.0
182.0
125.0
118.0
179.0
200.0
226.0
183.0
184.0
100.0
118.0
140.0
174.0
221.0
137.0
226.0
271.0
117.0
110.0
175.0
106.0
166.0
244.0
199.0
199.0
100.0
172.0
142.0
133.0
173.0
154.0
70.0
204.0
138.0
208.0
111.0
128.0
281.0
200.0
148.0
130.0
113.0
136.0
324.0
123.0
164.0
144.0
142.0
168.0
147.0
177.0
151.0
152.0
157.0
114.0
155.0
118.0
196.0
330.0
175.0
129.0
173.0
222.0
147.0
195.0
119.0
161.0
167.0
171.0
139.0
116.0
138.0
126.0
162.0
201.0
174.0
232.0
101.0
126.0
173.0
210.0
156.0
181.0
209.0
163.0
336.0
201.0
61.0
172.0
169.0
164.0
225.0
230.0
161.0
183.0
118.0
144.0
145.0
214.0
186.0
117.0
212.0
140.0
278.0
200.0
144.0
142.0
132.0
116.0
177.0
282.0
196.0
160.0
163.0
163.0
137.0
131.0
182.0
226.0
116.0
274.0
83.0
134.0
224.0
254.0
141.0
210.0
265.0
186.0
163.0
146.0
106.0
154.0
288.0
220.0
107.0
164.0
355.0
142.0
227.0
194.0
140.0
143.0
124.0
141.0
134.0
241.0
115.0
149.0
175.0
162.0
104.0
206.0
174.0
149.0
198.0
105.0
146.0
143.0
172.0
220.0
165.0
173.0
206.0
215.0
223.0
165.0
208.0
224.0
149.0
120.0
131.0
186.0
170.0
292.0
126.0
198.0
123.0
160.0
186.0
169.0
106.0
141.0
166.0
251.0
163.0
164.0
131.0
172.0
168.0
278.0
124.0
176.0
276.0
75.0
301.0
187.0
156.0
151.0
270.0
180.0
157.0
202.0
142.0
128.0
153.0
124.0
186.0
108.0
95.0
202.0
148.0
59.0
287.0
81.0
253.0
214.0
191.0
168.0
230.0
103.0
216.0
152.0
134.0
136.0
242.0
197.0
177.0
171.0
131.0
309.0
178.0
173.0
159.0
124.0
269.0
156.0
192.0
162.0
183.0
210.0
108.0
147.0
115.0
147.0
150.0
167.0
150.0
161.0
348.0
184.0
113.0
226.0
113.0
152.0
103.0
132.0
125.0
93.0
171.0
214.0
267.0
154.0
118.0
146.0
131.0
91.0
186.0
144.0
224.0
172.0
185.0
290.0
202.0
144.0
117.0
90.0
271.0
202.0
144.0
150.0
177.0
207.0
139.0
287.0
111.0
122.0
192.0
360.0
142.0
236.0
115.0
208.0
108.0
152.0
147.0
258.0
179.0
91.0
295.0
180.0
114.0
162.0
216.0
197.0
209.0
249.0
147.0
74.0
119.0
147.0
135.0
142.0
160.0
169.0
377.0
207.0
154.0
128.0
157.0
93.0
153.0
183.0
121.0
145.0
165.0
152.0
162.0
72.0
155.0
226.0
133.0
171.0
181.0
175.0
118.0
95.0
105.0
171.0
110.0
214.0
98.0
382.0
219.0
311.0
117.0
143.0
130.0
140.0
249.0
145.0
151.0
212.0
150.0
127.0
130.0
196.0
132.0
117.0
125.0
175.0
147.0
151.0
255.0
282.0
151.0
151.0
302.0
228.0
364.0
236.0
146.0
102.0
175.0
215.0
218.0
187.0
179.0
137.0
315.0
206.0
148.0
241.0
175.0
112.0
136.0
179.0
171.0
144.0
213.0
135.0
119.0
264.0
158.0
126.0
89.0
72.0
159.0
125.0
142.0
163.0
181.0
207.0
196.0
174.0
174.0
114.0
120.0
195.0
181.0
201.0
125.0
131.0
148.0
85.0
185.0
224.0
206.0
170.0
147.0
147.0
145.0
171.0
163.0
93.0
176.0
225.0
154.0
193.0
106.0
130.0
199.0
240.0
88.0
178.0
195.0
296.0
104.0
142.0
110.0
99.0
203.0
212.0
160.0
129.0
227.0
218.0
242.0
256.0
109.0
132.0
209.0
135.0
86.0
167.0
213.0
226.0
137.0
194.0
102.0
185.0
120.0
148.0
161.0
169.0
196.0
233.0
219.0
140.0
113.0
141.0
289.0
211.0
128.0
212.0
93.0
137.0
163.0
100.0
163.0
188.0
126.0
170.0
224.0
142.0
117.0
160.0
163.0
150.0
281.0
291.0
258.0
137.0
315.0
201.0
166.0
138.0
244.0
200.0
178.0
153.0
98.0
215.0
149.0
164.0
147.0
213.0
148.0
144.0
166.0
145.0
151.0
103.0
244.0
134.0
202.0
210.0
179.0
139.0
156.0
159.0
123.0
135.0
122.0
145.0
103.0
97.0
183.0
136.0
167.0
73.0
215.0
124.0
137.0
168.0
175.0
218.0
249.0
134.0
169.0
77.0
198.0
101.0
181.0
104.0
209.0
222.0
181.0
171.0
190.0
98.0
144.0
205.0
128.0
182.0
153.0
69.0
150.0
292.0
196.0
156.0
248.0
157.0
157.0
164.0
137.0
191.0
121.0
256.0
123.0
208.0
203.0
177.0
266.0
241.0
101.0
198.0
169.0
142.0
91.0
233.0
128.0
167.0
122.0
116.0
153.0
154.0
140.0
164.0
152.0
251.0
181.0
243.0
165.0
171.0
96.0
115.0
171.0
236.0
268.0
146.0
177.0
136.0
220.0
171.0
126.0
292.0
79.0
190.0
189.0
204.0
281.0
193.0
192.0
140.0
123.0
142.0
112.0
167.0
137.0
210.0
101.0
152.0
88.0
83.0
198.0
163.0
148.0
95.0
112.0
243.0
157.0
164.0
104.0
211.0
154.0
103.0
302.0
107.0
139.0
371.0
145.0
107.0
86.0
130.0
172.0
153.0
154.0
311.0
154.0
206.0
94.0
171.0
168.0
171.0
193.0
160.0
122.0
164.0
154.0
237.0
200.0
107.0
96.0
153.0
154.0
247.0
123.0
179.0
87.0
154.0
258.0
181.0
110.0
263.0
134.0
133.0
193.0
209.0
113.0
204.0
122.0
214.0
88.0
165.0
104.0
176.0
107.0
165.0
203.0
188.0
172.0
152.0
145.0
148.0
342.0
164.0
363.0
135.0
128.0
138.0
187.0
167.0
72.0
186.0
330.0
123.0
175.0
161.0
125.0
151.0
375.0
137.0
134.0
259.0
172.0
163.0
138.0
115.0
131.0
156.0
195.0
174.0
232.0
203.0
104.0
123.0
174.0
162.0
73.0
128.0
127.0
218.0
180.0
106.0
159.0
174.0
174.0
374.0
133.0
89.0
167.0
149.0
117.0
102.0
252.0
216.0
125.0
262.0
256.0
130.0
181.0
130.0
151.0
262.0
163.0
75.0
198.0
155.0
191.0
103.0
136.0
212.0
164.0
189.0
181.0
175.0
204.0
152.0
158.0
111.0
215.0
106.0
183.0
164.0
214.0
219.0
205.0
97.0
165.0
115.0
201.0
161.0
184.0
188.0
159.0
161.0
65.0
162.0
113.0
307.0
99.0
143.0
82.0
132.0
118.0
158.0
107.0
193.0
105.0
210.0
201.0
145.0
194.0
319.0
152.0
310.0
129.0
196.0
165.0
97.0
188.0
126.0
263.0
164.0
238.0
147.0
161.0
184.0
190.0
151.0
223.0
149.0
189.0
134.0
109.0
206.0
136.0
189.0
145.0
181.0
221.0
253.0
135.0
107.0
174.0
157.0
161.0
155.0
112.0
230.0
145.0
251.0
135.0
208.0
212.0
203.0
169.0
157.0
123.0
78.0
288.0
122.0
97.0
80.0
89.0
244.0
198.0
198.0
143.0
192.0
221.0
113.0
140.0
175.0
146.0
73.0
164.0
191.0
231.0
109.0
170.0
186.0
134.0
75.0
124.0
205.0
217.0
147.0
181.0
329.0
151.0
166.0
107.0
86.0
132.0
146.0
216.0
196.0
95.0
161.0
93.0
125.0
112.0
128.0
102.0
173.0
141.0
231.0
192.0
128.0
120.0
150.0
228.0
210.0
235.0
137.0
153.0
246.0
114.0
196.0
169.0
81.0
170.0
143.0
214.0
335.0
122.0
160.0
182.0
262.0
184.0
171.0
143.0
180.0
152.0
227.0
134.0
79.0
354.0
193.0
125.0
231.0
111.0
191.0
284.0
94.0
69.0
134.0
140.0
148.0
166.0
131.0
307.0
117.0
106.0
127.0
169.0
98.0
160.0
128.0
179.0
84.0
109.0
156.0
223.0
68.0
139.0
230.0
227.0
187.0
216.0
182.0
214.0
107.0
133.0
150.0
109.0
130.0
182.0
190.0
145.0
177.0
333.0
187.0
158.0
114.0
119.0
197.0
124.0
172.0
121.0
173.0
171.0
276.0
126.0
130.0
144.0
94.0
196.0
198.0
132.0
196.0
130.0
115.0
164.0
166.0
172.0
137.0
241.0
145.0
173.0
218.0
273.0
357.0
230.0
110.0
223.0
127.0
91.0
139.0
199.0
210.0
160.0
102.0
232.0
106.0
117.0
164.0
272.0
142.0
124.0
196.0
158.0
175.0
145.0
204.0
181.0
167.0
106.0
167.0
258.0
183.0
188.0
134.0
94.0
231.0
162.0
177.0
120.0
158.0
142.0
169.0
93.0
176.0
160.0
90.0
140.0
206.0
143.0
173.0
138.0
137.0
172.0
70.0
84.0
138.0
236.0
191.0
228.0
154.0
223.0
211.0
135.0
211.0
146.0
238.0
132.0
210.0
75.0
293.0
143.0
282.0
162.0
273.0
207.0
99.0
167.0
142.0
138.0
125.0
156.0
151.0
155.0
105.0
268.0
111.0
135.0
241.0
148.0
153.0
95.0
183.0
114.0
201.0
111.0
159.0
238.0
303.0
132.0
210.0
171.0
130.0
229.0
125.0
158.0
240.0
222.0
150.0
201.0
193.0
167.0
179.0
125.0
178.0
120.0
98.0
265.0
218.0
113.0
254.0
143.0
151.0
282.0
456.0
277.0
98.0
213.0
213.0
120.0
142.0
100.0
222.0
181.0
114.0
98.0
191.0
128.0
211.0
125.0
212.0
162.0
138.0
150.0
87.0
150.0
190.0
337.0
165.0
176.0
107.0
356.0
115.0
136.0
165.0
187.0
179.0
159.0
127.0
147.0
131.0
160.0
202.0
92.0
121.0
166.0
108.0
152.0
114.0
154.0
149.0
129.0
160.0
142.0
277.0
139.0
174.0
114.0
203.0
139.0
198.0
152.0
107.0
91.0
243.0
174.0
174.0
107.0
219.0
166.0
213.0
261.0
135.0
179.0
155.0
245.0
157.0
98.0
145.0
98.0
147.0
159.0
179.0
236.0
149.0
177.0
177.0
202.0
161.0
129.0
185.0
140.0
254.0
157.0
152.0
177.0
173.0
346.0
166.0
175.0
211.0
197.0
102.0
116.0
185.0
149.0
143.0
147.0
140.0
62.0
171.0
162.0
272.0
172.0
100.0
203.0
99.0
244.0
98.0
130.0
81.0
215.0
134.0
119.0
145.0
120.0
124.0
134.0
238.0
82.0
142.0
154.0
175.0
141.0
174.0
107.0
420.0
236.0
160.0
218.0
125.0
131.0
149.0
320.0
104.0
128.0
85.0
141.0
152.0
354.0
159.0
244.0
188.0
163.0
159.0
246.0
294.0
214.0
94.0
104.0
159.0
224.0
163.0
172.0
238.0
116.0
186.0
185.0
124.0
240.0
109.0
134.0
134.0
221.0
180.0
144.0
240.0
164.0
141.0
218.0
283.0
181.0
233.0
166.0
137.0
172.0
130.0
118.0
111.0
172.0
165.0
112.0
199.0
163.0
167.0
197.0
265.0
108.0
145.0
239.0
199.0
127.0
199.0
229.0
82.0
106.0
110.0
400.0
135.0
108.0
223.0
149.0
155.0
188.0
272.0
165.0
175.0
126.0
163.0
170.0
202.0
106.0
189.0
167.0
132.0
163.0
232.0
139.0
221.0
274.0
218.0
251.0
161.0
104.0
158.0
150.0
438.0
156.0
130.0
138.0
268.0
160.0
120.0
159.0
123.0
132.0
121.0
172.0
197.0
245.0
104.0
165.0
176.0
333.0
326.0
179.0
135.0
87.0
72.0
141.0
198.0
203.0
144.0
217.0
261.0
163.0
196.0
105.0
155.0
136.0
64.0
106.0
178.0
184.0
93.0
62.0
216.0
99.0
200.0
242.0
317.0
198.0
105.0
162.0
147.0
187.0
195.0
175.0
233.0
253.0
137.0
162.0
184.0
226.0
107.0
143.0
171.0
166.0
204.0
196.0
92.0
134.0
168.0
162.0
243.0
165.0
243.0
157.0
96.0
196.0
147.0
143.0
220.0
173.0
152.0
136.0
185.0
78.0
82.0
202.0
218.0
113.0
439.0
100.0
210.0
189.0
148.0
165.0
228.0
175.0
271.0
209.0
123.0
181.0
153.0
162.0
144.0
143.0
98.0
105.0
173.0
246.0
159.0
138.0
121.0
141.0
128.0
187.0
154.0
220.0
69.0
279.0
130.0
174.0
90.0
182.0
246.0
123.0
345.0
192.0
134.0
168.0
153.0
91.0
107.0
165.0
198.0
136.0
143.0
207.0
123.0
162.0
92.0
184.0
225.0
155.0
517.0
216.0
110.0
138.0
169.0
157.0
180.0
126.0
186.0
183.0
165.0
125.0
142.0
103.0
168.0
156.0
131.0
296.0
93.0
210.0
177.0
100.0
138.0
217.0
340.0
107.0
213.0
163.0
112.0
209.0
149.0
291.0
129.0
155.0
98.0
165.0
273.0
130.0
115.0
252.0
222.0
208.0
240.0
80.0
157.0
136.0
202.0
142.0
218.0
204.0
211.0
142.0
156.0
128.0
117.0
169.0
281.0
245.0
217.0
129.0
116.0
184.0
146.0
81.0
89.0
158.0
166.0
256.0
189.0
203.0
199.0
133.0
200.0
85.0
187.0
158.0
114.0
98.0
81.0
120.0
112.0
84.0
214.0
1061.0
131.0
107.0
222.0
182.0
122.0
174.0
198.0
193.0
223.0
95.0
257.0
96.0
175.0
87.0
122.0
71.0
155.0
168.0
121.0
150.0
205.0
324.0
161.0
120.0
180.0
376.0
191.0
68.0
201.0
147.0
204.0
145.0
125.0
297.0
161.0
123.0
117.0
139.0
201.0
130.0
108.0
236.0
151.0
178.0
116.0
306.0
263.0
91.0
407.0
168.0
206.0
145.0
48.0
198.0
242.0
229.0
219.0
104.0
130.0
298.0
125.0
153.0
162.0
95.0
211.0
291.0
149.0
171.0
383.0
135.0
224.0
123.0
102.0
100.0
169.0
150.0
114.0
194.0
125.0
184.0
297.0
202.0
78.0
134.0
127.0
120.0
127.0
197.0
102.0
130.0
270.0
290.0
124.0
241.0
109.0
139.0
256.0
186.0
174.0
202.0
249.0
221.0
183.0
340.0
135.0
145.0
146.0
243.0
169.0
88.0
150.0
299.0
122.0
141.0
117.0
211.0
103.0
155.0
70.0
96.0
237.0
173.0
145.0
141.0
177.0
238.0
232.0
166.0
170.0
225.0
177.0
102.0
101.0
160.0
141.0
107.0
197.0
253.0
105.0
93.0
118.0
172.0
146.0
259.0
113.0
240.0
148.0
174.0
126.0
74.0
130.0
287.0
154.0
93.0
153.0
191.0
133.0
219.0
284.0
168.0
77.0
106.0
145.0
921.0
193.0
179.0
105.0
202.0
142.0
136.0
131.0
112.0
158.0
76.0
183.0
124.0
150.0
220.0
120.0
168.0
182.0
200.0
194.0
242.0
174.0
133.0
185.0
128.0
168.0
159.0
146.0
143.0
250.0
117.0
166.0
179.0
136.0
153.0
135.0
83.0
186.0
173.0
139.0
152.0
191.0
126.0
81.0
178.0
121.0
232.0
125.0
267.0
96.0
170.0
227.0
221.0
218.0
133.0
139.0
113.0
239.0
162.0
257.0
165.0
161.0
226.0
140.0
94.0
181.0
155.0
204.0
162.0
86.0
254.0
112.0
249.0
173.0
88.0
140.0
225.0
150.0
136.0
126.0
117.0
200.0
145.0
183.0
165.0
143.0
142.0
116.0
306.0
148.0
151.0
139.0
94.0
165.0
123.0
134.0
84.0
129.0
244.0
178.0
100.0
245.0
302.0
232.0
141.0
189.0
217.0
101.0
167.0
164.0
91.0
192.0
248.0
106.0
159.0
145.0
193.0
152.0
145.0
106.0
232.0
145.0
129.0
160.0
250.0
184.0
161.0
144.0
109.0
139.0
103.0
115.0
152.0
194.0
155.0
70.0
146.0
166.0
210.0
183.0
126.0
119.0
231.0
140.0
193.0
114.0
141.0
207.0
115.0
170.0
191.0
145.0
203.0
120.0
180.0
70.0
166.0
160.0
156.0
207.0
124.0
92.0
160.0
90.0
100.0
99.0
206.0
162.0
82.0
343.0
145.0
177.0
120.0
150.0
206.0
148.0
235.0
90.0
101.0
139.0
105.0
156.0
73.0
193.0
130.0
103.0
169.0
251.0
162.0
198.0
179.0
159.0
225.0
151.0
116.0
92.0
119.0
140.0
123.0
251.0
138.0
128.0
98.0
202.0
118.0
212.0
144.0
160.0
265.0
302.0
126.0
100.0
130.0
177.0
236.0
246.0
264.0
272.0
107.0
221.0
261.0
197.0
215.0
154.0
233.0
101.0
89.0
194.0
189.0
66.0
85.0
101.0
207.0
246.0
126.0
99.0
139.0
159.0
164.0
97.0
252.0
174.0
95.0
179.0
158.0
185.0
183.0
128.0
169.0
217.0
157.0
136.0
130.0
188.0
260.0
182.0
86.0
122.0
115.0
107.0
239.0
112.0
150.0
164.0
102.0
110.0
181.0
150.0
118.0
99.0
280.0
115.0
211.0
69.0
144.0
190.0
105.0
114.0
160.0
105.0
135.0
144.0
170.0
182.0
122.0
118.0
156.0
301.0
140.0
243.0
114.0
166.0
189.0
160.0
204.0
184.0
162.0
172.0
208.0
159.0
311.0
143.0
155.0
137.0
120.0
90.0
163.0
192.0
202.0
250.0
248.0
84.0
108.0
197.0
191.0
172.0
243.0
275.0
195.0
226.0
471.0
193.0
148.0
143.0
225.0
89.0
113.0
164.0
134.0
123.0
79.0
293.0
131.0
149.0
257.0
155.0
110.0
155.0
177.0
189.0
220.0
235.0
168.0
178.0
237.0
215.0
201.0
179.0
117.0
184.0
281.0
123.0
196.0
148.0
159.0
92.0
195.0
222.0
184.0
99.0
218.0
152.0
238.0
130.0
134.0
169.0
101.0
155.0
204.0
131.0
456.0
157.0
151.0
155.0
163.0
225.0
186.0
148.0
228.0
161.0
170.0
132.0
110.0
193.0
121.0
88.0
110.0
261.0
249.0
214.0
194.0
229.0
141.0
171.0
61.0
297.0
73.0
190.0
146.0
119.0
146.0
148.0
119.0
187.0
107.0
198.0
70.0
207.0
104.0
211.0
117.0
204.0
153.0
170.0
119.0
146.0
233.0
139.0
243.0
230.0
190.0
184.0
259.0
147.0
129.0
104.0
89.0
126.0
152.0
180.0
138.0
155.0
98.0
240.0
199.0
94.0
289.0
321.0
164.0
131.0
228.0
141.0
132.0
133.0
120.0
196.0
165.0
275.0
198.0
165.0
151.0
90.0
163.0
127.0
110.0
185.0
106.0
286.0
159.0
94.0
250.0
137.0
191.0
128.0
177.0
149.0
109.0
263.0
183.0
215.0
162.0
262.0
420.0
75.0
147.0
118.0
236.0
136.0
219.0
154.0
104.0
246.0
190.0
131.0
85.0
134.0
183.0
190.0
150.0
201.0
120.0
126.0
94.0
82.0
240.0
123.0
185.0
151.0
177.0
91.0
113.0
203.0
211.0
186.0
138.0
186.0
132.0
73.0
129.0
99.0
214.0
290.0
213.0
164.0
109.0
137.0
225.0
298.0
231.0
161.0
206.0
206.0
386.0
105.0
107.0
198.0
378.0
118.0
161.0
153.0
146.0
193.0
162.0
101.0
120.0
172.0
160.0
120.0
196.0
159.0
158.0
116.0
234.0
220.0
117.0
181.0
146.0
134.0
507.0
164.0
177.0
203.0
150.0
131.0
103.0
200.0
167.0
120.0
64.0
187.0
188.0
192.0
134.0
135.0
250.0
125.0
114.0
215.0
271.0
144.0
169.0
257.0
256.0
282.0
136.0
109.0
182.0
192.0
201.0
174.0
155.0
163.0
276.0
146.0
136.0
124.0
282.0
96.0
128.0
167.0
172.0
163.0
212.0
157.0
174.0
124.0
232.0
244.0
121.0
128.0
189.0
129.0
157.0
210.0
129.0
131.0
269.0
163.0
173.0
136.0
206.0
184.0
217.0
159.0
129.0
131.0
186.0
105.0
126.0
147.0
226.0
202.0
113.0
110.0
110.0
375.0
131.0
152.0
150.0
107.0
150.0
153.0
214.0
184.0
170.0
109.0
243.0
125.0
183.0
166.0
136.0
127.0
150.0
172.0
210.0
226.0
155.0
229.0
151.0
311.0
140.0
168.0
257.0
73.0
110.0
129.0
197.0
229.0
98.0
122.0
97.0
144.0
324.0
260.0
203.0
141.0
154.0
130.0
325.0
121.0
78.0
178.0
152.0
216.0
131.0
161.0
174.0
148.0
206.0
88.0
113.0
156.0
180.0
161.0
139.0
142.0
250.0
136.0
113.0
130.0
157.0
124.0
373.0
152.0
185.0
133.0
204.0
191.0
224.0
310.0
192.0
122.0
136.0
109.0
138.0
106.0
233.0
68.0
167.0
160.0
329.0
182.0
137.0
124.0
146.0
768.0
214.0
149.0
162.0
173.0
129.0
142.0
91.0
127.0
132.0
246.0
100.0
253.0
168.0
319.0
281.0
147.0
233.0
207.0
209.0
131.0
97.0
99.0
128.0
164.0
174.0
107.0
184.0
130.0
194.0
174.0
179.0
147.0
129.0
242.0
74.0
138.0
166.0
96.0
164.0
139.0
149.0
131.0
144.0
144.0
284.0
202.0
289.0
229.0
257.0
195.0
174.0
76.0
224.0
135.0
126.0
990.0
256.0
141.0
143.0
104.0
262.0
137.0
191.0
123.0
237.0
184.0
163.0
281.0
124.0
131.0
158.0
170.0
168.0
185.0
133.0
178.0
110.0
246.0
111.0
218.0
174.0
167.0
182.0
179.0
396.0
169.0
129.0
193.0
122.0
147.0
128.0
79.0
130.0
177.0
175.0
215.0
114.0
110.0
201.0
152.0
101.0
86.0
174.0
210.0
111.0
240.0
122.0
189.0
160.0
139.0
177.0
155.0
145.0
128.0
282.0
95.0
250.0
193.0
241.0
194.0
216.0
137.0
250.0
88.0
211.0
182.0
130.0
80.0
229.0
148.0
187.0
164.0
208.0
264.0
159.0
155.0
163.0
47.0
163.0
162.0
157.0
169.0
249.0
239.0
179.0
133.0
144.0
145.0
227.0
142.0
187.0
164.0
124.0
87.0
122.0
362.0
143.0
169.0
146.0
203.0
191.0
117.0
205.0
227.0
192.0
188.0
99.0
232.0
267.0
185.0
184.0
127.0
176.0
211.0
140.0
215.0
174.0
151.0
137.0
169.0
80.0
83.0
156.0
261.0
79.0
171.0
121.0
140.0
110.0
153.0
117.0
112.0
167.0
141.0
187.0
129.0
211.0
202.0
188.0
192.0
205.0
121.0
108.0
147.0
194.0
156.0
330.0
298.0
72.0
332.0
156.0
258.0
181.0
121.0
111.0
222.0
268.0
201.0
112.0
196.0
160.0
788.0
108.0
103.0
163.0
116.0
276.0
195.0
144.0
129.0
128.0
125.0
116.0
169.0
188.0
74.0
188.0
226.0
144.0
142.0
260.0
102.0
165.0
166.0
215.0
104.0
204.0
205.0
165.0
103.0
174.0
72.0
147.0
105.0
70.0
98.0
118.0
196.0
172.0
110.0
144.0
102.0
160.0
84.0
201.0
84.0
191.0
140.0
178.0
78.0
201.0
150.0
220.0
267.0
142.0
163.0
160.0
150.0
221.0
206.0
147.0
71.0
199.0
142.0
138.0
126.0
134.0
147.0
135.0
192.0
230.0
110.0
115.0
198.0
180.0
91.0
144.0
197.0
135.0
98.0
260.0
79.0
268.0
264.0
197.0
148.0
170.0
176.0
109.0
217.0
272.0
156.0
294.0
72.0
153.0
119.0
140.0
154.0
126.0
146.0
79.0
300.0
310.0
234.0
236.0
164.0
137.0
247.0
138.0
164.0
78.0
165.0
172.0
144.0
144.0
110.0
234.0
106.0
98.0
71.0
182.0
158.0
149.0
158.0
173.0
227.0
132.0
150.0
217.0
181.0
176.0
168.0
144.0
142.0
109.0
120.0
144.0
128.0
163.0
132.0
159.0
266.0
131.0
203.0
194.0
277.0
201.0
153.0
167.0
149.0
96.0
119.0
117.0
198.0
162.0
397.0
181.0
146.0
217.0
146.0
164.0
91.0
189.0
84.0
185.0
207.0
138.0
201.0
101.0
123.0
182.0
116.0
280.0
122.0
101.0
173.0
96.0
126.0
150.0
194.0
154.0
174.0
293.0
170.0
183.0
94.0
148.0
159.0
141.0
101.0
103.0
178.0
112.0
260.0
215.0
125.0
212.0
106.0
91.0
163.0
128.0
137.0
306.0
173.0
124.0
130.0
218.0
125.0
128.0
135.0
205.0
143.0
162.0
141.0
178.0
253.0
134.0
189.0
133.0
165.0
206.0
167.0
86.0
124.0
144.0
151.0
205.0
148.0
116.0
146.0
108.0
87.0
261.0
200.0
127.0
134.0
93.0
147.0
88.0
106.0
110.0
109.0
239.0
130.0
239.0
259.0
175.0
303.0
189.0
263.0
217.0
203.0
162.0
148.0
193.0
115.0
134.0
175.0
76.0
94.0
176.0
139.0
203.0
127.0
228.0
166.0
143.0
231.0
169.0
146.0
146.0
177.0
109.0
117.0
198.0
125.0
136.0
187.0
109.0
213.0
188.0
184.0
189.0
165.0
228.0
258.0
156.0
182.0
237.0
192.0
102.0
119.0
195.0
198.0
306.0
211.0
162.0
133.0
169.0
181.0
102.0
141.0
190.0
297.0
203.0
210.0
161.0
217.0
145.0
73.0
136.0
153.0
119.0
117.0
98.0
113.0
139.0
147.0
136.0
104.0
211.0
132.0
100.0
243.0
178.0
66.0
198.0
74.0
109.0
78.0
120.0
197.0
121.0
142.0
250.0
243.0
265.0
136.0
242.0
219.0
107.0
132.0
129.0
192.0
146.0
168.0
101.0
186.0
190.0
205.0
154.0
178.0
145.0
151.0
164.0
231.0
234.0
136.0
144.0
70.0
131.0
203.0
182.0
111.0
136.0
135.0
86.0
182.0
81.0
132.0
240.0
182.0
197.0
364.0
177.0
114.0
245.0
153.0
219.0
166.0
141.0
267.0
226.0
127.0
208.0
206.0
170.0
127.0
217.0
156.0
146.0
195.0
99.0
160.0
223.0
204.0
213.0
291.0
130.0
115.0
155.0
147.0
149.0
163.0
292.0
184.0
143.0
181.0
104.0
145.0
142.0
156.0
91.0
162.0
171.0
213.0
73.0
257.0
219.0
154.0
155.0
175.0
128.0
164.0
125.0
199.0
136.0
170.0
117.0
180.0
134.0
208.0
260.0
102.0
381.0
163.0
65.0
230.0
178.0
239.0
161.0
105.0
190.0
54.0
103.0
184.0
253.0
224.0
135.0
112.0
168.0
145.0
157.0
149.0
168.0
146.0
158.0
128.0
177.0
189.0
154.0
193.0
116.0
164.0
212.0
172.0
149.0
142.0
101.0
184.0
101.0
118.0
252.0
259.0
158.0
161.0
472.0
153.0
118.0
148.0
268.0
139.0
133.0
118.0
137.0
219.0
167.0
159.0
148.0
158.0
152.0
124.0
108.0
205.0
120.0
569.0
219.0
198.0
213.0
142.0
113.0
202.0
159.0
200.0
188.0
134.0
243.0
180.0
133.0
175.0
263.0
250.0
172.0
127.0
118.0
167.0
130.0
231.0
155.0
194.0
114.0
286.0
364.0
167.0
158.0
138.0
138.0
194.0
121.0
168.0
122.0
190.0
84.0
130.0
116.0
197.0
166.0
246.0
232.0
159.0
205.0
150.0
187.0
115.0
112.0
128.0
107.0
144.0
137.0
544.0
131.0
115.0
139.0
152.0
261.0
90.0
76.0
111.0
259.0
191.0
139.0
153.0
192.0
254.0
180.0
118.0
336.0
87.0
144.0
173.0
154.0
157.0
120.0
257.0
150.0
110.0
190.0
320.0
274.0
107.0
249.0
270.0
307.0
256.0
206.0
129.0
149.0
157.0
165.0
235.0
188.0
119.0
145.0
114.0
121.0
189.0
192.0
214.0
178.0
193.0
118.0
155.0
76.0
219.0
159.0
168.0
140.0
128.0
143.0
171.0
214.0
93.0
142.0
143.0
184.0
138.0
201.0
141.0
222.0
218.0
176.0
202.0
263.0
246.0
156.0
120.0
97.0
89.0
156.0
133.0
184.0
150.0
158.0
124.0
107.0
194.0
162.0
119.0
296.0
354.0
163.0
130.0
216.0
257.0
246.0
122.0
170.0
148.0
171.0
159.0
160.0
148.0
193.0
401.0
91.0
132.0
111.0
159.0
288.0
146.0
250.0
226.0
98.0
180.0
118.0
152.0
129.0
121.0
147.0
162.0
118.0
214.0
281.0
204.0
209.0
245.0
111.0
100.0
190.0
184.0
163.0
235.0
140.0
86.0
176.0
149.0
233.0
115.0
184.0
162.0
141.0
118.0
175.0
96.0
127.0
116.0
166.0
223.0
178.0
127.0
165.0
513.0
193.0
206.0
164.0
134.0
136.0
248.0
242.0
146.0
224.0
119.0
199.0
145.0
126.0
117.0
143.0
194.0
707.0
138.0
198.0
93.0
168.0
205.0
141.0
88.0
264.0
119.0
161.0
189.0
264.0
101.0
173.0
202.0
129.0
103.0
153.0
189.0
103.0
99.0
189.0
167.0
298.0
174.0
122.0
132.0
146.0
209.0
193.0
99.0
274.0
185.0
129.0
148.0
206.0
131.0
162.0
216.0
140.0
110.0
137.0
191.0
194.0
182.0
116.0
127.0
178.0
166.0
108.0
147.0
147.0
173.0
171.0
320.0
192.0
115.0
199.0
163.0
179.0
156.0
141.0
172.0
192.0
223.0
166.0
214.0
168.0
185.0
170.0
101.0
157.0
114.0
99.0
131.0
178.0
294.0
162.0
125.0
200.0
123.0
486.0
153.0
278.0
147.0
263.0
196.0
103.0
155.0
165.0
231.0
175.0
173.0
170.0
157.0
141.0
175.0
158.0
201.0
74.0
172.0
174.0
158.0
222.0
176.0
111.0
191.0
214.0
182.0
125.0
214.0
364.0
118.0
158.0
253.0
193.0
114.0
172.0
149.0
154.0
127.0
82.0
147.0
117.0
262.0
113.0
170.0
255.0
212.0
176.0
173.0
206.0
131.0
149.0
109.0
109.0
229.0
206.0
118.0
145.0
109.0
98.0
183.0
228.0
157.0
163.0
189.0
129.0
136.0
328.0
116.0
159.0
144.0
153.0
216.0
46.0
221.0
161.0
242.0
152.0
147.0
139.0
136.0
169.0
193.0
90.0
255.0
144.0
148.0
165.0
177.0
203.0
165.0
147.0
252.0
235.0
156.0
277.0
159.0
110.0
157.0
117.0
139.0
142.0
103.0
184.0
144.0
133.0
107.0
268.0
125.0
200.0
157.0
167.0
143.0
191.0
129.0
150.0
75.0
207.0
132.0
144.0
260.0
142.0
152.0
218.0
156.0
296.0
118.0
132.0
254.0
251.0
92.0
198.0
159.0
139.0
112.0
205.0
212.0
146.0
162.0
186.0
150.0
117.0
108.0
123.0
155.0
149.0
284.0
227.0
138.0
124.0
78.0
112.0
158.0
149.0
162.0
155.0
191.0
103.0
186.0
94.0
100.0
157.0
196.0
398.0
118.0
262.0
190.0
169.0
107.0
206.0
161.0
178.0
162.0
280.0
138.0
124.0
208.0
174.0
198.0
202.0
169.0
194.0
186.0
201.0
226.0
217.0
210.0
164.0
142.0
175.0
116.0
138.0
114.0
173.0
154.0
158.0
147.0
162.0
239.0
169.0
109.0
169.0
229.0
130.0
153.0
93.0
225.0
143.0
79.0
101.0
120.0
141.0
189.0
200.0
125.0
152.0
239.0
141.0
129.0
176.0
142.0
126.0
117.0
129.0
198.0
174.0
179.0
168.0
167.0
101.0
159.0
188.0
187.0
271.0
127.0
122.0
141.0
132.0
202.0
117.0
129.0
132.0
162.0
332.0
252.0
176.0
165.0
114.0
313.0
159.0
135.0
126.0
113.0
79.0
148.0
112.0
146.0
218.0
139.0
153.0
207.0
215.0
176.0
197.0
148.0
157.0
164.0
203.0
191.0
200.0
135.0
225.0
61.0
121.0
178.0
110.0
224.0
152.0
284.0
200.0
139.0
267.0
200.0
253.0
148.0
110.0
181.0
170.0
203.0
169.0
130.0
127.0
160.0
162.0
211.0
89.0
266.0
163.0
108.0
131.0
181.0
142.0
155.0
170.0
176.0
125.0
172.0
107.0
110.0
159.0
118.0
180.0
124.0
201.0
84.0
164.0
159.0
150.0
201.0
144.0
134.0
196.0
213.0
166.0
128.0
159.0
175.0
227.0
165.0
116.0
169.0
106.0
225.0
140.0
159.0
219.0
223.0
163.0
214.0
172.0
176.0
333.0
218.0
224.0
127.0
264.0
108.0
159.0
137.0
139.0
130.0
117.0
319.0
237.0
164.0
183.0
116.0
128.0
270.0
136.0
181.0
219.0
133.0
160.0
156.0
234.0
148.0
184.0
102.0
93.0
197.0
160.0
177.0
237.0
271.0
120.0
203.0
114.0
164.0
252.0
130.0
163.0
178.0
142.0
245.0
246.0
295.0
137.0
144.0
159.0
148.0
92.0
153.0
112.0
176.0
105.0
73.0
56.0
115.0
115.0
192.0
160.0
227.0
124.0
177.0
133.0
163.0
89.0
164.0
117.0
157.0
158.0
173.0
142.0
154.0
248.0
221.0
145.0
112.0
198.0
125.0
225.0
141.0
178.0
210.0
185.0
153.0
232.0
156.0
155.0
105.0
114.0
93.0
151.0
127.0
237.0
162.0
174.0
150.0
202.0
255.0
107.0
585.0
152.0
91.0
234.0
207.0
258.0
191.0
220.0
105.0
222.0
196.0
148.0
166.0
150.0
194.0
130.0
140.0
193.0
120.0
167.0
111.0
195.0
227.0
248.0
200.0
154.0
122.0
223.0
109.0
134.0
123.0
177.0
185.0
121.0
276.0
168.0
287.0
175.0
159.0
114.0
109.0
132.0
141.0
177.0
113.0
159.0
141.0
274.0
201.0
89.0
198.0
126.0
141.0
144.0
130.0
107.0
182.0
164.0
121.0
124.0
124.0
181.0
159.0
201.0
181.0
72.0
150.0
185.0
167.0
250.0
153.0
147.0
228.0
177.0
158.0
134.0
154.0
127.0
132.0
215.0
176.0
208.0
162.0
160.0
207.0
71.0
137.0
259.0
135.0
178.0
209.0
140.0
168.0
196.0
105.0
204.0
156.0
119.0
237.0
196.0
169.0
167.0
259.0
114.0
179.0
180.0
160.0
207.0
186.0
142.0
151.0
109.0
292.0
154.0
196.0
223.0
241.0
164.0
187.0
189.0
121.0
204.0
203.0
154.0
176.0
135.0
275.0
151.0
213.0
232.0
222.0
185.0
171.0
145.0
195.0
254.0
280.0
192.0
246.0
127.0
219.0
223.0
188.0
129.0
255.0
221.0
119.0
201.0
181.0
219.0
94.0
203.0
136.0
127.0
120.0
146.0
113.0
167.0
142.0
190.0
127.0
111.0
104.0
213.0
219.0
184.0
184.0
196.0
106.0
116.0
183.0
191.0
130.0
90.0
196.0
122.0
148.0
111.0
175.0
248.0
122.0
101.0
198.0
119.0
224.0
126.0
148.0
232.0
267.0
179.0
173.0
134.0
157.0
191.0
268.0
143.0
130.0
132.0
101.0
110.0
162.0
109.0
426.0
185.0
113.0
182.0
107.0
155.0
221.0
203.0
130.0
133.0
186.0
180.0
115.0
142.0
160.0
172.0
177.0
120.0
231.0
249.0
162.0
170.0
206.0
182.0
137.0
173.0
162.0
192.0
197.0
246.0
189.0
171.0
180.0
187.0
120.0
242.0
99.0
118.0
145.0
114.0
123.0
225.0
214.0
138.0
169.0
259.0
164.0
167.0
237.0
88.0
156.0
102.0
190.0
174.0
196.0
83.0
259.0
219.0
96.0
173.0
162.0
223.0
125.0
176.0
163.0
172.0
134.0
182.0
135.0
185.0
98.0
88.0
163.0
176.0
131.0
255.0
169.0
158.0
218.0
210.0
127.0
194.0
77.0
158.0
139.0
184.0
153.0
191.0
117.0
173.0
93.0
144.0
123.0
200.0
195.0
92.0
161.0
190.0
102.0
238.0
157.0
179.0
194.0
191.0
221.0
172.0
199.0
238.0
140.0
111.0
264.0
222.0
156.0
114.0
184.0
114.0
139.0
212.0
116.0
188.0
138.0
232.0
212.0
122.0
222.0
214.0
107.0
110.0
191.0
213.0
88.0
223.0
198.0
86.0
169.0
110.0
229.0
234.0
146.0
162.0
118.0
161.0
210.0
204.0
167.0
370.0
264.0
164.0
134.0
212.0
140.0
252.0
167.0
255.0
140.0
271.0
194.0
171.0
142.0
123.0
143.0
198.0
162.0
220.0
223.0
151.0
112.0
120.0
182.0
218.0
103.0
199.0
243.0
186.0
128.0
114.0
163.0
95.0
111.0
120.0
83.0
228.0
147.0
165.0
278.0
225.0
167.0
196.0
162.0
303.0
97.0
219.0
150.0
282.0
182.0
212.0
237.0
151.0
134.0
275.0
101.0
128.0
174.0
169.0
94.0
78.0
163.0
148.0
278.0
132.0
161.0
141.0
133.0
172.0
320.0
197.0
206.0
161.0
147.0
99.0
143.0
130.0
176.0
215.0
131.0
186.0
243.0
174.0
204.0
164.0
189.0
104.0
141.0
175.0
147.0
224.0
146.0
130.0
182.0
113.0
99.0
236.0
161.0
241.0
171.0
192.0
152.0
206.0
182.0
228.0
271.0
190.0
148.0
163.0
123.0
185.0
148.0
174.0
167.0
162.0
91.0
152.0
267.0
168.0
228.0
83.0
126.0
324.0
113.0
117.0
99.0
212.0
198.0
141.0
128.0
149.0
235.0
126.0
187.0
102.0
105.0
129.0
159.0
149.0
152.0
216.0
189.0
162.0
212.0
213.0
236.0
135.0
211.0
238.0
371.0
160.0
118.0
207.0
168.0
97.0
308.0
168.0
151.0
208.0
247.0
96.0
165.0
147.0
154.0
114.0
213.0
136.0
236.0
196.0
186.0
426.0
215.0
126.0
210.0
114.0
176.0
199.0
138.0
76.0
160.0
195.0
122.0
170.0
212.0
126.0
176.0
283.0
206.0
196.0
110.0
205.0
111.0
147.0
136.0
131.0
125.0
133.0
118.0
185.0
180.0
235.0
97.0
347.0
215.0
182.0
193.0
150.0
151.0
236.0
249.0
121.0
172.0
141.0
202.0
155.0
162.0
149.0
118.0
208.0
180.0
197.0
221.0
138.0
222.0
108.0
132.0
122.0
328.0
159.0
151.0
199.0
184.0
208.0
76.0
117.0
155.0
184.0
150.0
166.0
152.0
132.0
84.0
195.0
254.0
266.0
161.0
186.0
152.0
325.0
201.0
184.0
170.0
140.0
127.0
183.0
196.0
144.0
178.0
166.0
193.0
101.0
118.0
215.0
163.0
88.0
141.0
156.0
242.0
168.0
92.0
119.0
159.0
138.0
167.0
250.0
159.0
281.0
242.0
302.0
118.0
228.0
174.0
111.0
117.0
146.0
114.0
175.0
211.0
174.0
181.0
227.0
116.0
123.0
134.0
135.0
161.0
140.0
122.0
194.0
139.0
215.0
159.0
198.0
199.0
191.0
136.0
160.0
128.0
174.0
175.0
116.0
121.0
138.0
170.0
225.0
146.0
111.0
175.0
145.0
110.0
170.0
122.0
182.0
123.0
224.0
135.0
169.0
166.0
126.0
131.0
164.0
119.0
187.0
166.0
175.0
190.0
149.0
156.0
158.0
180.0
139.0
154.0
183.0
174.0
98.0
147.0
139.0
115.0
181.0
133.0
119.0
139.0
242.0
205.0
141.0
213.0
156.0
155.0
232.0
205.0
98.0
145.0
153.0
209.0
121.0
89.0
120.0
186.0
189.0
155.0
154.0
123.0
136.0
250.0
221.0
136.0
272.0
138.0
199.0
225.0
136.0
196.0
173.0
482.0
156.0
155.0
160.0
175.0
119.0
214.0
192.0
205.0
249.0
165.0
257.0
156.0
191.0
130.0
176.0
81.0
190.0
167.0
140.0
123.0
132.0
158.0
155.0
178.0
136.0
164.0
183.0
223.0
142.0
117.0
210.0
138.0
154.0
216.0
145.0
230.0
188.0
142.0
107.0
143.0
158.0
153.0
102.0
130.0
186.0
118.0
212.0
183.0
139.0
152.0
190.0
221.0
222.0
117.0
130.0
312.0
108.0
199.0
175.0
222.0
244.0
140.0
104.0
203.0
119.0
176.0
96.0
200.0
135.0
188.0
289.0
216.0
194.0
143.0
243.0
131.0
170.0
206.0
99.0
122.0
187.0
139.0
130.0
142.0
108.0
228.0
468.0
109.0
92.0
150.0
106.0
189.0
209.0
104.0
149.0
166.0
187.0
130.0
162.0
104.0
131.0
127.0
109.0
184.0
208.0
148.0
82.0
223.0
200.0
159.0
108.0
157.0
129.0
293.0
218.0
221.0
268.0
145.0
109.0
182.0
216.0
142.0
92.0
135.0
186.0
255.0
365.0
222.0
115.0
221.0
163.0
169.0
120.0
183.0
128.0
66.0
208.0
164.0
148.0
154.0
174.0
175.0
111.0
217.0
143.0
144.0
206.0
112.0
158.0
257.0
213.0
284.0
112.0
141.0
166.0
171.0
128.0
137.0
120.0
178.0
144.0
132.0
116.0
186.0
144.0
117.0
277.0
139.0
191.0
141.0
229.0
179.0
192.0
182.0
134.0
126.0
197.0
173.0
118.0
280.0
200.0
155.0
144.0
195.0
178.0
148.0
135.0
170.0
316.0
78.0
101.0
116.0
192.0
179.0
148.0
169.0
172.0
125.0
166.0
160.0
132.0
145.0
125.0
202.0
142.0
116.0
222.0
158.0
252.0
147.0
103.0
195.0
151.0
205.0
287.0
194.0
192.0
230.0
174.0
221.0
183.0
113.0
184.0
104.0
123.0
118.0
309.0
149.0
164.0
238.0
125.0
154.0
139.0
184.0
180.0
124.0
211.0
195.0
149.0
156.0
259.0
202.0
124.0
174.0
187.0
140.0
120.0
189.0
236.0
240.0
102.0
148.0
112.0
205.0
252.0
208.0
173.0
198.0
170.0
139.0
102.0
158.0
256.0
270.0
282.0
129.0
182.0
153.0
120.0
267.0
224.0
177.0
207.0
128.0
222.0
240.0
227.0
192.0
134.0
145.0
148.0
171.0
148.0
158.0
198.0
224.0
129.0
207.0
187.0
215.0
196.0
169.0
79.0
97.0
108.0
119.0
91.0
187.0
139.0
214.0
171.0
198.0
306.0
309.0
130.0
149.0
142.0
106.0
174.0
190.0
215.0
124.0
147.0
226.0
146.0
105.0
171.0
185.0
117.0
105.0
156.0
144.0
293.0
156.0
165.0
191.0
134.0
244.0
149.0
172.0
167.0
182.0
175.0
142.0
133.0
142.0
185.0
138.0
138.0
188.0
182.0
179.0
183.0
99.0
164.0
127.0
245.0
229.0
154.0
236.0
217.0
109.0
151.0
208.0
127.0
189.0
200.0
104.0
145.0
220.0
240.0
147.0
250.0
158.0
149.0
156.0
170.0
193.0
134.0
95.0
271.0
298.0
159.0
161.0
178.0
146.0
298.0
232.0
183.0
289.0
203.0
146.0
153.0
136.0
133.0
186.0
181.0
164.0
219.0
159.0
179.0
111.0
309.0
163.0
143.0
141.0
150.0
141.0
121.0
164.0
115.0
196.0
156.0
122.0
214.0
203.0
155.0
171.0
119.0
98.0
156.0
154.0
173.0
174.0
130.0
97.0
171.0
107.0
98.0
175.0
122.0
205.0
100.0
180.0
249.0
280.0
200.0
236.0
157.0
162.0
96.0
233.0
134.0
162.0
165.0
197.0
164.0
128.0
230.0
163.0
140.0
94.0
169.0
258.0
106.0
190.0
190.0
166.0
164.0
119.0
157.0
197.0
206.0
285.0
82.0
143.0
238.0
217.0
108.0
94.0
120.0
219.0
160.0
113.0
189.0
209.0
311.0
198.0
164.0
191.0
150.0
128.0
173.0
139.0
123.0
164.0
130.0
139.0
159.0
127.0
249.0
167.0
174.0
280.0
248.0
129.0
107.0
104.0
173.0
151.0
114.0
161.0
183.0
124.0
97.0
126.0
207.0
273.0
210.0
159.0
163.0
99.0
135.0
132.0
169.0
167.0
163.0
208.0
214.0
214.0
279.0
144.0
171.0
74.0
122.0
153.0
110.0
122.0
285.0
164.0
251.0
130.0
169.0
187.0
146.0
89.0
136.0
202.0
117.0
248.0
221.0
173.0
119.0
219.0
90.0
161.0
187.0
128.0
187.0
201.0
201.0
194.0
159.0
243.0
207.0
216.0
228.0
215.0
219.0
148.0
156.0
212.0
198.0
243.0
116.0
208.0
142.0
189.0
229.0
194.0
185.0
216.0
110.0
103.0
250.0
128.0
234.0
131.0
132.0
147.0
148.0
138.0
200.0
227.0
209.0
208.0
103.0
89.0
147.0
199.0
214.0
169.0
205.0
106.0
151.0
202.0
129.0
245.0
182.0
169.0
146.0
243.0
127.0
137.0
150.0
99.0
227.0
202.0
152.0
157.0
234.0
275.0
110.0
139.0
138.0
187.0
239.0
225.0
203.0
155.0
159.0
161.0
127.0
199.0
193.0
155.0
213.0
181.0
175.0
129.0
160.0
111.0
149.0
128.0
159.0
132.0
172.0
115.0
170.0
290.0
199.0
159.0
260.0
190.0
187.0
208.0
377.0
192.0
104.0
115.0
159.0
105.0
163.0
227.0
110.0
143.0
203.0
206.0
192.0
321.0
169.0
217.0
145.0
133.0
147.0
180.0
163.0
158.0
170.0
164.0
191.0
193.0
114.0
145.0
263.0
193.0
234.0
138.0
143.0
280.0
146.0
144.0
119.0
184.0
123.0
126.0
241.0
217.0
183.0
117.0
185.0
206.0
191.0
128.0
192.0
143.0
160.0
86.0
172.0
161.0
194.0
177.0
207.0
183.0
165.0
119.0
226.0
124.0
183.0
116.0
240.0
146.0
200.0
155.0
154.0
130.0
131.0
238.0
212.0
161.0
91.0
175.0
210.0
189.0
161.0
183.0
262.0
162.0
246.0
175.0
136.0
241.0
191.0
173.0
120.0
185.0
177.0
165.0
128.0
100.0
139.0
146.0
174.0
174.0
183.0
134.0
177.0
185.0
226.0
145.0
191.0
197.0
160.0
115.0
180.0
122.0
167.0
128.0
255.0
140.0
119.0
181.0
173.0
216.0
113.0
204.0
162.0
181.0
113.0
311.0
418.0
256.0
242.0
138.0
194.0
179.0
115.0
153.0
253.0
242.0
131.0
215.0
158.0
220.0
215.0
223.0
92.0
175.0
187.0
246.0
154.0
203.0
119.0
156.0
225.0
183.0
111.0
109.0
133.0
164.0
216.0
134.0
248.0
95.0
178.0
170.0
176.0
190.0
99.0
144.0
230.0
132.0
111.0
131.0
227.0
196.0
147.0
181.0
113.0
100.0
214.0
175.0
181.0
92.0
218.0
196.0
172.0
166.0
169.0
165.0
239.0
172.0
112.0
155.0
185.0
169.0
134.0
180.0
116.0
213.0
174.0
154.0
210.0
124.0
169.0
187.0
140.0
200.0
205.0
139.0
170.0
230.0
183.0
190.0
171.0
136.0
161.0
167.0
173.0
172.0
229.0
198.0
186.0
150.0
170.0
254.0
160.0
229.0
346.0
130.0
125.0
173.0
213.0
188.0
269.0
83.0
141.0
185.0
109.0
202.0
197.0
275.0
167.0
142.0
137.0
201.0
151.0
204.0
158.0
200.0
269.0
121.0
256.0
173.0
200.0
173.0
130.0
218.0
90.0
64.0
94.0
217.0
106.0
165.0
181.0
159.0
202.0
157.0
209.0
190.0
179.0
143.0
168.0
94.0
82.0
131.0
115.0
213.0
127.0
138.0
168.0
166.0
142.0
131.0
245.0
222.0
143.0
154.0
254.0
157.0
152.0
246.0
150.0
186.0
178.0
174.0
77.0
190.0
77.0
189.0
245.0
154.0
151.0
115.0
191.0
137.0
152.0
246.0
88.0
206.0
226.0
247.0
156.0
166.0
269.0
258.0
135.0
230.0
142.0
145.0
235.0
167.0
194.0
174.0
203.0
99.0
144.0
197.0
229.0
201.0
195.0
76.0
199.0
244.0
119.0
173.0
160.0
216.0
199.0
80.0
163.0
125.0
149.0
159.0
161.0
104.0
189.0
268.0
186.0
156.0
95.0
118.0
149.0
138.0
187.0
252.0
152.0
131.0
141.0
246.0
132.0
229.0
173.0
170.0
114.0
198.0
115.0
258.0
111.0
449.0
149.0
166.0
226.0
233.0
135.0
140.0
144.0
138.0
155.0
156.0
188.0
151.0
181.0
189.0
241.0
186.0
185.0
134.0
170.0
173.0
182.0
133.0
160.0
227.0
166.0
226.0
135.0
108.0
198.0
127.0
219.0
118.0
189.0
184.0
107.0
187.0
252.0
166.0
104.0
211.0
200.0
97.0
99.0
172.0
191.0
146.0
179.0
182.0
185.0
151.0
403.0
196.0
190.0
152.0
223.0
201.0
240.0
213.0
215.0
110.0
190.0
174.0
116.0
185.0
170.0
90.0
223.0
178.0
103.0
175.0
183.0
98.0
123.0
184.0
155.0
117.0
175.0
216.0
158.0
163.0
122.0
198.0
156.0
163.0
230.0
134.0
283.0
120.0
139.0
141.0
173.0
113.0
147.0
130.0
153.0
160.0
219.0
137.0
128.0
141.0
243.0
240.0
139.0
180.0
168.0
121.0
246.0
132.0
259.0
202.0
100.0
98.0
261.0
178.0
128.0
187.0
104.0
180.0
120.0
170.0
154.0
79.0
172.0
175.0
164.0
337.0
410.0
108.0
147.0
127.0
298.0
176.0
190.0
156.0
152.0
127.0
205.0
175.0
157.0
121.0
162.0
158.0
160.0
236.0
277.0
193.0
133.0
121.0
196.0
116.0
133.0
166.0
171.0
139.0
201.0
146.0
132.0
158.0
157.0
125.0
242.0
178.0
127.0
97.0
164.0
250.0
151.0
253.0
164.0
157.0
142.0
160.0
167.0
177.0
147.0
180.0
182.0
225.0
120.0
213.0
186.0
135.0
121.0
186.0
158.0
100.0
120.0
193.0
300.0
125.0
246.0
154.0
177.0
150.0
143.0
191.0
119.0
90.0
83.0
241.0
166.0
313.0
139.0
188.0
169.0
163.0
142.0
156.0
357.0
172.0
158.0
111.0
175.0
208.0
216.0
187.0
249.0
184.0
155.0
127.0
141.0
181.0
110.0
175.0
146.0
139.0
245.0
234.0
120.0
171.0
190.0
186.0
172.0
148.0
185.0
252.0
113.0
147.0
176.0
156.0
135.0
112.0
260.0
178.0
263.0
202.0
145.0
202.0
236.0
209.0
203.0
133.0
111.0
242.0
141.0
159.0
211.0
163.0
233.0
144.0
151.0
160.0
229.0
351.0
111.0
193.0
230.0
183.0
133.0
390.0
134.0
177.0
130.0
148.0
180.0
149.0
194.0
238.0
193.0
146.0
214.0
138.0
144.0
134.0
238.0
134.0
123.0
227.0
125.0
124.0
156.0
144.0
181.0
65.0
214.0
284.0
183.0
237.0
178.0
272.0
170.0
112.0
140.0
141.0
163.0
177.0
142.0
181.0
177.0
273.0
177.0
133.0
227.0
218.0
195.0
99.0
153.0
125.0
148.0
150.0
226.0
241.0
200.0
173.0
152.0
107.0
171.0
122.0
199.0
247.0
151.0
188.0
134.0
127.0
188.0
167.0
104.0
244.0
211.0
152.0
185.0
156.0
208.0
85.0
134.0
163.0
196.0
242.0
110.0
258.0
212.0
130.0
117.0
165.0
98.0
173.0
128.0
197.0
178.0
222.0
187.0
134.0
195.0
189.0
180.0
187.0
157.0
139.0
245.0
195.0
131.0
319.0
157.0
166.0
191.0
190.0
119.0
179.0
138.0
222.0
161.0
172.0
123.0
210.0
156.0
138.0
195.0
159.0
162.0
192.0
151.0
136.0
116.0
152.0
174.0
147.0
87.0
164.0
132.0
153.0
265.0
200.0
120.0
195.0
365.0
102.0
113.0
151.0
173.0
204.0
103.0
155.0
125.0
220.0
106.0
86.0
152.0
189.0
319.0
165.0
129.0
195.0
177.0
222.0
249.0
112.0
101.0
93.0
177.0
124.0
168.0
125.0
171.0
148.0
171.0
194.0
151.0
199.0
227.0
170.0
148.0
151.0
274.0
83.0
79.0
193.0
155.0
249.0
111.0
177.0
265.0
142.0
141.0
196.0
125.0
142.0
153.0
108.0
175.0
153.0
173.0
162.0
235.0
231.0
152.0
137.0
128.0
141.0
189.0
157.0
108.0
108.0
269.0
223.0
170.0
199.0
131.0
61.0
152.0
262.0
292.0
195.0
146.0
309.0
135.0
122.0
171.0
177.0
247.0
111.0
200.0
223.0
172.0
148.0
187.0
194.0
143.0
94.0
110.0
204.0
122.0
146.0
173.0
113.0
211.0
170.0
138.0
311.0
149.0
209.0
173.0
163.0
242.0
186.0
134.0
113.0
193.0
182.0
317.0
184.0
208.0
213.0
173.0
165.0
198.0
142.0
137.0
179.0
231.0
186.0
193.0
139.0
136.0
176.0
178.0
211.0
207.0
127.0
205.0
119.0
165.0
174.0
196.0
138.0
176.0
170.0
193.0
123.0
135.0
133.0
152.0
280.0
187.0
146.0
324.0
149.0
130.0
161.0
201.0
124.0
220.0
148.0
230.0
200.0
200.0
216.0
197.0
135.0
125.0
138.0
140.0
180.0
218.0
175.0
374.0
168.0
110.0
136.0
290.0
156.0
127.0
173.0
112.0
128.0
110.0
165.0
177.0
127.0
220.0
253.0
175.0
215.0
200.0
114.0
197.0
296.0
86.0
87.0
182.0
158.0
105.0
228.0
128.0
192.0
221.0
236.0
266.0
162.0
151.0
197.0
120.0
195.0
269.0
206.0
245.0
222.0
155.0
156.0
280.0
128.0
204.0
223.0
204.0
163.0
238.0
175.0
119.0
202.0
223.0
155.0
128.0
304.0
189.0
157.0
169.0
162.0
270.0
140.0
116.0
157.0
78.0
291.0
152.0
133.0
157.0
152.0
187.0
206.0
144.0
342.0
179.0
180.0
204.0
163.0
316.0
182.0
120.0
376.0
153.0
155.0
157.0
151.0
120.0
193.0
160.0
168.0
167.0
202.0
191.0
205.0
167.0
124.0
114.0
186.0
162.0
126.0
271.0
213.0
127.0
187.0
135.0
157.0
101.0
158.0
163.0
159.0
187.0
178.0
188.0
130.0
277.0
300.0
230.0
178.0
213.0
187.0
142.0
155.0
211.0
166.0
195.0
217.0
132.0
125.0
151.0
206.0
105.0
208.0
235.0
127.0
136.0
219.0
169.0
169.0
165.0
311.0
174.0
157.0
150.0
122.0
115.0
141.0
203.0
175.0
131.0
245.0
123.0
177.0
105.0
125.0
118.0
200.0
232.0
153.0
175.0
145.0
192.0
142.0
146.0
212.0
337.0
188.0
192.0
231.0
184.0
174.0
157.0
157.0
141.0
185.0
219.0
216.0
158.0
210.0
197.0
162.0
209.0
196.0
143.0
192.0
165.0
173.0
155.0
130.0
97.0
117.0
209.0
225.0
305.0
250.0
177.0
127.0
356.0
129.0
219.0
158.0
89.0
141.0
154.0
156.0
182.0
127.0
124.0
155.0
191.0
125.0
264.0
144.0
174.0
141.0
148.0
117.0
174.0
109.0
270.0
186.0
274.0
238.0
147.0
215.0
127.0
220.0
131.0
148.0
66.0
161.0
136.0
185.0
130.0
252.0
210.0
191.0
121.0
168.0
169.0
183.0
190.0
141.0
154.0
126.0
144.0
183.0
170.0
169.0
162.0
192.0
173.0
170.0
188.0
157.0
119.0
229.0
208.0
112.0
188.0
172.0
193.0
167.0
118.0
261.0
130.0
168.0
140.0
183.0
192.0
202.0
145.0
166.0
230.0
200.0
129.0
249.0
161.0
141.0
120.0
180.0
139.0
197.0
166.0
179.0
210.0
140.0
87.0
201.0
155.0
107.0
139.0
118.0
221.0
194.0
194.0
184.0
130.0
125.0
210.0
149.0
176.0
126.0
190.0
149.0
128.0
204.0
148.0
163.0
139.0
76.0
128.0
110.0
116.0
136.0
161.0
130.0
128.0
106.0
97.0
207.0
170.0
231.0
100.0
138.0
231.0
217.0
244.0
193.0
205.0
134.0
149.0
158.0
104.0
193.0
195.0
133.0
156.0
129.0
236.0
214.0
161.0
115.0
231.0
124.0
220.0
357.0
170.0
212.0
166.0
142.0
116.0
199.0
144.0
278.0
189.0
176.0
143.0
241.0
228.0
147.0
187.0
201.0
241.0
229.0
222.0
166.0
144.0
108.0
179.0
217.0
139.0
86.0
223.0
163.0
195.0
290.0
104.0
256.0
144.0
149.0
156.0
122.0
72.0
142.0
128.0
211.0
155.0
174.0
81.0
124.0
216.0
102.0
176.0
132.0
126.0
133.0
137.0
265.0
133.0
157.0
259.0
128.0
133.0
187.0
204.0
221.0
196.0
162.0
154.0
181.0
151.0
201.0
103.0
147.0
97.0
201.0
107.0
178.0
131.0
150.0
135.0
219.0
93.0
320.0
157.0
140.0
114.0
225.0
174.0
126.0
309.0
154.0
148.0
208.0
183.0
185.0
253.0
364.0
204.0
133.0
208.0
163.0
265.0
127.0
170.0
129.0
205.0
152.0
129.0
227.0
133.0
212.0
185.0
171.0
311.0
217.0
117.0
203.0
152.0
154.0
207.0
142.0
112.0
95.0
145.0
144.0
215.0
168.0
118.0
180.0
207.0
207.0
114.0
528.0
204.0
182.0
167.0
141.0
116.0
113.0
289.0
124.0
258.0
148.0
185.0
136.0
103.0
127.0
235.0
102.0
181.0
117.0
220.0
161.0
231.0
107.0
161.0
186.0
150.0
142.0
132.0
161.0
176.0
288.0
182.0
215.0
153.0
169.0
138.0
87.0
146.0
128.0
93.0
182.0
163.0
199.0
161.0
103.0
182.0
167.0
269.0
182.0
242.0
115.0
192.0
140.0
216.0
177.0
127.0
141.0
122.0
155.0
176.0
137.0
105.0
268.0
252.0
169.0
192.0
179.0
219.0
134.0
229.0
159.0
190.0
138.0
217.0
146.0
133.0
260.0
122.0
148.0
197.0
246.0
255.0
267.0
144.0
278.0
211.0
257.0
135.0
135.0
199.0
184.0
110.0
161.0
299.0
213.0
145.0
249.0
144.0
110.0
173.0
157.0
94.0
313.0
186.0
222.0
195.0
179.0
151.0
207.0
127.0
215.0
214.0
206.0
173.0
104.0
93.0
224.0
129.0
151.0
243.0
162.0
138.0
163.0
193.0
228.0
292.0
87.0
89.0
199.0
136.0
130.0
133.0
128.0
204.0
233.0
179.0
152.0
136.0
143.0
224.0
200.0
149.0
103.0
154.0
107.0
111.0
192.0
104.0
211.0
239.0
169.0
160.0
67.0
171.0
209.0
174.0
178.0
153.0
229.0
148.0
214.0
263.0
114.0
110.0
202.0
155.0
108.0
204.0
83.0
175.0
178.0
135.0
235.0
159.0
167.0
220.0
171.0
151.0
239.0
220.0
176.0
113.0
200.0
138.0
130.0
316.0
167.0
170.0
243.0
171.0
196.0
211.0
137.0
266.0
216.0
218.0
90.0
216.0
267.0
157.0
147.0
213.0
147.0
162.0
195.0
137.0
178.0
209.0
128.0
152.0
160.0
139.0
176.0
232.0
120.0
119.0
96.0
191.0
148.0
221.0
205.0
130.0
123.0
127.0
290.0
136.0
170.0
107.0
159.0
199.0
221.0
126.0
171.0
164.0
131.0
250.0
146.0
209.0
169.0
129.0
182.0
189.0
197.0
345.0
217.0
119.0
181.0
346.0
204.0
169.0
114.0
216.0
182.0
195.0
137.0
104.0
135.0
169.0
197.0
164.0
157.0
183.0
162.0
193.0
135.0
92.0
167.0
139.0
180.0
93.0
194.0
232.0
151.0
194.0
161.0
160.0
137.0
183.0
103.0
205.0
189.0
167.0
201.0
107.0
176.0
125.0
188.0
182.0
200.0
143.0
218.0
254.0
200.0
225.0
126.0
186.0
144.0
134.0
211.0
193.0
137.0
170.0
273.0
118.0
113.0
199.0
146.0
152.0
193.0
306.0
345.0
135.0
146.0
140.0
187.0
145.0
209.0
103.0
156.0
193.0
226.0
161.0
328.0
59.0
236.0
69.0
127.0
169.0
101.0
180.0
277.0
233.0
133.0
141.0
172.0
247.0
152.0
223.0
59.0
212.0
170.0
124.0
198.0
234.0
135.0
210.0
111.0
114.0
217.0
154.0
130.0
210.0
128.0
156.0
399.0
133.0
95.0
154.0
136.0
146.0
117.0
201.0
162.0
284.0
101.0
166.0
210.0
129.0
187.0
142.0
162.0
193.0
174.0
129.0
144.0
252.0
91.0
117.0
176.0
305.0
202.0
127.0
149.0
160.0
204.0
163.0
166.0
149.0
154.0
127.0
215.0
164.0
286.0
165.0
110.0
303.0
231.0
183.0
176.0
106.0
115.0
113.0
155.0
139.0
111.0
159.0
202.0
175.0
95.0
157.0
101.0
141.0
174.0
196.0
224.0
174.0
182.0
88.0
237.0
120.0
177.0
127.0
226.0
177.0
262.0
182.0
221.0
189.0
142.0
143.0
209.0
465.0
185.0
159.0
155.0
183.0
128.0
180.0
156.0
131.0
166.0
241.0
129.0
112.0
175.0
161.0
306.0
140.0
162.0
105.0
237.0
212.0
167.0
244.0
242.0
144.0
134.0
156.0
181.0
182.0
158.0
190.0
135.0
140.0
262.0
138.0
143.0
197.0
140.0
202.0
171.0
213.0
101.0
212.0
198.0
237.0
135.0
136.0
136.0
325.0
204.0
127.0
108.0
244.0
126.0
262.0
205.0
155.0
210.0
139.0
187.0
220.0
201.0
157.0
187.0
211.0
150.0
177.0
154.0
114.0
144.0
210.0
124.0
134.0
168.0
215.0
184.0
128.0
114.0
136.0
189.0
202.0
154.0
212.0
247.0
162.0
125.0
363.0
180.0
98.0
164.0
131.0
114.0
154.0
169.0
587.0
101.0
161.0
190.0
262.0
224.0
141.0
131.0
155.0
144.0
263.0
127.0
157.0
175.0
166.0
198.0
163.0
212.0
174.0
203.0
139.0
154.0
140.0
147.0
90.0
122.0
227.0
179.0
108.0
299.0
150.0
211.0
88.0
169.0
155.0
163.0
159.0
101.0
250.0
325.0
232.0
230.0
152.0
290.0
187.0
191.0
212.0
197.0
104.0
139.0
106.0
179.0
251.0
96.0
124.0
102.0
253.0
136.0
161.0
145.0
199.0
193.0
194.0
104.0
119.0
242.0
161.0
508.0
153.0
174.0
120.0
282.0
186.0
97.0
160.0
254.0
275.0
162.0
112.0
155.0
107.0
83.0
150.0
320.0
289.0
143.0
184.0
183.0
89.0
112.0
121.0
186.0
136.0
114.0
174.0
105.0
185.0
218.0
135.0
239.0
160.0
471.0
206.0
223.0
194.0
103.0
152.0
99.0
171.0
188.0
96.0
145.0
182.0
119.0
239.0
125.0
210.0
138.0
79.0
230.0
135.0
170.0
96.0
110.0
253.0
143.0
235.0
123.0
155.0
176.0
219.0
300.0
153.0
123.0
162.0
208.0
114.0
164.0
207.0
127.0
180.0
102.0
152.0
100.0
152.0
194.0
163.0
233.0
136.0
196.0
157.0
237.0
100.0
67.0
189.0
179.0
252.0
170.0
134.0
191.0
219.0
125.0
155.0
205.0
132.0
138.0
171.0
170.0
183.0
136.0
220.0
226.0
184.0
200.0
150.0
225.0
206.0
189.0
183.0
131.0
147.0
175.0
154.0
156.0
93.0
189.0
287.0
118.0
193.0
108.0
164.0
194.0
169.0
127.0
110.0
192.0
171.0
181.0
120.0
125.0
189.0
113.0
150.0
148.0
115.0
218.0
199.0
146.0
132.0
145.0
139.0
141.0
188.0
196.0
112.0
90.0
112.0
138.0
200.0
144.0
170.0
127.0
227.0
134.0
133.0
160.0
135.0
156.0
147.0
201.0
247.0
164.0
174.0
236.0
196.0
157.0
173.0
160.0
149.0
122.0
191.0
191.0
137.0
167.0
203.0
119.0
104.0
114.0
117.0
165.0
148.0
234.0
267.0
173.0
159.0
201.0
147.0
141.0
148.0
213.0
118.0
123.0
252.0
176.0
262.0
156.0
127.0
95.0
170.0
184.0
184.0
182.0
100.0
299.0
155.0
210.0
116.0
141.0
277.0
189.0
230.0
161.0
108.0
159.0
115.0
274.0
252.0
162.0
127.0
129.0
164.0
202.0
177.0
133.0
167.0
165.0
160.0
154.0
91.0
235.0
171.0
95.0
109.0
137.0
94.0
217.0
192.0
204.0
136.0
207.0
98.0
191.0
210.0
124.0
157.0
117.0
188.0
123.0
158.0
192.0
103.0
169.0
187.0
153.0
106.0
219.0
309.0
111.0
128.0
174.0
185.0
178.0
141.0
281.0
137.0
231.0
202.0
178.0
114.0
218.0
621.0
173.0
278.0
240.0
133.0
200.0
191.0
130.0
142.0
177.0
168.0
124.0
242.0
148.0
190.0
304.0
143.0
109.0
255.0
115.0
124.0
162.0
105.0
157.0
196.0
176.0
132.0
120.0
175.0
162.0
134.0
241.0
183.0
166.0
135.0
156.0
215.0
178.0
183.0
170.0
113.0
152.0
187.0
105.0
113.0
140.0
182.0
185.0
175.0
174.0
101.0
184.0
278.0
180.0
145.0
139.0
229.0
130.0
270.0
169.0
130.0
159.0
141.0
184.0
186.0
156.0
122.0
174.0
182.0
153.0
143.0
123.0
267.0
256.0
122.0
183.0
271.0
247.0
139.0
309.0
124.0
109.0
201.0
192.0
243.0
160.0
168.0
230.0
97.0
326.0
187.0
126.0
284.0
162.0
162.0
153.0
125.0
188.0
267.0
127.0
158.0
272.0
140.0
329.0
145.0
200.0
115.0
137.0
205.0
206.0
98.0
181.0
171.0
156.0
172.0
152.0
70.0
136.0
90.0
214.0
160.0
144.0
182.0
92.0
194.0
158.0
158.0
136.0
124.0
190.0
106.0
153.0
186.0
200.0
155.0
302.0
161.0
183.0
259.0
145.0
220.0
133.0
217.0
135.0
267.0
165.0
125.0
136.0
229.0
185.0
187.0
209.0
165.0
198.0
231.0
194.0
184.0
162.0
116.0
93.0
103.0
115.0
173.0
203.0
178.0
176.0
163.0
258.0
143.0
115.0
139.0
191.0
128.0
158.0
232.0
246.0
158.0
241.0
135.0
153.0
224.0
159.0
175.0
121.0
106.0
139.0
135.0
270.0
141.0
99.0
273.0
279.0
153.0
129.0
165.0
180.0
191.0
195.0
205.0
176.0
161.0
130.0
183.0
244.0
209.0
186.0
168.0
159.0
152.0
132.0
192.0
273.0
206.0
139.0
129.0
326.0
177.0
144.0
296.0
136.0
235.0
452.0
177.0
136.0
187.0
120.0
186.0
197.0
151.0
192.0
190.0
156.0
214.0
123.0
167.0
176.0
183.0
150.0
141.0
120.0
177.0
186.0
214.0
158.0
180.0
152.0
174.0
75.0
157.0
111.0
116.0
255.0
210.0
165.0
205.0
141.0
141.0
149.0
117.0
224.0
143.0
175.0
160.0
203.0
266.0
111.0
227.0
250.0
194.0
213.0
213.0
173.0
137.0
173.0
263.0
150.0
119.0
178.0
111.0
247.0
177.0
266.0
132.0
136.0
146.0
165.0
178.0
123.0
210.0
115.0
134.0
121.0
54.0
145.0
179.0
201.0
244.0
230.0
232.0
165.0
176.0
294.0
142.0
130.0
274.0
105.0
136.0
190.0
149.0
209.0
275.0
146.0
230.0
191.0
127.0
205.0
330.0
141.0
188.0
207.0
237.0
123.0
274.0
112.0
257.0
224.0
108.0
158.0
228.0
203.0
227.0
95.0
142.0
160.0
163.0
293.0
93.0
194.0
91.0
130.0
280.0
172.0
167.0
182.0
122.0
335.0
77.0
133.0
119.0
125.0
233.0
88.0
207.0
307.0
205.0
101.0
135.0
196.0
110.0
146.0
189.0
138.0
122.0
169.0
97.0
165.0
244.0
380.0
220.0
200.0
186.0
267.0
277.0
151.0
193.0
177.0
102.0
129.0
135.0
203.0
245.0
204.0
101.0
111.0
166.0
390.0
238.0
238.0
120.0
143.0
65.0
154.0
128.0
110.0
126.0
112.0
154.0
139.0
156.0
160.0
186.0
125.0
162.0
139.0
233.0
102.0
218.0
235.0
208.0
142.0
133.0
184.0
264.0
286.0
123.0
223.0
195.0
154.0
274.0
235.0
284.0
220.0
131.0
173.0
164.0
133.0
529.0
230.0
182.0
128.0
161.0
90.0
253.0
128.0
128.0
187.0
130.0
132.0
115.0
101.0
192.0
101.0
214.0
133.0
170.0
172.0
124.0
158.0
119.0
230.0
228.0
119.0
287.0
169.0
143.0
123.0
296.0
115.0
171.0
155.0
228.0
101.0
204.0
128.0
132.0
133.0
207.0
156.0
226.0
109.0
146.0
102.0
170.0
186.0
208.0
127.0
192.0
167.0
188.0
192.0
231.0
94.0
285.0
180.0
231.0
97.0
104.0
307.0
282.0
132.0
133.0
120.0
172.0
123.0
187.0
176.0
164.0
158.0
177.0
153.0
128.0
216.0
272.0
158.0
105.0
145.0
139.0
191.0
205.0
182.0
251.0
192.0
147.0
189.0
132.0
108.0
156.0
177.0
261.0
112.0
144.0
153.0
166.0
235.0
134.0
176.0
201.0
171.0
155.0
106.0
278.0
167.0
129.0
158.0
129.0
153.0
287.0
132.0
117.0
282.0
212.0
180.0
288.0
198.0
86.0
236.0
211.0
143.0
232.0
240.0
252.0
141.0
176.0
170.0
163.0
316.0
176.0
131.0
182.0
107.0
232.0
120.0
164.0
146.0
152.0
82.0
165.0
274.0
154.0
243.0
206.0
153.0
115.0
216.0
134.0
300.0
182.0
176.0
113.0
150.0
149.0
158.0
135.0
206.0
167.0
113.0
132.0
178.0
122.0
169.0
175.0
143.0
199.0
141.0
93.0
114.0
291.0
109.0
105.0
191.0
109.0
131.0
177.0
225.0
267.0
88.0
193.0
259.0
315.0
163.0
210.0
145.0
143.0
136.0
169.0
142.0
257.0
192.0
128.0
180.0
103.0
144.0
83.0
178.0
175.0
129.0
159.0
196.0
228.0
122.0
163.0
294.0
101.0
346.0
131.0
175.0
141.0
161.0
130.0
135.0
147.0
156.0
191.0
171.0
564.0
153.0
181.0
172.0
208.0
139.0
220.0
235.0
177.0
194.0
77.0
152.0
134.0
134.0
117.0
200.0
131.0
88.0
266.0
84.0
143.0
138.0
116.0
115.0
226.0
127.0
140.0
106.0
132.0
125.0
270.0
186.0
165.0
128.0
148.0
125.0
227.0
183.0
217.0
164.0
157.0
153.0
211.0
143.0
103.0
187.0
149.0
172.0
107.0
158.0
142.0
239.0
584.0
130.0
316.0
160.0
131.0
127.0
130.0
182.0
82.0
201.0
144.0
141.0
163.0
127.0
190.0
143.0
146.0
447.0
141.0
148.0
104.0
120.0
154.0
183.0
166.0
161.0
188.0
131.0
179.0
180.0
187.0
246.0
104.0
181.0
103.0
283.0
127.0
101.0
229.0
85.0
150.0
152.0
143.0
114.0
220.0
176.0
214.0
184.0
122.0
170.0
244.0
152.0
157.0
179.0
116.0
125.0
171.0
200.0
170.0
201.0
185.0
166.0
109.0
168.0
113.0
272.0
171.0
234.0
151.0
168.0
133.0
97.0
127.0
143.0
160.0
194.0
303.0
90.0
136.0
170.0
227.0
210.0
224.0
138.0
148.0
166.0
205.0
106.0
143.0
188.0
121.0
118.0
175.0
134.0
164.0
138.0
160.0
142.0
130.0
164.0
127.0
111.0
224.0
163.0
249.0
213.0
192.0
143.0
178.0
236.0
181.0
181.0
276.0
65.0
151.0
151.0
140.0
167.0
133.0
183.0
249.0
107.0
146.0
110.0
297.0
157.0
231.0
135.0
90.0
147.0
170.0
145.0
178.0
204.0
280.0
170.0
131.0
136.0
274.0
145.0
193.0
189.0
115.0
178.0
100.0
242.0
162.0
102.0
201.0
199.0
167.0
191.0
133.0
170.0
164.0
191.0
149.0
187.0
196.0
132.0
98.0
155.0
207.0
91.0
213.0
133.0
190.0
185.0
177.0
174.0
180.0
160.0
178.0
185.0
138.0
102.0
152.0
236.0
267.0
92.0
147.0
185.0
164.0
155.0
91.0
137.0
194.0
86.0
185.0
237.0
170.0
152.0
89.0
214.0
115.0
134.0
184.0
173.0
103.0
148.0
91.0
190.0
183.0
242.0
156.0
175.0
152.0
130.0
172.0
213.0
184.0
214.0
131.0
227.0
131.0
243.0
249.0
275.0
120.0
86.0
90.0
66.0
301.0
241.0
132.0
195.0
139.0
174.0
223.0
176.0
183.0
182.0
140.0
218.0
201.0
151.0
199.0
239.0
165.0
202.0
108.0
180.0
177.0
136.0
232.0
136.0
156.0
102.0
229.0
206.0
210.0
129.0
157.0
154.0
180.0
131.0
146.0
248.0
154.0
126.0
143.0
169.0
110.0
140.0
126.0
142.0
111.0
119.0
157.0
244.0
210.0
114.0
163.0
231.0
241.0
238.0
161.0
86.0
122.0
96.0
167.0
201.0
230.0
265.0
182.0
83.0
171.0
217.0
187.0
776.0
158.0
114.0
151.0
110.0
208.0
293.0
201.0
156.0
144.0
135.0
183.0
162.0
146.0
60.0
158.0
230.0
165.0
130.0
214.0
116.0
279.0
179.0
147.0
181.0
122.0
120.0
144.0
123.0
197.0
280.0
199.0
274.0
208.0
130.0
103.0
153.0
118.0
164.0
253.0
156.0
153.0
133.0
150.0
327.0
230.0
179.0
167.0
178.0
148.0
126.0
155.0
309.0
161.0
182.0
190.0
196.0
153.0
129.0
273.0
116.0
187.0
203.0
168.0
333.0
92.0
211.0
126.0
305.0
122.0
120.0
203.0
209.0
117.0
227.0
206.0
200.0
145.0
163.0
366.0
70.0
203.0
253.0
229.0
355.0
169.0
183.0
160.0
145.0
133.0
160.0
164.0
198.0
237.0
285.0
166.0
175.0
243.0
220.0
164.0
107.0
120.0
183.0
175.0
142.0
149.0
179.0
171.0
130.0
206.0
124.0
197.0
215.0
191.0
136.0
176.0
160.0
130.0
169.0
217.0
269.0
205.0
153.0
184.0
115.0
141.0
191.0
107.0
138.0
233.0
171.0
121.0
208.0
177.0
157.0
156.0
240.0
215.0
240.0
226.0
155.0
208.0
100.0
133.0
125.0
295.0
168.0
126.0
180.0
217.0
208.0
86.0
137.0
160.0
118.0
137.0
114.0
249.0
116.0
227.0
259.0
119.0
201.0
94.0
193.0
153.0
244.0
434.0
263.0
158.0
157.0
230.0
125.0
155.0
161.0
203.0
130.0
88.0
113.0
186.0
135.0
250.0
142.0
135.0
165.0
211.0
170.0
226.0
200.0
348.0
76.0
110.0
171.0
207.0
198.0
188.0
149.0
195.0
136.0
157.0
114.0
106.0
167.0
203.0
178.0
176.0
222.0
151.0
197.0
102.0
132.0
164.0
167.0
423.0
193.0
128.0
143.0
201.0
109.0
251.0
112.0
156.0
138.0
139.0
245.0
207.0
196.0
155.0
393.0
120.0
163.0
193.0
217.0
104.0
218.0
283.0
248.0
192.0
157.0
131.0
194.0
168.0
195.0
115.0
123.0
192.0
142.0
111.0
212.0
84.0
242.0
119.0
92.0
232.0
318.0
102.0
132.0
168.0
156.0
293.0
175.0
190.0
228.0
208.0
248.0
249.0
98.0
185.0
278.0
119.0
314.0
138.0
196.0
272.0
170.0
130.0
410.0
151.0
182.0
110.0
192.0
135.0
115.0
131.0
169.0
261.0
162.0
206.0
172.0
196.0
153.0
113.0
215.0
130.0
113.0
207.0
189.0
192.0
96.0
293.0
230.0
149.0
91.0
222.0
94.0
195.0
221.0
277.0
160.0
180.0
273.0
82.0
163.0
142.0
160.0
119.0
262.0
171.0
199.0
132.0
136.0
164.0
182.0
106.0
251.0
141.0
185.0
223.0
167.0
153.0
161.0
224.0
207.0
152.0
169.0
194.0
111.0
200.0
203.0
137.0
187.0
92.0
174.0
125.0
254.0
178.0
154.0
144.0
121.0
83.0
204.0
205.0
172.0
477.0
104.0
129.0
98.0
174.0
317.0
203.0
153.0
144.0
206.0
155.0
281.0
110.0
190.0
146.0
119.0
350.0
86.0
109.0
158.0
153.0
168.0
143.0
162.0
146.0
170.0
236.0
463.0
103.0
156.0
103.0
203.0
160.0
139.0
162.0
170.0
165.0
145.0
173.0
90.0
140.0
135.0
158.0
118.0
88.0
277.0
156.0
188.0
153.0
251.0
242.0
233.0
90.0
268.0
315.0
264.0
164.0
173.0
168.0
163.0
108.0
173.0
188.0
189.0
154.0
168.0
202.0
156.0
235.0
179.0
233.0
116.0
167.0
123.0
134.0
848.0
131.0
248.0
130.0
104.0
107.0
227.0
250.0
154.0
136.0
141.0
172.0
157.0
134.0
183.0
118.0
222.0
176.0
220.0
155.0
155.0
186.0
180.0
113.0
118.0
198.0
130.0
104.0
203.0
129.0
173.0
187.0
142.0
271.0
513.0
170.0
204.0
165.0
163.0
148.0
130.0
155.0
248.0
156.0
113.0
122.0
215.0
163.0
126.0
129.0
187.0
154.0
245.0
251.0
132.0
245.0
164.0
95.0
202.0
211.0
206.0
159.0
120.0
99.0
115.0
152.0
266.0
129.0
136.0
263.0
179.0
171.0
116.0
232.0
253.0
246.0
165.0
217.0
183.0
157.0
219.0
250.0
178.0
136.0
236.0
100.0
241.0
143.0
134.0
170.0
122.0
122.0
208.0
231.0
92.0
184.0
163.0
274.0
183.0
150.0
206.0
123.0
108.0
227.0
129.0
221.0
165.0
120.0
381.0
191.0
131.0
176.0
205.0
94.0
167.0
240.0
203.0
102.0
124.0
211.0
105.0
126.0
231.0
190.0
220.0
162.0
167.0
135.0
180.0
184.0
165.0
199.0
142.0
250.0
265.0
105.0
133.0
202.0
171.0
278.0
134.0
135.0
228.0
154.0
142.0
113.0
151.0
258.0
129.0
161.0
216.0
114.0
124.0
230.0
102.0
154.0
194.0
208.0
58.0
107.0
277.0
130.0
169.0
232.0
148.0
175.0
114.0
114.0
109.0
259.0
177.0
125.0
123.0
153.0
190.0
132.0
234.0
128.0
251.0
121.0
128.0
249.0
167.0
197.0
181.0
155.0
198.0
187.0
232.0
121.0
166.0
113.0
73.0
110.0
175.0
241.0
228.0
130.0
224.0
187.0
165.0
163.0
236.0
167.0
123.0
129.0
156.0
217.0
199.0
124.0
183.0
218.0
161.0
137.0
187.0
215.0
137.0
128.0
185.0
176.0
167.0
127.0
142.0
145.0
268.0
251.0
196.0
149.0
280.0
148.0
147.0
199.0
174.0
242.0
65.0
151.0
180.0
199.0
254.0
102.0
125.0
145.0
195.0
171.0
162.0
120.0
112.0
134.0
92.0
207.0
141.0
159.0
235.0
178.0
133.0
250.0
140.0
80.0
122.0
228.0
114.0
185.0
83.0
114.0
238.0
94.0
94.0
217.0
133.0
667.0
135.0
175.0
178.0
148.0
80.0
129.0
331.0
211.0
158.0
181.0
143.0
146.0
163.0
146.0
80.0
275.0
192.0
154.0
134.0
178.0
154.0
174.0
117.0
160.0
194.0
150.0
140.0
210.0
176.0
158.0
182.0
146.0
210.0
110.0
183.0
183.0
154.0
137.0
171.0
135.0
270.0
170.0
155.0
144.0
129.0
169.0
178.0
231.0
170.0
142.0
133.0
91.0
105.0
151.0
170.0
185.0
178.0
124.0
192.0
130.0
193.0
196.0
269.0
126.0
159.0
120.0
373.0
248.0
199.0
190.0
97.0
61.0
240.0
161.0
165.0
202.0
133.0
197.0
177.0
218.0
211.0
253.0
110.0
183.0
101.0
115.0
165.0
173.0
142.0
120.0
181.0
184.0
208.0
145.0
122.0
107.0
208.0
335.0
120.0
278.0
184.0
126.0
108.0
169.0
104.0
135.0
130.0
214.0
139.0
168.0
143.0
132.0
233.0
107.0
152.0
206.0
132.0
213.0
274.0
135.0
109.0
174.0
257.0
125.0
165.0
151.0
113.0
117.0
173.0
256.0
141.0
158.0
331.0
148.0
201.0
276.0
145.0
120.0
189.0
226.0
137.0
173.0
185.0
174.0
126.0
254.0
186.0
128.0
81.0
147.0
275.0
86.0
288.0
147.0
105.0
171.0
172.0
425.0
134.0
176.0
150.0
130.0
136.0
208.0
266.0
98.0
204.0
162.0
198.0
162.0
111.0
239.0
104.0
107.0
147.0
206.0
221.0
289.0
185.0
114.0
288.0
166.0
103.0
166.0
163.0
122.0
125.0
161.0
163.0
118.0
102.0
172.0
167.0
100.0
146.0
162.0
170.0
116.0
265.0
239.0
113.0
193.0
197.0
235.0
72.0
115.0
100.0
166.0
166.0
199.0
108.0
118.0
133.0
178.0
192.0
235.0
285.0
162.0
195.0
206.0
168.0
267.0
107.0
127.0
280.0
138.0
191.0
93.0
183.0
98.0
199.0
129.0
143.0
128.0
134.0
150.0
177.0
203.0
255.0
189.0
180.0
237.0
143.0
127.0
125.0
257.0
207.0
90.0
150.0
227.0
283.0
148.0
160.0
120.0
131.0
127.0
104.0
264.0
163.0
68.0
176.0
153.0
158.0
118.0
126.0
124.0
217.0
164.0
188.0
252.0
220.0
140.0
294.0
166.0
162.0
139.0
185.0
191.0
209.0
156.0
155.0
172.0
112.0
136.0
213.0
239.0
161.0
192.0
207.0
150.0
298.0
122.0
128.0
154.0
152.0
217.0
181.0
114.0
238.0
178.0
152.0
213.0
164.0
199.0
103.0
216.0
164.0
156.0
221.0
99.0
162.0
326.0
188.0
178.0
230.0
179.0
85.0
174.0
151.0
161.0
140.0
173.0
218.0
179.0
176.0
155.0
207.0
153.0
190.0
226.0
230.0
140.0
96.0
213.0
108.0
268.0
187.0
167.0
186.0
129.0
135.0
154.0
181.0
176.0
258.0
191.0
151.0
197.0
206.0
174.0
171.0
126.0
332.0
188.0
244.0
153.0
139.0
135.0
254.0
132.0
147.0
184.0
93.0
107.0
162.0
222.0
224.0
274.0
87.0
292.0
201.0
270.0
112.0
176.0
200.0
156.0
130.0
223.0
177.0
151.0
147.0
83.0
177.0
111.0
200.0
161.0
116.0
206.0
163.0
200.0
175.0
149.0
172.0
143.0
291.0
205.0
142.0
170.0
213.0
117.0
135.0
178.0
118.0
127.0
187.0
263.0
239.0
132.0
115.0
184.0
205.0
163.0
218.0
137.0
184.0
252.0
127.0
191.0
166.0
139.0
215.0
206.0
159.0
146.0
194.0
134.0
110.0
132.0
256.0
249.0
213.0
273.0
304.0
145.0
51.0
156.0
162.0
294.0
106.0
189.0
235.0
136.0
105.0
178.0
199.0
147.0
206.0
173.0
218.0
152.0
136.0
163.0
143.0
150.0
233.0
161.0
129.0
167.0
142.0
187.0
164.0
102.0
125.0
282.0
119.0
171.0
253.0
264.0
234.0
183.0
114.0
151.0
169.0
482.0
192.0
177.0
78.0
329.0
135.0
112.0
271.0
106.0
168.0
264.0
156.0
137.0
157.0
264.0
284.0
151.0
214.0
174.0
104.0
95.0
210.0
183.0
48.0
185.0
183.0
172.0
98.0
136.0
238.0
93.0
116.0
141.0
138.0
164.0
211.0
680.0
128.0
271.0
111.0
128.0
172.0
165.0
139.0
236.0
181.0
173.0
159.0
202.0
175.0
194.0
120.0
266.0
133.0
359.0
149.0
83.0
92.0
213.0
229.0
232.0
239.0
110.0
97.0
137.0
98.0
135.0
200.0
165.0
146.0
226.0
247.0
160.0
245.0
125.0
90.0
122.0
290.0
115.0
174.0
237.0
224.0
127.0
224.0
133.0
224.0
190.0
214.0
108.0
211.0
133.0
208.0
504.0
139.0
175.0
130.0
354.0
136.0
183.0
151.0
171.0
163.0
128.0
164.0
259.0
164.0
268.0
293.0
174.0
154.0
102.0
191.0
195.0
110.0
192.0
370.0
102.0
95.0
97.0
233.0
138.0
152.0
94.0
167.0
273.0
137.0
207.0
134.0
212.0
146.0
307.0
154.0
164.0
160.0
156.0
220.0
151.0
126.0
124.0
200.0
350.0
147.0
248.0
227.0
96.0
177.0
193.0
178.0
168.0
127.0
214.0
113.0
228.0
136.0
137.0
103.0
192.0
229.0
189.0
148.0
141.0
179.0
137.0
107.0
81.0
200.0
188.0
199.0
169.0
199.0
111.0
175.0
191.0
192.0
226.0
195.0
222.0
144.0
206.0
139.0
146.0
232.0
134.0
140.0
97.0
188.0
150.0
176.0
228.0
134.0
121.0
122.0
175.0
224.0
286.0
172.0
207.0
157.0
104.0
86.0
244.0
171.0
101.0
177.0
117.0
261.0
187.0
222.0
113.0
183.0
354.0
164.0
191.0
204.0
145.0
150.0
167.0
149.0
166.0
260.0
166.0
150.0
192.0
206.0
280.0
300.0
219.0
131.0
149.0
171.0
142.0
185.0
181.0
326.0
261.0
141.0
210.0
199.0
129.0
112.0
183.0
163.0
154.0
175.0
213.0
216.0
151.0
172.0
234.0
212.0
140.0
128.0
157.0
150.0
180.0
152.0
193.0
129.0
141.0
183.0
106.0
153.0
188.0
186.0
90.0
278.0
146.0
180.0
148.0
356.0
222.0
168.0
132.0
162.0
88.0
193.0
166.0
110.0
212.0
123.0
128.0
103.0
106.0
137.0
187.0
279.0
253.0
253.0
202.0
149.0
304.0
165.0
184.0
195.0
107.0
161.0
123.0
163.0
331.0
119.0
115.0
134.0
238.0
76.0
131.0
127.0
253.0
172.0
201.0
213.0
121.0
256.0
232.0
212.0
128.0
241.0
244.0
197.0
197.0
226.0
194.0
101.0
189.0
95.0
123.0
197.0
139.0
227.0
221.0
111.0
142.0
193.0
153.0
166.0
202.0
129.0
172.0
115.0
155.0
179.0
297.0
168.0
155.0
144.0
174.0
350.0
260.0
98.0
186.0
184.0
150.0
179.0
204.0
193.0
232.0
152.0
348.0
217.0
400.0
234.0
152.0
118.0
142.0
185.0
280.0
226.0
98.0
293.0
137.0
129.0
110.0
145.0
132.0
293.0
157.0
128.0
168.0
130.0
83.0
225.0
209.0
100.0
135.0
102.0
108.0
133.0
175.0
403.0
197.0
164.0
187.0
152.0
118.0
132.0
85.0
142.0
201.0
83.0
254.0
168.0
156.0
134.0
207.0
195.0
144.0
176.0
247.0
134.0
126.0
205.0
129.0
207.0
201.0
92.0
252.0
109.0
219.0
256.0
160.0
75.0
119.0
160.0
164.0
149.0
95.0
225.0
130.0
190.0
129.0
175.0
152.0
163.0
180.0
192.0
157.0
109.0
192.0
268.0
190.0
191.0
255.0
236.0
163.0
340.0
123.0
142.0
147.0
218.0
106.0
179.0
95.0
273.0
125.0
187.0
206.0
218.0
193.0
179.0
145.0
278.0
160.0
146.0
145.0
150.0
154.0
128.0
162.0
263.0
176.0
117.0
111.0
140.0
152.0
187.0
225.0
126.0
144.0
158.0
105.0
145.0
126.0
138.0
122.0
209.0
180.0
94.0
248.0
212.0
325.0
159.0
242.0
224.0
233.0
138.0
155.0
227.0
189.0
103.0
174.0
234.0
244.0
120.0
264.0
169.0
189.0
148.0
165.0
146.0
122.0
188.0
207.0
283.0
64.0
129.0
161.0
204.0
294.0
104.0
203.0
147.0
204.0
111.0
109.0
145.0
153.0
125.0
230.0
206.0
249.0
100.0
102.0
138.0
264.0
126.0
138.0
123.0
282.0
132.0
226.0
132.0
193.0
118.0
250.0
124.0
174.0
185.0
230.0
219.0
254.0
185.0
197.0
158.0
115.0
204.0
155.0
135.0
86.0
225.0
187.0
137.0
93.0
119.0
344.0
158.0
194.0
168.0
133.0
209.0
137.0
138.0
97.0
180.0
190.0
114.0
208.0
205.0
208.0
139.0
150.0
169.0
164.0
289.0
181.0
179.0
192.0
204.0
138.0
156.0
218.0
181.0
164.0
178.0
237.0
173.0
158.0
225.0
162.0
98.0
195.0
148.0
115.0
152.0
139.0
267.0
179.0
104.0
151.0
102.0
193.0
181.0
191.0
184.0
171.0
142.0
125.0
112.0
122.0
197.0
153.0
410.0
163.0
142.0
152.0
132.0
289.0
178.0
106.0
199.0
72.0
233.0
120.0
165.0
197.0
227.0
200.0
229.0
162.0
171.0
149.0
128.0
149.0
234.0
173.0
152.0
172.0
131.0
251.0
96.0
168.0
159.0
237.0
131.0
209.0
220.0
170.0
103.0
95.0
156.0
184.0
127.0
93.0
115.0
138.0
97.0
173.0
126.0
301.0
172.0
123.0
290.0
199.0
146.0
101.0
156.0
171.0
120.0
244.0
155.0
198.0
73.0
205.0
146.0
198.0
192.0
225.0
140.0
184.0
213.0
115.0
187.0
193.0
155.0
169.0
163.0
151.0
295.0
150.0
175.0
223.0
130.0
107.0
120.0
169.0
117.0
152.0
142.0
164.0
96.0
113.0
227.0
96.0
220.0
221.0
192.0
306.0
151.0
95.0
160.0
257.0
174.0
224.0
308.0
109.0
100.0
81.0
200.0
166.0
178.0
164.0
437.0
75.0
210.0
103.0
84.0
181.0
92.0
177.0
147.0
234.0
163.0
127.0
120.0
187.0
242.0
204.0
118.0
143.0
96.0
146.0
112.0
112.0
99.0
117.0
119.0
155.0
182.0
195.0
154.0
188.0
325.0
123.0
152.0
123.0
230.0
130.0
107.0
126.0
186.0
218.0
240.0
123.0
187.0
241.0
117.0
188.0
198.0
348.0
176.0
442.0
104.0
175.0
144.0
172.0
200.0
187.0
146.0
210.0
146.0
238.0
175.0
151.0
122.0
200.0
93.0
168.0
232.0
153.0
123.0
144.0
196.0
116.0
201.0
125.0
116.0
160.0
134.0
223.0
179.0
298.0
135.0
170.0
194.0
214.0
115.0
229.0
329.0
96.0
161.0
166.0
126.0
314.0
104.0
141.0
135.0
150.0
143.0
183.0
138.0
222.0
177.0
189.0
78.0
333.0
100.0
212.0
155.0
116.0
122.0
172.0
119.0
237.0
111.0
186.0
153.0
297.0
233.0
126.0
105.0
213.0
222.0
138.0
140.0
186.0
140.0
242.0
129.0
271.0
107.0
153.0
117.0
115.0
132.0
160.0
363.0
275.0
184.0
215.0
155.0
150.0
156.0
141.0
132.0
125.0
102.0
207.0
202.0
179.0
194.0
104.0
111.0
144.0
197.0
144.0
140.0
95.0
164.0
208.0
204.0
200.0
163.0
130.0
282.0
201.0
193.0
151.0
253.0
325.0
316.0
217.0
258.0
134.0
209.0
84.0
174.0
172.0
151.0
131.0
295.0
98.0
182.0
209.0
170.0
106.0
293.0
138.0
128.0
194.0
164.0
172.0
197.0
197.0
269.0
131.0
157.0
186.0
138.0
267.0
143.0
240.0
153.0
140.0
158.0
144.0
182.0
176.0
156.0
153.0
243.0
71.0
197.0
99.0
144.0
116.0
310.0
316.0
124.0
114.0
159.0
195.0
105.0
210.0
143.0
169.0
256.0
147.0
171.0
143.0
203.0
343.0
237.0
116.0
161.0
269.0
131.0
220.0
209.0
86.0
275.0
108.0
270.0
148.0
166.0
121.0
114.0
120.0
226.0
267.0
154.0
111.0
119.0
148.0
163.0
176.0
132.0
246.0
102.0
205.0
231.0
162.0
151.0
164.0
209.0
249.0
130.0
144.0
545.0
160.0
283.0
178.0
299.0
195.0
176.0
140.0
214.0
139.0
125.0
320.0
110.0
115.0
159.0
207.0
174.0
142.0
126.0
278.0
191.0
169.0
128.0
134.0
182.0
179.0
120.0
204.0
237.0
112.0
120.0
162.0
173.0
145.0
149.0
213.0
135.0
138.0
174.0
189.0
271.0
192.0
207.0
163.0
110.0
166.0
182.0
178.0
189.0
139.0
108.0
229.0
149.0
292.0
149.0
229.0
105.0
163.0
158.0
158.0
155.0
101.0
95.0
264.0
227.0
160.0
161.0
146.0
164.0
177.0
177.0
179.0
138.0
288.0
189.0
177.0
177.0
184.0
300.0
169.0
147.0
170.0
264.0
142.0
191.0
113.0
136.0
209.0
160.0
467.0
149.0
106.0
260.0
136.0
238.0
209.0
207.0
156.0
107.0
124.0
315.0
192.0
174.0
253.0
228.0
300.0
209.0
144.0
135.0
165.0
147.0
130.0
203.0
167.0
133.0
183.0
234.0
204.0
73.0
127.0
108.0
93.0
293.0
211.0
138.0
131.0
204.0
147.0
209.0
188.0
162.0
181.0
201.0
147.0
247.0
191.0
105.0
118.0
151.0
103.0
210.0
216.0
215.0
78.0
126.0
122.0
217.0
177.0
241.0
148.0
156.0
155.0
232.0
219.0
197.0
132.0
270.0
187.0
61.0
214.0
162.0
156.0
122.0
97.0
132.0
368.0
125.0
219.0
117.0
147.0
178.0
207.0
124.0
167.0
106.0
177.0
195.0
232.0
275.0
150.0
251.0
312.0
100.0
241.0
132.0
247.0
78.0
141.0
127.0
215.0
162.0
185.0
256.0
134.0
157.0
232.0
98.0
287.0
247.0
173.0
134.0
188.0
100.0
230.0
207.0
117.0
189.0
275.0
261.0
294.0
165.0
179.0
159.0
124.0
98.0
188.0
110.0
237.0
146.0
317.0
158.0
161.0
138.0
172.0
126.0
113.0
93.0
167.0
164.0
201.0
204.0
162.0
158.0
171.0
178.0
269.0
101.0
193.0
119.0
209.0
136.0
253.0
239.0
100.0
182.0
313.0
248.0
96.0
132.0
126.0
153.0
200.0
157.0
67.0
310.0
179.0
112.0
120.0
266.0
282.0
194.0
116.0
148.0
236.0
178.0
136.0
147.0
114.0
177.0
337.0
393.0
87.0
256.0
211.0
147.0
174.0
141.0
145.0
137.0
96.0
251.0
249.0
202.0
165.0
156.0
190.0
224.0
197.0
135.0
135.0
211.0
184.0
125.0
269.0
194.0
278.0
188.0
241.0
193.0
234.0
106.0
174.0
152.0
86.0
219.0
138.0
134.0
290.0
211.0
101.0
189.0
278.0
225.0
235.0
184.0
142.0
123.0
73.0
266.0
207.0
201.0
193.0
237.0
156.0
154.0
120.0
157.0
144.0
105.0
291.0
152.0
183.0
224.0
279.0
215.0
152.0
204.0
174.0
146.0
206.0
185.0
175.0
207.0
179.0
224.0
167.0
155.0
310.0
164.0
213.0
168.0
212.0
169.0
84.0
131.0
328.0
204.0
147.0
174.0
207.0
262.0
282.0
263.0
110.0
120.0
232.0
114.0
132.0
142.0
180.0
171.0
167.0
131.0
180.0
222.0
141.0
209.0
200.0
171.0
154.0
140.0
134.0
145.0
149.0
327.0
183.0
187.0
181.0
158.0
256.0
172.0
206.0
146.0
220.0
184.0
151.0
129.0
281.0
182.0
231.0
222.0
178.0
194.0
116.0
100.0
136.0
172.0
91.0
121.0
152.0
221.0
233.0
165.0
240.0
158.0
277.0
201.0
207.0
169.0
141.0
207.0
158.0
149.0
170.0
189.0
156.0
213.0
390.0
198.0
133.0
93.0
265.0
89.0
187.0
204.0
158.0
247.0
265.0
161.0
250.0
187.0
170.0
165.0
163.0
154.0
164.0
220.0
195.0
160.0
144.0
183.0
160.0
162.0
105.0
215.0
201.0
190.0
211.0
166.0
173.0
304.0
185.0
220.0
189.0
150.0
172.0
193.0
160.0
166.0
205.0
193.0
236.0
77.0
115.0
100.0
125.0
182.0
277.0
229.0
167.0
194.0
153.0
146.0
162.0
150.0
120.0
242.0
208.0
302.0
136.0
142.0
377.0
368.0
141.0
213.0
257.0
205.0
126.0
123.0
198.0
152.0
186.0
221.0
102.0
193.0
164.0
191.0
196.0
187.0
104.0
191.0
156.0
236.0
179.0
213.0
195.0
148.0
162.0
127.0
194.0
208.0
204.0
134.0
194.0
118.0
263.0
113.0
280.0
189.0
166.0
110.0
137.0
205.0
133.0
158.0
151.0
166.0
134.0
108.0
238.0
217.0
159.0
197.0
199.0
179.0
280.0
151.0
272.0
239.0
135.0
167.0
198.0
129.0
100.0
251.0
160.0
91.0
164.0
175.0
180.0
81.0
154.0
139.0
121.0
235.0
133.0
219.0
163.0
151.0
110.0
266.0
207.0
128.0
154.0
145.0
294.0
209.0
112.0
181.0
109.0
189.0
187.0
147.0
131.0
116.0
274.0
128.0
187.0
142.0
214.0
197.0
131.0
311.0
144.0
90.0
325.0
193.0
150.0
135.0
136.0
137.0
185.0
152.0
204.0
140.0
123.0
165.0
204.0
134.0
194.0
212.0
179.0
117.0
125.0
280.0
213.0
142.0
152.0
278.0
177.0
174.0
250.0
177.0
138.0
156.0
254.0
98.0
220.0
70.0
134.0
137.0
142.0
203.0
128.0
186.0
102.0
183.0
146.0
103.0
160.0
89.0
172.0
194.0
167.0
156.0
154.0
154.0
165.0
178.0
136.0
144.0
186.0
142.0
212.0
172.0
192.0
94.0
134.0
104.0
146.0
239.0
84.0
136.0
336.0
154.0
204.0
149.0
140.0
223.0
140.0
116.0
127.0
128.0
138.0
229.0
200.0
195.0
90.0
189.0
238.0
136.0
171.0
236.0
127.0
128.0
250.0
233.0
118.0
165.0
95.0
171.0
187.0
123.0
167.0
223.0
140.0
161.0
113.0
179.0
158.0
203.0
139.0
169.0
156.0
248.0
155.0
189.0
242.0
135.0
151.0
242.0
222.0
176.0
109.0
195.0
109.0
159.0
189.0
226.0
203.0
127.0
156.0
144.0
320.0
134.0
117.0
186.0
109.0
179.0
153.0
182.0
140.0
147.0
227.0
154.0
155.0
152.0
158.0
102.0
173.0
156.0
137.0
162.0
136.0
210.0
161.0
180.0
131.0
142.0
112.0
159.0
218.0
168.0
146.0
84.0
96.0
125.0
113.0
291.0
192.0
517.0
182.0
212.0
143.0
113.0
133.0
153.0
218.0
112.0
268.0
144.0
235.0
218.0
321.0
268.0
222.0
103.0
203.0
253.0
194.0
180.0
83.0
165.0
387.0
190.0
171.0
142.0
212.0
137.0
161.0
101.0
192.0
138.0
120.0
120.0
332.0
192.0
192.0
237.0
154.0
224.0
143.0
169.0
141.0
226.0
194.0
222.0
160.0
167.0
154.0
170.0
115.0
151.0
180.0
105.0
220.0
208.0
132.0
122.0
223.0
141.0
123.0
200.0
204.0
190.0
111.0
123.0
107.0
117.0
115.0
153.0
133.0
161.0
183.0
236.0
125.0
146.0
111.0
171.0
224.0
223.0
180.0
193.0
155.0
142.0
262.0
151.0
189.0
129.0
87.0
170.0
144.0
172.0
152.0
188.0
175.0
260.0
96.0
101.0
206.0
109.0
145.0
226.0
190.0
93.0
252.0
220.0
184.0
189.0
81.0
128.0
141.0
317.0
251.0
176.0
120.0
168.0
159.0
144.0
122.0
114.0
127.0
259.0
147.0
178.0
175.0
158.0
362.0
117.0
252.0
181.0
161.0
238.0
126.0
196.0
281.0
265.0
188.0
154.0
238.0
164.0
115.0
172.0
164.0
178.0
221.0
165.0
264.0
199.0
94.0
195.0
197.0
201.0
92.0
179.0
201.0
143.0
179.0
164.0
146.0
214.0
123.0
180.0
121.0
182.0
195.0
125.0
176.0
282.0
153.0
204.0
149.0
85.0
190.0
133.0
315.0
137.0
227.0
124.0
175.0
151.0
130.0
208.0
195.0
137.0
106.0
216.0
213.0
189.0
136.0
189.0
133.0
206.0
160.0
116.0
176.0
187.0
180.0
112.0
365.0
295.0
136.0
179.0
114.0
199.0
334.0
137.0
117.0
230.0
189.0
109.0
158.0
137.0
168.0
232.0
166.0
347.0
183.0
236.0
178.0
106.0
141.0
128.0
262.0
144.0
158.0
318.0
142.0
143.0
209.0
98.0
207.0
151.0
154.0
176.0
118.0
192.0
265.0
225.0
113.0
294.0
179.0
168.0
202.0
146.0
175.0
170.0
274.0
193.0
222.0
133.0
148.0
122.0
117.0
140.0
129.0
187.0
194.0
271.0
267.0
198.0
198.0
188.0
222.0
225.0
122.0
312.0
167.0
155.0
210.0
195.0
163.0
166.0
112.0
160.0
217.0
282.0
99.0
98.0
217.0
191.0
118.0
132.0
154.0
227.0
231.0
161.0
178.0
206.0
141.0
162.0
161.0
167.0
149.0
277.0
147.0
127.0
137.0
105.0
171.0
161.0
198.0
225.0
224.0
159.0
126.0
103.0
1036.0
147.0
117.0
109.0
254.0
269.0
227.0
190.0
286.0
205.0
118.0
571.0
213.0
269.0
282.0
170.0
91.0
89.0
148.0
120.0
112.0
201.0
310.0
197.0
195.0
199.0
133.0
162.0
139.0
124.0
128.0
148.0
240.0
145.0
148.0
149.0
156.0
129.0
165.0
160.0
134.0
140.0
139.0
94.0
214.0
139.0
85.0
307.0
197.0
263.0
151.0
108.0
165.0
114.0
219.0
267.0
150.0
141.0
347.0
221.0
103.0
170.0
204.0
149.0
246.0
218.0
142.0
176.0
89.0
91.0
162.0
91.0
221.0
122.0
120.0
220.0
106.0
152.0
110.0
195.0
184.0
148.0
102.0
226.0
172.0
139.0
186.0
230.0
82.0
154.0
181.0
180.0
188.0
106.0
173.0
201.0
472.0
90.0
180.0
117.0
309.0
161.0
154.0
130.0
168.0
171.0
231.0
292.0
278.0
150.0
114.0
214.0
164.0
240.0
222.0
175.0
193.0
190.0
150.0
160.0
143.0
210.0
145.0
118.0
299.0
199.0
157.0
182.0
157.0
160.0
229.0
177.0
176.0
221.0
117.0
286.0
196.0
236.0
156.0
84.0
156.0
110.0
138.0
138.0
205.0
197.0
201.0
170.0
115.0
218.0
234.0
429.0
158.0
87.0
191.0
146.0
167.0
166.0
193.0
134.0
103.0
227.0
197.0
293.0
120.0
125.0
204.0
132.0
202.0
130.0
251.0
155.0
281.0
126.0
143.0
217.0
138.0
210.0
209.0
153.0
120.0
78.0
278.0
149.0
192.0
321.0
157.0
125.0
253.0
190.0
188.0
192.0
218.0
141.0
204.0
166.0
347.0
205.0
208.0
272.0
142.0
160.0
290.0
117.0
165.0
184.0
158.0
134.0
167.0
262.0
197.0
232.0
185.0
206.0
136.0
193.0
182.0
216.0
233.0
283.0
95.0
162.0
176.0
221.0
129.0
141.0
140.0
170.0
198.0
150.0
141.0
133.0
130.0
137.0
147.0
244.0
143.0
112.0
260.0
281.0
178.0
182.0
157.0
192.0
218.0
136.0
166.0
173.0
148.0
136.0
143.0
185.0
206.0
91.0
156.0
301.0
205.0
221.0
103.0
141.0
146.0
201.0
153.0
207.0
267.0
164.0
168.0
220.0
222.0
151.0
152.0
128.0
125.0
140.0
187.0
201.0
215.0
170.0
157.0
269.0
149.0
136.0
186.0
247.0
203.0
105.0
88.0
277.0
142.0
442.0
197.0
104.0
136.0
205.0
175.0
129.0
174.0
237.0
199.0
157.0
189.0
121.0
183.0
139.0
108.0
193.0
197.0
403.0
124.0
222.0
98.0
191.0
217.0
164.0
160.0
130.0
195.0
210.0
146.0
249.0
205.0
204.0
178.0
177.0
220.0
234.0
176.0
143.0
188.0
130.0
218.0
323.0
151.0
203.0
229.0
132.0
160.0
266.0
119.0
136.0
214.0
124.0
150.0
155.0
128.0
144.0
176.0
86.0
99.0
276.0
198.0
197.0
251.0
105.0
216.0
215.0
154.0
164.0
199.0
222.0
222.0
256.0
144.0
130.0
196.0
125.0
245.0
285.0
152.0
129.0
102.0
156.0
223.0
127.0
152.0
117.0
122.0
244.0
108.0
185.0
143.0
273.0
206.0
184.0
238.0
107.0
182.0
130.0
130.0
170.0
139.0
131.0
106.0
193.0
183.0
139.0
228.0
188.0
133.0
171.0
232.0
120.0
226.0
170.0
113.0
189.0
153.0
204.0
274.0
127.0
258.0
271.0
225.0
226.0
117.0
206.0
202.0
216.0
118.0
188.0
246.0
229.0
182.0
162.0
194.0
166.0
127.0
70.0
166.0
200.0
264.0
75.0
165.0
165.0
135.0
108.0
150.0
210.0
201.0
146.0
260.0
164.0
197.0
112.0
191.0
190.0
191.0
176.0
181.0
205.0
193.0
179.0
223.0
171.0
148.0
165.0
144.0
234.0
182.0
104.0
201.0
293.0
285.0
135.0
177.0
135.0
93.0
115.0
153.0
199.0
223.0
194.0
134.0
160.0
147.0
158.0
214.0
152.0
164.0
161.0
152.0
159.0
143.0
144.0
179.0
121.0
247.0
168.0
203.0
127.0
102.0
158.0
126.0
148.0
144.0
141.0
132.0
221.0
173.0
142.0
106.0
143.0
779.0
126.0
162.0
127.0
182.0
139.0
222.0
165.0
206.0
206.0
231.0
485.0
134.0
244.0
95.0
184.0
167.0
199.0
216.0
232.0
196.0
240.0
162.0
203.0
248.0
113.0
145.0
126.0
80.0
153.0
159.0
113.0
271.0
142.0
148.0
171.0
107.0
88.0
193.0
164.0
156.0
226.0
209.0
132.0
140.0
140.0
143.0
115.0
258.0
215.0
225.0
113.0
201.0
168.0
156.0
208.0
210.0
140.0
114.0
162.0
215.0
110.0
178.0
211.0
109.0
180.0
224.0
135.0
168.0
169.0
124.0
71.0
173.0
69.0
189.0
170.0
205.0
103.0
163.0
144.0
169.0
139.0
164.0
162.0
436.0
180.0
176.0
179.0
242.0
130.0
146.0
180.0
150.0
152.0
199.0
232.0
162.0
175.0
141.0
141.0
92.0
238.0
150.0
147.0
226.0
275.0
228.0
169.0
141.0
213.0
148.0
228.0
106.0
197.0
234.0
226.0
126.0
192.0
151.0
227.0
122.0
155.0
105.0
122.0
278.0
168.0
156.0
161.0
153.0
131.0
199.0
170.0
98.0
158.0
149.0
367.0
178.0
316.0
120.0
238.0
216.0
190.0
253.0
159.0
138.0
142.0
166.0
169.0
149.0
229.0
179.0
164.0
195.0
131.0
198.0
103.0
137.0
268.0
150.0
198.0
135.0
124.0
144.0
155.0
156.0
94.0
162.0
165.0
133.0
277.0
166.0
147.0
190.0
222.0
163.0
313.0
104.0
112.0
126.0
200.0
159.0
193.0
166.0
126.0
165.0
149.0
172.0
128.0
259.0
283.0
124.0
367.0
199.0
109.0
265.0
105.0
172.0
165.0
272.0
256.0
220.0
166.0
184.0
159.0
168.0
230.0
194.0
166.0
187.0
204.0
185.0
122.0
161.0
189.0
150.0
209.0
149.0
118.0
92.0
175.0
233.0
217.0
146.0
154.0
185.0
266.0
148.0
132.0
196.0
158.0
164.0
147.0
130.0
175.0
199.0
173.0
157.0
296.0
242.0
162.0
150.0
133.0
90.0
162.0
236.0
146.0
151.0
149.0
128.0
171.0
168.0
132.0
218.0
123.0
183.0
138.0
229.0
146.0
171.0
241.0
145.0
109.0
164.0
234.0
202.0
179.0
134.0
191.0
137.0
174.0
154.0
205.0
207.0
308.0
166.0
161.0
265.0
147.0
201.0
130.0
176.0
159.0
149.0
153.0
134.0
130.0
202.0
180.0
194.0
168.0
175.0
128.0
178.0
179.0
343.0
82.0
234.0
230.0
209.0
139.0
135.0
145.0
178.0
182.0
247.0
184.0
165.0
228.0
162.0
129.0
140.0
145.0
171.0
217.0
161.0
196.0
89.0
175.0
128.0
222.0
191.0
267.0
180.0
154.0
125.0
248.0
175.0
154.0
145.0
130.0
196.0
138.0
167.0
180.0
154.0
194.0
177.0
196.0
208.0
123.0
177.0
135.0
164.0
180.0
126.0
119.0
117.0
203.0
223.0
170.0
162.0
175.0
166.0
108.0
167.0
125.0
288.0
107.0
183.0
155.0
240.0
114.0
150.0
207.0
238.0
92.0
183.0
108.0
228.0
128.0
284.0
218.0
309.0
256.0
253.0
215.0
190.0
175.0
174.0
177.0
122.0
181.0
222.0
115.0
248.0
201.0
148.0
200.0
358.0
158.0
160.0
108.0
131.0
187.0
132.0
173.0
266.0
241.0
229.0
134.0
242.0
173.0
186.0
153.0
168.0
217.0
164.0
165.0
169.0
152.0
118.0
143.0
215.0
183.0
142.0
151.0
163.0
104.0
189.0
120.0
149.0
158.0
118.0
196.0
198.0
178.0
157.0
219.0
188.0
121.0
199.0
175.0
191.0
241.0
195.0
129.0
115.0
85.0
149.0
192.0
139.0
117.0
138.0
236.0
230.0
191.0
255.0
235.0
138.0
177.0
193.0
185.0
223.0
75.0
128.0
217.0
334.0
195.0
170.0
151.0
182.0
154.0
140.0
217.0
156.0
204.0
226.0
203.0
139.0
183.0
219.0
182.0
231.0
212.0
155.0
240.0
227.0
183.0
147.0
208.0
143.0
196.0
144.0
221.0
135.0
254.0
154.0
150.0
195.0
170.0
181.0
124.0
188.0
126.0
200.0
108.0
98.0
143.0
938.0
111.0
147.0
165.0
238.0
141.0
197.0
159.0
179.0
163.0
184.0
226.0
219.0
158.0
150.0
153.0
159.0
150.0
176.0
145.0
205.0
241.0
208.0
165.0
173.0
135.0
178.0
129.0
187.0
185.0
175.0
158.0
127.0
139.0
159.0
76.0
229.0
179.0
196.0
270.0
177.0
202.0
128.0
305.0
154.0
168.0
152.0
149.0
195.0
206.0
182.0
165.0
180.0
120.0
109.0
173.0
187.0
181.0
161.0
134.0
147.0
152.0
178.0
182.0
228.0
142.0
152.0
161.0
231.0
193.0
166.0
176.0
125.0
157.0
157.0
264.0
248.0
114.0
156.0
178.0
131.0
129.0
83.0
180.0
165.0
127.0
154.0
252.0
156.0
128.0
250.0
182.0
216.0
178.0
143.0
158.0
293.0
215.0
144.0
125.0
212.0
150.0
297.0
359.0
283.0
206.0
138.0
323.0
120.0
181.0
145.0
165.0
175.0
228.0
212.0
106.0
132.0
173.0
275.0
169.0
197.0
257.0
197.0
230.0
172.0
126.0
179.0
143.0
226.0
174.0
240.0
172.0
221.0
162.0
143.0
213.0
116.0
155.0
122.0
153.0
179.0
199.0
200.0
210.0
273.0
146.0
155.0
120.0
236.0
179.0
167.0
204.0
105.0
153.0
180.0
249.0
219.0
197.0
126.0
187.0
155.0
262.0
182.0
124.0
153.0
210.0
173.0
139.0
216.0
198.0
217.0
164.0
221.0
198.0
107.0
127.0
206.0
278.0
76.0
236.0
239.0
210.0
124.0
103.0
197.0
127.0
204.0
165.0
267.0
197.0
159.0
156.0
224.0
129.0
177.0
217.0
222.0
243.0
226.0
360.0
136.0
173.0
101.0
123.0
212.0
89.0
188.0
282.0
146.0
195.0
225.0
204.0
178.0
147.0
186.0
181.0
168.0
249.0
87.0
190.0
139.0
153.0
217.0
148.0
190.0
126.0
138.0
120.0
138.0
207.0
122.0
96.0
179.0
194.0
246.0
222.0
117.0
156.0
210.0
185.0
197.0
138.0
174.0
115.0
169.0
226.0
146.0
217.0
105.0
197.0
267.0
209.0
93.0
139.0
226.0
173.0
153.0
166.0
131.0
161.0
414.0
279.0
242.0
187.0
135.0
182.0
150.0
137.0
142.0
167.0
124.0
156.0
250.0
159.0
216.0
96.0
169.0
162.0
161.0
165.0
183.0
218.0
311.0
364.0
241.0
128.0
125.0
287.0
183.0
138.0
185.0
220.0
144.0
138.0
183.0
185.0
219.0
226.0
226.0
167.0
158.0
319.0
204.0
167.0
101.0
195.0
189.0
178.0
140.0
149.0
134.0
197.0
178.0
148.0
175.0
245.0
156.0
127.0
117.0
144.0
166.0
205.0
116.0
88.0
297.0
239.0
250.0
143.0
165.0
267.0
132.0
141.0
139.0
225.0
195.0
210.0
208.0
149.0
119.0
287.0
91.0
124.0
151.0
147.0
139.0
124.0
150.0
153.0
119.0
189.0
196.0
254.0
180.0
154.0
138.0
273.0
129.0
161.0
120.0
205.0
93.0
128.0
223.0
159.0
131.0
234.0
145.0
334.0
146.0
156.0
174.0
173.0
167.0
141.0
194.0
153.0
244.0
181.0
114.0
171.0
282.0
149.0
179.0
197.0
168.0
142.0
106.0
209.0
137.0
222.0
234.0
197.0
140.0
255.0
228.0
228.0
176.0
89.0
174.0
114.0
240.0
152.0
182.0
120.0
208.0
326.0
137.0
225.0
197.0
200.0
213.0
175.0
137.0
136.0
200.0
126.0
152.0
273.0
284.0
117.0
114.0
127.0
111.0
161.0
181.0
165.0
117.0
187.0
264.0
144.0
279.0
114.0
153.0
133.0
165.0
171.0
190.0
179.0
207.0
248.0
194.0
152.0
150.0
142.0
240.0
172.0
281.0
158.0
170.0
204.0
82.0
204.0
157.0
151.0
185.0
140.0
196.0
123.0
85.0
193.0
137.0
190.0
182.0
200.0
125.0
172.0
161.0
217.0
199.0
175.0
213.0
92.0
243.0
221.0
82.0
116.0
190.0
235.0
121.0
260.0
177.0
111.0
214.0
143.0
213.0
134.0
173.0
106.0
209.0
123.0
186.0
212.0
263.0
160.0
145.0
86.0
124.0
140.0
214.0
121.0
158.0
226.0
747.0
121.0
184.0
141.0
207.0
164.0
123.0
143.0
243.0
94.0
227.0
180.0
150.0
202.0
188.0
188.0
202.0
147.0
148.0
132.0
179.0
153.0
120.0
156.0
170.0
214.0
222.0
165.0
161.0
228.0
193.0
166.0
199.0
195.0
156.0
169.0
125.0
142.0
121.0
124.0
278.0
120.0
211.0
218.0
173.0
147.0
227.0
246.0
177.0
137.0
138.0
137.0
166.0
151.0
127.0
215.0
128.0
166.0
194.0
92.0
214.0
178.0
125.0
239.0
253.0
149.0
121.0
173.0
187.0
165.0
135.0
184.0
178.0
178.0
180.0
167.0
188.0
167.0
280.0
133.0
141.0
203.0
275.0
129.0
459.0
159.0
121.0
243.0
114.0
172.0
246.0
156.0
117.0
176.0
185.0
174.0
319.0
207.0
127.0
200.0
104.0
269.0
138.0
137.0
122.0
138.0
170.0
228.0
203.0
159.0
173.0
200.0
279.0
112.0
159.0
109.0
158.0
191.0
262.0
232.0
198.0
143.0
111.0
196.0
167.0
226.0
125.0
231.0
183.0
209.0
297.0
286.0
166.0
194.0
235.0
191.0
181.0
172.0
129.0
181.0
110.0
135.0
99.0
130.0
100.0
112.0
182.0
148.0
117.0
145.0
114.0
158.0
213.0
140.0
201.0
146.0
171.0
165.0
163.0
94.0
182.0
173.0
191.0
162.0
271.0
248.0
139.0
150.0
188.0
235.0
141.0
175.0
258.0
289.0
215.0
199.0
100.0
108.0
184.0
230.0
155.0
170.0
225.0
180.0
152.0
156.0
255.0
149.0
166.0
200.0
225.0
197.0
126.0
147.0
164.0
207.0
158.0
221.0
124.0
217.0
243.0
210.0
183.0
273.0
116.0
155.0
191.0
180.0
137.0
176.0
205.0
148.0
222.0
266.0
250.0
106.0
212.0
176.0
110.0
180.0
201.0
265.0
101.0
273.0
187.0
113.0
130.0
181.0
133.0
255.0
141.0
201.0
193.0
195.0
108.0
193.0
118.0
218.0
266.0
138.0
214.0
187.0
176.0
167.0
124.0
139.0
116.0
215.0
107.0
194.0
86.0
193.0
266.0
129.0
187.0
99.0
197.0
190.0
119.0
130.0
256.0
154.0
164.0
149.0
211.0
162.0
165.0
82.0
275.0
111.0
225.0
153.0
215.0
250.0
182.0
133.0
232.0
197.0
109.0
212.0
243.0
112.0
154.0
257.0
194.0
195.0
134.0
206.0
206.0
90.0
158.0
180.0
132.0
313.0
177.0
171.0
141.0
150.0
136.0
177.0
192.0
221.0
118.0
138.0
186.0
214.0
144.0
123.0
274.0
125.0
199.0
124.0
145.0
170.0
197.0
130.0
175.0
143.0
140.0
221.0
194.0
167.0
185.0
187.0
264.0
151.0
218.0
131.0
144.0
251.0
210.0
187.0
171.0
117.0
179.0
173.0
72.0
160.0
161.0
159.0
172.0
182.0
221.0
117.0
187.0
177.0
170.0
132.0
174.0
180.0
190.0
130.0
170.0
195.0
180.0
280.0
179.0
119.0
178.0
169.0
208.0
127.0
118.0
156.0
207.0
160.0
163.0
114.0
208.0
174.0
121.0
173.0
209.0
160.0
330.0
209.0
112.0
280.0
166.0
214.0
139.0
129.0
146.0
106.0
230.0
161.0
151.0
129.0
208.0
187.0
263.0
205.0
157.0
159.0
188.0
97.0
230.0
141.0
166.0
209.0
174.0
141.0
261.0
320.0
109.0
171.0
161.0
188.0
155.0
143.0
132.0
115.0
299.0
175.0
194.0
235.0
170.0
197.0
145.0
100.0
133.0
176.0
213.0
171.0
204.0
227.0
110.0
203.0
213.0
179.0
199.0
156.0
269.0
161.0
144.0
156.0
249.0
153.0
245.0
186.0
194.0
147.0
184.0
251.0
262.0
359.0
212.0
124.0
137.0
226.0
154.0
278.0
173.0
115.0
161.0
203.0
223.0
248.0
188.0
169.0
197.0
84.0
166.0
83.0
141.0
110.0
295.0
221.0
151.0
140.0
146.0
215.0
163.0
159.0
198.0
169.0
130.0
147.0
180.0
155.0
168.0
191.0
176.0
160.0
111.0
124.0
141.0
154.0
285.0
178.0
116.0
138.0
197.0
197.0
143.0
123.0
136.0
186.0
305.0
228.0
162.0
178.0
113.0
200.0
187.0
184.0
158.0
243.0
218.0
250.0
157.0
116.0
91.0
172.0
150.0
170.0
252.0
152.0
137.0
162.0
146.0
139.0
165.0
247.0
154.0
211.0
178.0
173.0
188.0
176.0
128.0
184.0
255.0
140.0
145.0
149.0
265.0
99.0
158.0
188.0
218.0
362.0
65.0
275.0
121.0
181.0
139.0
100.0
224.0
189.0
228.0
159.0
131.0
188.0
130.0
198.0
114.0
177.0
188.0
190.0
143.0
205.0
146.0
216.0
182.0
161.0
136.0
144.0
301.0
83.0
126.0
236.0
215.0
201.0
131.0
185.0
216.0
172.0
170.0
297.0
188.0
190.0
207.0
281.0
192.0
171.0
189.0
244.0
165.0
159.0
151.0
204.0
167.0
159.0
267.0
183.0
203.0
180.0
210.0
192.0
215.0
232.0
200.0
105.0
130.0
295.0
166.0
175.0
225.0
191.0
231.0
112.0
112.0
174.0
166.0
132.0
175.0
185.0
223.0
251.0
198.0
165.0
167.0
205.0
245.0
122.0
127.0
195.0
166.0
180.0
140.0
185.0
165.0
160.0
148.0
256.0
119.0
190.0
212.0
141.0
188.0
136.0
161.0
137.0
223.0
98.0
87.0
122.0
220.0
122.0
168.0
135.0
218.0
170.0
201.0
159.0
253.0
191.0
242.0
187.0
257.0
131.0
129.0
125.0
149.0
226.0
208.0
94.0
298.0
173.0
231.0
172.0
212.0
228.0
314.0
180.0
166.0
115.0
222.0
187.0
183.0
181.0
178.0
140.0
213.0
220.0
228.0
151.0
105.0
134.0
115.0
178.0
190.0
181.0
171.0
89.0
168.0
176.0
180.0
238.0
77.0
163.0
185.0
179.0
232.0
242.0
210.0
213.0
99.0
230.0
223.0
249.0
219.0
115.0
141.0
209.0
213.0
269.0
157.0
128.0
289.0
159.0
148.0
218.0
155.0
186.0
176.0
205.0
125.0
152.0
208.0
191.0
193.0
117.0
229.0
215.0
212.0
146.0
270.0
159.0
152.0
138.0
84.0
268.0
126.0
185.0
139.0
187.0
197.0
122.0
111.0
234.0
184.0
101.0
281.0
160.0
153.0
256.0
120.0
167.0
136.0
223.0
175.0
254.0
151.0
313.0
156.0
122.0
202.0
99.0
190.0
287.0
126.0
216.0
112.0
208.0
242.0
159.0
269.0
220.0
172.0
97.0
205.0
219.0
141.0
131.0
153.0
204.0
176.0
162.0
221.0
238.0
185.0
249.0
102.0
249.0
102.0
188.0
157.0
185.0
144.0
216.0
115.0
159.0
155.0
199.0
133.0
220.0
222.0
195.0
159.0
138.0
205.0
214.0
161.0
276.0
202.0
188.0
124.0
172.0
177.0
224.0
258.0
160.0
246.0
147.0
180.0
174.0
81.0
198.0
115.0
77.0
233.0
185.0
113.0
190.0
240.0
106.0
116.0
154.0
177.0
165.0
95.0
349.0
211.0
140.0
129.0
105.0
131.0
138.0
122.0
211.0
169.0
182.0
194.0
153.0
245.0
270.0
174.0
263.0
366.0
160.0
169.0
207.0
304.0
232.0
145.0
147.0
273.0
167.0
147.0
215.0
150.0
155.0
225.0
179.0
192.0
125.0
244.0
120.0
220.0
199.0
177.0
197.0
121.0
114.0
200.0
187.0
153.0
141.0
138.0
156.0
259.0
119.0
111.0
120.0
373.0
175.0
192.0
223.0
150.0
180.0
124.0
127.0
197.0
241.0
90.0
148.0
291.0
103.0
174.0
158.0
272.0
225.0
188.0
147.0
389.0
183.0
161.0
166.0
233.0
112.0
134.0
149.0
145.0
143.0
147.0
95.0
240.0
123.0
277.0
241.0
166.0
183.0
152.0
157.0
161.0
237.0
129.0
110.0
211.0
121.0
191.0
148.0
277.0
163.0
158.0
188.0
168.0
151.0
126.0
189.0
150.0
56.0
115.0
293.0
200.0
154.0
187.0
169.0
299.0
146.0
127.0
185.0
238.0
158.0
188.0
227.0
236.0
154.0
136.0
205.0
154.0
102.0
189.0
177.0
158.0
206.0
182.0
186.0
200.0
75.0
228.0
152.0
133.0
171.0
136.0
160.0
118.0
84.0
167.0
254.0
120.0
89.0
191.0
143.0
179.0
132.0
191.0
197.0
154.0
185.0
259.0
90.0
144.0
199.0
160.0
161.0
239.0
262.0
211.0
150.0
119.0
114.0
177.0
277.0
190.0
152.0
159.0
214.0
298.0
84.0
165.0
134.0
178.0
207.0
144.0
130.0
168.0
167.0
209.0
181.0
209.0
181.0
109.0
211.0
183.0
175.0
171.0
222.0
215.0
167.0
111.0
168.0
179.0
238.0
215.0
318.0
142.0
233.0
148.0
248.0
81.0
92.0
293.0
137.0
239.0
241.0
132.0
161.0
199.0
179.0
129.0
123.0
288.0
129.0
245.0
209.0
199.0
195.0
168.0
175.0
202.0
116.0
138.0
99.0
224.0
165.0
122.0
123.0
132.0
195.0
167.0
231.0
234.0
102.0
173.0
231.0
142.0
161.0
230.0
168.0
164.0
184.0
271.0
138.0
245.0
167.0
244.0
139.0
118.0
147.0
233.0
189.0
177.0
161.0
111.0
164.0
100.0
118.0
226.0
148.0
313.0
125.0
135.0
147.0
151.0
161.0
141.0
260.0
160.0
172.0
119.0
170.0
282.0
169.0
141.0
189.0
182.0
163.0
182.0
209.0
233.0
172.0
148.0
186.0
98.0
277.0
107.0
147.0
154.0
241.0
145.0
105.0
119.0
217.0
136.0
102.0
188.0
159.0
147.0
137.0
252.0
222.0
221.0
97.0
128.0
145.0
301.0
264.0
190.0
99.0
358.0
117.0
217.0
99.0
126.0
120.0
199.0
104.0
207.0
159.0
154.0
211.0
144.0
197.0
194.0
152.0
161.0
122.0
334.0
153.0
203.0
218.0
179.0
140.0
168.0
217.0
126.0
198.0
205.0
159.0
140.0
162.0
119.0
178.0
138.0
146.0
188.0
170.0
113.0
141.0
315.0
139.0
194.0
123.0
185.0
171.0
176.0
200.0
192.0
175.0
189.0
166.0
134.0
196.0
205.0
125.0
186.0
104.0
264.0
394.0
155.0
183.0
181.0
200.0
174.0
238.0
172.0
209.0
139.0
153.0
185.0
202.0
204.0
237.0
144.0
130.0
176.0
146.0
134.0
243.0
107.0
168.0
228.0
230.0
146.0
135.0
136.0
222.0
128.0
95.0
209.0
192.0
136.0
195.0
243.0
154.0
150.0
195.0
174.0
201.0
174.0
213.0
208.0
204.0
172.0
165.0
129.0
156.0
98.0
256.0
300.0
174.0
203.0
175.0
116.0
207.0
103.0
294.0
164.0
245.0
177.0
126.0
212.0
126.0
269.0
181.0
216.0
174.0
88.0
85.0
188.0
252.0
181.0
220.0
247.0
184.0
158.0
243.0
337.0
232.0
195.0
131.0
156.0
121.0
110.0
209.0
252.0
97.0
97.0
207.0
166.0
211.0
208.0
111.0
156.0
152.0
246.0
289.0
144.0
157.0
197.0
350.0
151.0
245.0
165.0
152.0
161.0
157.0
195.0
248.0
192.0
114.0
147.0
127.0
124.0
193.0
185.0
137.0
145.0
128.0
108.0
155.0
107.0
259.0
107.0
145.0
196.0
298.0
101.0
161.0
189.0
169.0
188.0
106.0
316.0
234.0
126.0
144.0
145.0
204.0
195.0
159.0
228.0
113.0
261.0
171.0
187.0
146.0
141.0
125.0
295.0
387.0
141.0
313.0
208.0
121.0
176.0
175.0
144.0
155.0
138.0
235.0
174.0
186.0
146.0
229.0
185.0
156.0
203.0
95.0
132.0
226.0
96.0
161.0
225.0
203.0
179.0
256.0
135.0
214.0
249.0
225.0
115.0
133.0
201.0
96.0
231.0
143.0
111.0
169.0
253.0
181.0
222.0
187.0
203.0
227.0
198.0
107.0
206.0
217.0
149.0
145.0
217.0
182.0
187.0
184.0
153.0
192.0
116.0
261.0
287.0
112.0
196.0
160.0
239.0
215.0
194.0
110.0
253.0
172.0
146.0
99.0
276.0
311.0
131.0
139.0
143.0
126.0
183.0
176.0
158.0
153.0
185.0
110.0
228.0
199.0
170.0
193.0
147.0
143.0
132.0
142.0
103.0
123.0
184.0
206.0
180.0
195.0
151.0
181.0
72.0
215.0
253.0
231.0
126.0
178.0
242.0
184.0
86.0
162.0
207.0
195.0
146.0
172.0
162.0
218.0
219.0
273.0
181.0
206.0
180.0
190.0
98.0
159.0
184.0
148.0
99.0
165.0
236.0
165.0
201.0
239.0
134.0
198.0
142.0
186.0
228.0
164.0
128.0
131.0
198.0
167.0
145.0
293.0
187.0
309.0
165.0
128.0
207.0
185.0
161.0
234.0
120.0
127.0
122.0
180.0
192.0
159.0
260.0
161.0
285.0
181.0
184.0
236.0
146.0
233.0
142.0
216.0
190.0
172.0
91.0
158.0
99.0
121.0
230.0
174.0
174.0
147.0
208.0
140.0
164.0
197.0
242.0
146.0
192.0
123.0
203.0
242.0
163.0
155.0
259.0
127.0
170.0
141.0
203.0
162.0
200.0
198.0
147.0
171.0
83.0
275.0
226.0
224.0
192.0
120.0
138.0
180.0
198.0
130.0
230.0
135.0
148.0
129.0
193.0
189.0
113.0
159.0
260.0
143.0
206.0
189.0
168.0
301.0
154.0
214.0
142.0
150.0
165.0
201.0
208.0
147.0
123.0
227.0
262.0
167.0
203.0
117.0
178.0
157.0
199.0
320.0
196.0
162.0
140.0
174.0
213.0
126.0
244.0
175.0
247.0
118.0
252.0
182.0
162.0
181.0
191.0
154.0
176.0
138.0
186.0
212.0
264.0
246.0
139.0
205.0
152.0
143.0
178.0
210.0
214.0
141.0
119.0
142.0
181.0
147.0
118.0
213.0
177.0
150.0
119.0
276.0
137.0
162.0
167.0
358.0
102.0
183.0
293.0
121.0
238.0
189.0
195.0
158.0
133.0
115.0
180.0
228.0
150.0
198.0
280.0
99.0
210.0
193.0
237.0
144.0
182.0
139.0
177.0
143.0
191.0
302.0
165.0
134.0
137.0
168.0
163.0
324.0
195.0
146.0
176.0
179.0
152.0
164.0
186.0
204.0
138.0
337.0
190.0
135.0
178.0
226.0
179.0
227.0
268.0
176.0
171.0
277.0
209.0
187.0
175.0
234.0
198.0
137.0
182.0
167.0
198.0
148.0
163.0
194.0
262.0
219.0
126.0
145.0
270.0
142.0
155.0
125.0
152.0
148.0
171.0
122.0
143.0
140.0
185.0
138.0
159.0
114.0
155.0
213.0
204.0
182.0
174.0
169.0
187.0
177.0
136.0
179.0
175.0
163.0
140.0
144.0
204.0
244.0
158.0
242.0
142.0
137.0
197.0
122.0
145.0
118.0
185.0
333.0
169.0
182.0
226.0
266.0
185.0
172.0
142.0
160.0
201.0
139.0
130.0
171.0
238.0
270.0
314.0
181.0
110.0
192.0
170.0
127.0
196.0
169.0
152.0
326.0
176.0
231.0
171.0
111.0
155.0
119.0
175.0
162.0
125.0
162.0
199.0
164.0
166.0
236.0
119.0
96.0
184.0
249.0
136.0
102.0
264.0
162.0
174.0
240.0
83.0
117.0
176.0
180.0
214.0
112.0
174.0
202.0
162.0
182.0
189.0
131.0
112.0
140.0
179.0
106.0
196.0
126.0
145.0
160.0
172.0
253.0
199.0
220.0
167.0
168.0
159.0
193.0
677.0
192.0
155.0
143.0
311.0
150.0
185.0
179.0
191.0
127.0
232.0
172.0
221.0
158.0
149.0
112.0
163.0
237.0
281.0
140.0
146.0
254.0
121.0
106.0
156.0
183.0
244.0
129.0
250.0
326.0
133.0
184.0
140.0
171.0
165.0
152.0
238.0
135.0
205.0
283.0
220.0
230.0
214.0
158.0
230.0
165.0
177.0
156.0
133.0
268.0
173.0
158.0
265.0
226.0
169.0
168.0
190.0
117.0
288.0
226.0
191.0
331.0
118.0
142.0
249.0
427.0
228.0
165.0
177.0
167.0
148.0
114.0
148.0
140.0
189.0
142.0
151.0
141.0
134.0
137.0
196.0
184.0
175.0
395.0
185.0
127.0
165.0
356.0
240.0
151.0
134.0
182.0
337.0
268.0
263.0
151.0
149.0
130.0
258.0
166.0
102.0
175.0
205.0
202.0
176.0
147.0
169.0
153.0
190.0
155.0
166.0
162.0
241.0
249.0
229.0
181.0
309.0
130.0
141.0
149.0
84.0
223.0
140.0
98.0
149.0
147.0
74.0
188.0
141.0
148.0
216.0
194.0
139.0
185.0
147.0
245.0
93.0
103.0
184.0
163.0
340.0
138.0
173.0
163.0
256.0
140.0
295.0
133.0
140.0
117.0
243.0
129.0
296.0
175.0
134.0
176.0
108.0
220.0
140.0
247.0
209.0
180.0
169.0
165.0
152.0
157.0
188.0
291.0
186.0
269.0
191.0
119.0
186.0
351.0
134.0
127.0
162.0
148.0
126.0
167.0
175.0
166.0
227.0
208.0
283.0
152.0
172.0
221.0
176.0
121.0
266.0
172.0
215.0
195.0
213.0
290.0
152.0
157.0
165.0
226.0
116.0
98.0
234.0
193.0
269.0
176.0
118.0
125.0
173.0
96.0
128.0
125.0
97.0
228.0
183.0
105.0
148.0
216.0
140.0
140.0
193.0
161.0
148.0
155.0
141.0
127.0
248.0
274.0
221.0
193.0
175.0
211.0
223.0
176.0
174.0
177.0
184.0
106.0
135.0
150.0
248.0
201.0
80.0
227.0
173.0
206.0
298.0
100.0
103.0
190.0
175.0
147.0
126.0
133.0
116.0
170.0
216.0
165.0
119.0
175.0
103.0
187.0
143.0
226.0
93.0
159.0
138.0
207.0
203.0
190.0
227.0
275.0
141.0
123.0
155.0
241.0
211.0
205.0
170.0
188.0
136.0
166.0
113.0
151.0
187.0
144.0
85.0
248.0
192.0
200.0
386.0
218.0
93.0
236.0
159.0
96.0
190.0
139.0
138.0
163.0
102.0
147.0
195.0
141.0
182.0
158.0
200.0
179.0
166.0
122.0
845.0
276.0
144.0
212.0
216.0
153.0
144.0
154.0
145.0
198.0
117.0
120.0
108.0
125.0
166.0
268.0
200.0
145.0
144.0
134.0
171.0
152.0
135.0
115.0
188.0
147.0
218.0
121.0
114.0
179.0
207.0
154.0
130.0
174.0
145.0
186.0
169.0
137.0
138.0
178.0
153.0
127.0
189.0
136.0
182.0
272.0
209.0
174.0
89.0
156.0
161.0
176.0
155.0
323.0
160.0
217.0
156.0
137.0
148.0
123.0
170.0
161.0
171.0
198.0
197.0
248.0
230.0
167.0
173.0
182.0
216.0
185.0
138.0
170.0
227.0
68.0
166.0
163.0
214.0
139.0
198.0
289.0
184.0
150.0
255.0
164.0
164.0
101.0
217.0
122.0
121.0
235.0
174.0
117.0
121.0
98.0
290.0
210.0
221.0
141.0
175.0
283.0
263.0
211.0
170.0
277.0
139.0
138.0
121.0
135.0
273.0
236.0
160.0
224.0
183.0
127.0
184.0
158.0
223.0
182.0
138.0
125.0
165.0
211.0
146.0
268.0
194.0
197.0
233.0
245.0
199.0
168.0
222.0
257.0
148.0
137.0
201.0
139.0
172.0
205.0
129.0
117.0
104.0
216.0
337.0
148.0
142.0
211.0
225.0
276.0
179.0
91.0
112.0
202.0
190.0
233.0
143.0
158.0
211.0
135.0
126.0
149.0
121.0
198.0
199.0
243.0
131.0
112.0
220.0
164.0
159.0
246.0
98.0
166.0
189.0
199.0
128.0
287.0
214.0
147.0
159.0
181.0
94.0
186.0
223.0
101.0
182.0
206.0
156.0
206.0
81.0
288.0
182.0
235.0
158.0
142.0
218.0
123.0
77.0
196.0
124.0
210.0
215.0
283.0
105.0
179.0
339.0
292.0
90.0
174.0
125.0
207.0
147.0
102.0
226.0
166.0
164.0
176.0
157.0
146.0
384.0
141.0
158.0
104.0
183.0
173.0
238.0
207.0
272.0
169.0
180.0
282.0
181.0
167.0
183.0
164.0
205.0
118.0
312.0
128.0
156.0
188.0
245.0
156.0
220.0
227.0
199.0
107.0
141.0
201.0
114.0
202.0
199.0
211.0
184.0
144.0
143.0
201.0
168.0
149.0
112.0
269.0
177.0
183.0
125.0
150.0
112.0
185.0
222.0
227.0
178.0
212.0
142.0
167.0
200.0
204.0
212.0
119.0
126.0
163.0
181.0
107.0
231.0
83.0
171.0
169.0
159.0
258.0
175.0
223.0
212.0
155.0
188.0
171.0
228.0
176.0
132.0
198.0
168.0
434.0
72.0
124.0
143.0
389.0
166.0
172.0
124.0
232.0
300.0
169.0
182.0
164.0
175.0
231.0
221.0
103.0
185.0
381.0
135.0
125.0
209.0
200.0
121.0
203.0
210.0
147.0
164.0
189.0
195.0
346.0
140.0
254.0
155.0
167.0
258.0
1008.0
131.0
173.0
108.0
223.0
119.0
206.0
121.0
119.0
174.0
236.0
195.0
168.0
154.0
237.0
122.0
109.0
149.0
187.0
207.0
232.0
174.0
160.0
162.0
145.0
172.0
157.0
187.0
181.0
192.0
252.0
168.0
181.0
244.0
214.0
226.0
141.0
153.0
207.0
151.0
170.0
127.0
105.0
240.0
297.0
141.0
149.0
153.0
157.0
173.0
195.0
114.0
247.0
108.0
148.0
211.0
131.0
191.0
274.0
486.0
165.0
100.0
112.0
191.0
119.0
59.0
140.0
184.0
193.0
126.0
82.0
130.0
208.0
237.0
180.0
161.0
80.0
336.0
218.0
197.0
166.0
242.0
215.0
152.0
245.0
279.0
94.0
226.0
87.0
137.0
176.0
155.0
236.0
143.0
190.0
185.0
244.0
172.0
156.0
140.0
192.0
97.0
156.0
207.0
138.0
173.0
165.0
244.0
143.0
251.0
171.0
165.0
259.0
245.0
169.0
188.0
179.0
232.0
130.0
213.0
270.0
145.0
247.0
120.0
332.0
95.0
152.0
162.0
163.0
140.0
188.0
232.0
201.0
155.0
146.0
150.0
112.0
346.0
131.0
267.0
138.0
151.0
99.0
190.0
143.0
139.0
117.0
201.0
173.0
180.0
135.0
210.0
184.0
215.0
122.0
227.0
229.0
165.0
172.0
181.0
144.0
280.0
128.0
264.0
197.0
151.0
91.0
156.0
227.0
140.0
183.0
134.0
209.0
175.0
172.0
169.0
177.0
107.0
173.0
226.0
518.0
90.0
124.0
261.0
194.0
276.0
119.0
207.0
136.0
141.0
143.0
199.0
155.0
198.0
180.0
275.0
120.0
164.0
147.0
159.0
224.0
244.0
162.0
147.0
262.0
153.0
227.0
190.0
203.0
129.0
252.0
165.0
260.0
165.0
209.0
136.0
174.0
60.0
157.0
195.0
123.0
181.0
146.0
209.0
158.0
204.0
229.0
153.0
124.0
157.0
218.0
168.0
130.0
167.0
138.0
137.0
76.0
160.0
146.0
151.0
179.0
150.0
74.0
174.0
207.0
218.0
177.0
164.0
153.0
221.0
162.0
301.0
340.0
239.0
194.0
157.0
109.0
146.0
170.0
124.0
266.0
133.0
173.0
141.0
208.0
179.0
149.0
403.0
293.0
111.0
193.0
243.0
211.0
140.0
119.0
156.0
254.0
145.0
89.0
150.0
306.0
188.0
80.0
280.0
147.0
189.0
167.0
199.0
127.0
172.0
248.0
184.0
122.0
87.0
321.0
204.0
171.0
166.0
118.0
164.0
170.0
130.0
164.0
181.0
265.0
159.0
144.0
142.0
208.0
150.0
192.0
165.0
184.0
166.0
245.0
145.0
170.0
100.0
177.0
135.0
122.0
81.0
201.0
139.0
129.0
159.0
281.0
115.0
126.0
122.0
138.0
215.0
98.0
217.0
152.0
210.0
172.0
181.0
126.0
163.0
661.0
161.0
161.0
109.0
129.0
214.0
268.0
228.0
130.0
243.0
145.0
142.0
217.0
202.0
231.0
143.0
253.0
144.0
146.0
180.0
147.0
133.0
118.0
173.0
160.0
79.0
259.0
140.0
132.0
286.0
167.0
231.0
152.0
231.0
195.0
146.0
154.0
233.0
317.0
210.0
175.0
145.0
157.0
174.0
197.0
212.0
91.0
186.0
456.0
255.0
359.0
268.0
213.0
145.0
334.0
233.0
118.0
151.0
169.0
146.0
111.0
186.0
274.0
162.0
124.0
216.0
515.0
221.0
139.0
136.0
198.0
179.0
193.0
136.0
172.0
135.0
241.0
141.0
128.0
229.0
125.0
111.0
164.0
173.0
123.0
195.0
408.0
114.0
156.0
107.0
174.0
167.0
127.0
236.0
185.0
163.0
205.0
127.0
156.0
125.0
382.0
243.0
187.0
205.0
164.0
226.0
136.0
192.0
225.0
255.0
254.0
264.0
192.0
107.0
228.0
155.0
175.0
130.0
135.0
142.0
246.0
131.0
85.0
87.0
117.0
159.0
229.0
89.0
141.0
206.0
151.0
213.0
212.0
242.0
293.0
177.0
234.0
190.0
153.0
133.0
222.0
238.0
77.0
174.0
106.0
170.0
219.0
168.0
294.0
194.0
142.0
230.0
141.0
119.0
160.0
87.0
270.0
153.0
166.0
167.0
211.0
249.0
188.0
362.0
189.0
183.0
242.0
126.0
148.0
138.0
159.0
127.0
100.0
740.0
285.0
138.0
71.0
148.0
240.0
125.0
164.0
206.0
128.0
167.0
140.0
93.0
180.0
220.0
219.0
151.0
175.0
180.0
209.0
198.0
174.0
176.0
104.0
164.0
93.0
181.0
149.0
107.0
253.0
143.0
366.0
191.0
141.0
137.0
163.0
544.0
169.0
142.0
259.0
208.0
172.0
108.0
90.0
231.0
122.0
156.0
139.0
180.0
176.0
155.0
97.0
220.0
235.0
256.0
154.0
119.0
128.0
106.0
158.0
187.0
154.0
309.0
135.0
164.0
178.0
216.0
205.0
96.0
294.0
183.0
141.0
269.0
150.0
107.0
199.0
113.0
219.0
302.0
109.0
154.0
125.0
199.0
255.0
117.0
283.0
215.0
304.0
126.0
258.0
103.0
285.0
123.0
204.0
200.0
194.0
155.0
340.0
206.0
90.0
150.0
317.0
112.0
119.0
155.0
211.0
188.0
326.0
147.0
257.0
141.0
244.0
231.0
128.0
201.0
121.0
134.0
118.0
149.0
102.0
107.0
166.0
159.0
183.0
245.0
184.0
142.0
100.0
84.0
149.0
143.0
202.0
176.0
164.0
54.0
412.0
157.0
166.0
173.0
191.0
146.0
232.0
202.0
179.0
179.0
168.0
157.0
284.0
151.0
123.0
218.0
210.0
178.0
146.0
173.0
121.0
159.0
147.0
242.0
171.0
100.0
156.0
148.0
118.0
154.0
282.0
158.0
176.0
187.0
158.0
204.0
204.0
181.0
116.0
237.0
105.0
235.0
126.0
142.0
243.0
158.0
194.0
238.0
159.0
98.0
182.0
161.0
127.0
307.0
140.0
162.0
241.0
257.0
168.0
142.0
148.0
94.0
151.0
158.0
145.0
158.0
111.0
105.0
166.0
93.0
161.0
202.0
95.0
176.0
276.0
309.0
187.0
248.0
120.0
92.0
181.0
238.0
145.0
135.0
200.0
123.0
141.0
120.0
170.0
185.0
256.0
178.0
102.0
158.0
182.0
183.0
202.0
214.0
237.0
132.0
193.0
112.0
186.0
147.0
123.0
277.0
88.0
256.0
189.0
230.0
108.0
116.0
112.0
230.0
136.0
142.0
130.0
215.0
184.0
235.0
109.0
176.0
162.0
100.0
43.0
134.0
158.0
199.0
139.0
212.0
163.0
189.0
114.0
223.0
165.0
153.0
134.0
171.0
129.0
113.0
160.0
173.0
187.0
139.0
116.0
284.0
110.0
149.0
123.0
227.0
169.0
132.0
110.0
245.0
196.0
196.0
137.0
200.0
144.0
127.0
213.0
255.0
135.0
167.0
111.0
96.0
259.0
118.0
104.0
224.0
211.0
178.0
173.0
145.0
205.0
167.0
205.0
93.0
132.0
169.0
159.0
169.0
151.0
163.0
154.0
189.0
209.0
188.0
126.0
125.0
201.0
230.0
223.0
174.0
325.0
140.0
134.0
187.0
120.0
185.0
200.0
386.0
200.0
246.0
201.0
189.0
138.0
211.0
153.0
191.0
206.0
88.0
170.0
139.0
192.0
90.0
166.0
218.0
158.0
130.0
251.0
224.0
129.0
199.0
93.0
178.0
215.0
150.0
254.0
97.0
216.0
124.0
176.0
182.0
243.0
160.0
236.0
227.0
158.0
288.0
96.0
156.0
254.0
208.0
346.0
151.0
139.0
202.0
148.0
158.0
134.0
187.0
82.0
120.0
352.0
265.0
148.0
151.0
136.0
258.0
137.0
188.0
220.0
215.0
86.0
146.0
174.0
254.0
140.0
343.0
111.0
201.0
151.0
176.0
100.0
128.0
196.0
177.0
124.0
147.0
182.0
132.0
131.0
86.0
224.0
224.0
242.0
185.0
149.0
135.0
224.0
131.0
141.0
257.0
142.0
195.0
150.0
200.0
273.0
285.0
168.0
119.0
158.0
410.0
316.0
200.0
160.0
173.0
236.0
284.0
373.0
140.0
115.0
156.0
161.0
178.0
250.0
110.0
138.0
253.0
314.0
144.0
245.0
80.0
210.0
259.0
128.0
164.0
197.0
187.0
138.0
246.0
151.0
265.0
140.0
190.0
1592.0
105.0
246.0
207.0
187.0
213.0
159.0
114.0
347.0
108.0
109.0
162.0
150.0
180.0
124.0
258.0
250.0
162.0
138.0
179.0
110.0
84.0
205.0
201.0
174.0
126.0
249.0
108.0
186.0
222.0
199.0
130.0
223.0
203.0
246.0
251.0
69.0
240.0
164.0
244.0
359.0
121.0
121.0
209.0
123.0
282.0
154.0
171.0
165.0
229.0
266.0
187.0
229.0
178.0
135.0
146.0
147.0
192.0
174.0
181.0
582.0
130.0
151.0
104.0
134.0
193.0
227.0
250.0
159.0
283.0
175.0
201.0
113.0
295.0
79.0
148.0
358.0
149.0
148.0
255.0
199.0
138.0
168.0
287.0
144.0
95.0
121.0
157.0
86.0
191.0
231.0
136.0
147.0
152.0
287.0
97.0
251.0
189.0
173.0
202.0
122.0
215.0
166.0
229.0
174.0
183.0
225.0
198.0
109.0
223.0
232.0
99.0
195.0
130.0
128.0
143.0
186.0
228.0
224.0
114.0
156.0
107.0
117.0
282.0
147.0
221.0
196.0
193.0
198.0
191.0
213.0
263.0
174.0
148.0
204.0
127.0
107.0
138.0
244.0
157.0
134.0
235.0
307.0
182.0
211.0
211.0
105.0
382.0
217.0
268.0
106.0
234.0
168.0
218.0
281.0
175.0
211.0
200.0
232.0
152.0
135.0
159.0
153.0
151.0
172.0
150.0
125.0
174.0
118.0
205.0
194.0
221.0
196.0
170.0
141.0
125.0
234.0
200.0
162.0
189.0
160.0
377.0
63.0
164.0
196.0
339.0
252.0
221.0
64.0
176.0
210.0
142.0
165.0
173.0
128.0
132.0
129.0
164.0
164.0
151.0
105.0
151.0
102.0
143.0
246.0
276.0
198.0
232.0
229.0
236.0
170.0
155.0
123.0
101.0
199.0
202.0
115.0
214.0
172.0
139.0
206.0
187.0
161.0
96.0
269.0
226.0
158.0
200.0
195.0
130.0
141.0
327.0
340.0
117.0
139.0
171.0
120.0
83.0
187.0
164.0
93.0
130.0
208.0
173.0
207.0
86.0
206.0
198.0
204.0
161.0
124.0
142.0
127.0
118.0
323.0
269.0
135.0
207.0
212.0
246.0
177.0
212.0
187.0
119.0
254.0
86.0
205.0
320.0
175.0
127.0
229.0
433.0
142.0
220.0
172.0
155.0
159.0
227.0
206.0
148.0
268.0
81.0
347.0
181.0
158.0
137.0
106.0
181.0
162.0
140.0
150.0
222.0
120.0
151.0
149.0
247.0
201.0
128.0
174.0
165.0
121.0
156.0
179.0
133.0
134.0
139.0
280.0
254.0
145.0
146.0
232.0
230.0
124.0
248.0
123.0
126.0
143.0
85.0
117.0
93.0
117.0
237.0
157.0
155.0
144.0
229.0
186.0
94.0
218.0
167.0
147.0
165.0
172.0
140.0
304.0
242.0
206.0
192.0
168.0
102.0
91.0
159.0
313.0
159.0
214.0
134.0
240.0
226.0
131.0
174.0
220.0
176.0
142.0
197.0
290.0
133.0
603.0
157.0
139.0
192.0
287.0
183.0
293.0
122.0
153.0
275.0
104.0
105.0
141.0
242.0
99.0
156.0
114.0
191.0
135.0
251.0
82.0
177.0
132.0
155.0
186.0
162.0
183.0
119.0
161.0
179.0
302.0
228.0
190.0
129.0
151.0
190.0
142.0
185.0
184.0
168.0
167.0
166.0
132.0
324.0
111.0
187.0
128.0
179.0
153.0
210.0
184.0
185.0
107.0
152.0
88.0
172.0
1213.0
155.0
145.0
111.0
299.0
273.0
128.0
127.0
110.0
135.0
192.0
132.0
117.0
91.0
173.0
148.0
92.0
149.0
254.0
337.0
83.0
215.0
239.0
100.0
152.0
149.0
84.0
211.0
207.0
163.0
130.0
243.0
198.0
161.0
304.0
174.0
148.0
197.0
181.0
243.0
237.0
179.0
172.0
189.0
265.0
121.0
448.0
286.0
188.0
144.0
169.0
172.0
219.0
233.0
161.0
186.0
125.0
229.0
170.0
187.0
118.0
104.0
97.0
207.0
133.0
185.0
144.0
101.0
125.0
176.0
333.0
145.0
79.0
177.0
223.0
214.0
235.0
127.0
196.0
171.0
141.0
180.0
260.0
191.0
176.0
197.0
107.0
234.0
188.0
118.0
195.0
301.0
279.0
222.0
177.0
154.0
282.0
193.0
142.0
197.0
150.0
134.0
90.0
166.0
260.0
158.0
121.0
166.0
95.0
219.0
130.0
240.0
205.0
106.0
263.0
116.0
652.0
139.0
105.0
139.0
129.0
100.0
160.0
155.0
226.0
322.0
150.0
157.0
140.0
140.0
234.0
338.0
66.0
211.0
143.0
187.0
255.0
227.0
134.0
148.0
137.0
103.0
334.0
96.0
131.0
161.0
208.0
138.0
176.0
192.0
185.0
214.0
106.0
135.0
84.0
235.0
338.0
244.0
182.0
186.0
155.0
139.0
109.0
181.0
226.0
95.0
172.0
239.0
151.0
110.0
121.0
117.0
146.0
202.0
274.0
377.0
179.0
139.0
197.0
199.0
168.0
153.0
151.0
309.0
90.0
217.0
213.0
221.0
125.0
307.0
170.0
131.0
160.0
160.0
156.0
176.0
199.0
145.0
106.0
346.0
134.0
109.0
154.0
168.0
224.0
220.0
178.0
117.0
138.0
166.0
165.0
190.0
158.0
232.0
187.0
205.0
103.0
90.0
117.0
193.0
174.0
170.0
99.0
123.0
112.0
213.0
153.0
124.0
126.0
123.0
274.0
161.0
199.0
157.0
205.0
155.0
188.0
332.0
276.0
109.0
147.0
234.0
91.0
135.0
103.0
309.0
126.0
94.0
213.0
126.0
282.0
140.0
159.0
267.0
194.0
194.0
114.0
181.0
134.0
150.0
239.0
120.0
212.0
226.0
185.0
185.0
127.0
161.0
206.0
124.0
118.0
318.0
140.0
95.0
260.0
168.0
190.0
120.0
217.0
167.0
189.0
393.0
150.0
231.0
97.0
196.0
112.0
145.0
239.0
164.0
135.0
359.0
84.0
113.0
161.0
122.0
168.0
140.0
178.0
115.0
174.0
191.0
175.0
184.0
134.0
240.0
189.0
105.0
191.0
179.0
193.0
149.0
144.0
115.0
143.0
139.0
140.0
206.0
146.0
165.0
150.0
191.0
79.0
159.0
155.0
206.0
257.0
386.0
154.0
143.0
137.0
281.0
110.0
296.0
120.0
251.0
237.0
143.0
190.0
159.0
308.0
129.0
175.0
101.0
122.0
222.0
144.0
250.0
277.0
196.0
204.0
124.0
98.0
173.0
78.0
115.0
218.0
122.0
173.0
202.0
201.0
188.0
126.0
256.0
177.0
140.0
150.0
122.0
183.0
177.0
223.0
168.0
136.0
115.0
171.0
150.0
214.0
212.0
127.0
171.0
255.0
213.0
176.0
144.0
185.0
71.0
170.0
373.0
212.0
161.0
121.0
250.0
174.0
152.0
232.0
167.0
161.0
141.0
110.0
281.0
132.0
218.0
184.0
181.0
239.0
147.0
134.0
277.0
216.0
248.0
154.0
160.0
166.0
82.0
152.0
165.0
145.0
111.0
190.0
144.0
94.0
224.0
278.0
195.0
115.0
283.0
165.0
111.0
174.0
264.0
161.0
167.0
204.0
250.0
169.0
244.0
183.0
164.0
120.0
191.0
311.0
210.0
248.0
148.0
251.0
212.0
195.0
159.0
173.0
132.0
174.0
129.0
180.0
133.0
168.0
182.0
141.0
118.0
170.0
242.0
140.0
86.0
173.0
279.0
179.0
254.0
163.0
161.0
217.0
184.0
103.0
277.0
133.0
130.0
186.0
160.0
187.0
93.0
271.0
189.0
358.0
191.0
178.0
115.0
144.0
140.0
182.0
142.0
249.0
407.0
165.0
88.0
198.0
132.0
231.0
197.0
225.0
115.0
119.0
204.0
122.0
125.0
113.0
331.0
166.0
190.0
217.0
180.0
121.0
165.0
154.0
120.0
242.0
124.0
173.0
112.0
205.0
231.0
113.0
129.0
129.0
226.0
222.0
171.0
370.0
90.0
217.0
186.0
142.0
144.0
239.0
278.0
152.0
134.0
164.0
169.0
210.0
175.0
98.0
259.0
200.0
217.0
159.0
228.0
307.0
129.0
236.0
136.0
277.0
133.0
115.0
272.0
122.0
194.0
187.0
168.0
197.0
167.0
214.0
119.0
838.0
255.0
174.0
125.0
219.0
168.0
161.0
284.0
172.0
249.0
185.0
143.0
81.0
171.0
377.0
87.0
114.0
248.0
117.0
233.0
222.0
147.0
172.0
164.0
177.0
191.0
183.0
119.0
239.0
108.0
207.0
218.0
268.0
90.0
181.0
99.0
135.0
187.0
148.0
209.0
156.0
173.0
174.0
208.0
163.0
240.0
183.0
164.0
163.0
188.0
165.0
160.0
204.0
168.0
179.0
111.0
203.0
221.0
224.0
295.0
256.0
167.0
141.0
95.0
97.0
198.0
261.0
149.0
165.0
119.0
135.0
117.0
166.0
192.0
120.0
174.0
89.0
247.0
118.0
190.0
129.0
144.0
131.0
231.0
211.0
161.0
127.0
275.0
259.0
186.0
155.0
254.0
172.0
209.0
117.0
186.0
202.0
195.0
146.0
84.0
233.0
140.0
153.0
129.0
232.0
219.0
152.0
162.0
211.0
96.0
268.0
181.0
206.0
253.0
155.0
107.0
161.0
152.0
229.0
284.0
140.0
177.0
176.0
105.0
133.0
153.0
592.0
185.0
179.0
167.0
173.0
257.0
177.0
232.0
141.0
149.0
269.0
158.0
169.0
223.0
183.0
149.0
179.0
231.0
100.0
190.0
159.0
160.0
269.0
216.0
146.0
107.0
158.0
105.0
206.0
342.0
230.0
140.0
182.0
153.0
185.0
156.0
197.0
102.0
225.0
149.0
198.0
145.0
141.0
180.0
171.0
225.0
140.0
268.0
363.0
89.0
127.0
179.0
221.0
146.0
254.0
210.0
286.0
111.0
228.0
241.0
182.0
358.0
341.0
169.0
117.0
161.0
267.0
193.0
219.0
144.0
194.0
128.0
280.0
112.0
183.0
112.0
215.0
207.0
240.0
187.0
187.0
126.0
676.0
173.0
122.0
125.0
173.0
232.0
230.0
171.0
266.0
163.0
115.0
102.0
136.0
122.0
153.0
165.0
184.0
206.0
146.0
110.0
167.0
108.0
219.0
199.0
331.0
198.0
139.0
199.0
165.0
162.0
206.0
220.0
104.0
313.0
165.0
122.0
200.0
133.0
208.0
133.0
248.0
217.0
144.0
92.0
477.0
199.0
498.0
175.0
134.0
152.0
140.0
337.0
146.0
91.0
100.0
262.0
116.0
144.0
144.0
164.0
286.0
63.0
113.0
226.0
152.0
174.0
205.0
130.0
190.0
128.0
286.0
239.0
215.0
173.0
369.0
333.0
118.0
131.0
142.0
181.0
180.0
187.0
252.0
170.0
107.0
218.0
87.0
351.0
229.0
205.0
128.0
120.0
316.0
117.0
144.0
175.0
137.0
159.0
121.0
199.0
247.0
130.0
278.0
125.0
111.0
133.0
222.0
225.0
177.0
139.0
164.0
250.0
187.0
152.0
131.0
220.0
165.0
82.0
150.0
196.0
191.0
180.0
117.0
120.0
145.0
171.0
114.0
153.0
250.0
160.0
121.0
178.0
243.0
148.0
296.0
184.0
153.0
275.0
121.0
148.0
128.0
134.0
257.0
169.0
253.0
445.0
251.0
159.0
168.0
287.0
228.0
159.0
199.0
171.0
172.0
169.0
243.0
158.0
166.0
178.0
160.0
123.0
155.0
190.0
170.0
197.0
147.0
163.0
204.0
154.0
186.0
903.0
157.0
104.0
134.0
242.0
151.0
124.0
264.0
156.0
107.0
215.0
189.0
115.0
171.0
254.0
129.0
181.0
100.0
268.0
146.0
277.0
163.0
153.0
174.0
240.0
143.0
229.0
151.0
100.0
203.0
116.0
116.0
119.0
98.0
233.0
181.0
149.0
208.0
128.0
127.0
305.0
309.0
259.0
140.0
163.0
180.0
143.0
145.0
164.0
176.0
101.0
226.0
144.0
130.0
245.0
168.0
177.0
180.0
146.0
325.0
128.0
111.0
189.0
157.0
151.0
163.0
226.0
187.0
129.0
148.0
114.0
153.0
215.0
284.0
222.0
101.0
155.0
331.0
175.0
126.0
169.0
274.0
120.0
125.0
122.0
145.0
152.0
110.0
204.0
247.0
264.0
199.0
158.0
274.0
108.0
221.0
122.0
160.0
208.0
150.0
294.0
179.0
119.0
240.0
326.0
148.0
196.0
166.0
159.0
264.0
189.0
107.0
388.0
96.0
175.0
219.0
120.0
151.0
132.0
209.0
221.0
167.0
200.0
248.0
191.0
187.0
166.0
147.0
157.0
255.0
195.0
202.0
225.0
207.0
166.0
149.0
179.0
82.0
134.0
102.0
237.0
212.0
112.0
151.0
146.0
165.0
159.0
180.0
217.0
199.0
124.0
250.0
120.0
166.0
171.0
194.0
142.0
130.0
137.0
395.0
195.0
200.0
245.0
113.0
255.0
252.0
156.0
228.0
134.0
157.0
275.0
227.0
237.0
144.0
137.0
154.0
149.0
371.0
96.0
174.0
156.0
140.0
173.0
259.0
189.0
153.0
154.0
118.0
129.0
194.0
182.0
211.0
129.0
160.0
204.0
254.0
200.0
105.0
180.0
195.0
83.0
186.0
148.0
277.0
129.0
223.0
174.0
220.0
149.0
214.0
143.0
188.0
207.0
154.0
170.0
163.0
201.0
167.0
95.0
202.0
134.0
201.0
170.0
248.0
186.0
157.0
126.0
140.0
235.0
177.0
203.0
237.0
156.0
190.0
178.0
144.0
141.0
442.0
143.0
112.0
139.0
305.0
225.0
211.0
194.0
178.0
249.0
183.0
147.0
152.0
162.0
93.0
161.0
95.0
160.0
128.0
149.0
124.0
112.0
348.0
145.0
184.0
129.0
173.0
163.0
134.0
88.0
112.0
148.0
220.0
89.0
301.0
146.0
171.0
270.0
122.0
118.0
257.0
112.0
110.0
202.0
166.0
175.0
105.0
236.0
205.0
214.0
108.0
150.0
184.0
111.0
182.0
138.0
194.0
212.0
148.0
225.0
115.0
133.0
108.0
238.0
155.0
119.0
183.0
256.0
91.0
179.0
112.0
216.0
323.0
229.0
228.0
134.0
232.0
158.0
374.0
150.0
249.0
124.0
139.0
148.0
168.0
149.0
226.0
201.0
161.0
209.0
183.0
254.0
198.0
179.0
145.0
216.0
203.0
226.0
315.0
420.0
117.0
126.0
156.0
183.0
149.0
320.0
206.0
176.0
148.0
136.0
141.0
153.0
151.0
106.0
116.0
220.0
220.0
188.0
184.0
195.0
130.0
266.0
135.0
249.0
197.0
146.0
148.0
102.0
162.0
218.0
120.0
258.0
161.0
167.0
144.0
230.0
226.0
161.0
153.0
127.0
229.0
104.0
112.0
158.0
150.0
207.0
206.0
180.0
238.0
515.0
326.0
239.0
105.0
119.0
187.0
166.0
183.0
124.0
177.0
238.0
403.0
178.0
217.0
156.0
170.0
267.0
167.0
126.0
144.0
105.0
185.0
138.0
283.0
118.0
244.0
180.0
288.0
183.0
96.0
155.0
152.0
203.0
170.0
187.0
129.0
136.0
176.0
260.0
185.0
201.0
274.0
153.0
257.0
136.0
208.0
162.0
195.0
141.0
235.0
129.0
180.0
140.0
167.0
185.0
170.0
83.0
290.0
247.0
208.0
167.0
142.0
131.0
188.0
103.0
145.0
194.0
130.0
211.0
162.0
101.0
199.0
133.0
137.0
157.0
179.0
498.0
93.0
129.0
170.0
202.0
137.0
205.0
225.0
191.0
303.0
169.0
319.0
221.0
125.0
151.0
231.0
183.0
141.0
128.0
135.0
138.0
127.0
187.0
113.0
140.0
169.0
159.0
196.0
221.0
124.0
134.0
190.0
95.0
230.0
101.0
356.0
80.0
106.0
143.0
181.0
197.0
167.0
202.0
170.0
195.0
138.0
135.0
130.0
198.0
146.0
277.0
134.0
189.0
144.0
155.0
181.0
184.0
188.0
189.0
121.0
200.0
123.0
317.0
127.0
200.0
242.0
217.0
162.0
100.0
157.0
116.0
143.0
113.0
116.0
415.0
174.0
196.0
238.0
121.0
215.0
205.0
133.0
151.0
155.0
230.0
224.0
86.0
161.0
169.0
111.0
142.0
170.0
225.0
221.0
195.0
128.0
152.0
137.0
152.0
665.0
174.0
96.0
176.0
206.0
206.0
142.0
154.0
175.0
227.0
237.0
140.0
181.0
122.0
271.0
109.0
110.0
149.0
154.0
173.0
188.0
184.0
187.0
161.0
244.0
176.0
132.0
195.0
205.0
159.0
279.0
234.0
146.0
192.0
149.0
49.0
155.0
225.0
168.0
229.0
349.0
216.0
191.0
202.0
116.0
265.0
110.0
135.0
145.0
168.0
202.0
175.0
666.0
152.0
244.0
211.0
199.0
329.0
155.0
160.0
195.0
184.0
120.0
111.0
134.0
130.0
148.0
294.0
161.0
132.0
113.0
163.0
107.0
165.0
265.0
131.0
209.0
162.0
177.0
193.0
140.0
266.0
89.0
122.0
133.0
187.0
120.0
168.0
132.0
185.0
137.0
148.0
170.0
116.0
126.0
219.0
139.0
187.0
228.0
196.0
198.0
213.0
186.0
246.0
141.0
144.0
155.0
207.0
197.0
248.0
81.0
201.0
231.0
222.0
215.0
159.0
157.0
188.0
156.0
203.0
164.0
95.0
167.0
142.0
163.0
137.0
169.0
224.0
116.0
239.0
216.0
300.0
197.0
159.0
189.0
188.0
164.0
185.0
222.0
175.0
150.0
204.0
165.0
204.0
406.0
198.0
141.0
123.0
164.0
86.0
189.0
158.0
221.0
243.0
171.0
192.0
150.0
199.0
155.0
174.0
281.0
179.0
191.0
138.0
240.0
156.0
187.0
136.0
119.0
141.0
184.0
208.0
105.0
179.0
136.0
136.0
268.0
223.0
121.0
201.0
439.0
135.0
166.0
148.0
245.0
237.0
141.0
174.0
196.0
179.0
203.0
197.0
160.0
183.0
183.0
201.0
210.0
159.0
144.0
167.0
113.0
211.0
196.0
141.0
128.0
267.0
888.0
145.0
262.0
63.0
241.0
108.0
137.0
133.0
197.0
257.0
149.0
188.0
207.0
134.0
148.0
172.0
189.0
198.0
169.0
177.0
122.0
172.0
122.0
149.0
343.0
167.0
334.0
238.0
216.0
158.0
241.0
148.0
166.0
203.0
227.0
129.0
153.0
143.0
209.0
155.0
346.0
274.0
258.0
181.0
151.0
262.0
136.0
132.0
139.0
201.0
222.0
201.0
215.0
193.0
195.0
257.0
169.0
198.0
192.0
322.0
139.0
153.0
234.0
128.0
63.0
140.0
93.0
155.0
152.0
356.0
162.0
211.0
128.0
200.0
141.0
238.0
380.0
207.0
191.0
207.0
168.0
242.0
135.0
148.0
101.0
123.0
48.0
131.0
225.0
211.0
213.0
172.0
184.0
292.0
123.0
118.0
193.0
211.0
212.0
109.0
173.0
150.0
135.0
218.0
364.0
166.0
159.0
150.0
252.0
239.0
142.0
208.0
171.0
132.0
194.0
175.0
110.0
113.0
163.0
117.0
131.0
139.0
160.0
349.0
207.0
152.0
140.0
123.0
93.0
121.0
251.0
147.0
181.0
144.0
184.0
185.0
205.0
140.0
218.0
169.0
123.0
235.0
186.0
295.0
235.0
138.0
218.0
116.0
113.0
181.0
295.0
161.0
244.0
104.0
145.0
154.0
198.0
137.0
136.0
133.0
187.0
139.0
138.0
229.0
163.0
129.0
163.0
205.0
217.0
280.0
233.0
169.0
258.0
131.0
392.0
114.0
162.0
191.0
209.0
234.0
159.0
124.0
118.0
224.0
242.0
196.0
207.0
97.0
141.0
133.0
281.0
165.0
214.0
209.0
145.0
332.0
153.0
154.0
274.0
242.0
198.0
159.0
117.0
244.0
372.0
179.0
140.0
97.0
129.0
265.0
208.0
214.0
203.0
228.0
190.0
225.0
135.0
109.0
176.0
106.0
219.0
163.0
121.0
144.0
183.0
212.0
151.0
285.0
138.0
158.0
140.0
377.0
180.0
97.0
87.0
143.0
124.0
130.0
121.0
137.0
159.0
136.0
187.0
152.0
147.0
190.0
189.0
247.0
223.0
144.0
170.0
147.0
102.0
205.0
128.0
214.0
233.0
131.0
166.0
180.0
135.0
162.0
157.0
191.0
162.0
185.0
190.0
239.0
124.0
160.0
207.0
135.0
216.0
260.0
122.0
124.0
182.0
148.0
144.0
61.0
176.0
97.0
167.0
213.0
214.0
152.0
140.0
182.0
278.0
140.0
199.0
152.0
250.0
133.0
167.0
326.0
213.0
209.0
112.0
232.0
142.0
155.0
224.0
369.0
202.0
148.0
141.0
221.0
294.0
253.0
173.0
118.0
197.0
229.0
211.0
131.0
124.0
155.0
104.0
133.0
209.0
151.0
145.0
150.0
131.0
239.0
108.0
202.0
171.0
183.0
187.0
215.0
255.0
153.0
202.0
240.0
187.0
145.0
163.0
245.0
229.0
171.0
106.0
143.0
180.0
325.0
187.0
103.0
165.0
176.0
171.0
178.0
178.0
193.0
120.0
228.0
201.0
139.0
142.0
209.0
150.0
124.0
170.0
179.0
160.0
135.0
139.0
216.0
107.0
126.0
259.0
197.0
119.0
181.0
156.0
187.0
288.0
154.0
204.0
172.0
235.0
113.0
163.0
252.0
243.0
144.0
251.0
129.0
97.0
232.0
158.0
172.0
157.0
123.0
162.0
230.0
183.0
215.0
189.0
225.0
158.0
153.0
215.0
171.0
195.0
229.0
183.0
306.0
120.0
250.0
112.0
183.0
237.0
203.0
132.0
229.0
263.0
208.0
275.0
234.0
230.0
236.0
106.0
141.0
252.0
143.0
161.0
92.0
132.0
99.0
161.0
171.0
269.0
146.0
443.0
141.0
246.0
175.0
411.0
133.0
272.0
153.0
141.0
101.0
219.0
100.0
188.0
135.0
200.0
215.0
192.0
128.0
138.0
207.0
182.0
122.0
151.0
145.0
218.0
127.0
245.0
137.0
213.0
193.0
397.0
211.0
238.0
260.0
179.0
139.0
205.0
155.0
113.0
129.0
200.0
174.0
125.0
154.0
155.0
157.0
159.0
94.0
171.0
414.0
190.0
131.0
282.0
168.0
106.0
212.0
225.0
244.0
206.0
249.0
113.0
259.0
165.0
166.0
259.0
125.0
197.0
222.0
174.0
241.0
105.0
248.0
222.0
154.0
125.0
96.0
190.0
134.0
183.0
174.0
161.0
180.0
248.0
164.0
230.0
114.0
141.0
223.0
175.0
170.0
227.0
170.0
159.0
179.0
173.0
150.0
184.0
156.0
218.0
140.0
204.0
182.0
197.0
143.0
190.0
197.0
187.0
188.0
224.0
125.0
268.0
253.0
164.0
176.0
162.0
152.0
242.0
152.0
150.0
161.0
156.0
137.0
121.0
242.0
193.0
447.0
98.0
134.0
366.0
319.0
482.0
228.0
182.0
187.0
228.0
215.0
203.0
184.0
133.0
164.0
153.0
186.0
282.0
163.0
228.0
104.0
246.0
156.0
251.0
124.0
294.0
286.0
235.0
153.0
149.0
212.0
313.0
75.0
107.0
177.0
116.0
278.0
192.0
143.0
176.0
135.0
211.0
224.0
228.0
190.0
139.0
112.0
219.0
94.0
115.0
385.0
187.0
102.0
157.0
261.0
146.0
165.0
201.0
236.0
120.0
240.0
214.0
122.0
193.0
183.0
197.0
171.0
115.0
164.0
202.0
161.0
193.0
188.0
198.0
127.0
140.0
158.0
141.0
185.0
169.0
267.0
118.0
160.0
211.0
223.0
273.0
227.0
179.0
108.0
220.0
201.0
195.0
171.0
132.0
271.0
95.0
172.0
157.0
132.0
314.0
159.0
156.0
152.0
248.0
177.0
103.0
205.0
153.0
147.0
156.0
146.0
206.0
204.0
222.0
245.0
224.0
169.0
136.0
182.0
106.0
217.0
97.0
130.0
136.0
151.0
232.0
206.0
249.0
194.0
198.0
151.0
199.0
185.0
99.0
189.0
316.0
114.0
89.0
166.0
201.0
244.0
194.0
275.0
195.0
255.0
162.0
147.0
205.0
208.0
109.0
210.0
129.0
155.0
433.0
86.0
234.0
162.0
226.0
134.0
202.0
283.0
156.0
194.0
164.0
160.0
219.0
136.0
208.0
109.0
215.0
138.0
157.0
148.0
199.0
237.0
190.0
136.0
209.0
213.0
151.0
119.0
151.0
222.0
237.0
216.0
155.0
190.0
146.0
155.0
148.0
198.0
289.0
143.0
174.0
168.0
305.0
212.0
219.0
165.0
196.0
178.0
160.0
121.0
193.0
206.0
286.0
198.0
142.0
160.0
202.0
210.0
174.0
222.0
138.0
164.0
179.0
177.0
170.0
190.0
137.0
130.0
148.0
119.0
163.0
108.0
98.0
185.0
192.0
182.0
198.0
229.0
189.0
208.0
313.0
165.0
122.0
358.0
149.0
200.0
172.0
108.0
112.0
195.0
130.0
161.0
280.0
184.0
229.0
148.0
151.0
145.0
208.0
106.0
221.0
209.0
187.0
216.0
161.0
170.0
166.0
182.0
224.0
143.0
145.0
134.0
178.0
151.0
229.0
123.0
156.0
177.0
199.0
116.0
117.0
164.0
244.0
86.0
161.0
171.0
139.0
260.0
189.0
577.0
167.0
121.0
202.0
290.0
145.0
279.0
136.0
151.0
129.0
257.0
123.0
174.0
223.0
186.0
94.0
189.0
189.0
216.0
129.0
234.0
167.0
99.0
142.0
161.0
113.0
164.0
190.0
155.0
196.0
183.0
148.0
160.0
241.0
186.0
208.0
177.0
221.0
193.0
274.0
186.0
163.0
94.0
171.0
207.0
212.0
166.0
208.0
160.0
255.0
125.0
202.0
199.0
269.0
180.0
223.0
156.0
216.0
147.0
232.0
148.0
175.0
105.0
112.0
92.0
199.0
190.0
143.0
106.0
174.0
278.0
141.0
82.0
208.0
206.0
209.0
156.0
202.0
96.0
207.0
212.0
249.0
265.0
96.0
181.0
154.0
163.0
144.0
138.0
147.0
172.0
138.0
198.0
197.0
127.0
166.0
131.0
129.0
176.0
270.0
168.0
193.0
174.0
204.0
235.0
170.0
188.0
233.0
269.0
205.0
135.0
199.0
176.0
85.0
134.0
197.0
288.0
118.0
223.0
237.0
137.0
297.0
250.0
211.0
105.0
187.0
183.0
198.0
177.0
187.0
197.0
135.0
130.0
228.0
162.0
160.0
130.0
196.0
150.0
349.0
266.0
185.0
367.0
121.0
92.0
164.0
170.0
165.0
270.0
162.0
199.0
244.0
134.0
307.0
218.0
182.0
129.0
324.0
163.0
95.0
160.0
180.0
200.0
145.0
65.0
208.0
145.0
163.0
149.0
207.0
134.0
181.0
156.0
158.0
155.0
151.0
233.0
146.0
189.0
174.0
341.0
241.0
252.0
213.0
221.0
87.0
227.0
210.0
233.0
148.0
211.0
243.0
211.0
105.0
115.0
200.0
195.0
111.0
191.0
207.0
251.0
153.0
135.0
154.0
187.0
125.0
130.0
194.0
173.0
213.0
178.0
171.0
242.0
170.0
269.0
126.0
135.0
140.0
117.0
150.0
194.0
116.0
176.0
157.0
186.0
291.0
143.0
195.0
164.0
140.0
211.0
100.0
357.0
137.0
206.0
311.0
181.0
201.0
134.0
197.0
171.0
186.0
102.0
122.0
180.0
174.0
132.0
124.0
149.0
165.0
215.0
177.0
150.0
206.0
172.0
204.0
248.0
212.0
147.0
186.0
235.0
184.0
166.0
111.0
131.0
160.0
293.0
190.0
150.0
187.0
178.0
110.0
198.0
196.0
178.0
147.0
196.0
100.0
169.0
134.0
214.0
214.0
227.0
174.0
237.0
181.0
264.0
143.0
137.0
194.0
190.0
180.0
143.0
215.0
288.0
167.0
310.0
92.0
133.0
121.0
180.0
202.0
137.0
121.0
176.0
181.0
176.0
303.0
210.0
281.0
526.0
182.0
215.0
112.0
208.0
131.0
165.0
124.0
141.0
119.0
294.0
248.0
177.0
203.0
148.0
119.0
284.0
176.0
185.0
145.0
228.0
247.0
181.0
224.0
228.0
270.0
292.0
250.0
174.0
241.0
174.0
199.0
151.0
263.0
110.0
171.0
183.0
234.0
171.0
180.0
119.0
205.0
163.0
168.0
102.0
174.0
211.0
172.0
224.0
191.0
169.0
151.0
272.0
172.0
204.0
148.0
219.0
101.0
117.0
283.0
121.0
224.0
167.0
152.0
172.0
182.0
200.0
135.0
178.0
135.0
154.0
130.0
183.0
119.0
203.0
189.0
276.0
195.0
249.0
254.0
190.0
188.0
107.0
154.0
263.0
218.0
100.0
205.0
278.0
186.0
120.0
195.0
149.0
139.0
153.0
189.0
244.0
140.0
169.0
179.0
103.0
108.0
291.0
172.0
270.0
150.0
158.0
165.0
145.0
193.0
227.0
270.0
168.0
218.0
143.0
169.0
213.0
207.0
233.0
74.0
164.0
131.0
224.0
160.0
253.0
163.0
156.0
176.0
256.0
192.0
164.0
179.0
286.0
193.0
187.0
146.0
102.0
327.0
134.0
98.0
148.0
169.0
107.0
159.0
331.0
154.0
184.0
178.0
227.0
229.0
342.0
121.0
223.0
222.0
148.0
257.0
157.0
168.0
167.0
129.0
298.0
189.0
174.0
109.0
141.0
154.0
232.0
155.0
130.0
283.0
179.0
101.0
207.0
147.0
194.0
185.0
156.0
149.0
199.0
174.0
159.0
110.0
118.0
183.0
171.0
139.0
185.0
315.0
205.0
161.0
114.0
153.0
200.0
245.0
216.0
130.0
179.0
117.0
150.0
200.0
150.0
153.0
224.0
186.0
156.0
172.0
117.0
141.0
156.0
169.0
126.0
143.0
185.0
239.0
226.0
213.0
160.0
221.0
221.0
225.0
196.0
218.0
159.0
197.0
230.0
199.0
243.0
143.0
252.0
343.0
112.0
240.0
103.0
168.0
129.0
204.0
103.0
276.0
114.0
148.0
154.0
113.0
133.0
167.0
261.0
279.0
190.0
116.0
196.0
129.0
256.0
154.0
275.0
139.0
141.0
171.0
194.0
201.0
210.0
236.0
188.0
248.0
139.0
192.0
214.0
111.0
135.0
162.0
128.0
175.0
163.0
193.0
148.0
159.0
191.0
145.0
129.0
485.0
166.0
119.0
125.0
257.0
223.0
282.0
129.0
141.0
156.0
202.0
198.0
154.0
181.0
214.0
337.0
160.0
177.0
105.0
275.0
173.0
122.0
167.0
139.0
171.0
127.0
143.0
225.0
121.0
215.0
240.0
115.0
147.0
189.0
222.0
318.0
274.0
324.0
230.0
171.0
157.0
186.0
149.0
120.0
152.0
200.0
249.0
107.0
155.0
177.0
210.0
126.0
241.0
224.0
204.0
158.0
204.0
108.0
317.0
203.0
214.0
136.0
154.0
97.0
246.0
133.0
191.0
225.0
175.0
177.0
162.0
155.0
215.0
119.0
171.0
160.0
131.0
139.0
181.0
189.0
209.0
175.0
214.0
164.0
198.0
187.0
181.0
278.0
166.0
165.0
271.0
138.0
267.0
143.0
149.0
143.0
118.0
229.0
102.0
109.0
224.0
180.0
151.0
168.0
210.0
237.0
169.0
276.0
118.0
280.0
244.0
135.0
128.0
196.0
118.0
108.0
263.0
160.0
154.0
329.0
288.0
232.0
128.0
225.0
225.0
181.0
329.0
289.0
327.0
202.0
263.0
340.0
141.0
337.0
257.0
188.0
160.0
146.0
156.0
153.0
163.0
129.0
134.0
175.0
203.0
133.0
161.0
141.0
313.0
276.0
223.0
151.0
204.0
163.0
268.0
185.0
149.0
268.0
181.0
198.0
219.0
197.0
137.0
190.0
139.0
129.0
102.0
167.0
171.0
126.0
144.0
116.0
206.0
171.0
260.0
202.0
160.0
141.0
169.0
201.0
235.0
270.0
225.0
140.0
164.0
156.0
283.0
148.0
164.0
174.0
184.0
165.0
236.0
122.0
124.0
145.0
214.0
165.0
146.0
198.0
206.0
207.0
141.0
208.0
157.0
219.0
150.0
166.0
224.0
127.0
161.0
255.0
142.0
213.0
341.0
110.0
110.0
212.0
241.0
179.0
117.0
789.0
197.0
183.0
249.0
203.0
259.0
166.0
172.0
239.0
182.0
188.0
395.0
213.0
92.0
160.0
163.0
178.0
159.0
167.0
137.0
141.0
152.0
211.0
238.0
137.0
238.0
205.0
180.0
128.0
150.0
197.0
220.0
177.0
135.0
208.0
187.0
169.0
252.0
162.0
272.0
114.0
164.0
130.0
189.0
197.0
188.0
158.0
150.0
138.0
217.0
153.0
176.0
177.0
248.0
187.0
121.0
201.0
525.0
326.0
156.0
194.0
155.0
124.0
178.0
241.0
181.0
137.0
194.0
142.0
204.0
282.0
196.0
123.0
235.0
175.0
127.0
148.0
196.0
159.0
170.0
121.0
132.0
219.0
93.0
271.0
142.0
99.0
199.0
187.0
242.0
208.0
298.0
291.0
200.0
232.0
152.0
224.0
123.0
197.0
149.0
280.0
145.0
209.0
242.0
209.0
125.0
216.0
225.0
191.0
198.0
157.0
165.0
265.0
191.0
179.0
206.0
227.0
138.0
187.0
132.0
194.0
136.0
246.0
182.0
157.0
112.0
223.0
230.0
202.0
141.0
163.0
133.0
197.0
160.0
167.0
165.0
203.0
97.0
200.0
260.0
189.0
301.0
79.0
192.0
123.0
177.0
181.0
209.0
223.0
167.0
195.0
235.0
195.0
179.0
101.0
371.0
136.0
186.0
180.0
113.0
206.0
135.0
149.0
156.0
271.0
136.0
171.0
132.0
133.0
181.0
290.0
197.0
186.0
135.0
186.0
130.0
119.0
188.0
146.0
95.0
175.0
165.0
175.0
176.0
161.0
196.0
207.0
185.0
175.0
193.0
168.0
248.0
226.0
169.0
186.0
164.0
161.0
219.0
182.0
148.0
131.0
199.0
192.0
188.0
175.0
159.0
186.0
124.0
126.0
351.0
299.0
196.0
213.0
87.0
155.0
158.0
201.0
148.0
255.0
163.0
261.0
189.0
206.0
156.0
192.0
112.0
196.0
191.0
226.0
156.0
204.0
178.0
137.0
163.0
186.0
144.0
140.0
351.0
117.0
242.0
211.0
163.0
174.0
123.0
140.0
209.0
83.0
184.0
140.0
221.0
192.0
199.0
187.0
261.0
132.0
156.0
180.0
287.0
163.0
163.0
153.0
215.0
284.0
136.0
114.0
192.0
187.0
222.0
207.0
212.0
112.0
170.0
263.0
226.0
194.0
127.0
176.0
182.0
151.0
202.0
107.0
270.0
147.0
202.0
126.0
150.0
154.0
144.0
122.0
191.0
188.0
162.0
138.0
96.0
230.0
104.0
181.0
111.0
237.0
169.0
125.0
244.0
145.0
244.0
121.0
153.0
136.0
296.0
127.0
211.0
227.0
262.0
213.0
109.0
224.0
94.0
226.0
126.0
142.0
173.0
174.0
191.0
187.0
129.0
175.0
188.0
139.0
229.0
172.0
164.0
149.0
151.0
556.0
169.0
189.0
121.0
132.0
176.0
193.0
150.0
201.0
201.0
157.0
122.0
177.0
183.0
161.0
319.0
132.0
232.0
98.0
150.0
195.0
114.0
177.0
206.0
152.0
214.0
200.0
208.0
182.0
166.0
241.0
117.0
201.0
175.0
228.0
196.0
235.0
159.0
147.0
167.0
210.0
205.0
185.0
148.0
248.0
224.0
182.0
154.0
103.0
200.0
130.0
153.0
112.0
181.0
138.0
261.0
98.0
165.0
316.0
116.0
227.0
161.0
93.0
151.0
142.0
163.0
225.0
158.0
161.0
109.0
152.0
193.0
138.0
208.0
117.0
172.0
176.0
207.0
134.0
228.0
91.0
133.0
286.0
133.0
324.0
590.0
242.0
249.0
206.0
268.0
145.0
156.0
155.0
164.0
190.0
132.0
212.0
237.0
180.0
66.0
213.0
150.0
148.0
142.0
284.0
193.0
181.0
171.0
130.0
114.0
220.0
215.0
126.0
184.0
202.0
144.0
125.0
160.0
173.0
349.0
193.0
164.0
150.0
226.0
220.0
241.0
169.0
187.0
190.0
198.0
175.0
136.0
332.0
137.0
179.0
274.0
155.0
170.0
161.0
156.0
120.0
226.0
157.0
128.0
140.0
207.0
243.0
151.0
155.0
200.0
141.0
141.0
148.0
191.0
238.0
142.0
135.0
163.0
226.0
238.0
85.0
193.0
188.0
198.0
264.0
129.0
197.0
116.0
224.0
216.0
708.0
212.0
137.0
170.0
190.0
179.0
209.0
212.0
138.0
189.0
220.0
195.0
183.0
144.0
171.0
119.0
132.0
177.0
196.0
219.0
138.0
241.0
174.0
146.0
137.0
251.0
169.0
130.0
223.0
179.0
262.0
171.0
184.0
107.0
163.0
172.0
172.0
242.0
162.0
176.0
157.0
142.0
332.0
141.0
118.0
176.0
214.0
142.0
178.0
170.0
273.0
132.0
137.0
218.0
176.0
167.0
167.0
268.0
222.0
237.0
152.0
210.0
190.0
132.0
152.0
127.0
192.0
152.0
90.0
200.0
129.0
139.0
213.0
149.0
287.0
118.0
205.0
176.0
195.0
169.0
117.0
219.0
128.0
230.0
119.0
168.0
121.0
133.0
103.0
188.0
148.0
199.0
246.0
289.0
167.0
202.0
181.0
255.0
153.0
135.0
149.0
173.0
194.0
198.0
259.0
154.0
152.0
111.0
202.0
177.0
213.0
133.0
134.0
100.0
245.0
101.0
235.0
199.0
157.0
147.0
142.0
175.0
236.0
348.0
211.0
176.0
164.0
163.0
230.0
105.0
178.0
238.0
246.0
210.0
146.0
232.0
126.0
111.0
154.0
169.0
115.0
228.0
93.0
299.0
642.0
337.0
224.0
99.0
126.0
172.0
181.0
139.0
125.0
253.0
177.0
227.0
116.0
137.0
272.0
155.0
262.0
221.0
182.0
122.0
235.0
136.0
216.0
98.0
188.0
117.0
115.0
202.0
156.0
203.0
175.0
211.0
153.0
100.0
232.0
176.0
165.0
247.0
176.0
121.0
114.0
171.0
215.0
223.0
157.0
155.0
172.0
246.0
156.0
145.0
173.0
245.0
181.0
264.0
112.0
142.0
124.0
172.0
173.0
127.0
167.0
148.0
168.0
258.0
287.0
191.0
165.0
218.0
344.0
152.0
184.0
147.0
218.0
146.0
182.0
151.0
190.0
185.0
222.0
314.0
153.0
189.0
162.0
309.0
180.0
268.0
124.0
185.0
183.0
152.0
190.0
211.0
134.0
249.0
187.0
173.0
133.0
99.0
181.0
203.0
174.0
147.0
175.0
260.0
122.0
184.0
156.0
204.0
130.0
231.0
233.0
146.0
165.0
215.0
84.0
236.0
271.0
166.0
170.0
244.0
161.0
119.0
174.0
174.0
132.0
136.0
188.0
165.0
245.0
130.0
172.0
167.0
214.0
216.0
211.0
144.0
119.0
204.0
199.0
236.0
124.0
135.0
200.0
84.0
285.0
172.0
165.0
193.0
150.0
210.0
187.0
303.0
191.0
171.0
140.0
273.0
168.0
217.0
154.0
162.0
183.0
96.0
138.0
218.0
202.0
251.0
127.0
151.0
200.0
145.0
217.0
259.0
150.0
154.0
224.0
154.0
172.0
210.0
191.0
124.0
133.0
226.0
200.0
207.0
165.0
194.0
168.0
148.0
254.0
202.0
200.0
205.0
95.0
146.0
213.0
120.0
121.0
136.0
185.0
97.0
180.0
164.0
168.0
155.0
230.0
179.0
253.0
174.0
172.0
210.0
145.0
153.0
222.0
170.0
241.0
138.0
108.0
204.0
152.0
228.0
142.0
172.0
362.0
189.0
116.0
114.0
258.0
226.0
247.0
191.0
196.0
169.0
183.0
160.0
115.0
134.0
197.0
250.0
185.0
155.0
174.0
114.0
162.0
199.0
142.0
127.0
151.0
145.0
205.0
263.0
196.0
207.0
293.0
179.0
162.0
152.0
162.0
260.0
123.0
380.0
197.0
186.0
242.0
166.0
168.0
162.0
255.0
235.0
248.0
154.0
176.0
175.0
129.0
165.0
200.0
154.0
342.0
155.0
171.0
231.0
136.0
180.0
178.0
215.0
172.0
142.0
209.0
116.0
153.0
154.0
207.0
111.0
194.0
156.0
184.0
240.0
310.0
202.0
116.0
184.0
190.0
103.0
189.0
157.0
185.0
183.0
171.0
157.0
129.0
200.0
96.0
166.0
257.0
180.0
164.0
226.0
161.0
182.0
198.0
203.0
96.0
211.0
179.0
254.0
131.0
247.0
188.0
221.0
219.0
258.0
156.0
135.0
188.0
156.0
175.0
122.0
120.0
130.0
192.0
166.0
107.0
206.0
99.0
372.0
150.0
140.0
235.0
152.0
117.0
262.0
224.0
159.0
147.0
233.0
1679.0
105.0
230.0
225.0
252.0
243.0
139.0
293.0
155.0
291.0
149.0
302.0
158.0
153.0
198.0
188.0
197.0
223.0
186.0
179.0
215.0
162.0
179.0
182.0
144.0
134.0
303.0
153.0
176.0
150.0
203.0
137.0
166.0
173.0
104.0
244.0
257.0
99.0
275.0
141.0
165.0
158.0
178.0
154.0
226.0
117.0
177.0
253.0
197.0
173.0
259.0
151.0
267.0
194.0
223.0
208.0
208.0
143.0
155.0
251.0
167.0
113.0
236.0
177.0
207.0
211.0
148.0
241.0
214.0
244.0
294.0
167.0
120.0
218.0
196.0
174.0
180.0
152.0
238.0
156.0
125.0
211.0
165.0
200.0
191.0
192.0
364.0
163.0
155.0
181.0
181.0
254.0
203.0
252.0
246.0
174.0
189.0
115.0
171.0
167.0
200.0
140.0
191.0
213.0
132.0
217.0
234.0
483.0
212.0
218.0
150.0
234.0
223.0
181.0
157.0
223.0
160.0
160.0
215.0
220.0
125.0
182.0
232.0
173.0
253.0
182.0
163.0
181.0
140.0
130.0
153.0
139.0
108.0
123.0
191.0
209.0
231.0
171.0
143.0
198.0
222.0
104.0
189.0
251.0
190.0
171.0
142.0
237.0
161.0
239.0
152.0
105.0
180.0
139.0
278.0
259.0
145.0
183.0
94.0
170.0
168.0
145.0
193.0
185.0
281.0
308.0
211.0
244.0
215.0
178.0
185.0
128.0
154.0
224.0
167.0
150.0
195.0
131.0
136.0
186.0
139.0
166.0
203.0
148.0
236.0
261.0
280.0
114.0
222.0
209.0
165.0
199.0
171.0
218.0
153.0
134.0
258.0
201.0
311.0
240.0
181.0
125.0
190.0
245.0
293.0
159.0
166.0
139.0
110.0
493.0
136.0
266.0
126.0
174.0
194.0
197.0
136.0
140.0
196.0
136.0
128.0
280.0
157.0
201.0
252.0
148.0
161.0
159.0
245.0
139.0
156.0
183.0
232.0
328.0
197.0
197.0
209.0
179.0
198.0
113.0
92.0
363.0
127.0
146.0
169.0
224.0
129.0
224.0
172.0
185.0
110.0
209.0
215.0
199.0
152.0
240.0
141.0
118.0
127.0
195.0
197.0
180.0
104.0
103.0
206.0
217.0
162.0
178.0
230.0
256.0
171.0
177.0
121.0
289.0
138.0
215.0
215.0
305.0
155.0
142.0
185.0
297.0
172.0
208.0
181.0
162.0
198.0
150.0
169.0
163.0
205.0
123.0
165.0
209.0
169.0
143.0
184.0
169.0
370.0
171.0
117.0
221.0
316.0
281.0
172.0
130.0
172.0
190.0
184.0
285.0
137.0
736.0
113.0
101.0
167.0
175.0
123.0
204.0
253.0
261.0
153.0
153.0
209.0
132.0
198.0
247.0
240.0
146.0
153.0
183.0
199.0
140.0
191.0
181.0
110.0
201.0
173.0
184.0
248.0
233.0
237.0
123.0
119.0
166.0
187.0
222.0
225.0
151.0
105.0
152.0
150.0
156.0
170.0
146.0
266.0
123.0
165.0
191.0
258.0
203.0
108.0
210.0
247.0
163.0
185.0
159.0
119.0
224.0
165.0
203.0
166.0
115.0
231.0
103.0
132.0
143.0
142.0
162.0
151.0
230.0
142.0
192.0
185.0
146.0
160.0
174.0
247.0
179.0
219.0
167.0
196.0
166.0
179.0
197.0
162.0
126.0
142.0
265.0
111.0
207.0
146.0
166.0
221.0
228.0
158.0
147.0
307.0
249.0
145.0
135.0
124.0
152.0
140.0
218.0
227.0
191.0
157.0
174.0
190.0
225.0
68.0
201.0
295.0
159.0
126.0
151.0
210.0
181.0
203.0
201.0
201.0
185.0
163.0
145.0
208.0
166.0
201.0
218.0
144.0
174.0
135.0
121.0
143.0
192.0
173.0
161.0
242.0
184.0
135.0
257.0
152.0
133.0
174.0
166.0
177.0
157.0
98.0
183.0
159.0
184.0
141.0
323.0
143.0
141.0
197.0
140.0
154.0
154.0
192.0
118.0
122.0
139.0
178.0
181.0
165.0
194.0
197.0
182.0
179.0
216.0
205.0
139.0
233.0
193.0
148.0
181.0
327.0
109.0
150.0
255.0
197.0
183.0
264.0
163.0
216.0
176.0
140.0
112.0
129.0
206.0
180.0
185.0
154.0
169.0
122.0
149.0
170.0
263.0
196.0
123.0
165.0
129.0
162.0
97.0
200.0
137.0
159.0
213.0
145.0
273.0
164.0
91.0
149.0
161.0
142.0
181.0
132.0
199.0
118.0
148.0
252.0
156.0
148.0
152.0
254.0
154.0
206.0
215.0
184.0
141.0
134.0
217.0
208.0
201.0
166.0
166.0
182.0
205.0
165.0
177.0
197.0
193.0
171.0
202.0
225.0
138.0
163.0
180.0
133.0
137.0
140.0
142.0
145.0
275.0
111.0
202.0
231.0
148.0
115.0
184.0
132.0
99.0
111.0
156.0
194.0
153.0
178.0
198.0
88.0
178.0
134.0
133.0
215.0
227.0
226.0
232.0
402.0
190.0
160.0
198.0
158.0
141.0
166.0
139.0
242.0
254.0
170.0
362.0
153.0
221.0
209.0
186.0
101.0
133.0
142.0
133.0
112.0
140.0
216.0
194.0
104.0
187.0
181.0
143.0
268.0
164.0
190.0
107.0
258.0
179.0
251.0
217.0
141.0
199.0
213.0
166.0
336.0
203.0
112.0
193.0
143.0
139.0
212.0
133.0
190.0
202.0
139.0
147.0
266.0
136.0
260.0
219.0
175.0
159.0
124.0
170.0
273.0
187.0
152.0
217.0
191.0
207.0
161.0
130.0
249.0
199.0
206.0
183.0
175.0
144.0
140.0
112.0
202.0
233.0
158.0
93.0
274.0
119.0
84.0
174.0
201.0
139.0
140.0
153.0
234.0
202.0
194.0
108.0
119.0
229.0
123.0
110.0
221.0
316.0
152.0
158.0
210.0
238.0
225.0
187.0
200.0
200.0
171.0
142.0
209.0
144.0
144.0
181.0
237.0
289.0
194.0
144.0
197.0
157.0
207.0
237.0
133.0
233.0
211.0
195.0
259.0
108.0
138.0
200.0
202.0
118.0
218.0
199.0
115.0
245.0
131.0
160.0
215.0
171.0
305.0
207.0
138.0
176.0
314.0
163.0
147.0
146.0
155.0
219.0
180.0
217.0
165.0
156.0
189.0
144.0
231.0
214.0
236.0
177.0
227.0
177.0
94.0
144.0
273.0
218.0
151.0
242.0
166.0
120.0
201.0
149.0
184.0
182.0
174.0
156.0
192.0
114.0
186.0
125.0
226.0
155.0
191.0
204.0
272.0
158.0
143.0
132.0
157.0
150.0
168.0
262.0
161.0
162.0
155.0
215.0
190.0
241.0
97.0
146.0
119.0
189.0
241.0
245.0
139.0
191.0
207.0
182.0
224.0
156.0
160.0
250.0
191.0
160.0
262.0
141.0
153.0
223.0
283.0
174.0
212.0
223.0
198.0
173.0
238.0
180.0
377.0
282.0
193.0
262.0
223.0
222.0
114.0
142.0
122.0
142.0
295.0
147.0
133.0
76.0
131.0
165.0
191.0
349.0
235.0
189.0
202.0
309.0
235.0
171.0
141.0
166.0
130.0
158.0
145.0
211.0
218.0
226.0
132.0
161.0
183.0
161.0
139.0
195.0
166.0
147.0
198.0
295.0
129.0
313.0
148.0
183.0
123.0
184.0
167.0
403.0
121.0
156.0
369.0
187.0
119.0
145.0
152.0
139.0
236.0
232.0
175.0
126.0
276.0
168.0
117.0
171.0
223.0
235.0
91.0
90.0
173.0
168.0
220.0
162.0
272.0
181.0
88.0
109.0
125.0
202.0
199.0
119.0
221.0
254.0
148.0
277.0
180.0
232.0
210.0
267.0
167.0
261.0
240.0
226.0
158.0
166.0
133.0
201.0
148.0
150.0
111.0
130.0
276.0
141.0
548.0
173.0
198.0
154.0
169.0
156.0
134.0
161.0
141.0
235.0
172.0
184.0
234.0
120.0
253.0
205.0
140.0
342.0
210.0
217.0
254.0
221.0
178.0
170.0
195.0
312.0
178.0
310.0
154.0
136.0
289.0
127.0
382.0
248.0
177.0
171.0
131.0
143.0
140.0
173.0
209.0
163.0
180.0
119.0
187.0
312.0
216.0
136.0
108.0
295.0
157.0
151.0
218.0
161.0
195.0
173.0
105.0
267.0
155.0
145.0
219.0
201.0
100.0
199.0
357.0
111.0
228.0
172.0
234.0
188.0
258.0
198.0
187.0
193.0
135.0
214.0
199.0
275.0
163.0
231.0
139.0
252.0
176.0
320.0
186.0
204.0
179.0
210.0
146.0
174.0
207.0
249.0
167.0
202.0
222.0
130.0
152.0
156.0
289.0
147.0
289.0
129.0
147.0
102.0
129.0
270.0
115.0
178.0
340.0
200.0
236.0
208.0
288.0
264.0
175.0
156.0
164.0
144.0
229.0
103.0
139.0
242.0
182.0
165.0
190.0
262.0
293.0
128.0
176.0
187.0
238.0
270.0
172.0
177.0
124.0
161.0
100.0
113.0
93.0
175.0
225.0
260.0
93.0
182.0
214.0
264.0
157.0
228.0
160.0
275.0
143.0
132.0
150.0
149.0
173.0
196.0
213.0
205.0
146.0
125.0
166.0
282.0
178.0
284.0
239.0
188.0
368.0
146.0
487.0
379.0
240.0
173.0
196.0
199.0
126.0
144.0
204.0
171.0
244.0
277.0
232.0
180.0
124.0
202.0
149.0
140.0
127.0
145.0
171.0
152.0
275.0
147.0
119.0
216.0
170.0
206.0
181.0
177.0
160.0
209.0
123.0
213.0
156.0
253.0
180.0
126.0
256.0
145.0
157.0
355.0
180.0
261.0
154.0
258.0
122.0
229.0
160.0
121.0
158.0
275.0
140.0
182.0
178.0
201.0
172.0
306.0
185.0
181.0
222.0
176.0
307.0
95.0
151.0
129.0
94.0
131.0
249.0
144.0
164.0
388.0
275.0
132.0
215.0
158.0
256.0
153.0
102.0
158.0
207.0
166.0
132.0
191.0
147.0
284.0
213.0
203.0
139.0
403.0
170.0
197.0
211.0
163.0
91.0
241.0
209.0
181.0
220.0
161.0
130.0
125.0
211.0
375.0
164.0
165.0
261.0
111.0
105.0
163.0
205.0
210.0
302.0
157.0
233.0
203.0
165.0
168.0
129.0
198.0
180.0
82.0
184.0
150.0
171.0
267.0
278.0
173.0
166.0
198.0
110.0
111.0
156.0
181.0
135.0
232.0
189.0
205.0
290.0
165.0
183.0
272.0
122.0
196.0
158.0
261.0
473.0
83.0
202.0
155.0
139.0
168.0
236.0
219.0
157.0
119.0
137.0
85.0
215.0
206.0
129.0
159.0
317.0
131.0
141.0
154.0
199.0
209.0
161.0
183.0
90.0
165.0
208.0
327.0
317.0
184.0
243.0
194.0
161.0
277.0
216.0
137.0
231.0
188.0
261.0
133.0
186.0
246.0
360.0
189.0
94.0
144.0
211.0
154.0
157.0
209.0
177.0
158.0
138.0
266.0
159.0
170.0
206.0
154.0
168.0
176.0
255.0
165.0
268.0
140.0
200.0
171.0
157.0
96.0
326.0
210.0
273.0
126.0
146.0
255.0
163.0
132.0
151.0
117.0
148.0
213.0
141.0
126.0
327.0
282.0
211.0
120.0
201.0
171.0
183.0
220.0
212.0
156.0
183.0
142.0
228.0
127.0
133.0
169.0
296.0
113.0
113.0
376.0
106.0
141.0
205.0
105.0
243.0
164.0
159.0
158.0
105.0
318.0
236.0
173.0
123.0
121.0
176.0
241.0
144.0
209.0
84.0
57.0
172.0
310.0
199.0
158.0
220.0
150.0
216.0
224.0
202.0
182.0
167.0
227.0
193.0
155.0
184.0
184.0
277.0
168.0
186.0
189.0
171.0
220.0
141.0
137.0
233.0
143.0
141.0
145.0
183.0
191.0
205.0
177.0
183.0
246.0
226.0
245.0
130.0
217.0
141.0
213.0
178.0
160.0
166.0
241.0
261.0
198.0
203.0
181.0
238.0
165.0
141.0
151.0
180.0
174.0
146.0
96.0
154.0
149.0
113.0
225.0
131.0
224.0
186.0
220.0
291.0
236.0
233.0
138.0
139.0
224.0
137.0
264.0
138.0
148.0
185.0
187.0
133.0
182.0
110.0
83.0
375.0
104.0
150.0
146.0
131.0
147.0
227.0
220.0
154.0
199.0
173.0
149.0
173.0
239.0
181.0
313.0
159.0
173.0
297.0
148.0
144.0
185.0
237.0
201.0
203.0
102.0
141.0
247.0
225.0
163.0
173.0
172.0
104.0
188.0
180.0
245.0
123.0
186.0
141.0
185.0
111.0
273.0
194.0
151.0
196.0
248.0
333.0
175.0
139.0
184.0
124.0
112.0
270.0
290.0
143.0
154.0
216.0
220.0
119.0
132.0
179.0
244.0
121.0
94.0
131.0
172.0
113.0
162.0
171.0
191.0
186.0
131.0
151.0
160.0
147.0
156.0
140.0
186.0
174.0
170.0
137.0
100.0
180.0
250.0
213.0
227.0
205.0
157.0
116.0
152.0
283.0
167.0
272.0
257.0
240.0
133.0
160.0
156.0
96.0
260.0
225.0
196.0
129.0
201.0
185.0
118.0
218.0
160.0
117.0
163.0
147.0
88.0
137.0
199.0
183.0
109.0
249.0
167.0
234.0
278.0
184.0
151.0
202.0
106.0
192.0
215.0
188.0
138.0
239.0
193.0
126.0
198.0
167.0
192.0
136.0
156.0
159.0
152.0
179.0
164.0
172.0
142.0
160.0
185.0
95.0
268.0
180.0
127.0
162.0
529.0
281.0
132.0
214.0
174.0
133.0
107.0
251.0
93.0
158.0
117.0
225.0
229.0
203.0
166.0
258.0
196.0
230.0
210.0
146.0
223.0
92.0
98.0
107.0
145.0
191.0
163.0
161.0
326.0
158.0
200.0
157.0
93.0
138.0
258.0
157.0
190.0
183.0
208.0
238.0
145.0
196.0
169.0
308.0
149.0
231.0
150.0
169.0
194.0
156.0
159.0
146.0
209.0
220.0
100.0
209.0
237.0
177.0
175.0
219.0
98.0
146.0
107.0
193.0
171.0
168.0
88.0
148.0
215.0
191.0
106.0
194.0
118.0
166.0
207.0
205.0
322.0
136.0
229.0
213.0
182.0
251.0
244.0
179.0
244.0
90.0
244.0
207.0
76.0
237.0
244.0
193.0
183.0
154.0
168.0
315.0
119.0
170.0
156.0
186.0
95.0
104.0
208.0
216.0
68.0
382.0
212.0
135.0
126.0
180.0
128.0
161.0
233.0
184.0
147.0
162.0
195.0
213.0
186.0
218.0
172.0
215.0
144.0
172.0
163.0
171.0
154.0
115.0
162.0
169.0
136.0
187.0
161.0
220.0
176.0
286.0
140.0
308.0
167.0
202.0
166.0
185.0
188.0
176.0
347.0
137.0
170.0
143.0
202.0
81.0
197.0
284.0
141.0
180.0
145.0
191.0
188.0
166.0
181.0
166.0
131.0
146.0
180.0
230.0
163.0
108.0
288.0
157.0
234.0
231.0
188.0
112.0
84.0
128.0
158.0
231.0
78.0
183.0
146.0
265.0
222.0
220.0
198.0
173.0
166.0
193.0
240.0
200.0
247.0
190.0
106.0
215.0
166.0
177.0
169.0
182.0
287.0
201.0
179.0
223.0
255.0
183.0
182.0
134.0
139.0
185.0
256.0
288.0
200.0
167.0
199.0
175.0
255.0
122.0
151.0
163.0
212.0
291.0
247.0
88.0
231.0
312.0
193.0
194.0
164.0
168.0
103.0
154.0
141.0
197.0
207.0
167.0
200.0
134.0
150.0
152.0
170.0
179.0
147.0
195.0
156.0
307.0
171.0
125.0
181.0
174.0
234.0
214.0
243.0
114.0
175.0
234.0
221.0
179.0
195.0
131.0
189.0
235.0
208.0
130.0
212.0
337.0
241.0
135.0
152.0
180.0
162.0
193.0
148.0
178.0
161.0
110.0
207.0
152.0
208.0
164.0
218.0
138.0
89.0
121.0
157.0
223.0
264.0
238.0
189.0
131.0
300.0
202.0
196.0
135.0
879.0
148.0
231.0
155.0
133.0
183.0
94.0
180.0
216.0
233.0
113.0
185.0
386.0
122.0
214.0
129.0
232.0
167.0
283.0
221.0
185.0
162.0
121.0
245.0
256.0
179.0
140.0
172.0
313.0
225.0
188.0
211.0
161.0
103.0
179.0
125.0
100.0
212.0
261.0
166.0
201.0
218.0
183.0
178.0
168.0
195.0
80.0
108.0
150.0
214.0
196.0
179.0
217.0
166.0
133.0
310.0
241.0
253.0
188.0
255.0
215.0
169.0
210.0
127.0
232.0
352.0
233.0
294.0
151.0
244.0
150.0
145.0
157.0
216.0
146.0
156.0
178.0
163.0
206.0
132.0
212.0
174.0
136.0
177.0
167.0
153.0
145.0
348.0
140.0
234.0
224.0
109.0
193.0
181.0
169.0
190.0
240.0
202.0
144.0
144.0
203.0
195.0
130.0
212.0
195.0
252.0
351.0
196.0
110.0
226.0
186.0
395.0
207.0
163.0
93.0
180.0
210.0
164.0
233.0
180.0
127.0
103.0
121.0
197.0
141.0
235.0
151.0
167.0
233.0
195.0
242.0
221.0
216.0
205.0
89.0
172.0
191.0
134.0
281.0
193.0
151.0
155.0
455.0
200.0
117.0
207.0
211.0
122.0
174.0
164.0
216.0
232.0
97.0
153.0
291.0
229.0
128.0
56.0
243.0
151.0
174.0
204.0
196.0
196.0
213.0
141.0
169.0
129.0
253.0
179.0
208.0
141.0
181.0
195.0
113.0
230.0
152.0
194.0
166.0
137.0
161.0
146.0
130.0
176.0
199.0
119.0
90.0
166.0
200.0
179.0
232.0
254.0
99.0
265.0
197.0
234.0
195.0
167.0
172.0
463.0
256.0
223.0
183.0
187.0
213.0
153.0
229.0
208.0
183.0
191.0
121.0
272.0
111.0
140.0
243.0
197.0
116.0
151.0
222.0
224.0
190.0
110.0
187.0
193.0
123.0
131.0
170.0
200.0
339.0
172.0
274.0
207.0
177.0
232.0
126.0
207.0
125.0
165.0
108.0
248.0
203.0
341.0
208.0
222.0
370.0
192.0
124.0
253.0
173.0
130.0
112.0
166.0
169.0
130.0
187.0
110.0
165.0
163.0
276.0
147.0
163.0
73.0
271.0
256.0
203.0
149.0
172.0
220.0
216.0
171.0
141.0
181.0
126.0
213.0
128.0
192.0
248.0
157.0
161.0
174.0
273.0
86.0
190.0
143.0
105.0
174.0
388.0
177.0
148.0
277.0
252.0
110.0
210.0
192.0
176.0
162.0
164.0
206.0
102.0
279.0
280.0
174.0
122.0
164.0
120.0
208.0
183.0
209.0
220.0
213.0
292.0
228.0
162.0
170.0
130.0
235.0
194.0
237.0
135.0
192.0
181.0
90.0
193.0
212.0
157.0
335.0
215.0
243.0
226.0
144.0
201.0
194.0
469.0
271.0
207.0
126.0
112.0
307.0
177.0
193.0
132.0
175.0
154.0
249.0
201.0
785.0
152.0
127.0
134.0
227.0
192.0
97.0
197.0
135.0
135.0
169.0
119.0
230.0
171.0
195.0
150.0
154.0
209.0
111.0
166.0
110.0
110.0
136.0
263.0
166.0
193.0
141.0
283.0
224.0
160.0
200.0
255.0
185.0
166.0
154.0
217.0
228.0
178.0
189.0
167.0
166.0
168.0
384.0
145.0
151.0
260.0
116.0
205.0
127.0
158.0
159.0
216.0
207.0
216.0
110.0
165.0
264.0
174.0
163.0
144.0
241.0
131.0
183.0
201.0
293.0
196.0
109.0
145.0
156.0
148.0
327.0
205.0
145.0
160.0
93.0
183.0
142.0
211.0
226.0
96.0
184.0
175.0
273.0
284.0
191.0
219.0
287.0
173.0
148.0
143.0
254.0
213.0
196.0
151.0
270.0
129.0
231.0
231.0
239.0
97.0
95.0
411.0
151.0
213.0
177.0
137.0
170.0
193.0
154.0
174.0
168.0
186.0
174.0
191.0
133.0
208.0
269.0
189.0
316.0
167.0
241.0
180.0
121.0
174.0
97.0
249.0
133.0
293.0
241.0
108.0
174.0
253.0
133.0
202.0
191.0
157.0
205.0
237.0
152.0
138.0
138.0
184.0
167.0
146.0
138.0
166.0
356.0
235.0
226.0
180.0
133.0
275.0
125.0
131.0
123.0
331.0
130.0
176.0
272.0
145.0
193.0
261.0
265.0
239.0
141.0
175.0
221.0
161.0
218.0
224.0
101.0
94.0
122.0
221.0
182.0
149.0
288.0
189.0
195.0
179.0
207.0
128.0
263.0
174.0
223.0
162.0
137.0
199.0
174.0
208.0
121.0
226.0
163.0
338.0
193.0
150.0
147.0
177.0
211.0
115.0
232.0
148.0
495.0
122.0
159.0
157.0
250.0
191.0
144.0
199.0
227.0
239.0
245.0
109.0
102.0
145.0
406.0
166.0
210.0
155.0
97.0
173.0
211.0
152.0
320.0
153.0
180.0
248.0
176.0
170.0
193.0
197.0
190.0
161.0
242.0
150.0
167.0
143.0
180.0
140.0
232.0
158.0
166.0
109.0
208.0
225.0
126.0
277.0
383.0
157.0
202.0
103.0
114.0
144.0
177.0
240.0
155.0
160.0
203.0
213.0
189.0
380.0
154.0
130.0
245.0
189.0
131.0
184.0
222.0
214.0
146.0
260.0
257.0
117.0
128.0
218.0
124.0
141.0
186.0
139.0
122.0
124.0
209.0
169.0
139.0
191.0
165.0
121.0
134.0
245.0
205.0
125.0
173.0
178.0
204.0
177.0
314.0
314.0
525.0
128.0
250.0
159.0
181.0
98.0
182.0
193.0
98.0
220.0
193.0
200.0
138.0
106.0
142.0
152.0
143.0
106.0
218.0
204.0
209.0
200.0
166.0
220.0
309.0
171.0
131.0
204.0
174.0
131.0
219.0
259.0
149.0
174.0
255.0
232.0
130.0
226.0
203.0
195.0
189.0
213.0
142.0
184.0
166.0
133.0
149.0
308.0
166.0
154.0
123.0
147.0
176.0
191.0
552.0
276.0
178.0
195.0
269.0
128.0
132.0
179.0
162.0
150.0
136.0
117.0
156.0
159.0
212.0
154.0
165.0
119.0
151.0
243.0
183.0
102.0
164.0
163.0
184.0
168.0
145.0
109.0
175.0
165.0
59.0
131.0
129.0
210.0
160.0
264.0
196.0
227.0
115.0
133.0
131.0
242.0
235.0
160.0
219.0
239.0
259.0
129.0
191.0
148.0
161.0
116.0
91.0
108.0
156.0
99.0
243.0
211.0
87.0
120.0
165.0
130.0
171.0
245.0
232.0
259.0
153.0
182.0
119.0
266.0
160.0
203.0
263.0
128.0
221.0
150.0
160.0
192.0
86.0
110.0
195.0
140.0
219.0
281.0
239.0
163.0
179.0
241.0
213.0
230.0
290.0
108.0
160.0
127.0
256.0
228.0
124.0
148.0
173.0
198.0
140.0
250.0
218.0
248.0
205.0
223.0
138.0
157.0
106.0
192.0
159.0
189.0
154.0
101.0
188.0
191.0
120.0
244.0
254.0
304.0
70.0
120.0
174.0
156.0
165.0
153.0
218.0
176.0
192.0
230.0
246.0
111.0
140.0
214.0
129.0
192.0
183.0
174.0
226.0
190.0
261.0
158.0
211.0
168.0
169.0
261.0
218.0
141.0
190.0
133.0
296.0
153.0
202.0
99.0
126.0
96.0
130.0
102.0
118.0
127.0
129.0
213.0
134.0
176.0
162.0
177.0
210.0
210.0
131.0
231.0
177.0
167.0
173.0
116.0
150.0
179.0
193.0
109.0
152.0
313.0
182.0
176.0
172.0
99.0
291.0
202.0
125.0
275.0
195.0
165.0
164.0
365.0
161.0
204.0
198.0
126.0
144.0
196.0
172.0
164.0
240.0
133.0
157.0
132.0
147.0
144.0
194.0
155.0
209.0
153.0
139.0
219.0
281.0
170.0
176.0
348.0
105.0
159.0
211.0
173.0
193.0
290.0
91.0
333.0
122.0
123.0
282.0
106.0
155.0
286.0
198.0
182.0
184.0
199.0
182.0
173.0
137.0
155.0
233.0
263.0
188.0
165.0
111.0
137.0
211.0
187.0
335.0
188.0
294.0
206.0
182.0
114.0
149.0
272.0
188.0
103.0
138.0
138.0
40.0
106.0
109.0
183.0
190.0
82.0
124.0
277.0
163.0
220.0
176.0
203.0
337.0
119.0
195.0
297.0
264.0
142.0
118.0
191.0
196.0
142.0
181.0
123.0
204.0
126.0
140.0
259.0
167.0
164.0
1069.0
140.0
169.0
200.0
161.0
162.0
117.0
286.0
141.0
229.0
208.0
217.0
145.0
99.0
158.0
154.0
201.0
157.0
111.0
158.0
127.0
201.0
185.0
187.0
123.0
108.0
186.0
260.0
143.0
146.0
277.0
148.0
188.0
239.0
215.0
226.0
129.0
152.0
147.0
429.0
228.0
90.0
167.0
170.0
150.0
148.0
181.0
358.0
207.0
197.0
182.0
147.0
111.0
125.0
283.0
254.0
168.0
283.0
150.0
209.0
217.0
113.0
246.0
154.0
313.0
142.0
141.0
195.0
305.0
301.0
380.0
161.0
144.0
203.0
211.0
176.0
123.0
134.0
101.0
161.0
186.0
197.0
145.0
222.0
222.0
226.0
389.0
190.0
192.0
214.0
169.0
167.0
109.0
137.0
124.0
289.0
208.0
200.0
206.0
146.0
133.0
281.0
154.0
146.0
192.0
192.0
181.0
215.0
203.0
204.0
165.0
233.0
127.0
276.0
254.0
220.0
100.0
205.0
153.0
153.0
89.0
143.0
125.0
141.0
142.0
365.0
212.0
115.0
219.0
133.0
95.0
225.0
204.0
157.0
127.0
188.0
159.0
181.0
208.0
184.0
189.0
161.0
160.0
507.0
173.0
193.0
238.0
178.0
154.0
215.0
230.0
210.0
151.0
175.0
167.0
157.0
184.0
151.0
307.0
172.0
245.0
158.0
161.0
165.0
136.0
200.0
215.0
163.0
267.0
159.0
196.0
215.0
202.0
133.0
125.0
214.0
124.0
155.0
216.0
116.0
194.0
143.0
140.0
230.0
176.0
216.0
223.0
119.0
309.0
134.0
243.0
211.0
270.0
181.0
199.0
186.0
136.0
167.0
267.0
339.0
313.0
158.0
227.0
190.0
184.0
173.0
181.0
176.0
171.0
274.0
202.0
157.0
178.0
198.0
231.0
160.0
206.0
176.0
127.0
141.0
131.0
119.0
223.0
254.0
171.0
124.0
288.0
153.0
204.0
189.0
120.0
108.0
234.0
117.0
158.0
199.0
167.0
233.0
178.0
230.0
180.0
225.0
133.0
294.0
254.0
291.0
180.0
200.0
190.0
166.0
122.0
158.0
179.0
181.0
215.0
284.0
295.0
198.0
138.0
128.0
174.0
132.0
118.0
265.0
241.0
243.0
315.0
184.0
142.0
123.0
135.0
147.0
144.0
337.0
125.0
141.0
459.0
260.0
250.0
187.0
255.0
175.0
189.0
205.0
276.0
204.0
190.0
117.0
172.0
217.0
200.0
129.0
180.0
164.0
234.0
194.0
191.0
224.0
145.0
186.0
105.0
448.0
103.0
169.0
241.0
163.0
277.0
213.0
134.0
192.0
187.0
90.0
140.0
211.0
249.0
119.0
169.0
227.0
204.0
344.0
225.0
247.0
196.0
225.0
123.0
177.0
163.0
159.0
163.0
228.0
278.0
292.0
140.0
196.0
200.0
122.0
239.0
204.0
170.0
145.0
259.0
188.0
177.0
151.0
137.0
191.0
874.0
176.0
156.0
120.0
154.0
214.0
292.0
207.0
197.0
196.0
170.0
180.0
147.0
157.0
156.0
163.0
296.0
236.0
109.0
187.0
201.0
133.0
284.0
146.0
160.0
181.0
149.0
307.0
248.0
156.0
234.0
195.0
115.0
198.0
260.0
281.0
173.0
218.0
150.0
205.0
136.0
190.0
124.0
356.0
293.0
257.0
200.0
161.0
260.0
188.0
263.0
174.0
218.0
227.0
216.0
155.0
183.0
134.0
177.0
107.0
160.0
167.0
147.0
223.0
197.0
121.0
193.0
220.0
149.0
153.0
145.0
122.0
149.0
174.0
326.0
197.0
191.0
302.0
89.0
207.0
134.0
360.0
61.0
171.0
284.0
171.0
175.0
247.0
166.0
189.0
204.0
183.0
184.0
201.0
189.0
205.0
214.0
179.0
128.0
193.0
253.0
166.0
173.0
149.0
187.0
108.0
139.0
105.0
226.0
167.0
184.0
415.0
135.0
107.0
127.0
266.0
205.0
108.0
162.0
244.0
191.0
320.0
129.0
253.0
135.0
172.0
194.0
127.0
178.0
297.0
237.0
180.0
169.0
221.0
174.0
114.0
174.0
278.0
179.0
174.0
253.0
182.0
126.0
176.0
220.0
185.0
206.0
435.0
109.0
237.0
170.0
303.0
174.0
142.0
146.0
143.0
237.0
219.0
166.0
150.0
159.0
210.0
167.0
117.0
164.0
147.0
206.0
204.0
202.0
126.0
151.0
146.0
164.0
114.0
137.0
285.0
233.0
150.0
120.0
131.0
171.0
142.0
212.0
117.0
184.0
124.0
302.0
135.0
173.0
192.0
117.0
181.0
154.0
190.0
141.0
165.0
206.0
170.0
115.0
277.0
169.0
82.0
303.0
277.0
129.0
227.0
141.0
184.0
195.0
120.0
262.0
175.0
248.0
174.0
335.0
211.0
259.0
160.0
245.0
141.0
199.0
294.0
197.0
185.0
140.0
238.0
126.0
150.0
205.0
138.0
142.0
166.0
123.0
148.0
224.0
127.0
123.0
144.0
151.0
193.0
280.0
180.0
109.0
163.0
216.0
184.0
139.0
165.0
265.0
124.0
246.0
269.0
242.0
255.0
161.0
207.0
172.0
108.0
156.0
269.0
178.0
196.0
113.0
151.0
134.0
272.0
180.0
169.0
257.0
174.0
109.0
298.0
216.0
157.0
189.0
89.0
183.0
205.0
141.0
177.0
202.0
141.0
193.0
209.0
151.0
168.0
176.0
154.0
168.0
145.0
154.0
161.0
230.0
221.0
198.0
253.0
414.0
242.0
64.0
283.0
157.0
236.0
344.0
143.0
281.0
161.0
241.0
129.0
102.0
153.0
106.0
185.0
213.0
218.0
94.0
88.0
128.0
161.0
182.0
299.0
189.0
185.0
177.0
175.0
217.0
159.0
82.0
152.0
128.0
135.0
146.0
155.0
128.0
181.0
190.0
223.0
172.0
128.0
219.0
159.0
167.0
208.0
276.0
170.0
119.0
318.0
287.0
111.0
186.0
152.0
183.0
296.0
169.0
103.0
174.0
292.0
168.0
178.0
287.0
208.0
143.0
129.0
258.0
198.0
162.0
286.0
176.0
101.0
254.0
213.0
225.0
127.0
129.0
244.0
51.0
146.0
146.0
213.0
220.0
106.0
300.0
157.0
116.0
180.0
186.0
123.0
145.0
178.0
189.0
189.0
235.0
215.0
193.0
228.0
270.0
120.0
174.0
111.0
174.0
192.0
114.0
243.0
178.0
124.0
125.0
193.0
189.0
232.0
215.0
116.0
99.0
166.0
109.0
160.0
159.0
238.0
177.0
128.0
194.0
117.0
171.0
208.0
125.0
130.0
167.0
245.0
197.0
178.0
219.0
119.0
166.0
133.0
218.0
130.0
139.0
309.0
256.0
168.0
217.0
133.0
257.0
214.0
321.0
221.0
160.0
127.0
85.0
117.0
207.0
359.0
271.0
127.0
173.0
214.0
193.0
270.0
226.0
123.0
124.0
272.0
314.0
93.0
78.0
167.0
103.0
227.0
190.0
118.0
130.0
95.0
171.0
175.0
275.0
185.0
104.0
138.0
136.0
132.0
165.0
346.0
158.0
224.0
183.0
58.0
181.0
193.0
188.0
202.0
185.0
372.0
405.0
199.0
118.0
177.0
336.0
150.0
200.0
204.0
139.0
151.0
164.0
165.0
111.0
180.0
290.0
172.0
197.0
188.0
191.0
188.0
202.0
226.0
154.0
95.0
164.0
121.0
178.0
201.0
177.0
125.0
136.0
111.0
221.0
191.0
155.0
151.0
268.0
103.0
111.0
191.0
117.0
194.0
247.0
281.0
158.0
113.0
443.0
157.0
195.0
240.0
157.0
246.0
219.0
162.0
134.0
241.0
160.0
269.0
200.0
210.0
114.0
150.0
315.0
159.0
156.0
277.0
157.0
184.0
144.0
137.0
134.0
310.0
156.0
99.0
139.0
192.0
112.0
169.0
232.0
233.0
291.0
146.0
168.0
214.0
237.0
116.0
311.0
214.0
137.0
225.0
217.0
173.0
187.0
182.0
216.0
151.0
173.0
198.0
157.0
190.0
215.0
125.0
142.0
234.0
216.0
203.0
209.0
161.0
148.0
114.0
162.0
177.0
122.0
170.0
105.0
199.0
157.0
178.0
179.0
169.0
179.0
199.0
193.0
117.0
215.0
118.0
144.0
164.0
167.0
218.0
164.0
242.0
244.0
245.0
366.0
179.0
112.0
126.0
211.0
156.0
221.0
152.0
217.0
149.0
174.0
191.0
145.0
214.0
320.0
382.0
160.0
154.0
184.0
169.0
267.0
105.0
302.0
197.0
204.0
228.0
199.0
141.0
111.0
180.0
292.0
205.0
176.0
170.0
75.0
124.0
194.0
230.0
150.0
186.0
110.0
295.0
193.0
189.0
140.0
167.0
125.0
180.0
343.0
124.0
576.0
138.0
212.0
206.0
103.0
254.0
149.0
181.0
404.0
90.0
184.0
138.0
98.0
274.0
165.0
118.0
189.0
202.0
194.0
283.0
123.0
224.0
147.0
139.0
233.0
193.0
290.0
106.0
145.0
147.0
124.0
151.0
200.0
118.0
335.0
235.0
160.0
98.0
159.0
270.0
159.0
147.0
103.0
205.0
249.0
269.0
163.0
144.0
177.0
313.0
281.0
662.0
92.0
246.0
233.0
156.0
214.0
85.0
209.0
255.0
160.0
174.0
167.0
194.0
263.0
144.0
160.0
149.0
367.0
216.0
137.0
164.0
274.0
165.0
241.0
105.0
277.0
156.0
126.0
168.0
185.0
128.0
147.0
184.0
181.0
154.0
113.0
221.0
160.0
266.0
214.0
131.0
371.0
170.0
157.0
256.0
202.0
237.0
143.0
136.0
229.0
193.0
119.0
164.0
226.0
133.0
102.0
275.0
97.0
269.0
127.0
154.0
254.0
243.0
99.0
200.0
171.0
293.0
221.0
185.0
201.0
181.0
165.0
138.0
149.0
204.0
350.0
194.0
143.0
213.0
197.0
269.0
191.0
160.0
213.0
142.0
186.0
124.0
212.0
168.0
317.0
159.0
187.0
126.0
154.0
171.0
225.0
241.0
202.0
271.0
164.0
323.0
154.0
184.0
307.0
223.0
273.0
219.0
182.0
232.0
109.0
167.0
177.0
125.0
116.0
231.0
148.0
234.0
156.0
251.0
257.0
180.0
223.0
113.0
301.0
164.0
166.0
141.0
284.0
171.0
173.0
122.0
150.0
274.0
194.0
109.0
136.0
172.0
116.0
281.0
113.0
233.0
177.0
194.0
106.0
175.0
119.0
179.0
223.0
154.0
75.0
248.0
267.0
211.0
243.0
95.0
243.0
367.0
199.0
193.0
136.0
234.0
233.0
350.0
170.0
155.0
236.0
143.0
122.0
229.0
112.0
201.0
199.0
138.0
180.0
175.0
103.0
365.0
214.0
243.0
268.0
289.0
229.0
256.0
201.0
151.0
186.0
122.0
159.0
141.0
179.0
231.0
214.0
186.0
293.0
225.0
221.0
159.0
227.0
183.0
237.0
309.0
268.0
165.0
118.0
168.0
176.0
165.0
157.0
157.0
205.0
111.0
152.0
128.0
333.0
188.0
256.0
193.0
368.0
168.0
253.0
225.0
179.0
164.0
148.0
283.0
159.0
134.0
255.0
138.0
195.0
204.0
168.0
234.0
227.0
150.0
252.0
177.0
313.0
99.0
180.0
209.0
116.0
229.0
245.0
392.0
262.0
174.0
179.0
238.0
205.0
157.0
149.0
151.0
181.0
150.0
258.0
213.0
159.0
206.0
136.0
228.0
142.0
73.0
151.0
191.0
152.0
252.0
169.0
169.0
187.0
162.0
123.0
193.0
166.0
269.0
179.0
280.0
156.0
180.0
282.0
154.0
164.0
204.0
205.0
207.0
189.0
160.0
188.0
196.0
198.0
202.0
117.0
141.0
104.0
299.0
213.0
324.0
151.0
148.0
268.0
186.0
387.0
134.0
206.0
123.0
211.0
183.0
152.0
136.0
257.0
170.0
219.0
243.0
159.0
220.0
167.0
228.0
138.0
206.0
201.0
139.0
145.0
341.0
135.0
217.0
217.0
107.0
262.0
149.0
123.0
182.0
123.0
187.0
213.0
193.0
165.0
100.0
200.0
316.0
200.0
157.0
150.0
192.0
222.0
147.0
154.0
96.0
158.0
280.0
179.0
154.0
135.0
103.0
265.0
145.0
127.0
234.0
172.0
139.0
138.0
218.0
255.0
179.0
243.0
172.0
170.0
107.0
155.0
247.0
148.0
140.0
142.0
238.0
183.0
205.0
144.0
398.0
232.0
236.0
284.0
162.0
143.0
193.0
149.0
133.0
191.0
239.0
137.0
254.0
92.0
211.0
205.0
234.0
205.0
127.0
124.0
206.0
187.0
274.0
218.0
222.0
184.0
90.0
178.0
135.0
144.0
191.0
314.0
261.0
122.0
117.0
238.0
166.0
250.0
151.0
187.0
207.0
206.0
113.0
192.0
150.0
191.0
267.0
185.0
199.0
108.0
149.0
210.0
165.0
276.0
250.0
140.0
156.0
181.0
157.0
189.0
145.0
186.0
188.0
164.0
264.0
140.0
196.0
222.0
253.0
143.0
215.0
119.0
164.0
169.0
195.0
119.0
289.0
121.0
152.0
116.0
281.0
140.0
221.0
235.0
249.0
225.0
178.0
184.0
195.0
61.0
200.0
148.0
179.0
158.0
145.0
201.0
237.0
235.0
140.0
212.0
175.0
242.0
172.0
117.0
173.0
257.0
121.0
155.0
178.0
203.0
170.0
209.0
239.0
128.0
202.0
138.0
105.0
153.0
115.0
244.0
131.0
101.0
130.0
169.0
254.0
129.0
182.0
167.0
224.0
156.0
289.0
272.0
301.0
289.0
120.0
158.0
120.0
157.0
247.0
168.0
253.0
147.0
187.0
148.0
203.0
118.0
222.0
354.0
162.0
106.0
142.0
129.0
131.0
151.0
127.0
187.0
115.0
159.0
190.0
215.0
148.0
228.0
156.0
194.0
150.0
128.0
381.0
120.0
229.0
111.0
167.0
207.0
133.0
181.0
207.0
129.0
161.0
155.0
200.0
116.0
203.0
225.0
228.0
160.0
79.0
326.0
162.0
339.0
193.0
147.0
164.0
169.0
91.0
254.0
134.0
148.0
178.0
192.0
139.0
230.0
155.0
280.0
135.0
265.0
187.0
157.0
241.0
118.0
313.0
239.0
212.0
151.0
188.0
168.0
260.0
183.0
158.0
123.0
151.0
172.0
160.0
301.0
180.0
147.0
133.0
267.0
137.0
137.0
123.0
104.0
136.0
155.0
309.0
147.0
184.0
83.0
189.0
203.0
217.0
232.0
231.0
170.0
81.0
200.0
219.0
199.0
182.0
235.0
92.0
153.0
187.0
341.0
214.0
121.0
123.0
257.0
128.0
159.0
146.0
174.0
230.0
125.0
269.0
166.0
185.0
244.0
187.0
284.0
160.0
168.0
198.0
123.0
204.0
150.0
226.0
137.0
187.0
147.0
240.0
238.0
81.0
175.0
237.0
198.0
155.0
266.0
181.0
152.0
166.0
160.0
223.0
265.0
218.0
201.0
165.0
144.0
194.0
148.0
242.0
102.0
115.0
192.0
220.0
157.0
111.0
153.0
119.0
234.0
183.0
161.0
256.0
187.0
171.0
162.0
155.0
255.0
172.0
229.0
152.0
189.0
203.0
176.0
200.0
162.0
228.0
211.0
157.0
245.0
183.0
216.0
149.0
193.0
355.0
182.0
145.0
198.0
174.0
236.0
242.0
144.0
263.0
182.0
231.0
153.0
178.0
98.0
162.0
174.0
153.0
116.0
186.0
225.0
289.0
210.0
104.0
149.0
208.0
159.0
282.0
116.0
323.0
218.0
151.0
104.0
294.0
231.0
179.0
187.0
136.0
124.0
228.0
211.0
133.0
308.0
168.0
162.0
325.0
165.0
186.0
160.0
227.0
177.0
164.0
183.0
176.0
162.0
276.0
162.0
188.0
166.0
113.0
184.0
174.0
101.0
260.0
182.0
235.0
110.0
132.0
212.0
122.0
212.0
157.0
126.0
235.0
133.0
127.0
178.0
179.0
157.0
220.0
217.0
246.0
312.0
218.0
150.0
118.0
239.0
174.0
380.0
162.0
384.0
197.0
213.0
231.0
201.0
137.0
185.0
114.0
215.0
122.0
280.0
213.0
227.0
281.0
111.0
255.0
170.0
216.0
179.0
142.0
285.0
151.0
189.0
253.0
149.0
337.0
150.0
227.0
108.0
124.0
161.0
107.0
200.0
207.0
144.0
154.0
131.0
141.0
144.0
308.0
106.0
185.0
262.0
297.0
202.0
162.0
149.0
119.0
107.0
109.0
106.0
236.0
225.0
199.0
199.0
138.0
141.0
199.0
143.0
216.0
137.0
209.0
180.0
136.0
98.0
112.0
141.0
174.0
174.0
293.0
270.0
120.0
115.0
113.0
138.0
76.0
228.0
385.0
199.0
223.0
245.0
124.0
172.0
165.0
194.0
106.0
199.0
226.0
213.0
241.0
163.0
141.0
126.0
256.0
141.0
286.0
503.0
193.0
219.0
118.0
179.0
163.0
141.0
173.0
318.0
227.0
262.0
141.0
146.0
124.0
170.0
201.0
127.0
123.0
232.0
237.0
165.0
284.0
250.0
180.0
228.0
188.0
313.0
99.0
192.0
199.0
144.0
159.0
288.0
173.0
160.0
198.0
229.0
157.0
151.0
212.0
185.0
188.0
294.0
194.0
319.0
189.0
153.0
339.0
153.0
160.0
304.0
176.0
250.0
168.0
199.0
219.0
164.0
161.0
129.0
128.0
75.0
116.0
249.0
215.0
155.0
150.0
112.0
124.0
253.0
229.0
179.0
88.0
205.0
133.0
240.0
186.0
230.0
112.0
149.0
118.0
317.0
131.0
131.0
156.0
107.0
174.0
215.0
119.0
331.0
290.0
218.0
159.0
188.0
94.0
122.0
250.0
144.0
145.0
141.0
169.0
225.0
189.0
151.0
314.0
298.0
237.0
227.0
229.0
141.0
164.0
219.0
276.0
210.0
218.0
233.0
204.0
142.0
214.0
229.0
144.0
323.0
153.0
223.0
245.0
147.0
193.0
155.0
234.0
97.0
212.0
167.0
152.0
249.0
145.0
121.0
170.0
234.0
165.0
218.0
191.0
246.0
233.0
260.0
171.0
212.0
220.0
129.0
147.0
147.0
392.0
344.0
125.0
187.0
143.0
257.0
144.0
119.0
208.0
157.0
205.0
184.0
185.0
116.0
290.0
125.0
175.0
150.0
362.0
190.0
143.0
131.0
197.0
179.0
227.0
179.0
194.0
205.0
255.0
140.0
264.0
204.0
123.0
170.0
154.0
160.0
196.0
188.0
212.0
176.0
197.0
160.0
239.0
294.0
209.0
219.0
173.0
222.0
227.0
162.0
204.0
109.0
170.0
241.0
158.0
224.0
249.0
229.0
307.0
187.0
194.0
234.0
160.0
230.0
230.0
190.0
204.0
115.0
147.0
192.0
158.0
152.0
143.0
180.0
173.0
435.0
203.0
234.0
227.0
227.0
125.0
122.0
334.0
193.0
247.0
190.0
158.0
137.0
85.0
280.0
182.0
259.0
221.0
156.0
199.0
205.0
198.0
193.0
182.0
149.0
194.0
127.0
131.0
267.0
176.0
198.0
153.0
143.0
274.0
279.0
160.0
127.0
162.0
175.0
214.0
262.0
240.0
137.0
181.0
241.0
125.0
132.0
430.0
153.0
116.0
372.0
153.0
278.0
303.0
190.0
169.0
247.0
173.0
182.0
291.0
148.0
108.0
230.0
163.0
141.0
342.0
228.0
207.0
186.0
286.0
213.0
150.0
228.0
115.0
137.0
212.0
264.0
192.0
194.0
92.0
299.0
124.0
185.0
178.0
252.0
164.0
165.0
212.0
286.0
266.0
166.0
136.0
191.0
134.0
127.0
190.0
214.0
187.0
204.0
171.0
322.0
241.0
208.0
155.0
242.0
168.0
190.0
199.0
171.0
213.0
138.0
225.0
187.0
347.0
121.0
229.0
233.0
182.0
124.0
272.0
153.0
111.0
153.0
178.0
254.0
133.0
226.0
163.0
149.0
162.0
187.0
237.0
127.0
143.0
184.0
207.0
165.0
191.0
249.0
326.0
227.0
151.0
162.0
165.0
154.0
153.0
134.0
170.0
243.0
230.0
186.0
129.0
144.0
129.0
240.0
181.0
133.0
242.0
158.0
214.0
219.0
148.0
230.0
189.0
142.0
215.0
149.0
249.0
144.0
166.0
157.0
259.0
214.0
290.0
119.0
201.0
199.0
256.0
302.0
143.0
179.0
194.0
320.0
174.0
159.0
202.0
170.0
142.0
139.0
153.0
158.0
235.0
194.0
183.0
165.0
137.0
278.0
210.0
116.0
203.0
115.0
196.0
135.0
191.0
309.0
191.0
182.0
152.0
141.0
198.0
130.0
179.0
212.0
202.0
245.0
141.0
155.0
205.0
139.0
100.0
246.0
165.0
152.0
179.0
157.0
251.0
163.0
144.0
188.0
149.0
132.0
200.0
225.0
227.0
209.0
313.0
145.0
119.0
192.0
217.0
235.0
102.0
205.0
284.0
116.0
156.0
173.0
119.0
97.0
101.0
262.0
211.0
172.0
118.0
204.0
145.0
127.0
192.0
221.0
235.0
177.0
196.0
205.0
213.0
215.0
317.0
156.0
229.0
116.0
132.0
188.0
161.0
129.0
134.0
230.0
212.0
199.0
200.0
197.0
243.0
126.0
195.0
200.0
93.0
146.0
162.0
189.0
163.0
228.0
147.0
228.0
193.0
151.0
294.0
216.0
171.0
142.0
115.0
288.0
102.0
173.0
148.0
194.0
261.0
99.0
94.0
175.0
149.0
159.0
245.0
164.0
138.0
222.0
124.0
150.0
187.0
218.0
264.0
140.0
151.0
148.0
177.0
122.0
280.0
174.0
106.0
248.0
118.0
161.0
250.0
114.0
111.0
452.0
121.0
222.0
112.0
319.0
256.0
195.0
150.0
203.0
216.0
264.0
94.0
206.0
124.0
141.0
219.0
271.0
112.0
150.0
165.0
170.0
140.0
196.0
180.0
109.0
183.0
247.0
261.0
147.0
138.0
214.0
194.0
261.0
144.0
89.0
258.0
137.0
186.0
155.0
191.0
145.0
225.0
176.0
229.0
196.0
285.0
210.0
176.0
132.0
144.0
432.0
281.0
154.0
194.0
165.0
206.0
205.0
162.0
227.0
127.0
153.0
116.0
271.0
266.0
195.0
181.0
125.0
154.0
132.0
220.0
221.0
191.0
222.0
178.0
147.0
150.0
193.0
115.0
165.0
346.0
157.0
129.0
126.0
244.0
233.0
130.0
212.0
173.0
159.0
159.0
165.0
113.0
168.0
185.0
170.0
338.0
222.0
222.0
149.0
247.0
133.0
142.0
189.0
252.0
269.0
145.0
241.0
226.0
129.0
303.0
130.0
206.0
121.0
155.0
241.0
118.0
173.0
166.0
153.0
162.0
160.0
109.0
203.0
256.0
189.0
194.0
216.0
124.0
180.0
215.0
205.0
190.0
199.0
236.0
125.0
166.0
139.0
184.0
183.0
177.0
224.0
140.0
185.0
164.0
180.0
228.0
158.0
222.0
214.0
156.0
181.0
204.0
110.0
129.0
237.0
188.0
245.0
266.0
168.0
162.0
299.0
199.0
194.0
211.0
204.0
196.0
143.0
174.0
120.0
143.0
236.0
149.0
224.0
335.0
192.0
293.0
226.0
162.0
232.0
156.0
159.0
221.0
223.0
169.0
223.0
157.0
155.0
167.0
146.0
200.0
285.0
186.0
142.0
176.0
123.0
143.0
148.0
195.0
182.0
175.0
204.0
130.0
203.0
225.0
223.0
156.0
191.0
183.0
273.0
263.0
153.0
245.0
148.0
197.0
236.0
162.0
187.0
245.0
236.0
176.0
121.0
232.0
98.0
156.0
174.0
201.0
148.0
150.0
90.0
115.0
178.0
121.0
167.0
331.0
151.0
143.0
198.0
267.0
116.0
162.0
135.0
170.0
152.0
172.0
155.0
187.0
240.0
106.0
165.0
315.0
231.0
232.0
166.0
219.0
128.0
182.0
223.0
216.0
215.0
120.0
210.0
158.0
228.0
208.0
269.0
232.0
187.0
271.0
137.0
155.0
333.0
127.0
157.0
173.0
127.0
246.0
197.0
145.0
161.0
309.0
273.0
76.0
251.0
151.0
170.0
121.0
101.0
297.0
146.0
298.0
141.0
135.0
274.0
184.0
169.0
185.0
200.0
317.0
175.0
141.0
178.0
266.0
126.0
223.0
188.0
140.0
238.0
210.0
229.0
181.0
150.0
155.0
72.0
94.0
210.0
246.0
141.0
156.0
151.0
219.0
130.0
138.0
101.0
207.0
226.0
350.0
175.0
161.0
101.0
230.0
93.0
216.0
233.0
193.0
288.0
175.0
173.0
162.0
263.0
204.0
164.0
143.0
133.0
290.0
162.0
159.0
245.0
245.0
184.0
129.0
166.0
260.0
192.0
121.0
160.0
139.0
193.0
196.0
234.0
188.0
156.0
215.0
159.0
288.0
132.0
120.0
227.0
131.0
137.0
270.0
146.0
150.0
274.0
251.0
172.0
235.0
297.0
100.0
112.0
190.0
184.0
244.0
146.0
318.0
151.0
164.0
148.0
131.0
154.0
178.0
204.0
269.0
201.0
220.0
135.0
190.0
139.0
190.0
153.0
224.0
174.0
249.0
149.0
143.0
114.0
161.0
140.0
164.0
229.0
234.0
148.0
104.0
199.0
135.0
184.0
129.0
185.0
305.0
177.0
192.0
233.0
277.0
135.0
249.0
164.0
231.0
243.0
206.0
198.0
170.0
146.0
219.0
169.0
151.0
272.0
211.0
285.0
165.0
157.0
138.0
244.0
193.0
214.0
157.0
122.0
201.0
187.0
271.0
112.0
173.0
157.0
240.0
324.0
294.0
202.0
107.0
125.0
138.0
198.0
211.0
171.0
155.0
231.0
232.0
185.0
223.0
205.0
160.0
126.0
109.0
183.0
169.0
294.0
236.0
170.0
171.0
269.0
139.0
198.0
178.0
350.0
199.0
139.0
179.0
139.0
264.0
247.0
172.0
303.0
169.0
122.0
186.0
163.0
257.0
247.0
132.0
214.0
180.0
160.0
156.0
133.0
90.0
260.0
161.0
157.0
189.0
156.0
187.0
123.0
135.0
127.0
173.0
123.0
299.0
369.0
201.0
230.0
139.0
220.0
276.0
188.0
227.0
281.0
157.0
236.0
165.0
203.0
200.0
134.0
105.0
254.0
267.0
200.0
140.0
205.0
208.0
156.0
189.0
147.0
223.0
197.0
148.0
153.0
284.0
181.0
204.0
211.0
170.0
222.0
182.0
241.0
190.0
206.0
248.0
130.0
185.0
276.0
207.0
227.0
141.0
217.0
145.0
173.0
149.0
87.0
160.0
150.0
218.0
403.0
190.0
247.0
222.0
160.0
144.0
214.0
198.0
215.0
169.0
140.0
120.0
286.0
176.0
155.0
214.0
268.0
357.0
199.0
265.0
178.0
193.0
174.0
105.0
199.0
106.0
245.0
140.0
177.0
281.0
155.0
269.0
226.0
211.0
118.0
182.0
365.0
187.0
187.0
317.0
128.0
156.0
189.0
207.0
144.0
185.0
154.0
208.0
221.0
154.0
173.0
315.0
181.0
222.0
149.0
188.0
163.0
186.0
211.0
168.0
203.0
251.0
159.0
190.0
233.0
183.0
183.0
219.0
185.0
84.0
274.0
204.0
206.0
189.0
183.0
189.0
152.0
274.0
175.0
191.0
184.0
121.0
142.0
131.0
266.0
246.0
225.0
199.0
149.0
197.0
131.0
193.0
264.0
126.0
335.0
129.0
206.0
117.0
196.0
174.0
209.0
205.0
214.0
135.0
287.0
230.0
218.0
287.0
146.0
266.0
183.0
240.0
214.0
212.0
199.0
138.0
152.0
145.0
153.0
78.0
325.0
217.0
179.0
152.0
243.0
125.0
127.0
240.0
145.0
193.0
318.0
176.0
192.0
188.0
120.0
288.0
189.0
230.0
87.0
279.0
176.0
196.0
180.0
177.0
161.0
195.0
187.0
126.0
162.0
221.0
384.0
210.0
205.0
162.0
171.0
200.0
249.0
321.0
132.0
143.0
183.0
161.0
120.0
237.0
151.0
200.0
177.0
343.0
169.0
188.0
157.0
280.0
111.0
274.0
135.0
209.0
145.0
286.0
119.0
343.0
152.0
236.0
142.0
205.0
116.0
167.0
353.0
194.0
246.0
124.0
274.0
97.0
126.0
201.0
209.0
112.0
220.0
150.0
256.0
329.0
167.0
237.0
259.0
220.0
195.0
109.0
280.0
282.0
219.0
224.0
210.0
151.0
219.0
188.0
124.0
186.0
188.0
176.0
154.0
218.0
191.0
166.0
146.0
117.0
168.0
173.0
173.0
132.0
256.0
184.0
194.0
185.0
100.0
245.0
167.0
129.0
214.0
231.0
281.0
251.0
147.0
232.0
189.0
245.0
174.0
203.0
207.0
217.0
209.0
138.0
209.0
230.0
175.0
200.0
175.0
222.0
216.0
163.0
204.0
246.0
240.0
230.0
220.0
201.0
224.0
105.0
142.0
160.0
163.0
168.0
172.0
489.0
264.0
134.0
198.0
202.0
233.0
114.0
209.0
108.0
122.0
181.0
327.0
228.0
162.0
173.0
125.0
232.0
128.0
243.0
122.0
193.0
183.0
113.0
199.0
181.0
237.0
154.0
123.0
283.0
121.0
225.0
159.0
147.0
173.0
187.0
172.0
128.0
114.0
171.0
188.0
233.0
159.0
251.0
243.0
143.0
162.0
121.0
170.0
138.0
181.0
215.0
113.0
279.0
146.0
217.0
115.0
144.0
154.0
194.0
214.0
174.0
208.0
176.0
214.0
135.0
156.0
137.0
226.0
199.0
200.0
133.0
271.0
149.0
140.0
196.0
200.0
206.0
210.0
197.0
215.0
117.0
147.0
223.0
293.0
204.0
234.0
164.0
186.0
257.0
130.0
141.0
99.0
250.0
133.0
308.0
218.0
155.0
150.0
188.0
153.0
179.0
190.0
187.0
220.0
156.0
182.0
165.0
204.0
206.0
178.0
153.0
214.0
254.0
253.0
152.0
136.0
259.0
180.0
162.0
167.0
169.0
179.0
264.0
124.0
148.0
138.0
181.0
283.0
157.0
242.0
178.0
175.0
199.0
143.0
182.0
208.0
186.0
196.0
139.0
182.0
158.0
212.0
168.0
199.0
221.0
131.0
129.0
179.0
211.0
153.0
170.0
208.0
150.0
152.0
117.0
310.0
127.0
243.0
238.0
209.0
108.0
316.0
189.0
249.0
150.0
207.0
121.0
185.0
118.0
284.0
267.0
190.0
190.0
467.0
257.0
152.0
176.0
160.0
141.0
91.0
277.0
236.0
198.0
140.0
99.0
199.0
213.0
149.0
180.0
188.0
292.0
120.0
328.0
143.0
157.0
208.0
255.0
175.0
200.0
143.0
152.0
127.0
175.0
315.0
168.0
175.0
321.0
151.0
225.0
215.0
147.0
189.0
175.0
151.0
257.0
166.0
159.0
177.0
153.0
189.0
170.0
169.0
211.0
199.0
272.0
181.0
154.0
315.0
136.0
203.0
148.0
189.0
278.0
174.0
172.0
199.0
230.0
151.0
164.0
161.0
104.0
140.0
199.0
258.0
184.0
104.0
138.0
202.0
222.0
167.0
126.0
181.0
138.0
167.0
144.0
207.0
336.0
194.0
194.0
148.0
189.0
180.0
248.0
234.0
327.0
178.0
147.0
234.0
260.0
157.0
99.0
139.0
172.0
162.0
217.0
253.0
145.0
204.0
145.0
123.0
124.0
202.0
281.0
190.0
165.0
176.0
188.0
301.0
199.0
156.0
301.0
193.0
184.0
173.0
140.0
232.0
199.0
158.0
283.0
227.0
243.0
240.0
148.0
147.0
170.0
172.0
136.0
259.0
178.0
256.0
229.0
140.0
123.0
160.0
251.0
136.0
148.0
202.0
277.0
160.0
161.0
147.0
183.0
168.0
241.0
168.0
195.0
185.0
146.0
120.0
164.0
233.0
120.0
354.0
214.0
217.0
249.0
127.0
193.0
172.0
158.0
148.0
273.0
208.0
156.0
192.0
149.0
147.0
251.0
138.0
190.0
204.0
170.0
144.0
160.0
173.0
157.0
99.0
162.0
323.0
238.0
237.0
149.0
181.0
224.0
165.0
174.0
174.0
133.0
337.0
197.0
157.0
242.0
236.0
180.0
198.0
190.0
101.0
232.0
167.0
134.0
242.0
206.0
115.0
128.0
210.0
154.0
232.0
140.0
166.0
199.0
104.0
162.0
213.0
290.0
221.0
215.0
241.0
153.0
228.0
195.0
171.0
251.0
94.0
268.0
144.0
248.0
219.0
235.0
194.0
250.0
213.0
148.0
259.0
182.0
275.0
134.0
191.0
199.0
155.0
182.0
248.0
146.0
115.0
189.0
241.0
151.0
106.0
218.0
153.0
157.0
208.0
207.0
124.0
124.0
247.0
238.0
250.0
172.0
117.0
310.0
183.0
168.0
202.0
158.0
174.0
103.0
155.0
180.0
222.0
198.0
184.0
151.0
196.0
250.0
192.0
115.0
156.0
126.0
165.0
129.0
147.0
228.0
140.0
216.0
219.0
159.0
153.0
224.0
160.0
156.0
163.0
208.0
202.0
194.0
172.0
199.0
182.0
280.0
171.0
161.0
209.0
232.0
190.0
197.0
423.0
269.0
239.0
209.0
142.0
100.0
172.0
114.0
272.0
173.0
192.0
226.0
211.0
196.0
350.0
149.0
147.0
137.0
161.0
143.0
144.0
292.0
109.0
144.0
138.0
166.0
209.0
121.0
120.0
242.0
138.0
259.0
268.0
163.0
184.0
197.0
101.0
221.0
271.0
181.0
199.0
191.0
238.0
245.0
221.0
210.0
182.0
204.0
194.0
125.0
188.0
150.0
183.0
190.0
177.0
207.0
241.0
200.0
151.0
253.0
126.0
188.0
141.0
177.0
304.0
243.0
219.0
163.0
280.0
198.0
142.0
158.0
132.0
159.0
215.0
103.0
182.0
222.0
102.0
277.0
168.0
198.0
186.0
120.0
237.0
144.0
204.0
306.0
226.0
179.0
205.0
214.0
135.0
229.0
288.0
276.0
199.0
173.0
409.0
96.0
227.0
156.0
178.0
199.0
104.0
206.0
208.0
159.0
266.0
165.0
398.0
102.0
141.0
306.0
127.0
187.0
193.0
203.0
109.0
142.0
215.0
210.0
230.0
210.0
200.0
205.0
174.0
119.0
195.0
201.0
144.0
154.0
149.0
200.0
318.0
129.0
236.0
153.0
119.0
256.0
130.0
275.0
307.0
160.0
170.0
205.0
167.0
198.0
182.0
158.0
225.0
267.0
142.0
159.0
147.0
160.0
184.0
138.0
199.0
158.0
238.0
243.0
119.0
155.0
181.0
168.0
186.0
195.0
216.0
155.0
217.0
136.0
108.0
175.0
144.0
184.0
216.0
265.0
157.0
110.0
233.0
209.0
265.0
211.0
262.0
272.0
169.0
211.0
192.0
99.0
243.0
206.0
269.0
232.0
242.0
185.0
322.0
276.0
173.0
151.0
176.0
185.0
203.0
193.0
173.0
175.0
156.0
122.0
148.0
132.0
245.0
162.0
215.0
126.0
182.0
99.0
193.0
255.0
199.0
275.0
258.0
179.0
192.0
166.0
148.0
248.0
167.0
246.0
225.0
201.0
209.0
228.0
215.0
166.0
138.0
93.0
181.0
164.0
196.0
139.0
168.0
178.0
237.0
169.0
150.0
149.0
177.0
270.0
186.0
174.0
267.0
187.0
147.0
193.0
126.0
167.0
144.0
258.0
225.0
150.0
131.0
129.0
181.0
96.0
193.0
156.0
199.0
145.0
242.0
283.0
126.0
181.0
236.0
169.0
217.0
174.0
277.0
173.0
191.0
134.0
169.0
229.0
162.0
147.0
82.0
163.0
180.0
291.0
173.0
307.0
148.0
225.0
387.0
163.0
168.0
259.0
158.0
174.0
247.0
228.0
157.0
123.0
190.0
215.0
189.0
184.0
187.0
141.0
145.0
221.0
224.0
180.0
183.0
166.0
440.0
215.0
153.0
169.0
249.0
179.0
233.0
281.0
190.0
139.0
218.0
149.0
199.0
211.0
179.0
185.0
163.0
129.0
322.0
144.0
154.0
243.0
196.0
258.0
124.0
229.0
128.0
191.0
170.0
197.0
161.0
151.0
212.0
172.0
228.0
157.0
137.0
156.0
164.0
218.0
211.0
220.0
164.0
151.0
181.0
178.0
139.0
223.0
260.0
169.0
169.0
165.0
221.0
212.0
293.0
174.0
151.0
172.0
294.0
249.0
159.0
146.0
300.0
200.0
108.0
231.0
175.0
195.0
155.0
176.0
148.0
218.0
164.0
192.0
208.0
221.0
201.0
274.0
172.0
179.0
565.0
197.0
215.0
281.0
192.0
128.0
195.0
257.0
145.0
208.0
108.0
125.0
171.0
359.0
217.0
181.0
373.0
217.0
210.0
236.0
260.0
175.0
209.0
291.0
166.0
171.0
149.0
157.0
118.0
138.0
186.0
260.0
186.0
128.0
216.0
301.0
416.0
117.0
139.0
117.0
163.0
189.0
195.0
188.0
179.0
207.0
253.0
124.0
88.0
330.0
162.0
177.0
316.0
188.0
342.0
151.0
181.0
116.0
164.0
150.0
171.0
134.0
204.0
97.0
177.0
244.0
177.0
266.0
160.0
165.0
263.0
116.0
171.0
138.0
238.0
172.0
144.0
272.0
169.0
203.0
172.0
229.0
302.0
123.0
149.0
147.0
275.0
139.0
151.0
134.0
228.0
271.0
204.0
228.0
158.0
130.0
171.0
154.0
143.0
291.0
223.0
135.0
203.0
161.0
173.0
170.0
188.0
195.0
244.0
202.0
163.0
230.0
220.0
149.0
153.0
134.0
256.0
185.0
171.0
176.0
764.0
197.0
159.0
198.0
232.0
169.0
209.0
130.0
202.0
237.0
221.0
187.0
151.0
126.0
189.0
169.0
176.0
182.0
206.0
283.0
178.0
155.0
217.0
158.0
330.0
150.0
159.0
190.0
175.0
341.0
181.0
171.0
143.0
177.0
173.0
170.0
131.0
121.0
158.0
172.0
191.0
143.0
175.0
133.0
209.0
205.0
134.0
228.0
146.0
162.0
148.0
252.0
182.0
173.0
172.0
221.0
188.0
115.0
127.0
220.0
137.0
190.0
238.0
123.0
322.0
135.0
201.0
235.0
221.0
228.0
153.0
166.0
414.0
167.0
140.0
246.0
187.0
170.0
209.0
208.0
253.0
281.0
164.0
185.0
189.0
181.0
208.0
225.0
183.0
168.0
216.0
152.0
123.0
189.0
246.0
198.0
199.0
141.0
221.0
161.0
143.0
122.0
219.0
252.0
234.0
148.0
215.0
254.0
144.0
211.0
169.0
287.0
150.0
174.0
161.0
182.0
151.0
132.0
140.0
197.0
191.0
143.0
223.0
154.0
172.0
167.0
111.0
269.0
203.0
168.0
216.0
255.0
173.0
284.0
179.0
234.0
152.0
285.0
169.0
157.0
282.0
138.0
100.0
135.0
160.0
125.0
181.0
219.0
159.0
157.0
215.0
269.0
243.0
249.0
121.0
204.0
219.0
202.0
167.0
156.0
170.0
236.0
338.0
157.0
196.0
264.0
193.0
111.0
330.0
215.0
319.0
131.0
105.0
212.0
271.0
141.0
216.0
161.0
249.0
207.0
209.0
147.0
219.0
201.0
171.0
151.0
163.0
125.0
223.0
208.0
151.0
175.0
261.0
204.0
221.0
221.0
192.0
163.0
195.0
177.0
224.0
284.0
182.0
166.0
130.0
193.0
162.0
181.0
125.0
104.0
158.0
296.0
149.0
201.0
174.0
154.0
156.0
208.0
206.0
168.0
221.0
187.0
212.0
214.0
177.0
214.0
201.0
126.0
156.0
217.0
154.0
356.0
205.0
186.0
245.0
174.0
205.0
152.0
215.0
101.0
189.0
210.0
304.0
187.0
189.0
268.0
143.0
107.0
190.0
149.0
136.0
137.0
191.0
167.0
231.0
169.0
258.0
169.0
149.0
129.0
158.0
228.0
142.0
170.0
163.0
242.0
189.0
146.0
277.0
325.0
285.0
177.0
116.0
266.0
248.0
130.0
175.0
244.0
210.0
182.0
181.0
231.0
164.0
148.0
112.0
182.0
172.0
265.0
424.0
162.0
176.0
193.0
156.0
107.0
210.0
256.0
107.0
174.0
206.0
267.0
140.0
241.0
96.0
138.0
161.0
208.0
197.0
120.0
137.0
133.0
229.0
201.0
233.0
111.0
145.0
276.0
220.0
173.0
135.0
123.0
220.0
140.0
214.0
181.0
142.0
186.0
222.0
240.0
272.0
154.0
203.0
125.0
194.0
179.0
156.0
186.0
244.0
121.0
151.0
170.0
239.0
169.0
188.0
145.0
125.0
174.0
201.0
103.0
186.0
133.0
171.0
181.0
237.0
179.0
250.0
197.0
169.0
223.0
162.0
166.0
161.0
204.0
169.0
147.0
255.0
127.0
211.0
218.0
195.0
147.0
213.0
168.0
166.0
199.0
215.0
144.0
164.0
259.0
139.0
129.0
189.0
146.0
102.0
391.0
190.0
241.0
177.0
98.0
114.0
219.0
182.0
231.0
177.0
182.0
199.0
223.0
128.0
170.0
179.0
189.0
232.0
216.0
201.0
140.0
152.0
256.0
218.0
177.0
205.0
240.0
195.0
162.0
110.0
220.0
160.0
145.0
237.0
157.0
342.0
165.0
176.0
171.0
151.0
189.0
237.0
168.0
122.0
245.0
152.0
245.0
194.0
227.0
93.0
275.0
142.0
213.0
217.0
197.0
193.0
199.0
189.0
191.0
193.0
138.0
143.0
153.0
187.0
142.0
164.0
200.0
162.0
133.0
168.0
175.0
147.0
214.0
328.0
236.0
104.0
184.0
147.0
194.0
198.0
229.0
155.0
197.0
222.0
163.0
134.0
211.0
366.0
133.0
156.0
167.0
243.0
112.0
142.0
123.0
319.0
261.0
162.0
239.0
210.0
163.0
189.0
168.0
105.0
308.0
303.0
156.0
133.0
163.0
228.0
195.0
112.0
156.0
237.0
97.0
209.0
221.0
197.0
134.0
173.0
178.0
144.0
179.0
169.0
180.0
219.0
143.0
191.0
273.0
248.0
216.0
152.0
158.0
197.0
276.0
159.0
287.0
145.0
152.0
189.0
216.0
261.0
133.0
195.0
163.0
191.0
281.0
109.0
128.0
114.0
216.0
216.0
107.0
261.0
144.0
187.0
229.0
247.0
160.0
147.0
148.0
186.0
154.0
213.0
285.0
150.0
239.0
196.0
209.0
218.0
151.0
188.0
214.0
144.0
219.0
175.0
199.0
143.0
170.0
162.0
180.0
132.0
216.0
133.0
221.0
224.0
165.0
184.0
251.0
276.0
323.0
171.0
165.0
148.0
194.0
157.0
147.0
317.0
176.0
210.0
148.0
146.0
202.0
194.0
155.0
158.0
271.0
272.0
113.0
189.0
167.0
144.0
124.0
244.0
235.0
180.0
92.0
263.0
166.0
183.0
179.0
86.0
196.0
123.0
150.0
165.0
201.0
215.0
246.0
188.0
131.0
99.0
124.0
194.0
264.0
151.0
270.0
158.0
273.0
155.0
192.0
248.0
248.0
261.0
154.0
253.0
190.0
180.0
208.0
124.0
203.0
235.0
154.0
167.0
236.0
117.0
197.0
149.0
235.0
135.0
225.0
141.0
156.0
169.0
239.0
267.0
158.0
90.0
161.0
165.0
128.0
172.0
133.0
63.0
232.0
166.0
215.0
262.0
188.0
172.0
174.0
172.0
161.0
263.0
266.0
148.0
306.0
243.0
130.0
351.0
160.0
162.0
139.0
159.0
141.0
179.0
126.0
239.0
113.0
577.0
193.0
263.0
142.0
336.0
134.0
167.0
149.0
185.0
202.0
186.0
178.0
178.0
265.0
187.0
152.0
204.0
133.0
240.0
208.0
116.0
192.0
216.0
220.0
144.0
188.0
158.0
166.0
275.0
129.0
314.0
164.0
171.0
198.0
166.0
113.0
159.0
184.0
228.0
234.0
156.0
208.0
125.0
177.0
201.0
220.0
368.0
148.0
208.0
213.0
160.0
189.0
105.0
256.0
179.0
232.0
204.0
321.0
131.0
181.0
269.0
242.0
169.0
146.0
231.0
178.0
152.0
268.0
290.0
156.0
208.0
211.0
287.0
148.0
177.0
128.0
255.0
118.0
98.0
162.0
137.0
190.0
328.0
211.0
290.0
193.0
156.0
156.0
239.0
160.0
205.0
168.0
272.0
211.0
230.0
139.0
180.0
193.0
174.0
191.0
233.0
194.0
229.0
159.0
196.0
211.0
218.0
230.0
185.0
173.0
180.0
139.0
251.0
219.0
192.0
221.0
127.0
888.0
156.0
180.0
168.0
222.0
177.0
199.0
129.0
258.0
139.0
135.0
168.0
122.0
198.0
119.0
177.0
114.0
174.0
155.0
138.0
264.0
165.0
279.0
174.0
199.0
307.0
200.0
168.0
130.0
174.0
189.0
212.0
244.0
197.0
200.0
220.0
240.0
246.0
224.0
161.0
386.0
121.0
166.0
151.0
206.0
176.0
179.0
313.0
204.0
286.0
127.0
172.0
219.0
194.0
164.0
158.0
203.0
133.0
123.0
170.0
208.0
139.0
206.0
279.0
196.0
237.0
285.0
226.0
255.0
242.0
200.0
132.0
343.0
185.0
116.0
307.0
176.0
160.0
230.0
276.0
286.0
157.0
273.0
202.0
236.0
147.0
258.0
253.0
300.0
271.0
271.0
136.0
154.0
223.0
168.0
158.0
195.0
277.0
113.0
174.0
267.0
169.0
201.0
241.0
155.0
217.0
162.0
177.0
168.0
121.0
262.0
250.0
128.0
115.0
114.0
200.0
168.0
192.0
239.0
187.0
96.0
135.0
409.0
259.0
131.0
133.0
188.0
171.0
191.0
209.0
130.0
161.0
213.0
182.0
249.0
223.0
208.0
176.0
203.0
188.0
156.0
239.0
161.0
130.0
216.0
222.0
250.0
163.0
103.0
180.0
177.0
187.0
104.0
388.0
115.0
116.0
279.0
206.0
317.0
159.0
128.0
216.0
165.0
218.0
211.0
161.0
149.0
149.0
263.0
130.0
145.0
224.0
234.0
183.0
215.0
179.0
224.0
171.0
154.0
301.0
208.0
123.0
181.0
314.0
105.0
201.0
141.0
176.0
218.0
216.0
274.0
223.0
121.0
116.0
209.0
191.0
156.0
264.0
257.0
152.0
196.0
202.0
150.0
193.0
186.0
151.0
225.0
218.0
186.0
184.0
304.0
170.0
223.0
137.0
138.0
266.0
169.0
161.0
145.0
209.0
167.0
175.0
190.0
102.0
134.0
258.0
137.0
264.0
113.0
175.0
204.0
151.0
221.0
113.0
230.0
258.0
163.0
147.0
192.0
164.0
190.0
157.0
201.0
157.0
201.0
106.0
252.0
188.0
151.0
221.0
158.0
197.0
190.0
316.0
135.0
172.0
157.0
160.0
170.0
123.0
175.0
234.0
257.0
170.0
175.0
146.0
160.0
215.0
154.0
121.0
203.0
222.0
579.0
241.0
182.0
147.0
227.0
280.0
203.0
195.0
244.0
144.0
309.0
213.0
283.0
224.0
228.0
117.0
152.0
158.0
140.0
151.0
186.0
205.0
254.0
193.0
157.0
317.0
220.0
207.0
233.0
164.0
143.0
127.0
133.0
205.0
225.0
244.0
117.0
211.0
171.0
100.0
205.0
208.0
218.0
87.0
218.0
127.0
298.0
201.0
403.0
183.0
215.0
179.0
362.0
350.0
203.0
177.0
150.0
277.0
140.0
282.0
162.0
186.0
130.0
171.0
239.0
149.0
170.0
233.0
130.0
181.0
186.0
251.0
82.0
250.0
351.0
232.0
137.0
180.0
191.0
168.0
157.0
223.0
164.0
242.0
159.0
199.0
122.0
143.0
345.0
211.0
221.0
177.0
198.0
164.0
247.0
125.0
184.0
191.0
117.0
214.0
194.0
222.0
106.0
154.0
151.0
258.0
129.0
263.0
113.0
165.0
232.0
169.0
236.0
153.0
219.0
258.0
204.0
250.0
207.0
101.0
176.0
141.0
168.0
192.0
203.0
152.0
266.0
188.0
133.0
145.0
138.0
146.0
170.0
100.0
120.0
170.0
132.0
150.0
276.0
204.0
186.0
193.0
266.0
177.0
154.0
183.0
175.0
156.0
210.0
258.0
323.0
125.0
146.0
151.0
333.0
265.0
143.0
124.0
72.0
136.0
227.0
132.0
277.0
160.0
218.0
183.0
191.0
169.0
117.0
190.0
177.0
301.0
173.0
234.0
222.0
112.0
167.0
146.0
150.0
181.0
162.0
235.0
144.0
296.0
125.0
199.0
267.0
278.0
262.0
265.0
133.0
142.0
118.0
145.0
113.0
156.0
119.0
116.0
154.0
177.0
149.0
192.0
156.0
140.0
213.0
93.0
118.0
125.0
218.0
154.0
327.0
196.0
95.0
304.0
162.0
140.0
212.0
371.0
130.0
246.0
237.0
141.0
193.0
144.0
148.0
91.0
167.0
221.0
131.0
158.0
186.0
135.0
121.0
191.0
160.0
182.0
221.0
145.0
172.0
227.0
241.0
264.0
211.0
166.0
153.0
217.0
137.0
167.0
179.0
114.0
178.0
150.0
130.0
206.0
225.0
245.0
192.0
190.0
182.0
282.0
221.0
178.0
108.0
204.0
138.0
172.0
240.0
137.0
148.0
254.0
220.0
281.0
140.0
262.0
310.0
238.0
311.0
198.0
165.0
192.0
175.0
169.0
161.0
179.0
245.0
109.0
278.0
189.0
191.0
189.0
212.0
94.0
189.0
156.0
117.0
115.0
146.0
161.0
142.0
89.0
242.0
236.0
225.0
148.0
142.0
165.0
144.0
247.0
117.0
229.0
141.0
175.0
146.0
280.0
159.0
130.0
178.0
236.0
337.0
113.0
221.0
248.0
144.0
253.0
302.0
184.0
201.0
175.0
154.0
171.0
159.0
158.0
152.0
160.0
239.0
218.0
192.0
217.0
187.0
208.0
206.0
235.0
216.0
173.0
326.0
167.0
138.0
195.0
277.0
139.0
227.0
161.0
205.0
105.0
158.0
108.0
263.0
138.0
241.0
167.0
172.0
170.0
176.0
163.0
140.0
166.0
425.0
179.0
212.0
245.0
194.0
169.0
185.0
219.0
212.0
215.0
142.0
190.0
225.0
212.0
160.0
193.0
150.0
218.0
145.0
170.0
170.0
257.0
95.0
135.0
88.0
98.0
197.0
199.0
260.0
159.0
108.0
187.0
140.0
273.0
192.0
127.0
196.0
139.0
193.0
174.0
236.0
180.0
141.0
260.0
461.0
195.0
209.0
285.0
177.0
175.0
149.0
174.0
232.0
135.0
83.0
313.0
302.0
153.0
160.0
165.0
185.0
245.0
170.0
246.0
207.0
162.0
203.0
165.0
223.0
234.0
169.0
133.0
175.0
270.0
169.0
240.0
163.0
139.0
172.0
161.0
208.0
269.0
161.0
160.0
370.0
277.0
251.0
126.0
135.0
234.0
159.0
186.0
129.0
131.0
185.0
145.0
162.0
471.0
168.0
170.0
167.0
148.0
173.0
186.0
171.0
208.0
218.0
111.0
225.0
117.0
385.0
165.0
293.0
249.0
232.0
253.0
220.0
124.0
210.0
155.0
158.0
183.0
147.0
185.0
147.0
218.0
291.0
165.0
138.0
248.0
113.0
270.0
141.0
186.0
140.0
146.0
146.0
101.0
177.0
192.0
198.0
160.0
98.0
204.0
185.0
186.0
154.0
196.0
211.0
205.0
183.0
234.0
181.0
162.0
245.0
172.0
157.0
172.0
124.0
152.0
167.0
164.0
190.0
337.0
92.0
213.0
234.0
151.0
153.0
245.0
129.0
295.0
232.0
134.0
114.0
134.0
210.0
184.0
340.0
175.0
264.0
185.0
148.0
344.0
196.0
147.0
299.0
210.0
248.0
199.0
200.0
126.0
150.0
114.0
245.0
93.0
196.0
323.0
217.0
189.0
146.0
153.0
118.0
140.0
164.0
180.0
235.0
127.0
98.0
155.0
185.0
349.0
126.0
192.0
187.0
137.0
222.0
243.0
217.0
207.0
190.0
156.0
211.0
274.0
128.0
233.0
155.0
346.0
228.0
295.0
246.0
162.0
281.0
195.0
173.0
134.0
236.0
210.0
125.0
216.0
181.0
182.0
184.0
175.0
189.0
131.0
233.0
152.0
158.0
246.0
186.0
192.0
158.0
172.0
121.0
226.0
166.0
169.0
124.0
472.0
164.0
196.0
219.0
212.0
175.0
274.0
311.0
124.0
100.0
206.0
232.0
169.0
208.0
214.0
147.0
228.0
299.0
141.0
132.0
321.0
188.0
249.0
129.0
594.0
173.0
234.0
137.0
230.0
184.0
139.0
350.0
153.0
199.0
283.0
170.0
118.0
130.0
340.0
189.0
174.0
142.0
169.0
168.0
319.0
288.0
282.0
176.0
198.0
160.0
188.0
508.0
98.0
185.0
311.0
129.0
245.0
232.0
384.0
215.0
118.0
185.0
185.0
254.0
216.0
215.0
165.0
159.0
240.0
167.0
175.0
231.0
137.0
147.0
156.0
148.0
99.0
235.0
288.0
266.0
143.0
247.0
217.0
183.0
193.0
255.0
258.0
321.0
136.0
159.0
146.0
191.0
170.0
121.0
230.0
183.0
111.0
199.0
157.0
142.0
274.0
175.0
218.0
133.0
250.0
198.0
132.0
214.0
237.0
136.0
202.0
217.0
136.0
192.0
134.0
171.0
226.0
193.0
95.0
136.0
170.0
186.0
143.0
146.0
239.0
269.0
204.0
192.0
144.0
226.0
207.0
247.0
223.0
167.0
271.0
246.0
234.0
77.0
152.0
176.0
230.0
180.0
135.0
199.0
196.0
179.0
139.0
188.0
158.0
268.0
162.0
117.0
128.0
217.0
126.0
198.0
123.0
296.0
402.0
234.0
130.0
207.0
223.0
224.0
206.0
251.0
374.0
174.0
228.0
120.0
111.0
161.0
170.0
141.0
229.0
157.0
197.0
145.0
156.0
161.0
94.0
188.0
323.0
275.0
134.0
262.0
266.0
206.0
181.0
189.0
189.0
118.0
190.0
198.0
162.0
157.0
137.0
141.0
103.0
230.0
224.0
267.0
151.0
259.0
87.0
167.0
210.0
257.0
230.0
238.0
188.0
152.0
203.0
141.0
275.0
153.0
95.0
139.0
243.0
277.0
252.0
134.0
125.0
141.0
247.0
168.0
118.0
213.0
145.0
314.0
112.0
129.0
180.0
243.0
154.0
257.0
243.0
176.0
165.0
215.0
187.0
186.0
182.0
234.0
204.0
100.0
302.0
206.0
137.0
144.0
138.0
105.0
126.0
311.0
130.0
104.0
257.0
180.0
143.0
124.0
172.0
197.0
161.0
588.0
147.0
256.0
215.0
335.0
206.0
187.0
316.0
149.0
150.0
227.0
136.0
102.0
211.0
168.0
185.0
262.0
182.0
160.0
251.0
137.0
180.0
93.0
130.0
198.0
345.0
195.0
246.0
180.0
201.0
147.0
230.0
150.0
170.0
218.0
141.0
173.0
151.0
170.0
138.0
212.0
125.0
167.0
209.0
249.0
214.0
220.0
96.0
140.0
161.0
621.0
194.0
254.0
139.0
220.0
125.0
211.0
97.0
188.0
233.0
212.0
220.0
151.0
130.0
215.0
279.0
258.0
212.0
83.0
359.0
195.0
123.0
284.0
196.0
263.0
192.0
152.0
236.0
201.0
158.0
210.0
294.0
190.0
177.0
159.0
137.0
207.0
106.0
228.0
190.0
168.0
187.0
105.0
96.0
190.0
229.0
116.0
181.0
234.0
175.0
238.0
834.0
185.0
138.0
154.0
181.0
163.0
160.0
279.0
175.0
120.0
195.0
170.0
160.0
265.0
161.0
176.0
227.0
144.0
230.0
197.0
163.0
144.0
157.0
254.0
205.0
156.0
184.0
196.0
160.0
100.0
478.0
165.0
168.0
129.0
147.0
142.0
164.0
303.0
114.0
132.0
78.0
210.0
151.0
278.0
219.0
204.0
167.0
868.0
224.0
156.0
235.0
437.0
127.0
178.0
150.0
270.0
177.0
348.0
166.0
216.0
191.0
107.0
185.0
139.0
154.0
219.0
203.0
172.0
172.0
278.0
200.0
167.0
189.0
245.0
237.0
135.0
183.0
205.0
200.0
104.0
169.0
298.0
249.0
202.0
147.0
215.0
185.0
197.0
234.0
300.0
76.0
200.0
161.0
176.0
123.0
207.0
109.0
163.0
155.0
198.0
167.0
167.0
183.0
167.0
296.0
184.0
187.0
112.0
161.0
220.0
138.0
177.0
202.0
270.0
176.0
161.0
376.0
152.0
157.0
130.0
134.0
171.0
350.0
99.0
244.0
235.0
113.0
130.0
199.0
125.0
141.0
219.0
235.0
116.0
184.0
227.0
111.0
181.0
174.0
210.0
246.0
87.0
162.0
152.0
125.0
129.0
111.0
168.0
157.0
155.0
280.0
273.0
193.0
210.0
568.0
123.0
207.0
150.0
208.0
192.0
145.0
116.0
223.0
143.0
197.0
251.0
178.0
169.0
270.0
228.0
206.0
273.0
317.0
239.0
203.0
232.0
165.0
124.0
192.0
232.0
176.0
306.0
152.0
145.0
212.0
172.0
146.0
115.0
195.0
95.0
176.0
151.0
279.0
187.0
177.0
171.0
279.0
185.0
163.0
130.0
215.0
356.0
122.0
110.0
174.0
252.0
124.0
108.0
143.0
236.0
221.0
139.0
201.0
188.0
193.0
206.0
180.0
202.0
240.0
260.0
99.0
212.0
172.0
86.0
280.0
221.0
113.0
169.0
284.0
150.0
275.0
204.0
177.0
251.0
96.0
110.0
224.0
197.0
104.0
191.0
99.0
106.0
186.0
161.0
134.0
231.0
89.0
250.0
161.0
148.0
142.0
158.0
216.0
162.0
190.0
241.0
346.0
144.0
178.0
271.0
188.0
137.0
229.0
235.0
527.0
167.0
232.0
154.0
233.0
231.0
162.0
211.0
335.0
131.0
218.0
173.0
149.0
299.0
237.0
208.0
121.0
110.0
240.0
228.0
178.0
114.0
114.0
100.0
156.0
136.0
212.0
105.0
313.0
205.0
199.0
199.0
121.0
253.0
165.0
186.0
144.0
110.0
199.0
176.0
204.0
267.0
212.0
177.0
144.0
202.0
440.0
204.0
138.0
189.0
166.0
125.0
178.0
246.0
262.0
229.0
322.0
165.0
229.0
305.0
183.0
167.0
134.0
229.0
264.0
140.0
193.0
177.0
143.0
139.0
280.0
205.0
154.0
163.0
230.0
218.0
89.0
213.0
176.0
207.0
187.0
173.0
140.0
184.0
343.0
169.0
142.0
142.0
187.0
126.0
120.0
141.0
268.0
147.0
169.0
113.0
142.0
118.0
201.0
199.0
177.0
201.0
200.0
391.0
199.0
152.0
263.0
137.0
218.0
187.0
188.0
183.0
123.0
204.0
350.0
436.0
250.0
163.0
205.0
208.0
208.0
193.0
201.0
141.0
205.0
205.0
128.0
124.0
133.0
206.0
116.0
125.0
476.0
181.0
262.0
120.0
117.0
125.0
126.0
138.0
252.0
126.0
177.0
165.0
238.0
169.0
408.0
167.0
99.0
222.0
186.0
146.0
160.0
116.0
235.0
177.0
154.0
194.0
229.0
225.0
167.0
200.0
282.0
106.0
139.0
211.0
202.0
270.0
191.0
132.0
207.0
112.0
202.0
228.0
184.0
93.0
191.0
211.0
126.0
139.0
239.0
188.0
200.0
153.0
145.0
219.0
168.0
193.0
190.0
145.0
114.0
224.0
200.0
166.0
156.0
220.0
247.0
137.0
151.0
248.0
194.0
160.0
177.0
154.0
128.0
312.0
281.0
182.0
125.0
142.0
184.0
250.0
227.0
218.0
133.0
275.0
154.0
185.0
228.0
283.0
181.0
163.0
159.0
310.0
242.0
192.0
151.0
236.0
262.0
151.0
146.0
181.0
160.0
255.0
110.0
208.0
157.0
150.0
159.0
107.0
217.0
130.0
245.0
162.0
218.0
239.0
266.0
168.0
206.0
110.0
130.0
213.0
157.0
167.0
260.0
131.0
129.0
262.0
166.0
205.0
176.0
167.0
486.0
175.0
176.0
140.0
298.0
164.0
180.0
450.0
115.0
167.0
350.0
356.0
214.0
127.0
147.0
128.0
143.0
187.0
259.0
229.0
133.0
206.0
150.0
185.0
168.0
138.0
184.0
228.0
209.0
162.0
269.0
273.0
147.0
195.0
146.0
114.0
88.0
250.0
136.0
183.0
243.0
140.0
177.0
158.0
195.0
251.0
156.0
177.0
203.0
234.0
136.0
121.0
171.0
643.0
197.0
200.0
192.0
236.0
190.0
172.0
147.0
216.0
146.0
164.0
147.0
333.0
229.0
133.0
235.0
179.0
109.0
185.0
214.0
184.0
368.0
125.0
202.0
171.0
259.0
122.0
398.0
283.0
192.0
177.0
161.0
254.0
176.0
292.0
115.0
173.0
119.0
133.0
201.0
121.0
159.0
235.0
219.0
214.0
114.0
614.0
143.0
157.0
139.0
184.0
182.0
281.0
381.0
371.0
177.0
158.0
278.0
76.0
207.0
220.0
209.0
516.0
188.0
114.0
132.0
170.0
220.0
101.0
211.0
258.0
125.0
106.0
91.0
318.0
219.0
194.0
189.0
191.0
153.0
188.0
206.0
248.0
160.0
140.0
133.0
149.0
193.0
168.0
187.0
238.0
146.0
226.0
133.0
109.0
249.0
663.0
323.0
141.0
154.0
246.0
126.0
265.0
177.0
175.0
178.0
234.0
135.0
143.0
274.0
236.0
255.0
216.0
85.0
187.0
163.0
225.0
204.0
147.0
129.0
144.0
215.0
195.0
218.0
105.0
233.0
254.0
240.0
127.0
174.0
266.0
246.0
133.0
194.0
248.0
128.0
156.0
180.0
169.0
225.0
201.0
170.0
132.0
234.0
256.0
153.0
254.0
149.0
166.0
143.0
222.0
212.0
113.0
321.0
166.0
256.0
137.0
144.0
176.0
245.0
250.0
184.0
93.0
197.0
141.0
182.0
208.0
221.0
179.0
139.0
273.0
134.0
217.0
143.0
210.0
167.0
158.0
229.0
167.0
309.0
214.0
221.0
182.0
142.0
203.0
183.0
123.0
130.0
227.0
146.0
189.0
162.0
178.0
210.0
246.0
162.0
310.0
286.0
204.0
163.0
194.0
113.0
193.0
183.0
157.0
216.0
178.0
184.0
234.0
127.0
164.0
112.0
193.0
117.0
205.0
250.0
126.0
178.0
146.0
131.0
125.0
125.0
169.0
190.0
134.0
102.0
97.0
122.0
242.0
172.0
227.0
164.0
252.0
204.0
248.0
135.0
240.0
156.0
184.0
160.0
183.0
179.0
152.0
164.0
109.0
206.0
267.0
257.0
176.0
167.0
185.0
299.0
198.0
342.0
129.0
226.0
105.0
297.0
213.0
146.0
296.0
211.0
69.0
170.0
255.0
156.0
423.0
141.0
110.0
169.0
164.0
151.0
276.0
151.0
155.0
176.0
139.0
157.0
148.0
153.0
248.0
204.0
280.0
217.0
205.0
240.0
152.0
183.0
135.0
137.0
129.0
180.0
128.0
182.0
199.0
257.0
189.0
200.0
193.0
252.0
165.0
298.0
150.0
218.0
188.0
183.0
131.0
139.0
237.0
959.0
208.0
238.0
144.0
259.0
128.0
149.0
200.0
169.0
218.0
292.0
219.0
125.0
92.0
283.0
121.0
217.0
158.0
138.0
235.0
207.0
127.0
160.0
164.0
106.0
306.0
241.0
188.0
231.0
141.0
249.0
154.0
239.0
149.0
176.0
79.0
183.0
163.0
229.0
217.0
135.0
284.0
178.0
165.0
269.0
116.0
192.0
290.0
136.0
1181.0
271.0
207.0
246.0
205.0
133.0
100.0
237.0
129.0
137.0
289.0
183.0
174.0
150.0
184.0
127.0
129.0
138.0
181.0
218.0
166.0
113.0
216.0
170.0
202.0
149.0
195.0
261.0
203.0
170.0
227.0
234.0
242.0
200.0
148.0
198.0
97.0
153.0
186.0
180.0
116.0
150.0
258.0
136.0
246.0
201.0
168.0
152.0
164.0
141.0
186.0
170.0
370.0
175.0
217.0
227.0
160.0
129.0
256.0
173.0
191.0
132.0
162.0
244.0
162.0
125.0
197.0
176.0
174.0
249.0
279.0
168.0
156.0
103.0
112.0
141.0
213.0
156.0
172.0
322.0
255.0
117.0
242.0
232.0
298.0
204.0
227.0
130.0
237.0
137.0
144.0
53.0
310.0
271.0
123.0
187.0
166.0
206.0
453.0
105.0
222.0
270.0
185.0
155.0
281.0
253.0
181.0
207.0
236.0
214.0
208.0
201.0
325.0
151.0
129.0
216.0
177.0
228.0
172.0
192.0
144.0
186.0
122.0
196.0
288.0
222.0
258.0
236.0
106.0
173.0
146.0
143.0
207.0
183.0
171.0
173.0
156.0
262.0
262.0
198.0
190.0
144.0
270.0
141.0
298.0
156.0
184.0
163.0
125.0
327.0
168.0
171.0
168.0
185.0
142.0
254.0
194.0
120.0
117.0
266.0
105.0
177.0
197.0
267.0
172.0
142.0
223.0
171.0
236.0
160.0
120.0
313.0
298.0
304.0
285.0
134.0
220.0
150.0
127.0
163.0
155.0
185.0
198.0
140.0
168.0
143.0
170.0
259.0
136.0
207.0
232.0
173.0
238.0
179.0
211.0
156.0
173.0
280.0
272.0
237.0
131.0
148.0
179.0
165.0
144.0
162.0
147.0
147.0
151.0
160.0
237.0
292.0
157.0
286.0
528.0
233.0
265.0
204.0
174.0
215.0
209.0
183.0
160.0
191.0
118.0
205.0
104.0
302.0
209.0
242.0
113.0
134.0
187.0
174.0
183.0
225.0
121.0
247.0
119.0
121.0
132.0
237.0
201.0
174.0
305.0
140.0
221.0
203.0
288.0
89.0
234.0
112.0
169.0
245.0
212.0
241.0
182.0
192.0
113.0
127.0
291.0
224.0
125.0
132.0
266.0
134.0
216.0
216.0
205.0
149.0
187.0
220.0
197.0
237.0
97.0
253.0
213.0
115.0
202.0
171.0
165.0
177.0
203.0
159.0
171.0
233.0
128.0
211.0
298.0
102.0
216.0
232.0
122.0
173.0
202.0
184.0
181.0
239.0
265.0
249.0
123.0
375.0
254.0
152.0
383.0
112.0
256.0
142.0
201.0
232.0
256.0
259.0
132.0
234.0
147.0
213.0
530.0
142.0
169.0
175.0
249.0
168.0
190.0
135.0
116.0
137.0
146.0
246.0
185.0
202.0
233.0
196.0
212.0
185.0
201.0
299.0
255.0
244.0
114.0
137.0
130.0
156.0
153.0
152.0
134.0
307.0
244.0
173.0
198.0
106.0
164.0
124.0
170.0
169.0
127.0
171.0
129.0
397.0
197.0
304.0
314.0
481.0
189.0
191.0
189.0
157.0
131.0
152.0
152.0
181.0
293.0
158.0
174.0
181.0
194.0
225.0
294.0
159.0
299.0
147.0
158.0
159.0
138.0
110.0
254.0
105.0
169.0
194.0
347.0
147.0
241.0
220.0
318.0
94.0
125.0
260.0
105.0
192.0
285.0
171.0
207.0
194.0
141.0
231.0
249.0
239.0
152.0
120.0
161.0
153.0
247.0
272.0
140.0
156.0
195.0
211.0
172.0
116.0
155.0
107.0
219.0
164.0
458.0
187.0
207.0
217.0
155.0
233.0
124.0
213.0
96.0
196.0
183.0
111.0
209.0
190.0
171.0
108.0
186.0
211.0
200.0
142.0
300.0
253.0
187.0
174.0
153.0
217.0
245.0
281.0
184.0
198.0
264.0
183.0
165.0
171.0
162.0
178.0
138.0
104.0
200.0
233.0
154.0
146.0
190.0
173.0
124.0
204.0
139.0
168.0
115.0
208.0
153.0
186.0
224.0
97.0
157.0
549.0
225.0
192.0
294.0
134.0
159.0
302.0
207.0
159.0
143.0
142.0
173.0
217.0
258.0
180.0
216.0
124.0
220.0
201.0
181.0
139.0
274.0
161.0
98.0
131.0
225.0
112.0
182.0
220.0
150.0
168.0
226.0
114.0
227.0
203.0
124.0
162.0
207.0
409.0
198.0
191.0
126.0
126.0
172.0
181.0
176.0
117.0
280.0
358.0
89.0
132.0
203.0
271.0
189.0
200.0
118.0
195.0
176.0
170.0
222.0
162.0
137.0
179.0
88.0
307.0
461.0
284.0
156.0
235.0
123.0
171.0
106.0
221.0
289.0
275.0
134.0
191.0
221.0
164.0
158.0
204.0
252.0
151.0
124.0
184.0
123.0
182.0
148.0
121.0
125.0
132.0
167.0
158.0
137.0
181.0
247.0
290.0
227.0
171.0
259.0
721.0
194.0
185.0
126.0
160.0
230.0
124.0
318.0
158.0
177.0
213.0
231.0
253.0
247.0
220.0
210.0
169.0
146.0
143.0
179.0
225.0
227.0
106.0
95.0
146.0
277.0
154.0
202.0
255.0
225.0
174.0
130.0
265.0
90.0
158.0
190.0
127.0
122.0
163.0
184.0
256.0
314.0
183.0
157.0
105.0
137.0
129.0
172.0
244.0
181.0
173.0
261.0
192.0
1114.0
184.0
267.0
160.0
206.0
183.0
257.0
244.0
122.0
174.0
132.0
162.0
150.0
186.0
207.0
271.0
189.0
131.0
213.0
120.0
157.0
295.0
278.0
138.0
209.0
177.0
176.0
110.0
169.0
188.0
252.0
160.0
169.0
171.0
161.0
100.0
124.0
236.0
235.0
312.0
134.0
131.0
193.0
144.0
194.0
219.0
216.0
190.0
251.0
279.0
151.0
172.0
171.0
171.0
179.0
182.0
327.0
195.0
257.0
176.0
186.0
281.0
123.0
262.0
121.0
201.0
108.0
247.0
349.0
233.0
119.0
105.0
180.0
464.0
163.0
154.0
209.0
135.0
156.0
235.0
263.0
217.0
188.0
256.0
261.0
172.0
147.0
137.0
199.0
181.0
116.0
165.0
205.0
240.0
273.0
181.0
122.0
222.0
215.0
218.0
113.0
293.0
305.0
271.0
66.0
144.0
240.0
124.0
219.0
193.0
194.0
192.0
186.0
298.0
230.0
171.0
232.0
130.0
241.0
88.0
99.0
151.0
153.0
247.0
143.0
221.0
144.0
153.0
147.0
203.0
126.0
177.0
159.0
179.0
133.0
217.0
173.0
226.0
321.0
229.0
165.0
135.0
142.0
230.0
216.0
340.0
305.0
265.0
115.0
195.0
122.0
156.0
110.0
160.0
225.0
225.0
161.0
137.0
144.0
177.0
133.0
126.0
139.0
212.0
151.0
235.0
279.0
156.0
180.0
164.0
185.0
126.0
141.0
242.0
132.0
269.0
172.0
190.0
162.0
261.0
139.0
298.0
137.0
222.0
208.0
151.0
191.0
119.0
210.0
123.0
173.0
205.0
218.0
177.0
215.0
146.0
153.0
212.0
144.0
169.0
207.0
269.0
217.0
99.0
134.0
162.0
148.0
279.0
189.0
221.0
405.0
305.0
147.0
95.0
239.0
174.0
129.0
187.0
151.0
193.0
212.0
247.0
176.0
163.0
192.0
256.0
181.0
154.0
189.0
119.0
158.0
98.0
224.0
177.0
130.0
118.0
169.0
147.0
123.0
286.0
250.0
317.0
156.0
175.0
198.0
151.0
155.0
224.0
223.0
121.0
97.0
234.0
357.0
164.0
185.0
94.0
188.0
324.0
171.0
94.0
252.0
232.0
140.0
340.0
98.0
176.0
124.0
184.0
157.0
181.0
162.0
175.0
235.0
165.0
127.0
187.0
235.0
213.0
192.0
166.0
236.0
118.0
222.0
212.0
235.0
275.0
174.0
143.0
206.0
198.0
181.0
161.0
143.0
222.0
198.0
186.0
107.0
149.0
146.0
266.0
177.0
232.0
222.0
189.0
293.0
163.0
201.0
229.0
218.0
521.0
223.0
130.0
271.0
121.0
210.0
190.0
156.0
152.0
201.0
169.0
355.0
231.0
204.0
149.0
292.0
103.0
171.0
134.0
150.0
308.0
122.0
250.0
241.0
139.0
206.0
202.0
125.0
159.0
122.0
161.0
135.0
297.0
165.0
194.0
300.0
350.0
121.0
149.0
151.0
184.0
109.0
153.0
204.0
202.0
148.0
194.0
159.0
102.0
480.0
191.0
459.0
312.0
189.0
200.0
292.0
143.0
190.0
179.0
187.0
178.0
157.0
208.0
150.0
99.0
230.0
238.0
132.0
91.0
205.0
212.0
101.0
112.0
294.0
249.0
246.0
143.0
159.0
161.0
165.0
165.0
209.0
87.0
167.0
154.0
243.0
222.0
204.0
164.0
101.0
114.0
179.0
320.0
97.0
126.0
136.0
254.0
264.0
182.0
274.0
189.0
159.0
192.0
193.0
234.0
175.0
177.0
188.0
155.0
255.0
205.0
154.0
201.0
184.0
89.0
408.0
216.0
322.0
217.0
236.0
145.0
212.0
189.0
173.0
151.0
182.0
277.0
98.0
117.0
166.0
171.0
150.0
354.0
211.0
243.0
158.0
196.0
150.0
184.0
167.0
188.0
127.0
192.0
223.0
145.0
299.0
165.0
219.0
379.0
137.0
189.0
185.0
256.0
276.0
248.0
366.0
230.0
190.0
165.0
301.0
181.0
151.0
184.0
207.0
154.0
187.0
284.0
155.0
220.0
99.0
130.0
139.0
120.0
122.0
169.0
261.0
144.0
255.0
266.0
155.0
195.0
206.0
132.0
111.0
104.0
282.0
219.0
221.0
174.0
130.0
164.0
162.0
237.0
109.0
190.0
131.0
141.0
208.0
291.0
346.0
275.0
151.0
64.0
357.0
155.0
335.0
203.0
180.0
163.0
113.0
295.0
115.0
122.0
232.0
200.0
101.0
190.0
145.0
194.0
451.0
235.0
317.0
247.0
150.0
171.0
165.0
268.0
315.0
181.0
117.0
173.0
103.0
159.0
160.0
175.0
240.0
176.0
178.0
170.0
168.0
322.0
178.0
180.0
251.0
156.0
210.0
206.0
157.0
215.0
182.0
107.0
224.0
331.0
196.0
140.0
194.0
182.0
154.0
202.0
209.0
146.0
256.0
231.0
121.0
179.0
124.0
114.0
177.0
192.0
317.0
203.0
301.0
205.0
208.0
176.0
141.0
190.0
264.0
201.0
122.0
144.0
162.0
279.0
161.0
122.0
217.0
152.0
207.0
177.0
182.0
243.0
270.0
147.0
108.0
161.0
182.0
185.0
165.0
228.0
192.0
187.0
180.0
270.0
150.0
169.0
275.0
131.0
214.0
272.0
368.0
86.0
185.0
202.0
126.0
194.0
123.0
204.0
125.0
166.0
205.0
344.0
171.0
113.0
269.0
214.0
285.0
196.0
257.0
204.0
119.0
206.0
177.0
217.0
107.0
142.0
137.0
159.0
240.0
181.0
199.0
161.0
264.0
137.0
147.0
173.0
127.0
339.0
122.0
222.0
227.0
228.0
325.0
186.0
196.0
176.0
134.0
328.0
201.0
229.0
158.0
172.0
151.0
110.0
158.0
235.0
148.0
144.0
159.0
188.0
260.0
179.0
142.0
234.0
155.0
145.0
346.0
161.0
198.0
145.0
138.0
167.0
151.0
261.0
206.0
204.0
194.0
358.0
172.0
166.0
191.0
185.0
354.0
290.0
157.0
173.0
157.0
201.0
223.0
140.0
282.0
197.0
153.0
136.0
127.0
337.0
298.0
129.0
256.0
265.0
162.0
160.0
215.0
184.0
163.0
181.0
258.0
142.0
233.0
165.0
201.0
300.0
194.0
135.0
242.0
122.0
128.0
162.0
249.0
111.0
248.0
282.0
196.0
143.0
189.0
142.0
155.0
149.0
173.0
228.0
103.0
173.0
162.0
167.0
175.0
134.0
231.0
193.0
171.0
169.0
166.0
234.0
302.0
316.0
104.0
157.0
176.0
211.0
296.0
276.0
182.0
262.0
174.0
166.0
370.0
161.0
165.0
190.0
227.0
217.0
185.0
509.0
172.0
178.0
150.0
158.0
185.0
306.0
129.0
208.0
192.0
273.0
242.0
136.0
242.0
151.0
98.0
195.0
321.0
143.0
359.0
179.0
186.0
225.0
200.0
172.0
148.0
179.0
267.0
146.0
143.0
246.0
202.0
165.0
167.0
177.0
277.0
239.0
226.0
177.0
186.0
176.0
150.0
153.0
159.0
175.0
162.0
184.0
181.0
175.0
254.0
133.0
132.0
137.0
252.0
221.0
196.0
231.0
197.0
111.0
338.0
228.0
145.0
197.0
134.0
226.0
157.0
269.0
302.0
224.0
148.0
209.0
156.0
268.0
204.0
234.0
105.0
119.0
159.0
121.0
165.0
196.0
162.0
185.0
130.0
194.0
109.0
142.0
134.0
266.0
437.0
174.0
175.0
117.0
143.0
141.0
109.0
189.0
242.0
152.0
312.0
115.0
279.0
197.0
228.0
249.0
172.0
213.0
111.0
98.0
282.0
139.0
146.0
133.0
176.0
148.0
351.0
144.0
142.0
255.0
106.0
170.0
250.0
237.0
196.0
252.0
330.0
320.0
191.0
176.0
147.0
112.0
194.0
199.0
181.0
290.0
161.0
208.0
179.0
246.0
146.0
190.0
161.0
139.0
146.0
140.0
202.0
151.0
321.0
167.0
153.0
240.0
142.0
149.0
267.0
283.0
189.0
262.0
261.0
105.0
152.0
127.0
313.0
207.0
187.0
190.0
200.0
272.0
294.0
173.0
169.0
197.0
267.0
125.0
277.0
170.0
142.0
210.0
141.0
224.0
296.0
206.0
154.0
164.0
164.0
176.0
158.0
162.0
315.0
246.0
135.0
187.0
138.0
253.0
122.0
127.0
123.0
234.0
146.0
105.0
173.0
207.0
203.0
176.0
349.0
306.0
223.0
95.0
168.0
283.0
172.0
237.0
214.0
141.0
145.0
102.0
124.0
198.0
272.0
127.0
257.0
165.0
223.0
202.0
203.0
174.0
275.0
365.0
200.0
167.0
143.0
207.0
172.0
116.0
169.0
158.0
231.0
143.0
215.0
175.0
193.0
174.0
194.0
173.0
294.0
177.0
160.0
148.0
106.0
155.0
201.0
168.0
249.0
200.0
198.0
316.0
132.0
195.0
168.0
163.0
187.0
138.0
216.0
162.0
217.0
172.0
126.0
312.0
163.0
234.0
300.0
138.0
181.0
229.0
125.0
161.0
201.0
212.0
120.0
180.0
209.0
133.0
282.0
300.0
174.0
217.0
184.0
188.0
280.0
239.0
237.0
205.0
244.0
194.0
192.0
184.0
244.0
172.0
190.0
144.0
242.0
190.0
171.0
239.0
90.0
250.0
99.0
116.0
225.0
235.0
201.0
170.0
182.0
170.0
219.0
322.0
194.0
139.0
235.0
206.0
201.0
239.0
124.0
134.0
164.0
165.0
222.0
193.0
142.0
262.0
120.0
141.0
188.0
85.0
239.0
213.0
206.0
117.0
170.0
157.0
264.0
252.0
234.0
221.0
180.0
154.0
191.0
157.0
180.0
135.0
165.0
126.0
123.0
213.0
130.0
182.0
403.0
194.0
142.0
246.0
222.0
217.0
191.0
218.0
187.0
221.0
140.0
181.0
268.0
125.0
202.0
184.0
231.0
141.0
180.0
85.0
201.0
120.0
261.0
265.0
114.0
207.0
250.0
200.0
175.0
122.0
239.0
184.0
283.0
178.0
181.0
215.0
262.0
143.0
172.0
211.0
219.0
151.0
109.0
225.0
283.0
120.0
390.0
188.0
290.0
172.0
124.0
149.0
131.0
162.0
141.0
186.0
306.0
173.0
211.0
201.0
224.0
177.0
186.0
161.0
260.0
252.0
192.0
136.0
109.0
223.0
116.0
139.0
324.0
179.0
184.0
199.0
141.0
187.0
120.0
175.0
230.0
270.0
199.0
201.0
126.0
190.0
199.0
103.0
215.0
187.0
235.0
150.0
136.0
124.0
172.0
127.0
188.0
165.0
154.0
162.0
256.0
206.0
185.0
238.0
166.0
396.0
97.0
180.0
93.0
257.0
248.0
237.0
119.0
132.0
140.0
194.0
229.0
254.0
186.0
134.0
168.0
196.0
237.0
140.0
233.0
129.0
298.0
192.0
153.0
144.0
183.0
194.0
306.0
163.0
160.0
145.0
217.0
161.0
178.0
217.0
137.0
237.0
196.0
339.0
219.0
119.0
347.0
228.0
218.0
205.0
117.0
130.0
224.0
121.0
260.0
221.0
130.0
154.0
179.0
260.0
130.0
272.0
278.0
154.0
245.0
265.0
163.0
188.0
189.0
154.0
209.0
156.0
250.0
98.0
244.0
143.0
183.0
139.0
166.0
239.0
280.0
162.0
243.0
172.0
403.0
218.0
213.0
156.0
239.0
254.0
116.0
235.0
169.0
225.0
201.0
145.0
130.0
173.0
193.0
161.0
179.0
252.0
184.0
180.0
115.0
218.0
216.0
161.0
164.0
138.0
138.0
133.0
245.0
195.0
203.0
135.0
156.0
124.0
183.0
257.0
247.0
296.0
150.0
150.0
187.0
231.0
149.0
202.0
178.0
156.0
186.0
198.0
207.0
189.0
192.0
189.0
563.0
135.0
191.0
154.0
209.0
180.0
112.0
113.0
244.0
120.0
169.0
257.0
157.0
139.0
220.0
201.0
560.0
179.0
206.0
229.0
243.0
164.0
182.0
226.0
266.0
231.0
190.0
145.0
123.0
137.0
269.0
117.0
214.0
218.0
166.0
193.0
239.0
210.0
117.0
238.0
212.0
230.0
143.0
186.0
194.0
180.0
194.0
213.0
184.0
206.0
344.0
183.0
214.0
194.0
138.0
322.0
86.0
252.0
249.0
192.0
330.0
185.0
199.0
210.0
306.0
171.0
241.0
182.0
285.0
115.0
182.0
236.0
117.0
166.0
208.0
197.0
331.0
149.0
120.0
170.0
194.0
193.0
130.0
147.0
168.0
206.0
275.0
158.0
227.0
206.0
121.0
137.0
220.0
197.0
262.0
213.0
137.0
149.0
176.0
105.0
376.0
77.0
164.0
247.0
219.0
142.0
210.0
256.0
277.0
125.0
90.0
215.0
216.0
197.0
241.0
113.0
214.0
138.0
191.0
175.0
231.0
224.0
254.0
180.0
233.0
88.0
181.0
140.0
135.0
156.0
186.0
105.0
110.0
207.0
198.0
239.0
340.0
191.0
307.0
265.0
182.0
156.0
297.0
189.0
228.0
147.0
148.0
122.0
204.0
136.0
225.0
179.0
282.0
149.0
269.0
165.0
287.0
132.0
203.0
119.0
174.0
150.0
198.0
120.0
188.0
221.0
146.0
163.0
238.0
267.0
191.0
181.0
234.0
252.0
172.0
175.0
156.0
155.0
127.0
316.0
204.0
156.0
162.0
220.0
165.0
238.0
212.0
198.0
164.0
245.0
189.0
274.0
202.0
312.0
146.0
149.0
303.0
226.0
184.0
192.0
246.0
228.0
103.0
175.0
157.0
166.0
217.0
140.0
169.0
200.0
150.0
196.0
177.0
225.0
161.0
141.0
240.0
108.0
237.0
262.0
173.0
171.0
204.0
213.0
200.0
186.0
144.0
134.0
176.0
169.0
248.0
157.0
129.0
185.0
218.0
127.0
170.0
164.0
249.0
136.0
173.0
199.0
148.0
350.0
250.0
234.0
186.0
160.0
203.0
135.0
175.0
137.0
272.0
253.0
301.0
182.0
185.0
242.0
225.0
177.0
185.0
118.0
111.0
210.0
212.0
271.0
157.0
232.0
223.0
137.0
209.0
113.0
139.0
160.0
221.0
234.0
186.0
162.0
136.0
205.0
324.0
219.0
163.0
163.0
292.0
110.0
155.0
267.0
285.0
310.0
204.0
172.0
169.0
217.0
182.0
189.0
398.0
147.0
164.0
102.0
198.0
203.0
268.0
202.0
146.0
143.0
195.0
133.0
233.0
147.0
184.0
89.0
210.0
150.0
186.0
253.0
227.0
124.0
134.0
297.0
126.0
234.0
176.0
333.0
153.0
204.0
193.0
187.0
255.0
301.0
242.0
160.0
176.0
118.0
191.0
124.0
219.0
152.0
129.0
253.0
215.0
236.0
217.0
214.0
230.0
212.0
174.0
339.0
144.0
120.0
145.0
204.0
237.0
249.0
173.0
149.0
197.0
256.0
133.0
205.0
249.0
242.0
233.0
184.0
232.0
137.0
170.0
213.0
173.0
160.0
274.0
201.0
191.0
209.0
159.0
132.0
538.0
115.0
161.0
263.0
220.0
188.0
245.0
172.0
143.0
385.0
244.0
147.0
239.0
162.0
214.0
240.0
235.0
222.0
220.0
372.0
184.0
206.0
186.0
152.0
135.0
179.0
236.0
113.0
233.0
132.0
128.0
153.0
344.0
112.0
245.0
196.0
296.0
172.0
175.0
249.0
441.0
211.0
208.0
244.0
158.0
273.0
77.0
263.0
190.0
199.0
191.0
222.0
209.0
116.0
204.0
217.0
275.0
300.0
172.0
141.0
156.0
212.0
101.0
281.0
228.0
178.0
301.0
142.0
257.0
210.0
253.0
143.0
160.0
155.0
239.0
217.0
204.0
233.0
184.0
190.0
260.0
131.0
238.0
146.0
152.0
142.0
144.0
160.0
91.0
234.0
217.0
163.0
290.0
201.0
157.0
197.0
202.0
199.0
274.0
217.0
274.0
157.0
200.0
210.0
252.0
275.0
123.0
154.0
146.0
169.0
167.0
239.0
146.0
189.0
197.0
125.0
137.0
229.0
198.0
238.0
125.0
165.0
258.0
154.0
153.0
192.0
183.0
173.0
193.0
237.0
204.0
209.0
157.0
141.0
239.0
241.0
103.0
111.0
329.0
170.0
145.0
150.0
268.0
147.0
172.0
284.0
122.0
141.0
151.0
252.0
99.0
188.0
243.0
392.0
237.0
256.0
235.0
189.0
257.0
233.0
225.0
169.0
159.0
189.0
238.0
221.0
248.0
134.0
174.0
161.0
91.0
257.0
156.0
257.0
225.0
247.0
173.0
204.0
163.0
246.0
164.0
260.0
149.0
158.0
189.0
280.0
157.0
191.0
225.0
228.0
108.0
251.0
90.0
224.0
331.0
157.0
217.0
147.0
257.0
238.0
203.0
191.0
201.0
196.0
197.0
136.0
237.0
147.0
130.0
125.0
177.0
115.0
242.0
148.0
193.0
143.0
167.0
192.0
212.0
232.0
245.0
124.0
265.0
138.0
210.0
207.0
226.0
145.0
304.0
196.0
275.0
206.0
210.0
174.0
154.0
145.0
213.0
156.0
214.0
262.0
151.0
129.0
250.0
140.0
217.0
199.0
151.0
143.0
85.0
287.0
160.0
150.0
172.0
196.0
252.0
180.0
167.0
224.0
212.0
288.0
220.0
239.0
179.0
184.0
220.0
196.0
164.0
199.0
241.0
121.0
208.0
168.0
176.0
184.0
231.0
181.0
283.0
90.0
184.0
291.0
211.0
175.0
205.0
154.0
168.0
304.0
187.0
193.0
212.0
230.0
172.0
319.0
251.0
138.0
201.0
196.0
189.0
186.0
265.0
113.0
134.0
287.0
169.0
265.0
226.0
202.0
203.0
149.0
214.0
186.0
153.0
192.0
191.0
181.0
155.0
261.0
307.0
207.0
148.0
209.0
172.0
158.0
251.0
181.0
185.0
119.0
235.0
153.0
224.0
156.0
228.0
165.0
160.0
243.0
136.0
108.0
195.0
179.0
238.0
250.0
176.0
291.0
244.0
176.0
155.0
133.0
180.0
134.0
200.0
203.0
182.0
157.0
179.0
249.0
204.0
154.0
213.0
205.0
152.0
215.0
255.0
156.0
210.0
136.0
148.0
116.0
215.0
148.0
134.0
136.0
142.0
192.0
162.0
236.0
273.0
149.0
150.0
377.0
205.0
254.0
216.0
171.0
229.0
119.0
305.0
151.0
184.0
187.0
255.0
257.0
143.0
179.0
151.0
226.0
197.0
96.0
177.0
141.0
103.0
123.0
178.0
207.0
203.0
290.0
197.0
143.0
117.0
255.0
298.0
173.0
221.0
120.0
187.0
211.0
314.0
228.0
188.0
181.0
161.0
291.0
243.0
308.0
237.0
105.0
247.0
274.0
194.0
283.0
149.0
222.0
211.0
223.0
207.0
140.0
342.0
220.0
261.0
318.0
137.0
101.0
199.0
187.0
164.0
175.0
162.0
160.0
178.0
192.0
189.0
117.0
145.0
141.0
178.0
173.0
285.0
186.0
147.0
228.0
169.0
225.0
197.0
271.0
74.0
134.0
153.0
253.0
164.0
191.0
313.0
147.0
128.0
269.0
156.0
173.0
201.0
168.0
133.0
215.0
183.0
190.0
234.0
165.0
111.0
194.0
211.0
221.0
194.0
177.0
224.0
177.0
236.0
174.0
332.0
141.0
145.0
202.0
160.0
184.0
463.0
154.0
143.0
243.0
197.0
168.0
342.0
222.0
232.0
184.0
260.0
149.0
252.0
290.0
200.0
181.0
131.0
281.0
694.0
212.0
231.0
193.0
165.0
213.0
165.0
181.0
278.0
127.0
291.0
124.0
225.0
121.0
158.0
244.0
239.0
206.0
143.0
164.0
232.0
177.0
173.0
255.0
229.0
203.0
207.0
150.0
115.0
82.0
208.0
136.0
236.0
147.0
107.0
232.0
114.0
154.0
176.0
255.0
189.0
284.0
185.0
145.0
312.0
166.0
181.0
120.0
136.0
295.0
224.0
202.0
240.0
124.0
204.0
229.0
211.0
256.0
162.0
251.0
137.0
121.0
164.0
154.0
223.0
206.0
171.0
218.0
98.0
144.0
197.0
201.0
198.0
173.0
143.0
317.0
106.0
150.0
205.0
132.0
163.0
201.0
134.0
159.0
191.0
164.0
258.0
177.0
193.0
129.0
210.0
227.0
216.0
168.0
180.0
147.0
133.0
179.0
248.0
143.0
242.0
327.0
168.0
151.0
438.0
168.0
280.0
181.0
188.0
184.0
167.0
209.0
265.0
165.0
235.0
132.0
266.0
263.0
159.0
205.0
137.0
277.0
186.0
136.0
244.0
208.0
181.0
255.0
237.0
254.0
225.0
213.0
145.0
199.0
142.0
251.0
168.0
196.0
162.0
162.0
243.0
207.0
205.0
166.0
146.0
205.0
142.0
225.0
317.0
193.0
161.0
202.0
164.0
165.0
175.0
184.0
169.0
146.0
125.0
203.0
239.0
215.0
212.0
249.0
170.0
233.0
136.0
227.0
169.0
308.0
124.0
217.0
120.0
225.0
169.0
129.0
141.0
194.0
165.0
238.0
172.0
157.0
229.0
166.0
109.0
178.0
149.0
132.0
139.0
159.0
209.0
321.0
196.0
234.0
331.0
170.0
238.0
191.0
115.0
159.0
159.0
178.0
147.0
117.0
228.0
202.0
176.0
190.0
201.0
174.0
167.0
191.0
189.0
146.0
208.0
322.0
166.0
184.0
151.0
166.0
146.0
211.0
172.0
215.0
137.0
190.0
275.0
236.0
152.0
339.0
182.0
193.0
212.0
191.0
154.0
235.0
149.0
158.0
170.0
197.0
189.0
196.0
214.0
133.0
191.0
439.0
199.0
282.0
204.0
115.0
181.0
159.0
143.0
240.0
246.0
120.0
157.0
163.0
161.0
217.0
128.0
231.0
179.0
145.0
176.0
107.0
245.0
125.0
105.0
196.0
165.0
179.0
220.0
264.0
207.0
226.0
138.0
126.0
204.0
190.0
213.0
169.0
190.0
134.0
191.0
175.0
274.0
202.0
241.0
194.0
211.0
264.0
176.0
126.0
181.0
179.0
206.0
272.0
122.0
117.0
246.0
285.0
173.0
137.0
175.0
125.0
240.0
212.0
215.0
125.0
210.0
104.0
148.0
123.0
151.0
184.0
163.0
252.0
163.0
149.0
148.0
167.0
221.0
145.0
235.0
190.0
63.0
232.0
214.0
162.0
201.0
129.0
278.0
262.0
256.0
207.0
223.0
310.0
193.0
164.0
229.0
179.0
241.0
213.0
179.0
282.0
98.0
226.0
110.0
255.0
89.0
251.0
210.0
187.0
173.0
302.0
140.0
197.0
267.0
171.0
191.0
114.0
152.0
230.0
185.0
215.0
196.0
135.0
203.0
134.0
204.0
206.0
191.0
191.0
337.0
253.0
220.0
180.0
159.0
149.0
187.0
282.0
145.0
256.0
181.0
178.0
170.0
176.0
129.0
176.0
308.0
213.0
193.0
250.0
203.0
318.0
258.0
232.0
299.0
241.0
256.0
136.0
158.0
231.0
167.0
261.0
191.0
221.0
287.0
166.0
253.0
179.0
259.0
254.0
191.0
238.0
179.0
127.0
252.0
138.0
165.0
226.0
221.0
312.0
131.0
108.0
209.0
489.0
255.0
297.0
145.0
142.0
157.0
211.0
241.0
212.0
168.0
140.0
213.0
210.0
202.0
224.0
234.0
207.0
166.0
227.0
197.0
209.0
311.0
119.0
193.0
147.0
330.0
145.0
207.0
190.0
250.0
203.0
284.0
260.0
163.0
126.0
359.0
165.0
213.0
99.0
195.0
217.0
267.0
108.0
180.0
173.0
289.0
234.0
164.0
196.0
330.0
212.0
162.0
232.0
216.0
256.0
199.0
307.0
159.0
88.0
174.0
311.0
303.0
196.0
194.0
130.0
169.0
238.0
221.0
202.0
168.0
270.0
218.0
237.0
262.0
155.0
133.0
168.0
182.0
108.0
132.0
200.0
215.0
186.0
179.0
172.0
164.0
191.0
231.0
238.0
258.0
308.0
185.0
241.0
205.0
151.0
246.0
244.0
195.0
136.0
383.0
268.0
120.0
135.0
175.0
285.0
225.0
293.0
126.0
216.0
187.0
145.0
179.0
145.0
256.0
154.0
239.0
110.0
193.0
225.0
361.0
139.0
187.0
184.0
183.0
183.0
187.0
188.0
216.0
275.0
131.0
229.0
207.0
205.0
179.0
204.0
322.0
150.0
186.0
214.0
275.0
171.0
291.0
164.0
148.0
156.0
230.0
186.0
163.0
185.0
151.0
232.0
265.0
181.0
359.0
136.0
212.0
166.0
307.0
222.0
274.0
226.0
198.0
193.0
115.0
127.0
158.0
162.0
182.0
217.0
215.0
101.0
203.0
141.0
180.0
134.0
223.0
199.0
157.0
360.0
302.0
192.0
249.0
182.0
204.0
226.0
211.0
157.0
263.0
214.0
223.0
171.0
231.0
142.0
156.0
251.0
166.0
215.0
110.0
189.0
193.0
243.0
252.0
258.0
122.0
149.0
177.0
260.0
145.0
138.0
174.0
186.0
216.0
187.0
244.0
178.0
202.0
291.0
247.0
151.0
126.0
148.0
259.0
102.0
279.0
143.0
133.0
211.0
183.0
217.0
209.0
228.0
283.0
250.0
246.0
309.0
153.0
146.0
160.0
165.0
117.0
254.0
199.0
298.0
196.0
163.0
237.0
214.0
209.0
163.0
127.0
162.0
214.0
177.0
183.0
136.0
245.0
173.0
197.0
176.0
194.0
138.0
142.0
194.0
172.0
135.0
200.0
199.0
154.0
276.0
274.0
121.0
214.0
141.0
204.0
239.0
156.0
255.0
198.0
211.0
224.0
106.0
282.0
230.0
208.0
168.0
138.0
205.0
182.0
213.0
222.0
155.0
176.0
262.0
131.0
157.0
183.0
186.0
145.0
183.0
192.0
127.0
161.0
215.0
218.0
192.0
245.0
189.0
127.0
209.0
203.0
202.0
197.0
193.0
159.0
143.0
240.0
274.0
176.0
182.0
162.0
234.0
329.0
174.0
332.0
286.0
170.0
125.0
223.0
191.0
228.0
180.0
374.0
161.0
195.0
207.0
214.0
150.0
256.0
186.0
240.0
253.0
207.0
160.0
183.0
259.0
150.0
168.0
177.0
226.0
108.0
104.0
306.0
172.0
225.0
136.0
123.0
172.0
226.0
147.0
167.0
168.0
181.0
243.0
176.0
165.0
278.0
186.0
217.0
230.0
202.0
228.0
251.0
178.0
223.0
144.0
135.0
251.0
126.0
185.0
335.0
188.0
95.0
189.0
255.0
284.0
169.0
187.0
142.0
161.0
170.0
124.0
177.0
250.0
226.0
167.0
198.0
226.0
139.0
119.0
263.0
152.0
192.0
196.0
177.0
179.0
241.0
225.0
156.0
178.0
185.0
189.0
300.0
137.0
107.0
207.0
186.0
227.0
150.0
144.0
132.0
133.0
161.0
157.0
314.0
234.0
198.0
258.0
186.0
232.0
308.0
246.0
227.0
168.0
261.0
314.0
181.0
231.0
209.0
231.0
219.0
145.0
292.0
105.0
117.0
240.0
111.0
152.0
182.0
218.0
234.0
166.0
188.0
151.0
243.0
189.0
154.0
157.0
318.0
218.0
126.0
312.0
169.0
131.0
256.0
458.0
125.0
96.0
109.0
132.0
190.0
162.0
344.0
171.0
201.0
133.0
205.0
126.0
214.0
210.0
221.0
255.0
231.0
148.0
212.0
101.0
201.0
166.0
236.0
213.0
155.0
203.0
224.0
127.0
167.0
120.0
189.0
260.0
134.0
95.0
177.0
183.0
166.0
218.0
245.0
186.0
166.0
199.0
135.0
249.0
148.0
196.0
307.0
276.0
148.0
188.0
177.0
207.0
277.0
193.0
186.0
151.0
180.0
162.0
175.0
112.0
254.0
179.0
194.0
199.0
158.0
308.0
242.0
362.0
201.0
138.0
161.0
165.0
157.0
239.0
216.0
252.0
169.0
180.0
235.0
198.0
270.0
174.0
361.0
257.0
218.0
254.0
304.0
299.0
205.0
103.0
237.0
230.0
203.0
146.0
219.0
208.0
189.0
204.0
178.0
151.0
355.0
188.0
232.0
167.0
189.0
399.0
201.0
132.0
265.0
192.0
248.0
180.0
186.0
120.0
133.0
182.0
137.0
242.0
287.0
153.0
130.0
192.0
244.0
236.0
179.0
158.0
247.0
314.0
212.0
175.0
128.0
205.0
122.0
164.0
170.0
229.0
211.0
78.0
186.0
290.0
134.0
187.0
133.0
130.0
178.0
144.0
244.0
234.0
256.0
156.0
227.0
189.0
185.0
243.0
183.0
187.0
155.0
192.0
141.0
174.0
248.0
202.0
128.0
174.0
133.0
181.0
293.0
159.0
152.0
171.0
181.0
184.0
198.0
153.0
161.0
241.0
205.0
223.0
256.0
235.0
167.0
226.0
392.0
154.0
240.0
148.0
186.0
212.0
170.0
160.0
174.0
161.0
167.0
190.0
214.0
133.0
120.0
242.0
250.0
234.0
255.0
247.0
227.0
162.0
202.0
200.0
299.0
144.0
283.0
126.0
131.0
160.0
205.0
170.0
194.0
200.0
169.0
180.0
175.0
210.0
340.0
357.0
194.0
162.0
159.0
141.0
170.0
129.0
148.0
170.0
227.0
186.0
245.0
158.0
222.0
231.0
145.0
332.0
195.0
171.0
176.0
162.0
150.0
246.0
176.0
302.0
143.0
182.0
141.0
95.0
152.0
167.0
161.0
167.0
124.0
301.0
137.0
134.0
66.0
280.0
187.0
177.0
159.0
224.0
170.0
183.0
152.0
156.0
257.0
170.0
297.0
181.0
223.0
216.0
160.0
160.0
218.0
263.0
122.0
241.0
188.0
156.0
163.0
185.0
129.0
229.0
285.0
223.0
166.0
132.0
179.0
234.0
262.0
163.0
194.0
147.0
184.0
153.0
171.0
183.0
263.0
171.0
204.0
155.0
238.0
167.0
190.0
117.0
109.0
156.0
142.0
198.0
107.0
187.0
183.0
207.0
282.0
228.0
165.0
115.0
184.0
267.0
123.0
264.0
98.0
150.0
258.0
158.0
118.0
165.0
186.0
205.0
255.0
199.0
141.0
243.0
213.0
185.0
205.0
165.0
157.0
148.0
151.0
164.0
147.0
138.0
160.0
236.0
201.0
364.0
112.0
161.0
312.0
156.0
110.0
157.0
180.0
211.0
152.0
267.0
193.0
180.0
159.0
227.0
179.0
125.0
236.0
177.0
158.0
235.0
246.0
125.0
191.0
134.0
229.0
143.0
202.0
193.0
177.0
206.0
142.0
217.0
126.0
176.0
196.0
153.0
190.0
235.0
213.0
253.0
288.0
204.0
163.0
179.0
153.0
184.0
214.0
173.0
192.0
273.0
213.0
212.0
169.0
133.0
224.0
188.0
198.0
177.0
110.0
224.0
121.0
188.0
176.0
147.0
108.0
321.0
286.0
179.0
151.0
147.0
223.0
195.0
212.0
224.0
188.0
257.0
138.0
156.0
188.0
158.0
214.0
232.0
91.0
218.0
92.0
249.0
190.0
168.0
133.0
286.0
440.0
233.0
200.0
182.0
211.0
181.0
178.0
207.0
131.0
191.0
213.0
182.0
193.0
202.0
213.0
139.0
163.0
194.0
341.0
217.0
237.0
210.0
218.0
286.0
202.0
215.0
258.0
226.0
160.0
175.0
287.0
263.0
186.0
365.0
243.0
228.0
231.0
124.0
164.0
192.0
189.0
220.0
216.0
161.0
285.0
152.0
137.0
151.0
270.0
200.0
367.0
210.0
165.0
147.0
321.0
228.0
123.0
106.0
192.0
153.0
214.0
249.0
176.0
239.0
146.0
218.0
232.0
168.0
149.0
307.0
180.0
165.0
160.0
260.0
149.0
120.0
217.0
161.0
275.0
194.0
172.0
240.0
145.0
274.0
227.0
310.0
201.0
257.0
179.0
231.0
128.0
116.0
559.0
168.0
135.0
173.0
187.0
271.0
191.0
178.0
219.0
254.0
162.0
144.0
211.0
200.0
161.0
205.0
141.0
175.0
191.0
174.0
174.0
374.0
148.0
338.0
175.0
119.0
187.0
158.0
241.0
208.0
216.0
169.0
151.0
131.0
186.0
229.0
206.0
152.0
252.0
144.0
215.0
162.0
334.0
248.0
302.0
195.0
148.0
128.0
231.0
186.0
233.0
178.0
171.0
336.0
171.0
209.0
146.0
288.0
329.0
154.0
289.0
118.0
128.0
280.0
151.0
245.0
128.0
147.0
260.0
108.0
117.0
194.0
257.0
210.0
281.0
190.0
113.0
283.0
173.0
211.0
286.0
221.0
178.0
159.0
205.0
182.0
236.0
129.0
128.0
279.0
155.0
199.0
220.0
280.0
271.0
260.0
154.0
132.0
195.0
180.0
189.0
288.0
201.0
160.0
149.0
370.0
159.0
199.0
245.0
278.0
194.0
244.0
120.0
90.0
218.0
153.0
213.0
199.0
162.0
173.0
169.0
304.0
222.0
198.0
155.0
170.0
214.0
147.0
182.0
162.0
189.0
180.0
272.0
261.0
247.0
192.0
166.0
132.0
368.0
172.0
325.0
377.0
177.0
221.0
261.0
296.0
164.0
185.0
249.0
152.0
226.0
153.0
281.0
242.0
197.0
234.0
190.0
279.0
198.0
170.0
343.0
229.0
201.0
124.0
154.0
305.0
144.0
137.0
188.0
146.0
205.0
137.0
137.0
220.0
148.0
186.0
234.0
150.0
180.0
177.0
159.0
297.0
175.0
225.0
258.0
174.0
323.0
224.0
169.0
331.0
141.0
180.0
174.0
99.0
187.0
191.0
205.0
259.0
124.0
226.0
160.0
201.0
172.0
172.0
192.0
183.0
177.0
246.0
229.0
149.0
194.0
295.0
234.0
207.0
184.0
216.0
154.0
220.0
217.0
274.0
336.0
165.0
143.0
125.0
252.0
236.0
166.0
158.0
204.0
232.0
167.0
252.0
185.0
212.0
540.0
173.0
235.0
260.0
210.0
145.0
244.0
140.0
162.0
189.0
183.0
202.0
240.0
231.0
237.0
206.0
274.0
200.0
158.0
182.0
290.0
165.0
137.0
172.0
183.0
243.0
208.0
230.0
192.0
252.0
180.0
190.0
191.0
139.0
216.0
158.0
165.0
124.0
212.0
142.0
279.0
200.0
157.0
144.0
198.0
174.0
219.0
125.0
119.0
211.0
177.0
149.0
286.0
242.0
159.0
277.0
251.0
230.0
184.0
177.0
93.0
347.0
171.0
118.0
252.0
339.0
120.0
189.0
159.0
181.0
156.0
246.0
236.0
194.0
161.0
161.0
131.0
172.0
276.0
213.0
173.0
224.0
200.0
206.0
255.0
132.0
171.0
209.0
258.0
227.0
245.0
255.0
214.0
156.0
202.0
197.0
193.0
203.0
208.0
203.0
167.0
148.0
203.0
139.0
93.0
118.0
335.0
330.0
220.0
192.0
123.0
210.0
238.0
211.0
186.0
163.0
262.0
157.0
187.0
130.0
188.0
192.0
183.0
214.0
207.0
126.0
136.0
110.0
198.0
269.0
210.0
304.0
185.0
251.0
118.0
202.0
138.0
184.0
225.0
224.0
233.0
198.0
133.0
217.0
197.0
209.0
195.0
207.0
183.0
237.0
127.0
147.0
238.0
181.0
152.0
156.0
313.0
275.0
199.0
243.0
188.0
194.0
202.0
158.0
225.0
220.0
102.0
190.0
165.0
207.0
246.0
183.0
209.0
134.0
180.0
254.0
174.0
161.0
151.0
147.0
184.0
134.0
253.0
357.0
325.0
186.0
218.0
155.0
170.0
163.0
155.0
164.0
561.0
259.0
171.0
215.0
185.0
162.0
279.0
254.0
148.0
215.0
174.0
132.0
77.0
262.0
176.0
187.0
108.0
306.0
183.0
215.0
202.0
120.0
196.0
164.0
213.0
268.0
208.0
155.0
193.0
195.0
148.0
189.0
195.0
220.0
285.0
146.0
164.0
142.0
150.0
155.0
237.0
166.0
171.0
175.0
135.0
278.0
164.0
156.0
239.0
106.0
137.0
301.0
161.0
206.0
172.0
140.0
247.0
284.0
163.0
171.0
257.0
269.0
267.0
238.0
145.0
131.0
161.0
233.0
225.0
126.0
150.0
207.0
209.0
200.0
312.0
235.0
253.0
206.0
218.0
274.0
173.0
194.0
168.0
167.0
164.0
291.0
202.0
235.0
154.0
228.0
164.0
187.0
237.0
209.0
203.0
185.0
266.0
270.0
166.0
250.0
237.0
160.0
462.0
168.0
308.0
204.0
147.0
108.0
164.0
580.0
196.0
215.0
112.0
94.0
276.0
223.0
136.0
198.0
211.0
211.0
209.0
239.0
212.0
213.0
333.0
209.0
236.0
262.0
181.0
286.0
191.0
149.0
140.0
194.0
153.0
191.0
169.0
139.0
112.0
260.0
168.0
139.0
214.0
132.0
205.0
154.0
301.0
130.0
176.0
145.0
183.0
200.0
209.0
217.0
218.0
186.0
196.0
200.0
123.0
233.0
280.0
182.0
154.0
192.0
111.0
200.0
188.0
210.0
217.0
163.0
136.0
206.0
162.0
170.0
202.0
159.0
144.0
247.0
250.0
134.0
251.0
144.0
196.0
307.0
162.0
94.0
187.0
158.0
213.0
209.0
145.0
211.0
165.0
174.0
121.0
289.0
294.0
149.0
197.0
231.0
173.0
155.0
162.0
260.0
219.0
245.0
206.0
161.0
173.0
325.0
136.0
248.0
228.0
193.0
228.0
130.0
136.0
264.0
135.0
239.0
147.0
352.0
195.0
276.0
211.0
192.0
193.0
167.0
192.0
159.0
131.0
258.0
151.0
215.0
155.0
178.0
195.0
171.0
130.0
173.0
292.0
151.0
142.0
180.0
248.0
254.0
289.0
211.0
264.0
195.0
187.0
158.0
140.0
195.0
166.0
216.0
206.0
223.0
188.0
326.0
181.0
165.0
188.0
225.0
210.0
228.0
143.0
268.0
129.0
150.0
137.0
186.0
133.0
182.0
244.0
169.0
95.0
138.0
170.0
219.0
187.0
167.0
233.0
167.0
269.0
188.0
231.0
206.0
221.0
175.0
148.0
238.0
213.0
387.0
276.0
131.0
139.0
176.0
152.0
234.0
136.0
249.0
119.0
153.0
178.0
116.0
243.0
206.0
239.0
119.0
248.0
129.0
216.0
164.0
135.0
187.0
287.0
206.0
222.0
174.0
125.0
204.0
200.0
108.0
122.0
207.0
118.0
158.0
231.0
171.0
184.0
118.0
223.0
173.0
144.0
154.0
212.0
225.0
180.0
134.0
194.0
201.0
241.0
173.0
152.0
140.0
158.0
227.0
209.0
265.0
138.0
188.0
236.0
202.0
105.0
155.0
225.0
271.0
110.0
161.0
270.0
174.0
280.0
128.0
164.0
175.0
86.0
166.0
181.0
232.0
318.0
202.0
209.0
203.0
208.0
170.0
214.0
159.0
170.0
255.0
143.0
127.0
223.0
132.0
187.0
193.0
176.0
237.0
156.0
246.0
348.0
172.0
209.0
136.0
172.0
219.0
129.0
273.0
302.0
257.0
183.0
172.0
241.0
179.0
149.0
312.0
196.0
149.0
143.0
170.0
224.0
230.0
162.0
196.0
190.0
126.0
183.0
267.0
142.0
133.0
367.0
198.0
191.0
136.0
148.0
178.0
154.0
147.0
130.0
310.0
150.0
243.0
179.0
204.0
225.0
342.0
138.0
245.0
232.0
210.0
115.0
392.0
207.0
234.0
216.0
235.0
96.0
126.0
180.0
219.0
174.0
218.0
189.0
198.0
156.0
213.0
133.0
180.0
194.0
259.0
197.0
162.0
204.0
216.0
245.0
233.0
155.0
330.0
173.0
141.0
139.0
216.0
197.0
244.0
219.0
173.0
140.0
178.0
151.0
194.0
154.0
158.0
205.0
150.0
256.0
92.0
342.0
288.0
214.0
199.0
249.0
139.0
108.0
170.0
210.0
230.0
262.0
124.0
153.0
255.0
165.0
396.0
244.0
175.0
188.0
230.0
142.0
299.0
273.0
219.0
165.0
134.0
213.0
130.0
191.0
144.0
347.0
155.0
102.0
207.0
214.0
190.0
172.0
156.0
182.0
186.0
200.0
164.0
241.0
174.0
206.0
197.0
135.0
412.0
153.0
121.0
108.0
178.0
164.0
137.0
164.0
230.0
222.0
159.0
253.0
240.0
74.0
269.0
140.0
256.0
80.0
120.0
233.0
220.0
183.0
218.0
118.0
252.0
145.0
140.0
254.0
216.0
315.0
122.0
195.0
244.0
302.0
255.0
228.0
170.0
257.0
185.0
221.0
183.0
141.0
194.0
282.0
165.0
197.0
253.0
215.0
196.0
275.0
178.0
115.0
152.0
119.0
156.0
354.0
180.0
144.0
191.0
262.0
245.0
113.0
202.0
153.0
110.0
153.0
209.0
227.0
134.0
190.0
191.0
165.0
201.0
180.0
162.0
211.0
201.0
229.0
295.0
372.0
109.0
205.0
103.0
182.0
145.0
183.0
214.0
219.0
229.0
278.0
171.0
162.0
173.0
106.0
115.0
176.0
170.0
202.0
236.0
180.0
147.0
192.0
103.0
153.0
117.0
156.0
168.0
200.0
130.0
122.0
172.0
173.0
231.0
194.0
288.0
180.0
209.0
130.0
163.0
172.0
164.0
234.0
214.0
168.0
163.0
214.0
173.0
149.0
327.0
313.0
198.0
184.0
171.0
326.0
233.0
298.0
277.0
101.0
197.0
351.0
217.0
236.0
179.0
318.0
183.0
147.0
217.0
217.0
200.0
303.0
200.0
155.0
170.0
235.0
126.0
156.0
256.0
246.0
155.0
195.0
226.0
136.0
244.0
269.0
202.0
316.0
206.0
97.0
214.0
251.0
293.0
174.0
188.0
327.0
262.0
144.0
183.0
195.0
237.0
181.0
156.0
195.0
247.0
181.0
190.0
229.0
194.0
147.0
194.0
260.0
178.0
170.0
257.0
169.0
208.0
282.0
185.0
193.0
201.0
215.0
152.0
390.0
198.0
122.0
189.0
251.0
106.0
226.0
125.0
110.0
131.0
277.0
259.0
151.0
140.0
269.0
261.0
262.0
149.0
242.0
175.0
235.0
168.0
167.0
208.0
138.0
182.0
197.0
245.0
165.0
237.0
150.0
214.0
265.0
174.0
386.0
170.0
369.0
227.0
151.0
140.0
266.0
222.0
147.0
167.0
193.0
207.0
173.0
155.0
180.0
136.0
253.0
190.0
174.0
286.0
253.0
162.0
224.0
161.0
181.0
193.0
162.0
166.0
170.0
193.0
218.0
380.0
272.0
249.0
208.0
135.0
126.0
129.0
176.0
182.0
453.0
126.0
240.0
188.0
267.0
285.0
310.0
109.0
182.0
335.0
237.0
139.0
275.0
126.0
175.0
291.0
146.0
140.0
195.0
126.0
162.0
280.0
243.0
178.0
213.0
248.0
268.0
197.0
336.0
130.0
270.0
239.0
160.0
210.0
224.0
115.0
151.0
189.0
175.0
249.0
239.0
202.0
148.0
303.0
191.0
185.0
107.0
152.0
197.0
431.0
202.0
220.0
250.0
161.0
183.0
137.0
224.0
226.0
229.0
195.0
168.0
153.0
103.0
139.0
114.0
208.0
203.0
190.0
180.0
224.0
120.0
205.0
234.0
217.0
153.0
144.0
128.0
200.0
110.0
218.0
172.0
163.0
216.0
167.0
186.0
246.0
142.0
113.0
188.0
203.0
246.0
194.0
179.0
182.0
225.0
168.0
244.0
247.0
189.0
271.0
188.0
137.0
151.0
114.0
261.0
178.0
228.0
510.0
127.0
246.0
269.0
211.0
283.0
206.0
300.0
193.0
200.0
173.0
96.0
181.0
181.0
195.0
209.0
186.0
144.0
167.0
294.0
236.0
151.0
243.0
223.0
189.0
153.0
192.0
254.0
132.0
228.0
224.0
209.0
150.0
179.0
229.0
150.0
192.0
379.0
161.0
178.0
275.0
275.0
157.0
232.0
171.0
191.0
199.0
218.0
188.0
136.0
175.0
170.0
232.0
184.0
205.0
137.0
246.0
158.0
114.0
140.0
105.0
222.0
238.0
209.0
171.0
153.0
159.0
224.0
288.0
226.0
191.0
229.0
274.0
170.0
207.0
244.0
248.0
232.0
142.0
159.0
201.0
178.0
151.0
203.0
146.0
275.0
251.0
179.0
186.0
183.0
208.0
299.0
182.0
119.0
139.0
162.0
214.0
125.0
193.0
156.0
160.0
250.0
299.0
144.0
260.0
181.0
182.0
117.0
210.0
170.0
188.0
184.0
200.0
178.0
157.0
277.0
197.0
284.0
118.0
157.0
230.0
189.0
121.0
163.0
197.0
182.0
164.0
226.0
174.0
329.0
163.0
185.0
197.0
209.0
183.0
249.0
254.0
210.0
170.0
232.0
146.0
174.0
186.0
281.0
170.0
184.0
314.0
225.0
164.0
191.0
260.0
130.0
148.0
155.0
167.0
248.0
214.0
264.0
556.0
112.0
223.0
320.0
134.0
253.0
238.0
162.0
98.0
117.0
365.0
207.0
229.0
439.0
127.0
211.0
153.0
175.0
172.0
256.0
241.0
179.0
130.0
251.0
170.0
151.0
153.0
140.0
214.0
202.0
133.0
228.0
208.0
204.0
140.0
215.0
208.0
192.0
177.0
195.0
240.0
237.0
190.0
192.0
231.0
279.0
124.0
184.0
131.0
172.0
193.0
109.0
159.0
234.0
119.0
227.0
185.0
201.0
125.0
121.0
127.0
113.0
211.0
218.0
169.0
227.0
196.0
288.0
172.0
181.0
262.0
167.0
151.0
287.0
158.0
123.0
168.0
234.0
190.0
165.0
171.0
151.0
236.0
354.0
160.0
234.0
92.0
208.0
128.0
281.0
162.0
196.0
223.0
198.0
156.0
185.0
199.0
257.0
184.0
216.0
140.0
480.0
177.0
238.0
266.0
220.0
152.0
202.0
127.0
271.0
194.0
119.0
179.0
177.0
208.0
286.0
138.0
242.0
217.0
115.0
158.0
154.0
312.0
134.0
158.0
224.0
184.0
206.0
185.0
184.0
121.0
160.0
152.0
294.0
149.0
234.0
144.0
290.0
264.0
180.0
229.0
216.0
158.0
157.0
187.0
160.0
244.0
123.0
175.0
225.0
301.0
120.0
262.0
166.0
207.0
252.0
186.0
196.0
150.0
152.0
134.0
190.0
146.0
154.0
140.0
201.0
97.0
197.0
192.0
156.0
246.0
270.0
235.0
131.0
159.0
202.0
128.0
311.0
169.0
180.0
182.0
308.0
148.0
185.0
221.0
114.0
270.0
147.0
175.0
168.0
232.0
162.0
147.0
173.0
200.0
231.0
174.0
123.0
241.0
206.0
227.0
343.0
195.0
246.0
136.0
214.0
182.0
258.0
124.0
353.0
221.0
227.0
197.0
133.0
206.0
391.0
173.0
168.0
295.0
251.0
133.0
281.0
172.0
199.0
187.0
152.0
149.0
118.0
168.0
232.0
247.0
124.0
235.0
171.0
184.0
195.0
141.0
231.0
154.0
266.0
147.0
279.0
106.0
247.0
145.0
121.0
245.0
101.0
214.0
213.0
181.0
223.0
167.0
309.0
173.0
184.0
211.0
162.0
169.0
196.0
135.0
264.0
168.0
202.0
156.0
173.0
211.0
310.0
139.0
187.0
310.0
230.0
127.0
189.0
222.0
182.0
194.0
239.0
155.0
198.0
313.0
189.0
177.0
218.0
185.0
256.0
252.0
324.0
172.0
152.0
169.0
208.0
192.0
199.0
160.0
134.0
155.0
158.0
190.0
156.0
181.0
212.0
130.0
189.0
175.0
362.0
187.0
188.0
488.0
271.0
208.0
223.0
133.0
172.0
310.0
220.0
333.0
145.0
243.0
184.0
286.0
233.0
174.0
214.0
180.0
161.0
140.0
188.0
186.0
141.0
140.0
236.0
122.0
234.0
177.0
192.0
211.0
94.0
310.0
166.0
244.0
203.0
131.0
168.0
211.0
189.0
110.0
220.0
144.0
128.0
282.0
179.0
167.0
263.0
211.0
192.0
207.0
137.0
146.0
177.0
221.0
169.0
250.0
172.0
156.0
240.0
267.0
219.0
114.0
161.0
190.0
135.0
220.0
198.0
184.0
170.0
167.0
212.0
178.0
202.0
192.0
139.0
178.0
373.0
225.0
248.0
198.0
229.0
178.0
171.0
150.0
201.0
198.0
191.0
219.0
169.0
182.0
148.0
194.0
173.0
225.0
140.0
220.0
203.0
210.0
545.0
184.0
180.0
176.0
192.0
162.0
171.0
148.0
237.0
184.0
178.0
168.0
266.0
210.0
219.0
333.0
185.0
186.0
164.0
124.0
178.0
230.0
180.0
217.0
157.0
265.0
107.0
176.0
144.0
185.0
215.0
154.0
166.0
204.0
229.0
150.0
244.0
201.0
138.0
169.0
208.0
212.0
226.0
192.0
232.0
120.0
275.0
202.0
172.0
204.0
174.0
237.0
247.0
172.0
204.0
255.0
256.0
311.0
116.0
227.0
178.0
140.0
120.0
243.0
101.0
124.0
174.0
146.0
173.0
212.0
141.0
167.0
156.0
182.0
149.0
200.0
138.0
234.0
227.0
231.0
226.0
197.0
157.0
116.0
229.0
347.0
178.0
258.0
255.0
215.0
235.0
120.0
173.0
165.0
261.0
176.0
159.0
166.0
180.0
183.0
270.0
176.0
170.0
227.0
362.0
193.0
188.0
115.0
167.0
211.0
442.0
156.0
224.0
114.0
218.0
203.0
178.0
236.0
217.0
184.0
168.0
161.0
149.0
253.0
135.0
232.0
163.0
223.0
281.0
154.0
174.0
333.0
133.0
189.0
136.0
266.0
165.0
161.0
176.0
216.0
333.0
139.0
205.0
273.0
101.0
92.0
167.0
180.0
153.0
168.0
207.0
112.0
183.0
134.0
221.0
210.0
299.0
163.0
267.0
158.0
256.0
90.0
226.0
219.0
247.0
158.0
287.0
153.0
270.0
185.0
177.0
197.0
128.0
212.0
351.0
133.0
276.0
171.0
189.0
198.0
284.0
177.0
150.0
294.0
216.0
227.0
302.0
178.0
440.0
142.0
251.0
242.0
98.0
212.0
186.0
201.0
196.0
105.0
154.0
146.0
175.0
182.0
156.0
288.0
186.0
220.0
259.0
212.0
364.0
214.0
224.0
170.0
188.0
144.0
143.0
177.0
144.0
246.0
218.0
308.0
207.0
136.0
196.0
202.0
155.0
126.0
228.0
126.0
166.0
250.0
203.0
92.0
189.0
260.0
180.0
117.0
183.0
99.0
182.0
150.0
150.0
248.0
179.0
327.0
300.0
191.0
256.0
142.0
250.0
249.0
185.0
154.0
114.0
167.0
197.0
181.0
173.0
165.0
170.0
150.0
241.0
193.0
220.0
184.0
272.0
309.0
356.0
251.0
180.0
198.0
99.0
265.0
262.0
246.0
144.0
211.0
378.0
240.0
121.0
143.0
146.0
400.0
255.0
164.0
179.0
183.0
193.0
190.0
188.0
173.0
243.0
184.0
150.0
238.0
150.0
158.0
221.0
186.0
229.0
172.0
178.0
155.0
177.0
364.0
170.0
291.0
196.0
293.0
263.0
350.0
208.0
195.0
242.0
155.0
238.0
101.0
133.0
100.0
163.0
171.0
186.0
218.0
147.0
161.0
257.0
251.0
197.0
225.0
179.0
303.0
116.0
160.0
142.0
111.0
235.0
407.0
151.0
113.0
140.0
177.0
134.0
292.0
310.0
172.0
160.0
202.0
212.0
240.0
317.0
237.0
205.0
221.0
335.0
110.0
243.0
185.0
272.0
206.0
264.0
191.0
117.0
252.0
125.0
152.0
101.0
223.0
164.0
103.0
268.0
179.0
195.0
136.0
306.0
185.0
226.0
239.0
148.0
155.0
130.0
167.0
311.0
163.0
274.0
137.0
189.0
211.0
246.0
169.0
163.0
290.0
146.0
220.0
174.0
279.0
160.0
182.0
161.0
172.0
291.0
146.0
242.0
206.0
159.0
235.0
201.0
269.0
233.0
244.0
128.0
211.0
323.0
154.0
322.0
190.0
220.0
245.0
199.0
150.0
239.0
165.0
152.0
240.0
97.0
194.0
226.0
269.0
356.0
167.0
353.0
109.0
314.0
169.0
207.0
177.0
240.0
161.0
251.0
247.0
217.0
254.0
194.0
243.0
159.0
371.0
262.0
218.0
228.0
181.0
213.0
250.0
172.0
122.0
177.0
185.0
312.0
210.0
125.0
216.0
155.0
136.0
163.0
156.0
210.0
210.0
134.0
185.0
186.0
282.0
188.0
248.0
297.0
270.0
179.0
139.0
100.0
202.0
234.0
187.0
242.0
151.0
176.0
139.0
195.0
218.0
139.0
201.0
135.0
179.0
274.0
157.0
202.0
202.0
193.0
176.0
152.0
180.0
155.0
169.0
289.0
465.0
157.0
171.0
276.0
151.0
116.0
191.0
227.0
226.0
225.0
207.0
183.0
226.0
177.0
228.0
194.0
269.0
284.0
159.0
151.0
188.0
229.0
191.0
238.0
347.0
268.0
158.0
288.0
152.0
152.0
132.0
245.0
155.0
187.0
190.0
196.0
134.0
168.0
218.0
237.0
179.0
199.0
383.0
166.0
203.0
430.0
176.0
165.0
130.0
115.0
249.0
136.0
163.0
182.0
124.0
213.0
225.0
188.0
231.0
255.0
132.0
178.0
233.0
183.0
284.0
198.0
202.0
137.0
139.0
205.0
172.0
212.0
159.0
203.0
155.0
294.0
223.0
348.0
85.0
213.0
338.0
194.0
180.0
198.0
143.0
165.0
127.0
141.0
191.0
223.0
168.0
205.0
261.0
174.0
151.0
169.0
121.0
164.0
245.0
187.0
178.0
177.0
151.0
134.0
203.0
142.0
234.0
227.0
126.0
159.0
141.0
126.0
152.0
231.0
269.0
170.0
133.0
346.0
223.0
184.0
187.0
202.0
211.0
273.0
132.0
320.0
192.0
245.0
167.0
284.0
243.0
301.0
209.0
176.0
175.0
188.0
142.0
127.0
169.0
226.0
228.0
204.0
185.0
183.0
114.0
117.0
218.0
207.0
231.0
171.0
249.0
138.0
98.0
225.0
173.0
117.0
187.0
318.0
152.0
184.0
248.0
171.0
169.0
271.0
353.0
147.0
188.0
212.0
198.0
201.0
289.0
186.0
206.0
125.0
128.0
244.0
186.0
246.0
146.0
196.0
183.0
123.0
303.0
234.0
166.0
127.0
153.0
117.0
172.0
151.0
211.0
144.0
153.0
147.0
127.0
139.0
266.0
181.0
300.0
327.0
191.0
235.0
176.0
290.0
176.0
187.0
138.0
160.0
124.0
175.0
153.0
282.0
167.0
143.0
234.0
179.0
227.0
241.0
205.0
194.0
160.0
379.0
112.0
239.0
189.0
372.0
110.0
160.0
156.0
252.0
130.0
216.0
172.0
137.0
240.0
173.0
195.0
208.0
130.0
249.0
131.0
175.0
134.0
226.0
234.0
144.0
123.0
177.0
180.0
199.0
287.0
123.0
191.0
228.0
124.0
158.0
191.0
188.0
225.0
229.0
281.0
166.0
172.0
178.0
86.0
187.0
162.0
305.0
199.0
142.0
176.0
183.0
237.0
150.0
236.0
97.0
187.0
193.0
188.0
201.0
231.0
180.0
136.0
181.0
211.0
158.0
144.0
235.0
123.0
263.0
179.0
168.0
189.0
187.0
179.0
223.0
307.0
174.0
201.0
212.0
204.0
156.0
190.0
141.0
191.0
157.0
335.0
112.0
169.0
208.0
147.0
163.0
278.0
180.0
125.0
149.0
227.0
126.0
190.0
222.0
168.0
117.0
190.0
227.0
238.0
269.0
198.0
129.0
277.0
162.0
401.0
230.0
107.0
169.0
270.0
192.0
134.0
311.0
190.0
214.0
176.0
239.0
167.0
169.0
198.0
179.0
150.0
234.0
120.0
191.0
162.0
413.0
159.0
142.0
178.0
326.0
102.0
206.0
193.0
126.0
161.0
200.0
160.0
181.0
235.0
161.0
232.0
284.0
111.0
154.0
288.0
260.0
170.0
238.0
235.0
167.0
169.0
141.0
187.0
244.0
130.0
133.0
323.0
169.0
167.0
232.0
159.0
139.0
156.0
211.0
116.0
261.0
188.0
206.0
188.0
524.0
111.0
237.0
175.0
223.0
161.0
218.0
207.0
166.0
269.0
160.0
212.0
156.0
176.0
202.0
177.0
134.0
163.0
203.0
134.0
196.0
152.0
196.0
230.0
204.0
217.0
257.0
293.0
153.0
192.0
145.0
205.0
145.0
193.0
377.0
160.0
213.0
99.0
154.0
237.0
393.0
196.0
223.0
114.0
147.0
169.0
178.0
138.0
215.0
165.0
194.0
168.0
272.0
238.0
230.0
273.0
260.0
181.0
187.0
157.0
107.0
299.0
185.0
157.0
119.0
219.0
235.0
105.0
94.0
158.0
157.0
254.0
151.0
145.0
189.0
421.0
223.0
143.0
133.0
96.0
206.0
264.0
155.0
152.0
371.0
315.0
213.0
277.0
158.0
204.0
250.0
198.0
338.0
221.0
145.0
265.0
151.0
187.0
290.0
181.0
211.0
181.0
216.0
258.0
241.0
130.0
111.0
203.0
159.0
196.0
194.0
238.0
188.0
270.0
214.0
186.0
163.0
156.0
257.0
174.0
173.0
143.0
117.0
197.0
240.0
130.0
235.0
184.0
328.0
166.0
230.0
151.0
130.0
239.0
131.0
167.0
285.0
224.0
215.0
212.0
187.0
153.0
161.0
131.0
283.0
182.0
126.0
131.0
196.0
119.0
381.0
211.0
193.0
226.0
141.0
227.0
304.0
216.0
322.0
155.0
181.0
244.0
201.0
185.0
121.0
147.0
249.0
165.0
140.0
175.0
248.0
311.0
244.0
204.0
236.0
146.0
189.0
195.0
201.0
216.0
139.0
183.0
150.0
99.0
186.0
180.0
271.0
157.0
189.0
249.0
246.0
304.0
177.0
295.0
188.0
193.0
162.0
121.0
193.0
173.0
327.0
124.0
180.0
282.0
236.0
159.0
248.0
117.0
321.0
250.0
150.0
184.0
113.0
228.0
254.0
237.0
293.0
170.0
157.0
268.0
155.0
196.0
233.0
183.0
140.0
209.0
219.0
136.0
194.0
212.0
142.0
195.0
140.0
183.0
216.0
226.0
438.0
147.0
191.0
233.0
308.0
189.0
176.0
164.0
244.0
241.0
209.0
94.0
74.0
183.0
121.0
191.0
167.0
314.0
68.0
237.0
177.0
137.0
173.0
237.0
211.0
204.0
188.0
215.0
344.0
207.0
186.0
282.0
278.0
243.0
85.0
288.0
152.0
179.0
236.0
201.0
157.0
273.0
220.0
126.0
144.0
201.0
282.0
272.0
94.0
134.0
231.0
419.0
223.0
157.0
228.0
227.0
210.0
197.0
157.0
167.0
281.0
196.0
114.0
321.0
141.0
199.0
186.0
183.0
113.0
180.0
270.0
350.0
122.0
239.0
178.0
201.0
108.0
183.0
225.0
201.0
197.0
159.0
230.0
217.0
216.0
349.0
316.0
146.0
223.0
200.0
147.0
90.0
198.0
216.0
245.0
183.0
199.0
212.0
98.0
161.0
141.0
190.0
156.0
237.0
245.0
189.0
233.0
284.0
199.0
265.0
112.0
295.0
235.0
150.0
262.0
177.0
141.0
202.0
248.0
222.0
164.0
132.0
299.0
195.0
197.0
141.0
227.0
212.0
234.0
245.0
133.0
134.0
292.0
165.0
177.0
262.0
192.0
175.0
163.0
180.0
194.0
102.0
242.0
258.0
382.0
190.0
280.0
238.0
230.0
306.0
144.0
330.0
229.0
165.0
262.0
141.0
173.0
155.0
178.0
170.0
227.0
136.0
132.0
190.0
242.0
203.0
150.0
241.0
223.0
156.0
226.0
293.0
146.0
148.0
225.0
164.0
186.0
224.0
121.0
177.0
191.0
299.0
114.0
159.0
248.0
120.0
242.0
149.0
139.0
217.0
219.0
194.0
237.0
166.0
258.0
195.0
151.0
218.0
138.0
215.0
187.0
273.0
287.0
152.0
251.0
163.0
191.0
133.0
299.0
361.0
299.0
197.0
205.0
214.0
176.0
132.0
222.0
272.0
230.0
250.0
127.0
96.0
192.0
190.0
118.0
251.0
211.0
289.0
307.0
258.0
261.0
219.0
145.0
140.0
114.0
277.0
176.0
162.0
232.0
184.0
161.0
262.0
108.0
216.0
256.0
188.0
125.0
283.0
167.0
272.0
130.0
160.0
221.0
160.0
285.0
370.0
185.0
280.0
159.0
202.0
217.0
180.0
199.0
172.0
166.0
111.0
175.0
300.0
98.0
193.0
264.0
160.0
177.0
180.0
182.0
245.0
189.0
136.0
292.0
149.0
206.0
161.0
147.0
225.0
158.0
271.0
143.0
200.0
164.0
229.0
256.0
201.0
412.0
195.0
203.0
144.0
335.0
149.0
183.0
418.0
320.0
247.0
136.0
172.0
243.0
146.0
246.0
173.0
67.0
136.0
257.0
307.0
169.0
210.0
238.0
300.0
282.0
116.0
144.0
257.0
131.0
236.0
171.0
116.0
200.0
212.0
237.0
270.0
183.0
152.0
213.0
145.0
260.0
272.0
162.0
274.0
180.0
139.0
204.0
169.0
275.0
119.0
107.0
201.0
231.0
107.0
141.0
173.0
166.0
226.0
285.0
219.0
204.0
186.0
188.0
180.0
228.0
197.0
649.0
189.0
145.0
237.0
232.0
164.0
227.0
180.0
149.0
213.0
158.0
195.0
170.0
284.0
256.0
271.0
293.0
125.0
199.0
144.0
181.0
404.0
139.0
221.0
182.0
169.0
259.0
155.0
124.0
103.0
144.0
211.0
221.0
171.0
187.0
206.0
195.0
188.0
126.0
284.0
314.0
168.0
664.0
206.0
201.0
130.0
240.0
154.0
247.0
175.0
154.0
160.0
115.0
220.0
168.0
246.0
124.0
185.0
370.0
138.0
110.0
147.0
249.0
119.0
132.0
243.0
155.0
195.0
302.0
258.0
214.0
240.0
198.0
172.0
231.0
134.0
156.0
150.0
124.0
208.0
266.0
210.0
181.0
417.0
142.0
189.0
192.0
118.0
206.0
186.0
313.0
215.0
206.0
99.0
194.0
120.0
133.0
197.0
267.0
261.0
207.0
229.0
138.0
194.0
341.0
133.0
215.0
165.0
314.0
311.0
254.0
157.0
154.0
146.0
180.0
107.0
261.0
146.0
280.0
172.0
288.0
167.0
215.0
191.0
160.0
131.0
125.0
244.0
97.0
198.0
193.0
173.0
384.0
251.0
163.0
205.0
211.0
159.0
185.0
263.0
234.0
228.0
217.0
269.0
208.0
145.0
217.0
252.0
199.0
188.0
117.0
178.0
136.0
141.0
140.0
167.0
174.0
364.0
142.0
223.0
144.0
153.0
205.0
139.0
245.0
126.0
149.0
154.0
195.0
145.0
270.0
511.0
224.0
166.0
207.0
236.0
157.0
225.0
254.0
173.0
157.0
128.0
148.0
188.0
136.0
215.0
203.0
207.0
90.0
197.0
264.0
250.0
231.0
155.0
125.0
240.0
152.0
232.0
178.0
231.0
123.0
185.0
141.0
176.0
116.0
116.0
209.0
226.0
115.0
329.0
150.0
199.0
209.0
200.0
101.0
165.0
154.0
396.0
148.0
187.0
202.0
260.0
226.0
236.0
144.0
187.0
128.0
131.0
277.0
148.0
273.0
256.0
194.0
206.0
112.0
211.0
231.0
226.0
255.0
246.0
130.0
199.0
195.0
215.0
197.0
257.0
218.0
225.0
220.0
171.0
234.0
223.0
133.0
222.0
87.0
214.0
173.0
130.0
163.0
141.0
184.0
170.0
144.0
221.0
130.0
213.0
297.0
293.0
197.0
161.0
132.0
234.0
201.0
302.0
297.0
126.0
133.0
186.0
227.0
152.0
154.0
146.0
180.0
98.0
224.0
97.0
164.0
159.0
314.0
102.0
138.0
243.0
106.0
204.0
203.0
196.0
283.0
125.0
188.0
261.0
201.0
284.0
179.0
159.0
268.0
203.0
135.0
139.0
198.0
144.0
283.0
221.0
213.0
222.0
146.0
195.0
291.0
206.0
182.0
202.0
204.0
144.0
160.0
240.0
206.0
210.0
119.0
125.0
221.0
149.0
183.0
145.0
163.0
222.0
195.0
182.0
129.0
165.0
202.0
124.0
134.0
201.0
203.0
167.0
247.0
139.0
327.0
187.0
122.0
216.0
253.0
141.0
227.0
172.0
126.0
179.0
255.0
153.0
202.0
127.0
281.0
144.0
167.0
184.0
213.0
249.0
107.0
210.0
152.0
205.0
157.0
221.0
239.0
242.0
223.0
168.0
245.0
163.0
200.0
166.0
361.0
90.0
133.0
215.0
267.0
187.0
150.0
235.0
214.0
275.0
170.0
255.0
227.0
210.0
240.0
243.0
218.0
174.0
244.0
231.0
93.0
175.0
184.0
217.0
147.0
196.0
127.0
196.0
232.0
122.0
295.0
159.0
240.0
192.0
159.0
233.0
192.0
205.0
142.0
158.0
252.0
163.0
317.0
188.0
151.0
254.0
253.0
207.0
142.0
190.0
106.0
225.0
118.0
94.0
107.0
172.0
203.0
337.0
136.0
185.0
184.0
149.0
142.0
188.0
367.0
226.0
295.0
176.0
216.0
285.0
184.0
302.0
237.0
141.0
179.0
167.0
199.0
153.0
171.0
186.0
258.0
244.0
175.0
313.0
276.0
176.0
120.0
169.0
215.0
175.0
325.0
147.0
211.0
164.0
276.0
336.0
140.0
298.0
151.0
205.0
210.0
236.0
184.0
212.0
154.0
173.0
255.0
216.0
136.0
157.0
287.0
139.0
336.0
116.0
187.0
114.0
169.0
186.0
174.0
201.0
199.0
182.0
149.0
249.0
274.0
170.0
204.0
173.0
260.0
301.0
162.0
209.0
213.0
168.0
170.0
157.0
205.0
91.0
122.0
265.0
191.0
156.0
196.0
142.0
233.0
198.0
95.0
319.0
125.0
157.0
250.0
279.0
224.0
219.0
144.0
201.0
209.0
175.0
212.0
144.0
211.0
470.0
217.0
109.0
141.0
201.0
237.0
220.0
158.0
175.0
199.0
220.0
269.0
221.0
262.0
258.0
224.0
146.0
194.0
130.0
244.0
142.0
114.0
196.0
221.0
231.0
270.0
179.0
162.0
119.0
205.0
160.0
176.0
233.0
212.0
270.0
154.0
280.0
312.0
176.0
188.0
121.0
267.0
118.0
184.0
300.0
158.0
83.0
176.0
203.0
209.0
164.0
222.0
191.0
136.0
185.0
168.0
195.0
246.0
211.0
287.0
137.0
98.0
391.0
189.0
198.0
190.0
200.0
200.0
198.0
130.0
222.0
287.0
141.0
249.0
212.0
217.0
202.0
227.0
181.0
220.0
371.0
134.0
254.0
165.0
197.0
157.0
156.0
257.0
199.0
283.0
184.0
138.0
116.0
220.0
114.0
274.0
155.0
220.0
289.0
189.0
159.0
170.0
182.0
156.0
215.0
142.0
154.0
175.0
146.0
199.0
149.0
176.0
253.0
73.0
179.0
277.0
175.0
292.0
198.0
250.0
159.0
167.0
227.0
194.0
116.0
279.0
123.0
187.0
188.0
170.0
186.0
128.0
231.0
176.0
204.0
271.0
155.0
604.0
155.0
233.0
1256.0
302.0
187.0
86.0
221.0
265.0
298.0
224.0
161.0
230.0
145.0
159.0
373.0
173.0
231.0
179.0
140.0
196.0
229.0
217.0
316.0
154.0
132.0
173.0
149.0
152.0
204.0
245.0
168.0
240.0
135.0
243.0
234.0
194.0
136.0
161.0
215.0
163.0
227.0
182.0
230.0
145.0
226.0
319.0
152.0
149.0
151.0
272.0
169.0
178.0
194.0
205.0
195.0
196.0
103.0
215.0
153.0
207.0
151.0
168.0
198.0
348.0
172.0
129.0
141.0
144.0
183.0
178.0
137.0
238.0
130.0
236.0
212.0
231.0
207.0
202.0
187.0
239.0
252.0
200.0
266.0
136.0
206.0
130.0
107.0
103.0
144.0
199.0
220.0
231.0
213.0
140.0
154.0
252.0
239.0
299.0
213.0
253.0
319.0
87.0
163.0
522.0
182.0
201.0
395.0
174.0
91.0
269.0
162.0
222.0
179.0
151.0
125.0
246.0
176.0
224.0
171.0
150.0
138.0
147.0
249.0
139.0
205.0
228.0
162.0
216.0
186.0
106.0
146.0
366.0
201.0
110.0
187.0
213.0
163.0
108.0
162.0
217.0
199.0
157.0
171.0
216.0
163.0
160.0
186.0
301.0
173.0
264.0
319.0
147.0
253.0
207.0
257.0
209.0
184.0
156.0
189.0
178.0
252.0
116.0
272.0
159.0
210.0
129.0
188.0
379.0
122.0
131.0
171.0
200.0
239.0
270.0
211.0
186.0
177.0
160.0
184.0
169.0
176.0
214.0
118.0
108.0
165.0
123.0
266.0
160.0
389.0
207.0
165.0
196.0
199.0
247.0
150.0
176.0
110.0
116.0
329.0
187.0
240.0
263.0
177.0
197.0
157.0
242.0
173.0
1474.0
277.0
180.0
147.0
169.0
296.0
253.0
178.0
122.0
211.0
140.0
110.0
203.0
293.0
279.0
170.0
145.0
364.0
150.0
308.0
202.0
191.0
212.0
171.0
158.0
155.0
269.0
205.0
136.0
179.0
144.0
236.0
122.0
203.0
161.0
292.0
286.0
158.0
193.0
124.0
239.0
170.0
256.0
506.0
137.0
184.0
254.0
146.0
186.0
203.0
282.0
179.0
417.0
193.0
104.0
196.0
269.0
173.0
271.0
274.0
194.0
111.0
114.0
139.0
299.0
159.0
174.0
233.0
210.0
306.0
186.0
143.0
227.0
157.0
114.0
126.0
119.0
207.0
318.0
157.0
202.0
187.0
237.0
143.0
172.0
272.0
150.0
191.0
174.0
281.0
188.0
130.0
249.0
226.0
208.0
159.0
149.0
97.0
244.0
185.0
256.0
394.0
238.0
188.0
383.0
226.0
102.0
227.0
255.0
269.0
200.0
159.0
204.0
98.0
167.0
209.0
242.0
196.0
188.0
175.0
381.0
197.0
280.0
178.0
201.0
199.0
167.0
310.0
237.0
133.0
167.0
182.0
175.0
271.0
193.0
172.0
208.0
143.0
151.0
151.0
170.0
137.0
289.0
251.0
257.0
134.0
181.0
489.0
206.0
171.0
282.0
236.0
175.0
203.0
303.0
239.0
210.0
200.0
162.0
189.0
235.0
231.0
106.0
337.0
214.0
143.0
184.0
184.0
210.0
348.0
166.0
285.0
222.0
124.0
209.0
197.0
257.0
155.0
162.0
308.0
143.0
200.0
170.0
108.0
126.0
305.0
201.0
198.0
163.0
205.0
133.0
192.0
203.0
142.0
206.0
157.0
363.0
98.0
180.0
286.0
211.0
162.0
111.0
255.0
137.0
147.0
190.0
178.0
567.0
155.0
225.0
192.0
243.0
108.0
151.0
212.0
225.0
144.0
415.0
180.0
113.0
200.0
230.0
219.0
147.0
478.0
252.0
178.0
287.0
133.0
177.0
169.0
239.0
192.0
249.0
164.0
165.0
234.0
191.0
207.0
166.0
246.0
196.0
303.0
270.0
267.0
104.0
188.0
112.0
294.0
158.0
238.0
282.0
188.0
202.0
135.0
204.0
167.0
201.0
147.0
152.0
230.0
252.0
190.0
201.0
189.0
174.0
127.0
198.0
209.0
143.0
146.0
233.0
285.0
134.0
162.0
249.0
280.0
166.0
130.0
133.0
177.0
182.0
345.0
152.0
214.0
404.0
224.0
168.0
193.0
178.0
232.0
128.0
194.0
179.0
177.0
364.0
186.0
221.0
166.0
174.0
183.0
277.0
180.0
148.0
300.0
211.0
243.0
147.0
202.0
271.0
182.0
163.0
103.0
236.0
146.0
199.0
176.0
90.0
152.0
214.0
235.0
157.0
167.0
383.0
320.0
197.0
151.0
227.0
162.0
179.0
147.0
201.0
253.0
210.0
226.0
142.0
247.0
234.0
165.0
193.0
152.0
448.0
130.0
131.0
246.0
83.0
234.0
186.0
208.0
251.0
177.0
250.0
205.0
228.0
181.0
212.0
201.0
204.0
142.0
123.0
161.0
237.0
210.0
225.0
174.0
258.0
149.0
154.0
80.0
225.0
154.0
163.0
235.0
146.0
171.0
143.0
218.0
257.0
248.0
160.0
176.0
267.0
125.0
183.0
191.0
239.0
109.0
245.0
100.0
116.0
184.0
232.0
250.0
215.0
275.0
136.0
121.0
91.0
169.0
169.0
151.0
203.0
137.0
217.0
189.0
320.0
279.0
223.0
268.0
126.0
274.0
240.0
148.0
210.0
221.0
290.0
160.0
174.0
200.0
164.0
133.0
155.0
140.0
213.0
220.0
138.0
174.0
178.0
168.0
204.0
254.0
184.0
129.0
120.0
177.0
163.0
163.0
171.0
213.0
253.0
208.0
205.0
216.0
492.0
89.0
347.0
249.0
181.0
201.0
147.0
229.0
269.0
73.0
245.0
276.0
248.0
118.0
291.0
236.0
229.0
174.0
182.0
220.0
176.0
213.0
269.0
142.0
126.0
203.0
135.0
158.0
264.0
154.0
181.0
119.0
279.0
188.0
95.0
206.0
193.0
271.0
181.0
353.0
258.0
217.0
173.0
179.0
117.0
187.0
150.0
213.0
309.0
619.0
151.0
356.0
183.0
256.0
240.0
176.0
311.0
200.0
193.0
165.0
217.0
281.0
185.0
164.0
212.0
115.0
227.0
143.0
176.0
149.0
111.0
223.0
112.0
129.0
179.0
234.0
377.0
231.0
255.0
179.0
204.0
225.0
139.0
130.0
150.0
129.0
229.0
169.0
266.0
188.0
136.0
346.0
244.0
175.0
196.0
305.0
169.0
198.0
202.0
317.0
117.0
169.0
192.0
122.0
223.0
181.0
233.0
161.0
185.0
228.0
145.0
101.0
191.0
439.0
268.0
403.0
200.0
161.0
223.0
148.0
167.0
168.0
159.0
80.0
246.0
184.0
219.0
191.0
234.0
208.0
243.0
228.0
150.0
173.0
219.0
137.0
230.0
260.0
361.0
224.0
156.0
131.0
171.0
218.0
124.0
152.0
285.0
231.0
146.0
198.0
164.0
193.0
316.0
147.0
190.0
214.0
116.0
173.0
217.0
261.0
233.0
164.0
126.0
114.0
181.0
225.0
214.0
307.0
149.0
161.0
255.0
143.0
124.0
153.0
267.0
164.0
189.0
153.0
226.0
192.0
167.0
145.0
252.0
150.0
124.0
155.0
89.0
305.0
143.0
170.0
250.0
211.0
180.0
179.0
152.0
251.0
208.0
302.0
174.0
231.0
188.0
197.0
314.0
111.0
155.0
136.0
183.0
177.0
179.0
170.0
311.0
125.0
166.0
147.0
197.0
261.0
257.0
166.0
263.0
154.0
244.0
116.0
203.0
218.0
245.0
201.0
153.0
213.0
219.0
134.0
153.0
300.0
186.0
105.0
184.0
230.0
135.0
209.0
193.0
161.0
121.0
181.0
216.0
155.0
119.0
180.0
175.0
172.0
232.0
280.0
210.0
153.0
189.0
254.0
173.0
96.0
135.0
190.0
181.0
185.0
189.0
235.0
112.0
149.0
226.0
155.0
183.0
192.0
193.0
150.0
180.0
165.0
157.0
144.0
200.0
196.0
221.0
142.0
168.0
240.0
264.0
196.0
194.0
170.0
220.0
153.0
178.0
146.0
152.0
246.0
266.0
234.0
240.0
171.0
272.0
226.0
129.0
135.0
179.0
130.0
268.0
1027.0
167.0
160.0
251.0
153.0
181.0
199.0
261.0
209.0
191.0
175.0
196.0
218.0
118.0
115.0
144.0
246.0
143.0
169.0
434.0
374.0
250.0
204.0
210.0
123.0
194.0
235.0
211.0
165.0
157.0
131.0
242.0
212.0
164.0
202.0
213.0
188.0
192.0
196.0
110.0
250.0
196.0
291.0
163.0
278.0
261.0
213.0
117.0
185.0
355.0
193.0
148.0
127.0
250.0
170.0
259.0
385.0
144.0
315.0
200.0
201.0
203.0
244.0
181.0
168.0
181.0
134.0
157.0
199.0
130.0
277.0
147.0
164.0
187.0
218.0
143.0
341.0
195.0
220.0
302.0
192.0
207.0
134.0
237.0
260.0
216.0
115.0
151.0
204.0
300.0
264.0
208.0
215.0
305.0
200.0
141.0
195.0
222.0
179.0
204.0
272.0
209.0
171.0
268.0
483.0
134.0
208.0
142.0
155.0
169.0
163.0
181.0
170.0
133.0
155.0
282.0
111.0
160.0
186.0
226.0
290.0
215.0
142.0
459.0
239.0
328.0
97.0
289.0
171.0
149.0
133.0
154.0
143.0
111.0
166.0
161.0
235.0
188.0
248.0
159.0
235.0
215.0
136.0
211.0
305.0
143.0
265.0
112.0
260.0
225.0
188.0
162.0
130.0
174.0
177.0
150.0
287.0
131.0
141.0
227.0
182.0
166.0
290.0
185.0
156.0
237.0
245.0
166.0
329.0
129.0
169.0
133.0
156.0
118.0
263.0
171.0
194.0
143.0
142.0
264.0
171.0
228.0
118.0
185.0
262.0
238.0
158.0
285.0
135.0
143.0
159.0
257.0
279.0
190.0
235.0
92.0
160.0
196.0
199.0
132.0
103.0
201.0
168.0
167.0
153.0
264.0
1827.0
215.0
188.0
211.0
172.0
166.0
148.0
214.0
149.0
181.0
144.0
201.0
326.0
210.0
247.0
193.0
248.0
159.0
212.0
240.0
158.0
279.0
363.0
168.0
239.0
359.0
256.0
121.0
173.0
156.0
218.0
195.0
199.0
181.0
249.0
273.0
112.0
207.0
396.0
205.0
134.0
123.0
171.0
306.0
147.0
80.0
178.0
368.0
255.0
162.0
136.0
134.0
153.0
167.0
167.0
116.0
260.0
277.0
124.0
219.0
157.0
201.0
135.0
138.0
177.0
434.0
170.0
150.0
163.0
209.0
266.0
220.0
151.0
292.0
165.0
231.0
183.0
202.0
225.0
218.0
355.0
139.0
151.0
164.0
192.0
248.0
206.0
262.0
190.0
156.0
279.0
196.0
225.0
192.0
151.0
146.0
228.0
195.0
202.0
297.0
149.0
240.0
305.0
192.0
337.0
113.0
263.0
205.0
215.0
235.0
219.0
216.0
161.0
145.0
150.0
117.0
211.0
182.0
159.0
211.0
194.0
341.0
186.0
486.0
160.0
289.0
216.0
263.0
129.0
219.0
300.0
184.0
176.0
169.0
236.0
195.0
176.0
250.0
145.0
110.0
208.0
177.0
266.0
200.0
214.0
214.0
116.0
245.0
140.0
180.0
168.0
175.0
160.0
206.0
204.0
140.0
239.0
364.0
173.0
207.0
299.0
201.0
167.0
327.0
258.0
220.0
246.0
180.0
156.0
234.0
246.0
192.0
251.0
173.0
165.0
230.0
137.0
181.0
111.0
105.0
204.0
179.0
316.0
191.0
233.0
177.0
302.0
123.0
197.0
143.0
187.0
128.0
234.0
118.0
230.0
276.0
187.0
178.0
236.0
232.0
261.0
115.0
139.0
301.0
131.0
159.0
309.0
207.0
119.0
268.0
141.0
218.0
176.0
191.0
345.0
153.0
224.0
140.0
192.0
187.0
132.0
238.0
207.0
251.0
220.0
304.0
191.0
378.0
166.0
204.0
182.0
136.0
160.0
190.0
257.0
312.0
157.0
177.0
267.0
169.0
213.0
131.0
369.0
301.0
247.0
168.0
162.0
131.0
191.0
142.0
191.0
131.0
264.0
261.0
168.0
233.0
187.0
270.0
266.0
148.0
202.0
246.0
235.0
154.0
188.0
153.0
264.0
272.0
249.0
149.0
360.0
178.0
175.0
223.0
185.0
140.0
306.0
167.0
151.0
277.0
249.0
167.0
223.0
238.0
177.0
228.0
245.0
183.0
166.0
207.0
183.0
196.0
236.0
214.0
117.0
203.0
341.0
111.0
259.0
181.0
166.0
243.0
230.0
118.0
187.0
296.0
215.0
126.0
196.0
140.0
304.0
195.0
226.0
128.0
254.0
207.0
167.0
202.0
321.0
243.0
168.0
184.0
383.0
142.0
206.0
253.0
295.0
427.0
177.0
173.0
301.0
185.0
213.0
281.0
165.0
168.0
165.0
170.0
208.0
139.0
295.0
156.0
139.0
165.0
200.0
161.0
146.0
176.0
169.0
210.0
181.0
160.0
180.0
223.0
172.0
145.0
179.0
156.0
161.0
386.0
149.0
232.0
176.0
210.0
235.0
192.0
150.0
166.0
206.0
300.0
198.0
198.0
166.0
222.0
212.0
228.0
225.0
304.0
192.0
145.0
217.0
157.0
235.0
240.0
192.0
130.0
133.0
225.0
152.0
323.0
172.0
182.0
108.0
141.0
281.0
138.0
257.0
161.0
206.0
204.0
165.0
178.0
172.0
274.0
200.0
171.0
310.0
210.0
657.0
138.0
150.0
157.0
153.0
170.0
179.0
186.0
176.0
152.0
180.0
268.0
204.0
160.0
134.0
239.0
181.0
210.0
262.0
261.0
194.0
205.0
321.0
234.0
156.0
149.0
102.0
299.0
162.0
212.0
137.0
91.0
103.0
247.0
212.0
204.0
239.0
235.0
150.0
148.0
216.0
194.0
212.0
216.0
139.0
260.0
304.0
254.0
231.0
189.0
148.0
205.0
225.0
233.0
178.0
307.0
185.0
242.0
126.0
179.0
104.0
167.0
188.0
181.0
207.0
232.0
169.0
142.0
160.0
160.0
148.0
234.0
186.0
155.0
204.0
190.0
177.0
207.0
225.0
181.0
187.0
184.0
278.0
144.0
177.0
346.0
208.0
155.0
158.0
129.0
357.0
227.0
192.0
212.0
238.0
133.0
214.0
177.0
178.0
324.0
213.0
157.0
220.0
405.0
184.0
217.0
213.0
253.0
187.0
149.0
222.0
127.0
250.0
174.0
135.0
163.0
237.0
257.0
165.0
174.0
131.0
305.0
281.0
230.0
302.0
176.0
164.0
233.0
190.0
206.0
229.0
150.0
353.0
266.0
123.0
174.0
185.0
320.0
194.0
215.0
157.0
133.0
224.0
153.0
204.0
241.0
165.0
262.0
107.0
161.0
218.0
178.0
185.0
234.0
164.0
187.0
111.0
136.0
204.0
161.0
314.0
228.0
196.0
142.0
168.0
177.0
189.0
262.0
206.0
218.0
224.0
274.0
213.0
134.0
140.0
349.0
163.0
159.0
156.0
237.0
149.0
273.0
124.0
181.0
260.0
135.0
251.0
156.0
232.0
242.0
221.0
221.0
151.0
334.0
256.0
214.0
146.0
159.0
135.0
234.0
152.0
126.0
297.0
204.0
203.0
142.0
258.0
134.0
178.0
201.0
180.0
104.0
135.0
231.0
188.0
166.0
194.0
205.0
194.0
230.0
203.0
336.0
255.0
161.0
164.0
244.0
170.0
148.0
170.0
195.0
223.0
200.0
275.0
109.0
186.0
154.0
206.0
137.0
130.0
330.0
159.0
183.0
241.0
202.0
162.0
209.0
108.0
155.0
182.0
259.0
234.0
177.0
153.0
134.0
211.0
299.0
210.0
176.0
408.0
169.0
116.0
149.0
285.0
259.0
162.0
198.0
192.0
183.0
162.0
166.0
185.0
317.0
208.0
222.0
278.0
129.0
199.0
237.0
145.0
249.0
207.0
184.0
195.0
134.0
165.0
202.0
177.0
164.0
238.0
156.0
172.0
219.0
175.0
253.0
184.0
163.0
177.0
169.0
170.0
176.0
169.0
167.0
125.0
242.0
176.0
117.0
213.0
216.0
253.0
238.0
149.0
202.0
160.0
222.0
141.0
171.0
189.0
173.0
261.0
212.0
143.0
155.0
195.0
200.0
195.0
213.0
121.0
156.0
124.0
196.0
195.0
165.0
214.0
144.0
321.0
227.0
306.0
231.0
184.0
233.0
129.0
125.0
174.0
183.0
187.0
185.0
215.0
194.0
181.0
118.0
189.0
190.0
299.0
181.0
123.0
206.0
169.0
133.0
155.0
230.0
286.0
156.0
127.0
270.0
181.0
272.0
151.0
248.0
185.0
230.0
233.0
95.0
205.0
134.0
127.0
225.0
175.0
280.0
254.0
185.0
364.0
307.0
204.0
156.0
213.0
119.0
239.0
214.0
164.0
203.0
201.0
142.0
218.0
164.0
181.0
204.0
231.0
410.0
148.0
164.0
162.0
253.0
223.0
181.0
240.0
194.0
192.0
219.0
209.0
143.0
135.0
215.0
314.0
232.0
274.0
133.0
192.0
207.0
161.0
244.0
263.0
154.0
223.0
163.0
198.0
135.0
195.0
217.0
142.0
219.0
241.0
241.0
155.0
181.0
205.0
281.0
166.0
157.0
197.0
161.0
210.0
192.0
140.0
209.0
250.0
225.0
178.0
258.0
264.0
166.0
194.0
176.0
234.0
178.0
180.0
176.0
176.0
252.0
239.0
187.0
198.0
221.0
169.0
294.0
238.0
195.0
158.0
171.0
191.0
230.0
236.0
140.0
231.0
176.0
211.0
165.0
194.0
221.0
269.0
296.0
223.0
140.0
208.0
173.0
309.0
221.0
123.0
126.0
144.0
276.0
371.0
191.0
174.0
154.0
220.0
233.0
144.0
236.0
133.0
174.0
241.0
252.0
243.0
171.0
244.0
319.0
230.0
164.0
235.0
131.0
139.0
167.0
167.0
167.0
219.0
167.0
181.0
152.0
223.0
155.0
262.0
150.0
226.0
196.0
160.0
211.0
176.0
215.0
215.0
185.0
190.0
157.0
197.0
233.0
187.0
153.0
161.0
117.0
238.0
179.0
244.0
138.0
211.0
222.0
233.0
184.0
232.0
163.0
261.0
141.0
223.0
288.0
219.0
167.0
159.0
131.0
196.0
157.0
157.0
258.0
251.0
152.0
223.0
269.0
188.0
173.0
218.0
130.0
168.0
255.0
308.0
193.0
132.0
155.0
111.0
189.0
234.0
220.0
215.0
229.0
142.0
132.0
211.0
222.0
236.0
241.0
584.0
148.0
241.0
227.0
198.0
306.0
191.0
259.0
269.0
169.0
157.0
281.0
173.0
260.0
168.0
239.0
285.0
127.0
196.0
124.0
178.0
174.0
327.0
224.0
307.0
162.0
266.0
181.0
272.0
124.0
168.0
216.0
214.0
172.0
167.0
237.0
255.0
174.0
154.0
245.0
258.0
226.0
175.0
323.0
269.0
179.0
144.0
160.0
172.0
141.0
178.0
247.0
261.0
180.0
185.0
155.0
191.0
209.0
290.0
220.0
171.0
133.0
200.0
178.0
195.0
394.0
121.0
189.0
228.0
252.0
163.0
213.0
208.0
130.0
186.0
276.0
201.0
304.0
266.0
199.0
190.0
273.0
250.0
364.0
188.0
201.0
237.0
187.0
216.0
177.0
187.0
167.0
168.0
115.0
204.0
197.0
152.0
180.0
150.0
231.0
356.0
251.0
355.0
328.0
116.0
204.0
176.0
331.0
220.0
168.0
172.0
306.0
172.0
149.0
198.0
169.0
179.0
221.0
145.0
148.0
137.0
243.0
198.0
248.0
207.0
242.0
254.0
305.0
216.0
205.0
274.0
235.0
151.0
144.0
184.0
205.0
232.0
216.0
152.0
269.0
134.0
175.0
159.0
400.0
221.0
234.0
142.0
206.0
209.0
173.0
149.0
222.0
164.0
143.0
199.0
167.0
171.0
274.0
229.0
187.0
138.0
289.0
234.0
243.0
179.0
208.0
247.0
120.0
237.0
362.0
144.0
152.0
192.0
217.0
246.0
176.0
340.0
130.0
183.0
171.0
218.0
154.0
193.0
142.0
242.0
134.0
227.0
239.0
135.0
138.0
162.0
218.0
220.0
212.0
197.0
115.0
159.0
210.0
137.0
240.0
181.0
211.0
219.0
141.0
263.0
261.0
197.0
239.0
211.0
181.0
189.0
153.0
222.0
235.0
203.0
171.0
151.0
177.0
265.0
117.0
191.0
156.0
201.0
179.0
184.0
239.0
236.0
172.0
220.0
197.0
273.0
195.0
113.0
224.0
167.0
118.0
281.0
273.0
230.0
256.0
171.0
140.0
182.0
195.0
245.0
274.0
195.0
261.0
232.0
246.0
104.0
262.0
212.0
170.0
185.0
223.0
207.0
211.0
242.0
253.0
229.0
235.0
211.0
137.0
196.0
132.0
126.0
193.0
225.0
191.0
150.0
158.0
163.0
225.0
184.0
219.0
230.0
173.0
194.0
155.0
175.0
170.0
307.0
203.0
295.0
196.0
239.0
134.0
169.0
156.0
211.0
222.0
227.0
182.0
155.0
146.0
225.0
221.0
157.0
221.0
221.0
139.0
150.0
280.0
166.0
305.0
156.0
231.0
222.0
224.0
277.0
182.0
147.0
167.0
200.0
161.0
186.0
241.0
163.0
257.0
161.0
184.0
188.0
163.0
180.0
267.0
195.0
227.0
309.0
136.0
184.0
168.0
304.0
251.0
179.0
235.0
300.0
140.0
187.0
165.0
98.0
202.0
251.0
199.0
227.0
147.0
95.0
230.0
201.0
356.0
247.0
174.0
252.0
149.0
214.0
131.0
93.0
201.0
185.0
240.0
112.0
169.0
213.0
206.0
170.0
202.0
192.0
191.0
154.0
181.0
224.0
159.0
156.0
120.0
241.0
255.0
177.0
248.0
214.0
171.0
258.0
227.0
162.0
189.0
177.0
309.0
196.0
211.0
225.0
150.0
187.0
210.0
159.0
313.0
147.0
237.0
267.0
248.0
230.0
191.0
311.0
180.0
284.0
296.0
168.0
163.0
120.0
180.0
205.0
449.0
193.0
185.0
179.0
230.0
180.0
168.0
211.0
132.0
229.0
246.0
241.0
210.0
255.0
223.0
287.0
203.0
180.0
209.0
274.0
165.0
104.0
213.0
293.0
178.0
127.0
210.0
181.0
216.0
158.0
229.0
168.0
142.0
218.0
134.0
112.0
317.0
171.0
134.0
173.0
208.0
227.0
238.0
239.0
198.0
176.0
262.0
285.0
237.0
180.0
188.0
345.0
168.0
260.0
236.0
187.0
121.0
237.0
236.0
288.0
151.0
201.0
161.0
120.0
185.0
207.0
201.0
323.0
292.0
258.0
229.0
235.0
187.0
128.0
144.0
262.0
184.0
320.0
215.0
190.0
137.0
269.0
162.0
220.0
154.0
168.0
188.0
273.0
233.0
237.0
306.0
192.0
135.0
188.0
141.0
212.0
209.0
140.0
248.0
196.0
218.0
165.0
197.0
244.0
233.0
153.0
188.0
299.0
264.0
229.0
188.0
246.0
173.0
254.0
216.0
135.0
161.0
302.0
152.0
245.0
203.0
214.0
205.0
208.0
235.0
229.0
219.0
233.0
267.0
196.0
171.0
273.0
198.0
245.0
177.0
199.0
120.0
148.0
218.0
270.0
271.0
182.0
196.0
141.0
216.0
180.0
153.0
233.0
198.0
188.0
224.0
125.0
126.0
171.0
260.0
173.0
161.0
162.0
185.0
260.0
117.0
184.0
188.0
170.0
179.0
305.0
95.0
131.0
200.0
216.0
239.0
214.0
226.0
126.0
333.0
178.0
224.0
199.0
190.0
210.0
304.0
255.0
225.0
197.0
253.0
353.0
199.0
234.0
161.0
131.0
199.0
136.0
216.0
235.0
182.0
222.0
157.0
217.0
275.0
148.0
257.0
177.0
183.0
152.0
170.0
110.0
159.0
250.0
140.0
178.0
319.0
204.0
185.0
200.0
202.0
217.0
218.0
231.0
207.0
205.0
151.0
188.0
243.0
192.0
218.0
181.0
194.0
308.0
155.0
186.0
236.0
119.0
223.0
151.0
198.0
246.0
220.0
173.0
142.0
110.0
224.0
213.0
166.0
202.0
289.0
219.0
226.0
227.0
229.0
143.0
198.0
169.0
162.0
202.0
156.0
225.0
113.0
257.0
253.0
173.0
191.0
244.0
250.0
195.0
154.0
260.0
175.0
190.0
201.0
159.0
107.0
175.0
161.0
164.0
205.0
216.0
203.0
213.0
238.0
250.0
204.0
191.0
136.0
212.0
188.0
173.0
201.0
215.0
257.0
189.0
138.0
168.0
168.0
184.0
129.0
271.0
200.0
206.0
264.0
302.0
166.0
140.0
171.0
205.0
274.0
178.0
181.0
288.0
193.0
234.0
155.0
125.0
227.0
179.0
226.0
125.0
157.0
250.0
190.0
173.0
182.0
187.0
273.0
287.0
216.0
256.0
190.0
194.0
279.0
176.0
122.0
219.0
154.0
157.0
130.0
343.0
185.0
222.0
196.0
217.0
171.0
226.0
187.0
255.0
195.0
221.0
225.0
211.0
104.0
202.0
235.0
193.0
173.0
110.0
213.0
242.0
142.0
212.0
129.0
158.0
267.0
149.0
181.0
316.0
262.0
210.0
274.0
204.0
208.0
185.0
268.0
186.0
147.0
156.0
201.0
141.0
244.0
209.0
150.0
234.0
234.0
277.0
129.0
92.0
249.0
82.0
255.0
267.0
249.0
162.0
118.0
231.0
149.0
262.0
115.0
241.0
286.0
192.0
228.0
276.0
195.0
106.0
173.0
199.0
206.0
201.0
225.0
171.0
152.0
137.0
181.0
270.0
231.0
230.0
141.0
235.0
212.0
284.0
184.0
174.0
168.0
137.0
87.0
105.0
201.0
279.0
171.0
273.0
172.0
206.0
149.0
188.0
148.0
173.0
213.0
201.0
195.0
139.0
168.0
215.0
242.0
139.0
225.0
197.0
184.0
173.0
224.0
251.0
182.0
318.0
210.0
284.0
107.0
362.0
137.0
123.0
202.0
290.0
228.0
128.0
233.0
176.0
235.0
143.0
287.0
144.0
114.0
226.0
249.0
217.0
211.0
171.0
148.0
189.0
253.0
210.0
241.0
215.0
199.0
142.0
188.0
241.0
210.0
248.0
210.0
166.0
125.0
125.0
161.0
234.0
229.0
164.0
252.0
181.0
182.0
386.0
169.0
150.0
126.0
157.0
228.0
190.0
205.0
266.0
262.0
311.0
231.0
123.0
119.0
164.0
167.0
145.0
207.0
85.0
226.0
150.0
165.0
131.0
174.0
304.0
266.0
298.0
157.0
249.0
205.0
170.0
182.0
178.0
210.0
172.0
174.0
219.0
142.0
223.0
267.0
220.0
214.0
160.0
215.0
168.0
132.0
126.0
225.0
194.0
263.0
171.0
179.0
238.0
162.0
203.0
298.0
192.0
171.0
212.0
203.0
257.0
174.0
336.0
221.0
215.0
169.0
236.0
169.0
240.0
225.0
238.0
246.0
271.0
129.0
186.0
188.0
252.0
189.0
186.0
268.0
171.0
155.0
151.0
214.0
208.0
157.0
269.0
213.0
289.0
161.0
123.0
211.0
263.0
165.0
162.0
271.0
283.0
237.0
183.0
190.0
191.0
281.0
231.0
207.0
354.0
242.0
184.0
219.0
158.0
196.0
175.0
146.0
239.0
243.0
193.0
202.0
226.0
228.0
183.0
231.0
180.0
120.0
241.0
157.0
199.0
117.0
248.0
338.0
251.0
225.0
221.0
138.0
190.0
211.0
227.0
149.0
175.0
186.0
266.0
238.0
158.0
186.0
227.0
250.0
183.0
207.0
158.0
308.0
248.0
172.0
171.0
128.0
261.0
163.0
304.0
329.0
113.0
163.0
238.0
269.0
160.0
204.0
208.0
197.0
132.0
245.0
126.0
230.0
255.0
129.0
262.0
194.0
131.0
255.0
208.0
238.0
242.0
188.0
137.0
151.0
127.0
249.0
222.0
265.0
111.0
130.0
271.0
228.0
139.0
217.0
207.0
269.0
188.0
317.0
151.0
234.0
228.0
167.0
215.0
185.0
240.0
150.0
136.0
172.0
180.0
139.0
170.0
249.0
277.0
168.0
208.0
172.0
180.0
166.0
182.0
235.0
245.0
224.0
169.0
230.0
145.0
208.0
192.0
233.0
224.0
218.0
209.0
254.0
121.0
251.0
229.0
180.0
262.0
307.0
236.0
233.0
120.0
276.0
278.0
170.0
176.0
206.0
260.0
208.0
219.0
164.0
243.0
170.0
144.0
112.0
273.0
167.0
200.0
215.0
138.0
193.0
156.0
195.0
308.0
303.0
224.0
159.0
177.0
151.0
147.0
188.0
159.0
197.0
211.0
206.0
229.0
204.0
235.0
244.0
269.0
113.0
229.0
250.0
236.0
148.0
202.0
148.0
217.0
252.0
177.0
177.0
166.0
225.0
189.0
179.0
237.0
260.0
122.0
165.0
246.0
295.0
207.0
203.0
179.0
271.0
180.0
185.0
241.0
194.0
192.0
168.0
280.0
182.0
108.0
179.0
233.0
147.0
179.0
267.0
161.0
200.0
138.0
207.0
155.0
149.0
290.0
273.0
128.0
159.0
188.0
145.0
233.0
268.0
204.0
190.0
222.0
202.0
286.0
102.0
258.0
300.0
246.0
237.0
160.0
143.0
217.0
142.0
187.0
248.0
166.0
200.0
157.0
202.0
253.0
194.0
311.0
130.0
150.0
243.0
173.0
173.0
173.0
156.0
189.0
256.0
172.0
254.0
231.0
198.0
169.0
100.0
223.0
155.0
257.0
270.0
189.0
301.0
142.0
218.0
151.0
206.0
153.0
183.0
148.0
179.0
264.0
209.0
177.0
193.0
203.0
139.0
195.0
188.0
180.0
276.0
181.0
257.0
227.0
225.0
203.0
238.0
205.0
172.0
598.0
130.0
172.0
177.0
153.0
200.0
235.0
175.0
218.0
127.0
151.0
187.0
264.0
304.0
141.0
246.0
141.0
238.0
187.0
150.0
157.0
162.0
124.0
166.0
136.0
223.0
224.0
208.0
182.0
268.0
220.0
171.0
151.0
217.0
153.0
243.0
130.0
222.0
469.0
165.0
305.0
169.0
151.0
223.0
258.0
184.0
251.0
142.0
144.0
175.0
191.0
166.0
222.0
187.0
159.0
166.0
155.0
206.0
169.0
182.0
338.0
313.0
145.0
180.0
163.0
202.0
315.0
308.0
146.0
202.0
174.0
203.0
149.0
288.0
290.0
194.0
274.0
177.0
214.0
254.0
187.0
154.0
153.0
208.0
189.0
122.0
213.0
135.0
269.0
164.0
285.0
224.0
166.0
205.0
299.0
200.0
281.0
150.0
168.0
160.0
163.0
433.0
191.0
216.0
225.0
183.0
157.0
186.0
249.0
156.0
199.0
279.0
198.0
158.0
156.0
234.0
205.0
197.0
183.0
247.0
204.0
245.0
104.0
130.0
218.0
83.0
183.0
144.0
286.0
289.0
150.0
214.0
197.0
184.0
204.0
210.0
140.0
148.0
208.0
203.0
201.0
159.0
323.0
292.0
323.0
191.0
199.0
172.0
187.0
184.0
166.0
262.0
208.0
234.0
201.0
235.0
234.0
225.0
126.0
175.0
140.0
177.0
271.0
273.0
247.0
227.0
282.0
202.0
222.0
126.0
241.0
207.0
218.0
107.0
141.0
244.0
186.0
204.0
221.0
202.0
212.0
144.0
173.0
187.0
199.0
255.0
171.0
149.0
183.0
181.0
283.0
228.0
159.0
225.0
307.0
234.0
179.0
258.0
220.0
164.0
267.0
201.0
125.0
150.0
255.0
199.0
222.0
195.0
196.0
248.0
274.0
237.0
160.0
244.0
175.0
298.0
205.0
186.0
203.0
149.0
128.0
159.0
147.0
181.0
325.0
261.0
176.0
138.0
176.0
221.0
236.0
154.0
220.0
193.0
144.0
209.0
198.0
176.0
117.0
139.0
147.0
186.0
276.0
105.0
256.0
268.0
115.0
208.0
164.0
243.0
280.0
193.0
309.0
223.0
175.0
235.0
242.0
181.0
168.0
199.0
243.0
218.0
117.0
175.0
166.0
237.0
226.0
178.0
252.0
234.0
213.0
183.0
210.0
163.0
207.0
120.0
197.0
218.0
109.0
284.0
229.0
194.0
169.0
267.0
227.0
189.0
225.0
224.0
168.0
145.0
154.0
172.0
220.0
141.0
207.0
177.0
169.0
193.0
213.0
227.0
191.0
290.0
98.0
215.0
264.0
256.0
184.0
130.0
181.0
309.0
248.0
173.0
139.0
179.0
291.0
251.0
226.0
273.0
146.0
226.0
172.0
198.0
186.0
208.0
115.0
163.0
180.0
265.0
167.0
204.0
287.0
182.0
188.0
247.0
261.0
247.0
260.0
163.0
164.0
182.0
167.0
174.0
164.0
189.0
174.0
178.0
255.0
339.0
294.0
185.0
214.0
150.0
203.0
318.0
243.0
168.0
163.0
139.0
167.0
307.0
168.0
169.0
127.0
168.0
217.0
165.0
227.0
233.0
192.0
224.0
165.0
188.0
200.0
170.0
134.0
208.0
174.0
172.0
275.0
169.0
164.0
149.0
162.0
246.0
137.0
244.0
163.0
193.0
323.0
180.0
371.0
281.0
259.0
236.0
167.0
236.0
136.0
164.0
150.0
236.0
183.0
186.0
153.0
275.0
290.0
170.0
208.0
195.0
230.0
191.0
278.0
139.0
110.0
230.0
176.0
176.0
233.0
235.0
196.0
237.0
201.0
275.0
178.0
186.0
241.0
227.0
229.0
329.0
74.0
161.0
195.0
212.0
201.0
219.0
125.0
203.0
206.0
281.0
195.0
284.0
192.0
145.0
307.0
203.0
162.0
126.0
270.0
173.0
204.0
267.0
295.0
179.0
203.0
251.0
168.0
350.0
152.0
126.0
155.0
177.0
192.0
167.0
175.0
230.0
179.0
180.0
200.0
238.0
200.0
297.0
126.0
250.0
250.0
141.0
245.0
233.0
243.0
212.0
138.0
170.0
140.0
201.0
143.0
244.0
214.0
197.0
242.0
307.0
227.0
228.0
178.0
196.0
146.0
146.0
185.0
285.0
168.0
168.0
211.0
322.0
271.0
252.0
185.0
176.0
209.0
192.0
166.0
155.0
176.0
199.0
153.0
184.0
144.0
275.0
168.0
207.0
145.0
282.0
205.0
267.0
137.0
146.0
167.0
136.0
156.0
164.0
165.0
251.0
211.0
164.0
179.0
201.0
311.0
278.0
155.0
191.0
209.0
210.0
267.0
145.0
215.0
175.0
189.0
261.0
274.0
224.0
191.0
210.0
230.0
177.0
152.0
193.0
132.0
148.0
166.0
468.0
200.0
129.0
165.0
250.0
179.0
232.0
219.0
260.0
102.0
131.0
140.0
189.0
248.0
231.0
167.0
334.0
122.0
200.0
210.0
295.0
206.0
254.0
259.0
220.0
310.0
214.0
208.0
251.0
187.0
215.0
203.0
195.0
197.0
190.0
224.0
168.0
145.0
101.0
122.0
224.0
355.0
299.0
119.0
219.0
197.0
201.0
242.0
232.0
274.0
188.0
173.0
153.0
250.0
195.0
177.0
169.0
317.0
188.0
230.0
200.0
137.0
345.0
189.0
200.0
182.0
131.0
156.0
212.0
144.0
237.0
332.0
201.0
283.0
199.0
141.0
272.0
176.0
242.0
164.0
107.0
192.0
270.0
195.0
185.0
107.0
339.0
179.0
185.0
150.0
247.0
235.0
263.0
232.0
153.0
158.0
355.0
164.0
172.0
141.0
171.0
251.0
180.0
211.0
206.0
155.0
159.0
154.0
170.0
238.0
179.0
317.0
193.0
265.0
255.0
290.0
188.0
229.0
157.0
223.0
225.0
115.0
163.0
192.0
185.0
338.0
261.0
172.0
289.0
299.0
179.0
223.0
207.0
351.0
95.0
237.0
147.0
240.0
195.0
206.0
142.0
214.0
214.0
224.0
120.0
217.0
252.0
274.0
206.0
189.0
184.0
214.0
239.0
244.0
154.0
132.0
185.0
185.0
224.0
271.0
239.0
194.0
206.0
238.0
187.0
269.0
118.0
195.0
204.0
175.0
167.0
120.0
137.0
229.0
363.0
224.0
268.0
177.0
181.0
199.0
207.0
256.0
102.0
217.0
187.0
178.0
132.0
173.0
231.0
200.0
313.0
203.0
173.0
245.0
414.0
150.0
240.0
171.0
203.0
182.0
191.0
242.0
232.0
258.0
165.0
336.0
191.0
204.0
157.0
209.0
346.0
208.0
161.0
187.0
156.0
199.0
199.0
203.0
222.0
161.0
219.0
219.0
120.0
184.0
225.0
148.0
164.0
169.0
178.0
205.0
197.0
185.0
202.0
198.0
179.0
225.0
279.0
192.0
208.0
176.0
183.0
133.0
185.0
157.0
233.0
141.0
265.0
187.0
139.0
275.0
191.0
194.0
202.0
199.0
172.0
224.0
187.0
283.0
149.0
107.0
188.0
204.0
250.0
215.0
179.0
232.0
231.0
221.0
127.0
278.0
180.0
84.0
197.0
225.0
132.0
199.0
248.0
200.0
266.0
181.0
248.0
187.0
174.0
174.0
195.0
270.0
207.0
149.0
211.0
175.0
136.0
137.0
310.0
195.0
141.0
432.0
184.0
281.0
218.0
233.0
226.0
105.0
203.0
143.0
225.0
299.0
210.0
167.0
136.0
193.0
231.0
163.0
248.0
170.0
254.0
230.0
230.0
147.0
126.0
166.0
187.0
205.0
124.0
271.0
180.0
156.0
149.0
197.0
216.0
202.0
195.0
230.0
217.0
251.0
188.0
136.0
154.0
215.0
148.0
173.0
238.0
177.0
207.0
224.0
262.0
256.0
303.0
228.0
240.0
171.0
173.0
144.0
218.0
267.0
131.0
249.0
220.0
161.0
194.0
168.0
125.0
184.0
169.0
242.0
488.0
251.0
155.0
188.0
160.0
129.0
191.0
188.0
125.0
234.0
179.0
175.0
224.0
149.0
220.0
162.0
146.0
200.0
244.0
252.0
207.0
219.0
233.0
176.0
179.0
264.0
172.0
202.0
138.0
213.0
210.0
249.0
267.0
193.0
303.0
266.0
133.0
147.0
237.0
230.0
334.0
160.0
211.0
196.0
233.0
147.0
245.0
153.0
153.0
140.0
167.0
245.0
231.0
171.0
373.0
118.0
217.0
141.0
124.0
225.0
166.0
171.0
119.0
214.0
171.0
343.0
180.0
178.0
169.0
262.0
240.0
232.0
297.0
232.0
275.0
280.0
209.0
199.0
127.0
339.0
212.0
183.0
121.0
129.0
212.0
148.0
229.0
194.0
286.0
151.0
209.0
181.0
263.0
195.0
153.0
135.0
194.0
179.0
153.0
208.0
141.0
250.0
253.0
120.0
133.0
175.0
192.0
218.0
294.0
381.0
176.0
184.0
298.0
91.0
224.0
153.0
190.0
189.0
276.0
261.0
201.0
285.0
125.0
214.0
95.0
361.0
240.0
163.0
194.0
243.0
267.0
247.0
193.0
204.0
256.0
137.0
182.0
203.0
154.0
127.0
153.0
181.0
263.0
213.0
178.0
175.0
203.0
254.0
202.0
241.0
188.0
234.0
208.0
315.0
164.0
165.0
225.0
143.0
231.0
170.0
151.0
291.0
190.0
173.0
232.0
229.0
192.0
272.0
186.0
333.0
150.0
186.0
190.0
165.0
198.0
220.0
177.0
174.0
163.0
208.0
241.0
128.0
205.0
207.0
250.0
145.0
204.0
135.0
153.0
339.0
192.0
177.0
227.0
198.0
211.0
362.0
178.0
195.0
102.0
207.0
125.0
163.0
165.0
140.0
270.0
236.0
254.0
259.0
179.0
208.0
197.0
147.0
175.0
295.0
189.0
166.0
172.0
231.0
154.0
155.0
153.0
302.0
130.0
221.0
199.0
504.0
163.0
102.0
196.0
138.0
149.0
337.0
180.0
345.0
211.0
303.0
155.0
213.0
217.0
188.0
215.0
133.0
299.0
248.0
260.0
180.0
193.0
177.0
140.0
132.0
124.0
175.0
166.0
139.0
199.0
205.0
178.0
253.0
267.0
181.0
276.0
138.0
206.0
299.0
255.0
162.0
182.0
168.0
410.0
269.0
198.0
191.0
135.0
221.0
131.0
278.0
207.0
136.0
117.0
167.0
259.0
239.0
137.0
261.0
181.0
229.0
204.0
121.0
169.0
170.0
137.0
280.0
177.0
184.0
112.0
188.0
200.0
162.0
296.0
216.0
131.0
150.0
101.0
254.0
220.0
307.0
202.0
138.0
207.0
253.0
231.0
213.0
236.0
174.0
192.0
270.0
283.0
145.0
347.0
225.0
162.0
202.0
184.0
186.0
109.0
106.0
394.0
396.0
220.0
228.0
241.0
264.0
159.0
214.0
141.0
317.0
155.0
142.0
482.0
291.0
210.0
238.0
312.0
208.0
185.0
117.0
216.0
118.0
290.0
171.0
150.0
239.0
195.0
174.0
231.0
291.0
177.0
258.0
146.0
170.0
183.0
123.0
151.0
193.0
318.0
161.0
305.0
167.0
307.0
172.0
137.0
201.0
128.0
209.0
187.0
220.0
179.0
173.0
211.0
119.0
225.0
199.0
208.0
199.0
205.0
191.0
298.0
290.0
112.0
257.0
210.0
170.0
153.0
227.0
204.0
392.0
209.0
179.0
168.0
213.0
231.0
218.0
255.0
138.0
204.0
130.0
122.0
135.0
360.0
295.0
210.0
136.0
289.0
201.0
258.0
108.0
143.0
236.0
252.0
216.0
205.0
247.0
200.0
233.0
155.0
158.0
317.0
112.0
247.0
180.0
252.0
238.0
221.0
331.0
240.0
243.0
170.0
170.0
178.0
134.0
286.0
209.0
151.0
136.0
192.0
248.0
198.0
249.0
203.0
169.0
210.0
181.0
265.0
137.0
210.0
264.0
207.0
169.0
129.0
215.0
245.0
203.0
206.0
176.0
187.0
305.0
197.0
245.0
214.0
352.0
170.0
154.0
244.0
157.0
277.0
140.0
125.0
165.0
112.0
233.0
209.0
261.0
142.0
226.0
254.0
226.0
152.0
244.0
297.0
293.0
207.0
154.0
267.0
288.0
182.0
280.0
167.0
292.0
142.0
197.0
184.0
184.0
214.0
183.0
168.0
192.0
257.0
157.0
138.0
175.0
209.0
239.0
228.0
162.0
150.0
293.0
248.0
242.0
106.0
213.0
148.0
211.0
191.0
181.0
254.0
302.0
183.0
149.0
175.0
300.0
310.0
274.0
336.0
193.0
157.0
256.0
146.0
253.0
171.0
221.0
181.0
201.0
196.0
165.0
246.0
258.0
136.0
114.0
216.0
205.0
214.0
201.0
154.0
227.0
182.0
379.0
219.0
253.0
212.0
192.0
239.0
236.0
186.0
240.0
148.0
236.0
172.0
263.0
194.0
231.0
212.0
153.0
270.0
161.0
151.0
189.0
118.0
95.0
218.0
183.0
157.0
292.0
152.0
244.0
138.0
158.0
159.0
176.0
119.0
242.0
142.0
179.0
240.0
288.0
192.0
380.0
165.0
224.0
238.0
277.0
138.0
199.0
216.0
169.0
235.0
153.0
151.0
140.0
217.0
142.0
205.0
209.0
207.0
183.0
202.0
239.0
233.0
244.0
156.0
287.0
188.0
119.0
203.0
238.0
155.0
183.0
300.0
137.0
195.0
257.0
169.0
146.0
137.0
225.0
237.0
248.0
285.0
254.0
136.0
178.0
169.0
138.0
166.0
148.0
235.0
183.0
205.0
244.0
173.0
239.0
146.0
192.0
222.0
219.0
175.0
248.0
186.0
197.0
694.0
242.0
341.0
249.0
134.0
98.0
197.0
206.0
157.0
209.0
214.0
235.0
177.0
143.0
153.0
125.0
220.0
161.0
134.0
274.0
201.0
263.0
241.0
162.0
193.0
346.0
180.0
210.0
172.0
239.0
285.0
100.0
116.0
197.0
183.0
262.0
198.0
222.0
301.0
241.0
286.0
222.0
143.0
233.0
116.0
141.0
202.0
300.0
183.0
219.0
222.0
208.0
238.0
158.0
224.0
199.0
134.0
125.0
208.0
158.0
88.0
179.0
340.0
202.0
227.0
172.0
139.0
188.0
252.0
102.0
260.0
225.0
265.0
129.0
188.0
161.0
126.0
261.0
241.0
135.0
207.0
295.0
149.0
251.0
220.0
196.0
154.0
261.0
207.0
246.0
167.0
144.0
166.0
214.0
199.0
135.0
286.0
188.0
219.0
255.0
149.0
149.0
251.0
232.0
232.0
138.0
215.0
153.0
164.0
197.0
315.0
291.0
165.0
140.0
238.0
114.0
171.0
187.0
242.0
258.0
189.0
194.0
177.0
150.0
180.0
250.0
177.0
134.0
180.0
114.0
125.0
224.0
324.0
193.0
175.0
158.0
221.0
193.0
126.0
317.0
177.0
153.0
294.0
205.0
185.0
126.0
206.0
178.0
169.0
141.0
300.0
258.0
152.0
205.0
117.0
200.0
204.0
134.0
160.0
213.0
165.0
307.0
146.0
238.0
245.0
203.0
168.0
222.0
218.0
214.0
268.0
98.0
264.0
97.0
163.0
128.0
172.0
263.0
201.0
223.0
260.0
382.0
214.0
483.0
113.0
163.0
216.0
236.0
313.0
254.0
147.0
151.0
119.0
220.0
177.0
208.0
192.0
108.0
200.0
101.0
143.0
193.0
246.0
182.0
99.0
155.0
274.0
260.0
152.0
287.0
145.0
165.0
186.0
148.0
256.0
116.0
194.0
202.0
155.0
185.0
256.0
263.0
238.0
204.0
182.0
145.0
263.0
154.0
141.0
201.0
225.0
113.0
174.0
239.0
163.0
278.0
334.0
216.0
197.0
143.0
216.0
168.0
249.0
200.0
125.0
212.0
79.0
284.0
211.0
341.0
184.0
120.0
256.0
183.0
247.0
124.0
194.0
182.0
201.0
192.0
132.0
242.0
184.0
228.0
221.0
159.0
155.0
152.0
208.0
149.0
230.0
259.0
279.0
279.0
147.0
261.0
160.0
256.0
242.0
188.0
238.0
276.0
343.0
177.0
211.0
239.0
203.0
217.0
200.0
151.0
165.0
165.0
246.0
217.0
223.0
105.0
243.0
190.0
154.0
205.0
151.0
222.0
123.0
278.0
200.0
142.0
172.0
257.0
160.0
178.0
175.0
174.0
265.0
345.0
195.0
169.0
248.0
142.0
141.0
157.0
260.0
176.0
183.0
221.0
367.0
193.0
279.0
228.0
177.0
228.0
134.0
221.0
141.0
194.0
143.0
211.0
182.0
408.0
219.0
167.0
154.0
255.0
210.0
237.0
301.0
142.0
313.0
103.0
226.0
188.0
201.0
199.0
133.0
230.0
152.0
189.0
408.0
377.0
192.0
115.0
149.0
160.0
239.0
384.0
188.0
196.0
264.0
289.0
134.0
142.0
160.0
183.0
187.0
659.0
283.0
170.0
286.0
270.0
180.0
205.0
136.0
176.0
185.0
251.0
134.0
180.0
296.0
181.0
402.0
457.0
77.0
159.0
313.0
207.0
150.0
210.0
173.0
191.0
242.0
148.0
124.0
155.0
225.0
169.0
239.0
489.0
155.0
217.0
262.0
276.0
153.0
163.0
399.0
178.0
259.0
195.0
275.0
117.0
194.0
159.0
199.0
192.0
223.0
229.0
199.0
211.0
194.0
230.0
276.0
161.0
139.0
205.0
93.0
199.0
206.0
239.0
144.0
188.0
196.0
333.0
228.0
298.0
99.0
232.0
155.0
187.0
165.0
183.0
172.0
222.0
288.0
243.0
282.0
235.0
137.0
175.0
361.0
159.0
155.0
275.0
150.0
222.0
189.0
196.0
302.0
237.0
214.0
280.0
230.0
221.0
137.0
159.0
227.0
188.0
242.0
213.0
211.0
145.0
256.0
141.0
308.0
182.0
172.0
292.0
171.0
157.0
190.0
274.0
225.0
168.0
143.0
248.0
152.0
178.0
227.0
207.0
202.0
181.0
307.0
174.0
256.0
162.0
272.0
222.0
287.0
265.0
167.0
86.0
147.0
272.0
197.0
157.0
268.0
273.0
200.0
160.0
194.0
140.0
235.0
171.0
215.0
244.0
211.0
243.0
258.0
200.0
180.0
179.0
243.0
164.0
150.0
237.0
222.0
238.0
206.0
182.0
203.0
183.0
252.0
165.0
256.0
306.0
344.0
199.0
134.0
300.0
283.0
231.0
161.0
214.0
183.0
185.0
165.0
108.0
194.0
102.0
195.0
148.0
202.0
697.0
156.0
225.0
110.0
172.0
172.0
310.0
146.0
332.0
247.0
219.0
228.0
280.0
215.0
204.0
213.0
178.0
337.0
149.0
198.0
258.0
174.0
193.0
264.0
246.0
150.0
311.0
260.0
186.0
273.0
225.0
143.0
127.0
154.0
303.0
187.0
126.0
175.0
205.0
212.0
184.0
238.0
128.0
136.0
102.0
93.0
216.0
216.0
200.0
304.0
138.0
215.0
164.0
166.0
110.0
227.0
160.0
138.0
311.0
211.0
156.0
265.0
199.0
285.0
182.0
263.0
71.0
380.0
294.0
224.0
308.0
97.0
207.0
214.0
191.0
132.0
202.0
305.0
188.0
205.0
234.0
128.0
189.0
162.0
146.0
156.0
213.0
300.0
249.0
227.0
272.0
237.0
340.0
148.0
187.0
218.0
228.0
222.0
156.0
198.0
177.0
309.0
221.0
194.0
276.0
226.0
186.0
151.0
116.0
196.0
208.0
250.0
224.0
199.0
242.0
204.0
257.0
219.0
208.0
250.0
134.0
424.0
149.0
174.0
130.0
206.0
257.0
171.0
206.0
272.0
127.0
268.0
194.0
164.0
151.0
129.0
113.0
224.0
194.0
249.0
267.0
176.0
250.0
185.0
97.0
118.0
119.0
193.0
152.0
192.0
236.0
141.0
163.0
202.0
231.0
183.0
205.0
321.0
147.0
227.0
365.0
226.0
220.0
241.0
178.0
296.0
226.0
178.0
196.0
166.0
260.0
239.0
308.0
260.0
167.0
132.0
167.0
189.0
148.0
265.0
184.0
125.0
223.0
200.0
158.0
208.0
131.0
278.0
236.0
209.0
115.0
532.0
205.0
337.0
133.0
280.0
396.0
119.0
136.0
157.0
328.0
243.0
207.0
219.0
148.0
228.0
223.0
179.0
218.0
233.0
286.0
215.0
265.0
200.0
135.0
324.0
158.0
259.0
270.0
208.0
127.0
234.0
130.0
213.0
118.0
212.0
181.0
176.0
130.0
581.0
115.0
122.0
283.0
393.0
154.0
149.0
250.0
201.0
194.0
325.0
148.0
116.0
477.0
284.0
166.0
265.0
230.0
90.0
157.0
203.0
180.0
285.0
209.0
201.0
220.0
198.0
178.0
167.0
187.0
284.0
222.0
188.0
246.0
169.0
256.0
224.0
173.0
196.0
206.0
177.0
243.0
257.0
415.0
168.0
117.0
249.0
165.0
191.0
177.0
237.0
158.0
144.0
171.0
219.0
229.0
145.0
192.0
204.0
111.0
196.0
162.0
267.0
286.0
151.0
318.0
259.0
202.0
127.0
187.0
182.0
247.0
199.0
238.0
202.0
241.0
329.0
174.0
294.0
158.0
252.0
251.0
150.0
223.0
280.0
193.0
232.0
205.0
204.0
149.0
258.0
183.0
148.0
155.0
147.0
232.0
145.0
197.0
257.0
188.0
128.0
208.0
165.0
132.0
272.0
169.0
325.0
220.0
330.0
186.0
228.0
159.0
191.0
109.0
322.0
163.0
196.0
109.0
114.0
132.0
176.0
192.0
182.0
136.0
145.0
300.0
170.0
154.0
228.0
220.0
168.0
263.0
184.0
145.0
277.0
131.0
303.0
169.0
167.0
206.0
207.0
122.0
218.0
222.0
196.0
194.0
240.0
184.0
216.0
155.0
161.0
229.0
164.0
165.0
136.0
143.0
164.0
186.0
210.0
319.0
150.0
222.0
210.0
115.0
151.0
176.0
206.0
201.0
254.0
237.0
131.0
173.0
139.0
233.0
137.0
254.0
196.0
238.0
263.0
303.0
218.0
164.0
165.0
147.0
121.0
189.0
173.0
355.0
212.0
165.0
279.0
178.0
209.0
273.0
228.0
199.0
233.0
131.0
284.0
230.0
132.0
116.0
183.0
198.0
239.0
188.0
263.0
219.0
159.0
199.0
248.0
213.0
150.0
118.0
152.0
158.0
153.0
202.0
147.0
255.0
194.0
174.0
133.0
192.0
149.0
206.0
140.0
138.0
158.0
164.0
319.0
186.0
187.0
202.0
186.0
190.0
204.0
185.0
161.0
263.0
228.0
177.0
189.0
299.0
314.0
179.0
233.0
178.0
165.0
240.0
211.0
299.0
154.0
152.0
264.0
95.0
245.0
118.0
148.0
123.0
172.0
164.0
210.0
208.0
159.0
326.0
145.0
140.0
157.0
221.0
125.0
184.0
155.0
221.0
220.0
180.0
195.0
146.0
183.0
210.0
203.0
312.0
194.0
225.0
424.0
151.0
205.0
150.0
156.0
165.0
175.0
301.0
147.0
250.0
310.0
328.0
242.0
192.0
258.0
107.0
171.0
165.0
136.0
148.0
170.0
257.0
221.0
155.0
160.0
217.0
216.0
170.0
201.0
282.0
267.0
186.0
159.0
137.0
170.0
203.0
228.0
200.0
164.0
139.0
124.0
158.0
137.0
203.0
251.0
165.0
140.0
282.0
208.0
307.0
158.0
211.0
294.0
140.0
172.0
258.0
302.0
158.0
131.0
427.0
171.0
147.0
229.0
204.0
265.0
137.0
373.0
130.0
260.0
110.0
169.0
191.0
184.0
132.0
212.0
187.0
167.0
176.0
158.0
199.0
130.0
223.0
297.0
221.0
344.0
133.0
112.0
256.0
170.0
285.0
187.0
149.0
208.0
182.0
151.0
229.0
96.0
332.0
205.0
248.0
228.0
205.0
257.0
239.0
213.0
161.0
219.0
277.0
224.0
437.0
216.0
226.0
259.0
194.0
314.0
173.0
235.0
89.0
231.0
156.0
228.0
183.0
178.0
174.0
139.0
219.0
215.0
192.0
109.0
174.0
171.0
161.0
125.0
197.0
165.0
267.0
268.0
144.0
230.0
285.0
281.0
147.0
152.0
136.0
138.0
204.0
209.0
173.0
234.0
237.0
197.0
421.0
168.0
215.0
247.0
202.0
169.0
198.0
192.0
251.0
224.0
313.0
220.0
221.0
141.0
216.0
233.0
371.0
361.0
135.0
176.0
182.0
166.0
271.0
167.0
276.0
227.0
143.0
183.0
145.0
119.0
165.0
209.0
248.0
254.0
239.0
230.0
138.0
324.0
264.0
216.0
226.0
265.0
131.0
254.0
210.0
118.0
190.0
217.0
191.0
481.0
163.0
148.0
235.0
220.0
189.0
311.0
327.0
237.0
178.0
196.0
196.0
164.0
165.0
179.0
132.0
210.0
181.0
425.0
177.0
175.0
142.0
152.0
122.0
274.0
191.0
205.0
155.0
193.0
189.0
80.0
218.0
148.0
157.0
120.0
219.0
300.0
158.0
205.0
253.0
123.0
207.0
183.0
206.0
172.0
133.0
262.0
200.0
280.0
234.0
138.0
152.0
213.0
307.0
245.0
268.0
178.0
190.0
279.0
202.0
271.0
255.0
185.0
232.0
153.0
179.0
446.0
193.0
178.0
96.0
198.0
181.0
162.0
146.0
230.0
230.0
260.0
365.0
279.0
137.0
172.0
311.0
190.0
197.0
240.0
205.0
169.0
159.0
336.0
211.0
135.0
317.0
510.0
130.0
106.0
143.0
229.0
157.0
148.0
298.0
164.0
259.0
206.0
149.0
307.0
250.0
141.0
198.0
276.0
146.0
186.0
183.0
191.0
243.0
117.0
169.0
192.0
210.0
177.0
220.0
219.0
230.0
206.0
220.0
137.0
129.0
159.0
275.0
324.0
157.0
92.0
250.0
194.0
237.0
222.0
177.0
123.0
207.0
168.0
191.0
175.0
224.0
210.0
164.0
331.0
179.0
232.0
232.0
257.0
266.0
196.0
150.0
191.0
252.0
184.0
171.0
237.0
131.0
166.0
292.0
251.0
202.0
137.0
305.0
185.0
280.0
266.0
120.0
154.0
151.0
246.0
251.0
230.0
196.0
106.0
157.0
214.0
177.0
225.0
293.0
177.0
322.0
248.0
278.0
179.0
233.0
131.0
127.0
254.0
211.0
143.0
302.0
189.0
203.0
195.0
204.0
191.0
194.0
201.0
217.0
177.0
323.0
138.0
172.0
283.0
155.0
231.0
240.0
288.0
117.0
215.0
263.0
197.0
249.0
229.0
118.0
234.0
137.0
154.0
247.0
198.0
189.0
169.0
216.0
222.0
100.0
363.0
144.0
202.0
206.0
121.0
199.0
262.0
199.0
190.0
144.0
190.0
90.0
225.0
365.0
109.0
314.0
200.0
223.0
730.0
143.0
169.0
227.0
167.0
180.0
229.0
195.0
80.0
293.0
244.0
188.0
258.0
199.0
178.0
169.0
202.0
128.0
230.0
207.0
177.0
159.0
175.0
244.0
250.0
229.0
183.0
194.0
206.0
303.0
266.0
242.0
260.0
162.0
203.0
175.0
204.0
195.0
329.0
245.0
201.0
255.0
329.0
195.0
100.0
189.0
213.0
157.0
129.0
164.0
171.0
238.0
134.0
194.0
179.0
275.0
216.0
206.0
279.0
221.0
207.0
176.0
189.0
232.0
185.0
99.0
148.0
178.0
145.0
154.0
203.0
361.0
191.0
204.0
93.0
84.0
195.0
318.0
235.0
121.0
326.0
243.0
217.0
174.0
196.0
329.0
335.0
165.0
185.0
79.0
234.0
174.0
284.0
288.0
264.0
186.0
175.0
122.0
413.0
148.0
147.0
148.0
237.0
183.0
368.0
122.0
311.0
234.0
172.0
190.0
180.0
186.0
191.0
312.0
170.0
191.0
203.0
228.0
198.0
185.0
225.0
120.0
280.0
165.0
161.0
130.0
177.0
292.0
150.0
262.0
204.0
226.0
186.0
164.0
198.0
214.0
221.0
151.0
170.0
181.0
137.0
171.0
198.0
202.0
147.0
196.0
350.0
149.0
159.0
118.0
193.0
299.0
203.0
248.0
175.0
366.0
193.0
157.0
195.0
168.0
150.0
263.0
200.0
216.0
120.0
145.0
212.0
169.0
278.0
133.0
100.0
199.0
329.0
172.0
162.0
204.0
195.0
137.0
255.0
186.0
247.0
232.0
186.0
150.0
147.0
387.0
157.0
484.0
62.0
211.0
430.0
260.0
260.0
221.0
262.0
140.0
189.0
266.0
97.0
131.0
279.0
293.0
447.0
189.0
359.0
212.0
208.0
166.0
468.0
123.0
195.0
164.0
261.0
270.0
84.0
293.0
187.0
220.0
121.0
306.0
117.0
214.0
266.0
172.0
177.0
113.0
236.0
102.0
200.0
154.0
186.0
1291.0
261.0
339.0
142.0
155.0
139.0
149.0
170.0
194.0
228.0
206.0
155.0
165.0
182.0
155.0
303.0
180.0
260.0
194.0
248.0
211.0
392.0
150.0
242.0
145.0
171.0
253.0
174.0
176.0
282.0
213.0
258.0
147.0
216.0
114.0
361.0
178.0
233.0
143.0
247.0
196.0
257.0
217.0
121.0
131.0
273.0
164.0
174.0
143.0
196.0
273.0
154.0
432.0
193.0
151.0
223.0
212.0
260.0
178.0
297.0
268.0
142.0
194.0
269.0
178.0
160.0
193.0
176.0
202.0
435.0
220.0
237.0
216.0
165.0
212.0
209.0
267.0
134.0
153.0
258.0
163.0
381.0
152.0
256.0
187.0
160.0
278.0
132.0
181.0
225.0
227.0
175.0
226.0
104.0
143.0
187.0
175.0
151.0
321.0
161.0
252.0
199.0
140.0
268.0
236.0
159.0
303.0
199.0
157.0
329.0
269.0
252.0
107.0
223.0
198.0
176.0
175.0
162.0
161.0
193.0
175.0
277.0
275.0
150.0
233.0
174.0
167.0
144.0
345.0
260.0
145.0
173.0
241.0
286.0
153.0
187.0
138.0
205.0
170.0
219.0
132.0
234.0
42.0
164.0
258.0
145.0
123.0
175.0
115.0
123.0
138.0
150.0
349.0
164.0
256.0
273.0
210.0
153.0
232.0
193.0
239.0
174.0
246.0
224.0
161.0
127.0
206.0
170.0
255.0
228.0
138.0
176.0
151.0
299.0
221.0
144.0
142.0
136.0
308.0
252.0
196.0
134.0
286.0
163.0
217.0
261.0
232.0
108.0
280.0
162.0
262.0
186.0
213.0
222.0
108.0
159.0
249.0
173.0
209.0
194.0
183.0
199.0
336.0
239.0
229.0
227.0
158.0
167.0
204.0
255.0
276.0
296.0
274.0
214.0
198.0
174.0
215.0
236.0
417.0
134.0
168.0
282.0
177.0
134.0
193.0
186.0
211.0
246.0
132.0
245.0
133.0
182.0
138.0
281.0
213.0
259.0
222.0
287.0
190.0
195.0
184.0
156.0
109.0
226.0
226.0
174.0
323.0
183.0
153.0
207.0
247.0
98.0
95.0
211.0
280.0
134.0
124.0
311.0
243.0
148.0
186.0
212.0
200.0
130.0
109.0
257.0
149.0
226.0
174.0
217.0
189.0
135.0
157.0
202.0
242.0
200.0
181.0
220.0
244.0
135.0
224.0
170.0
140.0
200.0
279.0
204.0
202.0
291.0
174.0
238.0
168.0
194.0
135.0
121.0
108.0
144.0
281.0
176.0
175.0
223.0
228.0
232.0
351.0
251.0
152.0
199.0
349.0
168.0
170.0
156.0
378.0
119.0
502.0
132.0
322.0
223.0
214.0
199.0
179.0
202.0
182.0
252.0
297.0
146.0
157.0
129.0
238.0
134.0
214.0
127.0
253.0
212.0
206.0
203.0
152.0
220.0
297.0
333.0
180.0
80.0
140.0
244.0
222.0
256.0
80.0
126.0
194.0
381.0
189.0
128.0
141.0
181.0
227.0
147.0
183.0
109.0
179.0
204.0
299.0
233.0
299.0
323.0
216.0
162.0
188.0
119.0
119.0
128.0
178.0
327.0
397.0
180.0
158.0
178.0
92.0
232.0
180.0
242.0
163.0
130.0
230.0
186.0
175.0
403.0
166.0
184.0
119.0
190.0
222.0
338.0
114.0
294.0
128.0
215.0
210.0
329.0
153.0
298.0
102.0
192.0
204.0
317.0
330.0
199.0
184.0
303.0
318.0
199.0
222.0
194.0
264.0
195.0
256.0
195.0
225.0
294.0
243.0
146.0
212.0
299.0
207.0
311.0
174.0
137.0
150.0
196.0
185.0
176.0
126.0
154.0
183.0
464.0
206.0
223.0
131.0
147.0
245.0
159.0
189.0
203.0
198.0
197.0
127.0
235.0
167.0
205.0
166.0
186.0
165.0
164.0
196.0
234.0
171.0
207.0
211.0
236.0
153.0
266.0
277.0
174.0
212.0
140.0
180.0
205.0
273.0
87.0
174.0
236.0
210.0
321.0
121.0
180.0
199.0
276.0
255.0
151.0
131.0
266.0
98.0
142.0
132.0
184.0
315.0
195.0
129.0
202.0
259.0
201.0
160.0
205.0
174.0
98.0
249.0
196.0
302.0
86.0
191.0
254.0
240.0
204.0
338.0
170.0
184.0
162.0
194.0
219.0
251.0
229.0
145.0
223.0
179.0
213.0
154.0
185.0
241.0
212.0
191.0
205.0
180.0
407.0
257.0
201.0
142.0
234.0
206.0
131.0
216.0
222.0
129.0
188.0
321.0
185.0
207.0
236.0
167.0
207.0
134.0
178.0
234.0
200.0
110.0
162.0
104.0
299.0
325.0
120.0
196.0
230.0
147.0
211.0
190.0
254.0
211.0
229.0
194.0
148.0
220.0
155.0
116.0
107.0
333.0
193.0
238.0
207.0
188.0
182.0
159.0
236.0
258.0
155.0
135.0
213.0
156.0
231.0
196.0
107.0
178.0
193.0
233.0
281.0
145.0
300.0
128.0
163.0
147.0
102.0
148.0
269.0
227.0
165.0
240.0
104.0
247.0
226.0
265.0
168.0
172.0
237.0
199.0
184.0
266.0
201.0
269.0
235.0
163.0
157.0
200.0
276.0
184.0
596.0
144.0
177.0
132.0
216.0
120.0
217.0
136.0
190.0
143.0
206.0
143.0
219.0
141.0
163.0
270.0
408.0
172.0
228.0
237.0
229.0
199.0
193.0
245.0
235.0
165.0
193.0
238.0
198.0
186.0
239.0
134.0
178.0
191.0
202.0
158.0
136.0
140.0
303.0
224.0
259.0
177.0
244.0
216.0
478.0
111.0
136.0
204.0
104.0
159.0
302.0
278.0
227.0
291.0
90.0
153.0
187.0
364.0
168.0
151.0
232.0
353.0
229.0
143.0
213.0
131.0
216.0
136.0
221.0
222.0
273.0
235.0
236.0
189.0
159.0
386.0
196.0
140.0
274.0
249.0
194.0
214.0
138.0
194.0
168.0
202.0
153.0
195.0
200.0
244.0
146.0
110.0
220.0
206.0
189.0
314.0
163.0
231.0
207.0
196.0
169.0
189.0
111.0
184.0
512.0
424.0
252.0
181.0
161.0
214.0
106.0
212.0
244.0
220.0
193.0
130.0
192.0
235.0
254.0
198.0
348.0
118.0
238.0
160.0
199.0
135.0
212.0
187.0
132.0
189.0
260.0
177.0
110.0
314.0
198.0
244.0
215.0
98.0
116.0
197.0
281.0
180.0
171.0
154.0
162.0
176.0
86.0
222.0
248.0
233.0
117.0
478.0
212.0
199.0
256.0
411.0
161.0
116.0
259.0
187.0
178.0
335.0
218.0
211.0
239.0
108.0
127.0
206.0
200.0
178.0
270.0
143.0
142.0
159.0
195.0
345.0
217.0
200.0
231.0
156.0
183.0
340.0
161.0
293.0
219.0
231.0
213.0
132.0
259.0
377.0
139.0
147.0
282.0
145.0
213.0
532.0
167.0
195.0
119.0
181.0
186.0
155.0
245.0
300.0
250.0
143.0
199.0
184.0
226.0
292.0
323.0
128.0
172.0
241.0
214.0
170.0
171.0
123.0
199.0
398.0
189.0
75.0
160.0
218.0
311.0
153.0
188.0
282.0
297.0
175.0
153.0
171.0
133.0
195.0
219.0
244.0
255.0
195.0
101.0
230.0
141.0
174.0
175.0
246.0
181.0
688.0
263.0
192.0
227.0
133.0
118.0
207.0
285.0
167.0
254.0
210.0
184.0
221.0
189.0
239.0
165.0
146.0
245.0
152.0
175.0
182.0
282.0
166.0
373.0
436.0
216.0
255.0
201.0
222.0
146.0
120.0
166.0
184.0
243.0
121.0
239.0
236.0
313.0
194.0
191.0
123.0
278.0
223.0
167.0
392.0
202.0
99.0
130.0
281.0
241.0
158.0
264.0
150.0
192.0
204.0
243.0
135.0
243.0
222.0
234.0
186.0
219.0
204.0
217.0
119.0
119.0
179.0
239.0
351.0
184.0
169.0
169.0
125.0
234.0
262.0
171.0
248.0
232.0
160.0
173.0
191.0
282.0
251.0
282.0
148.0
217.0
269.0
212.0
221.0
663.0
198.0
215.0
275.0
104.0
292.0
117.0
200.0
231.0
173.0
124.0
251.0
301.0
214.0
163.0
148.0
143.0
289.0
176.0
229.0
257.0
151.0
171.0
201.0
296.0
234.0
114.0
160.0
174.0
209.0
269.0
197.0
230.0
228.0
155.0
321.0
339.0
240.0
143.0
192.0
176.0
186.0
128.0
173.0
270.0
129.0
220.0
243.0
252.0
142.0
217.0
293.0
200.0
230.0
298.0
131.0
272.0
259.0
210.0
331.0
211.0
194.0
134.0
197.0
260.0
149.0
255.0
132.0
180.0
246.0
139.0
243.0
131.0
202.0
150.0
324.0
177.0
199.0
247.0
245.0
225.0
323.0
320.0
200.0
156.0
219.0
148.0
219.0
362.0
177.0
283.0
235.0
174.0
234.0
185.0
171.0
191.0
174.0
140.0
219.0
162.0
182.0
189.0
246.0
217.0
286.0
204.0
154.0
130.0
332.0
116.0
142.0
192.0
180.0
245.0
261.0
196.0
256.0
205.0
183.0
117.0
185.0
181.0
215.0
207.0
256.0
183.0
161.0
195.0
167.0
200.0
327.0
237.0
151.0
238.0
145.0
275.0
232.0
234.0
224.0
117.0
194.0
203.0
330.0
178.0
118.0
205.0
181.0
236.0
173.0
126.0
166.0
250.0
170.0
293.0
156.0
282.0
277.0
248.0
201.0
156.0
272.0
121.0
204.0
179.0
196.0
165.0
200.0
221.0
181.0
190.0
183.0
176.0
204.0
210.0
331.0
145.0
171.0
188.0
207.0
145.0
235.0
215.0
138.0
248.0
322.0
141.0
365.0
174.0
295.0
127.0
221.0
146.0
179.0
177.0
148.0
463.0
169.0
243.0
173.0
264.0
96.0
157.0
119.0
179.0
190.0
315.0
282.0
237.0
208.0
301.0
151.0
217.0
225.0
269.0
183.0
133.0
153.0
189.0
190.0
153.0
135.0
193.0
129.0
212.0
161.0
157.0
262.0
180.0
211.0
150.0
130.0
203.0
238.0
251.0
344.0
176.0
178.0
138.0
225.0
224.0
381.0
143.0
340.0
236.0
191.0
139.0
236.0
224.0
132.0
268.0
185.0
189.0
247.0
142.0
276.0
173.0
145.0
226.0
259.0
226.0
150.0
1060.0
167.0
175.0
244.0
155.0
174.0
385.0
222.0
161.0
182.0
129.0
251.0
193.0
250.0
294.0
154.0
228.0
201.0
165.0
233.0
138.0
219.0
205.0
261.0
249.0
221.0
254.0
146.0
121.0
196.0
215.0
186.0
172.0
238.0
150.0
179.0
142.0
304.0
272.0
257.0
107.0
154.0
266.0
170.0
219.0
243.0
169.0
175.0
136.0
224.0
238.0
279.0
271.0
134.0
151.0
241.0
136.0
201.0
127.0
217.0
220.0
155.0
183.0
310.0
224.0
177.0
180.0
207.0
347.0
196.0
287.0
224.0
135.0
234.0
217.0
205.0
141.0
155.0
358.0
176.0
108.0
225.0
400.0
300.0
122.0
262.0
166.0
258.0
255.0
209.0
196.0
172.0
153.0
176.0
222.0
181.0
263.0
216.0
364.0
116.0
193.0
162.0
160.0
192.0
165.0
191.0
304.0
181.0
132.0
231.0
217.0
139.0
157.0
121.0
184.0
132.0
321.0
225.0
139.0
209.0
166.0
180.0
323.0
131.0
211.0
290.0
255.0
207.0
178.0
231.0
169.0
295.0
274.0
158.0
135.0
215.0
151.0
138.0
279.0
202.0
201.0
183.0
180.0
236.0
142.0
156.0
240.0
270.0
211.0
174.0
147.0
226.0
292.0
390.0
161.0
285.0
158.0
90.0
161.0
222.0
137.0
186.0
178.0
165.0
198.0
155.0
176.0
146.0
274.0
225.0
267.0
221.0
206.0
280.0
90.0
243.0
157.0
232.0
186.0
254.0
133.0
230.0
188.0
207.0
143.0
316.0
143.0
248.0
220.0
171.0
235.0
236.0
161.0
139.0
259.0
189.0
161.0
170.0
247.0
325.0
331.0
167.0
149.0
136.0
124.0
111.0
217.0
138.0
247.0
259.0
114.0
203.0
314.0
173.0
238.0
175.0
243.0
188.0
117.0
255.0
139.0
167.0
104.0
193.0
268.0
245.0
133.0
106.0
231.0
371.0
204.0
138.0
217.0
260.0
246.0
129.0
165.0
265.0
159.0
180.0
192.0
147.0
232.0
182.0
201.0
136.0
190.0
169.0
145.0
181.0
283.0
240.0
182.0
177.0
190.0
142.0
319.0
147.0
224.0
240.0
82.0
222.0
192.0
159.0
186.0
179.0
164.0
147.0
228.0
290.0
225.0
228.0
211.0
142.0
177.0
206.0
256.0
172.0
126.0
114.0
285.0
329.0
147.0
142.0
186.0
140.0
337.0
217.0
245.0
209.0
213.0
177.0
178.0
324.0
217.0
187.0
180.0
172.0
228.0
171.0
162.0
205.0
210.0
278.0
130.0
123.0
178.0
164.0
219.0
157.0
362.0
173.0
152.0
149.0
105.0
170.0
127.0
184.0
186.0
165.0
160.0
334.0
155.0
209.0
109.0
149.0
266.0
152.0
163.0
271.0
231.0
198.0
246.0
126.0
138.0
224.0
294.0
157.0
197.0
190.0
155.0
323.0
228.0
266.0
321.0
161.0
205.0
149.0
180.0
132.0
399.0
144.0
191.0
151.0
168.0
264.0
207.0
208.0
167.0
378.0
179.0
187.0
201.0
244.0
229.0
109.0
157.0
224.0
191.0
197.0
185.0
266.0
253.0
203.0
152.0
194.0
218.0
223.0
215.0
186.0
176.0
177.0
175.0
114.0
159.0
287.0
256.0
188.0
135.0
122.0
235.0
149.0
208.0
165.0
259.0
174.0
326.0
258.0
156.0
197.0
166.0
249.0
192.0
207.0
164.0
155.0
130.0
151.0
211.0
133.0
265.0
357.0
189.0
252.0
269.0
116.0
210.0
102.0
173.0
146.0
227.0
233.0
288.0
205.0
233.0
198.0
270.0
186.0
216.0
266.0
187.0
233.0
250.0
228.0
209.0
267.0
142.0
173.0
224.0
214.0
199.0
215.0
136.0
210.0
275.0
505.0
211.0
223.0
272.0
189.0
292.0
168.0
183.0
229.0
320.0
171.0
252.0
317.0
235.0
203.0
127.0
460.0
173.0
199.0
186.0
223.0
190.0
260.0
199.0
170.0
210.0
197.0
231.0
314.0
212.0
211.0
295.0
166.0
117.0
154.0
135.0
278.0
165.0
334.0
220.0
337.0
195.0
185.0
265.0
155.0
149.0
155.0
179.0
242.0
233.0
179.0
225.0
216.0
303.0
159.0
202.0
120.0
164.0
236.0
263.0
190.0
219.0
237.0
196.0
298.0
335.0
172.0
143.0
119.0
267.0
74.0
142.0
192.0
145.0
197.0
182.0
177.0
196.0
454.0
219.0
200.0
303.0
233.0
203.0
281.0
238.0
171.0
193.0
212.0
163.0
163.0
206.0
272.0
177.0
292.0
96.0
249.0
245.0
171.0
135.0
229.0
131.0
277.0
332.0
246.0
165.0
191.0
313.0
223.0
297.0
270.0
147.0
195.0
228.0
121.0
356.0
202.0
268.0
133.0
156.0
251.0
218.0
180.0
164.0
145.0
210.0
277.0
191.0
277.0
195.0
269.0
236.0
170.0
168.0
197.0
222.0
121.0
189.0
246.0
262.0
143.0
188.0
142.0
196.0
185.0
182.0
172.0
288.0
305.0
139.0
256.0
192.0
280.0
188.0
304.0
168.0
182.0
62.0
173.0
191.0
313.0
198.0
213.0
125.0
192.0
262.0
164.0
289.0
192.0
151.0
226.0
210.0
266.0
123.0
198.0
156.0
204.0
187.0
254.0
349.0
196.0
223.0
381.0
115.0
177.0
270.0
206.0
218.0
135.0
191.0
344.0
215.0
87.0
263.0
173.0
182.0
284.0
247.0
157.0
182.0
222.0
238.0
235.0
255.0
160.0
261.0
223.0
328.0
190.0
153.0
141.0
286.0
310.0
119.0
162.0
214.0
171.0
220.0
138.0
166.0
217.0
142.0
92.0
164.0
148.0
318.0
202.0
122.0
237.0
213.0
169.0
255.0
274.0
215.0
210.0
248.0
163.0
253.0
215.0
145.0
154.0
210.0
205.0
180.0
157.0
174.0
179.0
231.0
180.0
213.0
262.0
218.0
169.0
260.0
293.0
134.0
148.0
145.0
178.0
736.0
153.0
204.0
178.0
264.0
226.0
326.0
110.0
246.0
230.0
194.0
190.0
237.0
173.0
161.0
268.0
172.0
136.0
136.0
230.0
291.0
198.0
221.0
260.0
267.0
279.0
187.0
245.0
168.0
162.0
301.0
313.0
242.0
285.0
107.0
261.0
301.0
263.0
241.0
111.0
257.0
272.0
225.0
184.0
259.0
416.0
217.0
209.0
174.0
275.0
251.0
177.0
288.0
103.0
166.0
167.0
276.0
251.0
183.0
174.0
153.0
135.0
258.0
135.0
246.0
177.0
203.0
235.0
207.0
250.0
174.0
296.0
190.0
179.0
229.0
201.0
213.0
367.0
191.0
364.0
157.0
202.0
223.0
190.0
131.0
152.0
253.0
166.0
100.0
248.0
232.0
318.0
253.0
121.0
296.0
190.0
197.0
207.0
244.0
210.0
121.0
81.0
250.0
237.0
199.0
192.0
147.0
257.0
142.0
184.0
193.0
125.0
200.0
139.0
205.0
184.0
143.0
169.0
133.0
218.0
154.0
256.0
312.0
241.0
322.0
196.0
269.0
229.0
159.0
136.0
264.0
228.0
253.0
196.0
232.0
257.0
287.0
143.0
194.0
183.0
308.0
223.0
151.0
161.0
161.0
265.0
196.0
234.0
109.0
247.0
228.0
199.0
169.0
177.0
111.0
242.0
288.0
209.0
180.0
155.0
192.0
180.0
222.0
257.0
145.0
268.0
192.0
148.0
315.0
320.0
196.0
161.0
199.0
183.0
146.0
306.0
144.0
211.0
213.0
151.0
201.0
188.0
115.0
203.0
206.0
143.0
175.0
244.0
242.0
186.0
234.0
197.0
251.0
158.0
143.0
201.0
122.0
192.0
153.0
184.0
177.0
269.0
174.0
253.0
155.0
194.0
219.0
272.0
221.0
200.0
175.0
199.0
265.0
148.0
229.0
201.0
129.0
175.0
162.0
191.0
196.0
248.0
183.0
179.0
143.0
291.0
290.0
222.0
355.0
287.0
244.0
204.0
186.0
182.0
159.0
278.0
154.0
119.0
222.0
178.0
148.0
231.0
200.0
243.0
331.0
178.0
194.0
114.0
96.0
244.0
184.0
227.0
256.0
246.0
181.0
153.0
183.0
156.0
208.0
210.0
166.0
268.0
222.0
202.0
481.0
250.0
203.0
234.0
162.0
331.0
269.0
238.0
277.0
186.0
250.0
138.0
222.0
150.0
264.0
412.0
173.0
162.0
258.0
203.0
139.0
209.0
136.0
184.0
236.0
247.0
176.0
272.0
155.0
163.0
200.0
416.0
122.0
241.0
149.0
201.0
363.0
148.0
134.0
149.0
187.0
180.0
168.0
186.0
240.0
187.0
229.0
252.0
208.0
119.0
251.0
155.0
298.0
106.0
216.0
222.0
173.0
154.0
150.0
287.0
218.0
96.0
173.0
252.0
127.0
192.0
186.0
115.0
245.0
254.0
186.0
106.0
120.0
183.0
222.0
162.0
387.0
124.0
227.0
120.0
181.0
225.0
263.0
190.0
235.0
219.0
214.0
178.0
191.0
326.0
308.0
137.0
307.0
253.0
230.0
164.0
157.0
175.0
244.0
204.0
231.0
215.0
215.0
140.0
338.0
259.0
174.0
113.0
220.0
280.0
219.0
148.0
120.0
232.0
154.0
196.0
141.0
240.0
134.0
269.0
113.0
145.0
189.0
200.0
197.0
210.0
231.0
166.0
246.0
195.0
316.0
108.0
179.0
248.0
108.0
182.0
322.0
100.0
169.0
193.0
235.0
180.0
245.0
111.0
300.0
250.0
161.0
130.0
177.0
243.0
193.0
208.0
217.0
220.0
191.0
196.0
247.0
157.0
198.0
195.0
233.0
103.0
122.0
235.0
201.0
144.0
147.0
183.0
112.0
168.0
190.0
157.0
308.0
244.0
172.0
162.0
160.0
212.0
251.0
285.0
175.0
188.0
192.0
196.0
174.0
160.0
150.0
254.0
240.0
186.0
228.0
227.0
175.0
106.0
399.0
180.0
208.0
197.0
316.0
195.0
257.0
230.0
173.0
244.0
140.0
117.0
192.0
169.0
157.0
151.0
199.0
189.0
136.0
202.0
131.0
184.0
167.0
183.0
125.0
140.0
301.0
249.0
128.0
246.0
166.0
176.0
243.0
101.0
194.0
301.0
200.0
181.0
186.0
224.0
179.0
239.0
153.0
167.0
305.0
235.0
258.0
232.0
281.0
166.0
131.0
170.0
325.0
170.0
226.0
168.0
232.0
150.0
96.0
161.0
311.0
192.0
251.0
192.0
176.0
215.0
282.0
192.0
187.0
177.0
167.0
121.0
185.0
116.0
249.0
282.0
153.0
190.0
198.0
174.0
145.0
241.0
286.0
183.0
221.0
152.0
300.0
234.0
214.0
246.0
198.0
269.0
205.0
241.0
185.0
181.0
168.0
220.0
229.0
188.0
239.0
186.0
212.0
242.0
145.0
261.0
254.0
84.0
215.0
226.0
124.0
202.0
197.0
263.0
161.0
216.0
149.0
256.0
179.0
255.0
254.0
167.0
372.0
253.0
217.0
122.0
141.0
230.0
207.0
217.0
230.0
172.0
187.0
204.0
162.0
179.0
196.0
175.0
228.0
181.0
172.0
153.0
143.0
210.0
202.0
236.0
275.0
205.0
234.0
186.0
130.0
152.0
233.0
197.0
264.0
235.0
231.0
145.0
233.0
223.0
222.0
169.0
175.0
211.0
198.0
166.0
164.0
181.0
227.0
221.0
215.0
181.0
258.0
238.0
258.0
198.0
266.0
183.0
224.0
181.0
161.0
197.0
178.0
308.0
141.0
169.0
202.0
119.0
248.0
172.0
144.0
257.0
226.0
123.0
238.0
182.0
214.0
161.0
129.0
142.0
210.0
144.0
244.0
189.0
203.0
213.0
270.0
302.0
316.0
224.0
222.0
158.0
239.0
205.0
168.0
124.0
200.0
208.0
173.0
215.0
134.0
238.0
239.0
180.0
247.0
170.0
182.0
189.0
165.0
190.0
165.0
254.0
205.0
270.0
307.0
267.0
145.0
221.0
220.0
256.0
227.0
242.0
355.0
197.0
228.0
177.0
198.0
184.0
232.0
253.0
223.0
262.0
247.0
172.0
352.0
214.0
202.0
240.0
264.0
191.0
162.0
208.0
169.0
213.0
294.0
205.0
160.0
258.0
225.0
232.0
232.0
173.0
169.0
256.0
171.0
264.0
115.0
347.0
217.0
193.0
205.0
225.0
419.0
304.0
242.0
158.0
223.0
262.0
206.0
190.0
128.0
261.0
205.0
209.0
254.0
255.0
216.0
244.0
435.0
235.0
168.0
134.0
216.0
187.0
164.0
211.0
185.0
262.0
239.0
218.0
284.0
199.0
241.0
211.0
159.0
304.0
166.0
219.0
297.0
256.0
322.0
287.0
239.0
128.0
151.0
207.0
223.0
280.0
150.0
140.0
171.0
138.0
271.0
138.0
121.0
264.0
228.0
107.0
292.0
249.0
230.0
175.0
235.0
192.0
136.0
113.0
243.0
262.0
132.0
137.0
200.0
195.0
231.0
205.0
270.0
226.0
208.0
241.0
286.0
196.0
190.0
192.0
144.0
131.0
182.0
171.0
246.0
250.0
214.0
160.0
146.0
252.0
199.0
202.0
224.0
232.0
134.0
225.0
335.0
217.0
204.0
202.0
217.0
141.0
186.0
367.0
208.0
156.0
247.0
163.0
212.0
245.0
280.0
227.0
167.0
194.0
187.0
228.0
219.0
188.0
304.0
167.0
168.0
150.0
196.0
213.0
242.0
170.0
198.0
222.0
155.0
179.0
176.0
194.0
320.0
212.0
272.0
228.0
325.0
177.0
203.0
286.0
182.0
170.0
193.0
266.0
230.0
143.0
419.0
170.0
247.0
262.0
129.0
237.0
157.0
176.0
208.0
151.0
130.0
135.0
241.0
340.0
171.0
206.0
234.0
152.0
200.0
315.0
140.0
179.0
191.0
297.0
167.0
185.0
128.0
233.0
249.0
296.0
148.0
220.0
257.0
171.0
283.0
152.0
255.0
139.0
236.0
343.0
174.0
177.0
154.0
147.0
187.0
171.0
172.0
318.0
183.0
195.0
197.0
285.0
215.0
150.0
272.0
202.0
252.0
151.0
180.0
182.0
190.0
137.0
201.0
309.0
210.0
243.0
178.0
238.0
234.0
224.0
162.0
170.0
175.0
245.0
130.0
130.0
254.0
108.0
178.0
198.0
200.0
547.0
212.0
219.0
180.0
243.0
222.0
309.0
144.0
239.0
249.0
238.0
190.0
198.0
179.0
230.0
163.0
669.0
244.0
173.0
211.0
142.0
214.0
123.0
212.0
194.0
244.0
274.0
223.0
217.0
162.0
275.0
220.0
498.0
165.0
144.0
269.0
170.0
214.0
257.0
256.0
224.0
238.0
241.0
244.0
253.0
240.0
187.0
169.0
201.0
201.0
183.0
125.0
206.0
209.0
221.0
198.0
195.0
259.0
261.0
258.0
197.0
143.0
214.0
297.0
247.0
204.0
262.0
251.0
209.0
236.0
208.0
218.0
136.0
256.0
228.0
239.0
176.0
198.0
136.0
146.0
222.0
201.0
264.0
199.0
184.0
254.0
143.0
273.0
242.0
138.0
208.0
210.0
129.0
186.0
174.0
170.0
158.0
301.0
278.0
224.0
195.0
185.0
229.0
186.0
151.0
208.0
293.0
159.0
198.0
208.0
266.0
203.0
197.0
212.0
199.0
121.0
212.0
147.0
193.0
255.0
230.0
210.0
199.0
171.0
275.0
213.0
138.0
144.0
213.0
193.0
240.0
215.0
225.0
164.0
176.0
241.0
121.0
166.0
127.0
260.0
187.0
215.0
178.0
183.0
194.0
202.0
272.0
257.0
280.0
186.0
170.0
177.0
258.0
260.0
215.0
187.0
130.0
181.0
178.0
234.0
191.0
194.0
158.0
284.0
300.0
194.0
154.0
271.0
295.0
263.0
136.0
127.0
158.0
206.0
140.0
310.0
233.0
162.0
134.0
159.0
238.0
165.0
159.0
212.0
124.0
219.0
231.0
199.0
274.0
170.0
149.0
240.0
190.0
239.0
186.0
178.0
287.0
455.0
172.0
239.0
266.0
217.0
160.0
180.0
248.0
155.0
190.0
257.0
223.0
154.0
133.0
163.0
225.0
163.0
160.0
166.0
188.0
168.0
264.0
347.0
309.0
177.0
149.0
206.0
225.0
261.0
258.0
194.0
260.0
133.0
213.0
197.0
152.0
291.0
168.0
214.0
339.0
200.0
326.0
225.0
234.0
144.0
187.0
151.0
157.0
215.0
202.0
165.0
239.0
177.0
144.0
256.0
250.0
308.0
246.0
205.0
201.0
364.0
140.0
177.0
193.0
221.0
210.0
160.0
161.0
305.0
217.0
230.0
309.0
198.0
122.0
231.0
227.0
126.0
312.0
220.0
107.0
178.0
254.0
162.0
242.0
199.0
180.0
206.0
159.0
239.0
136.0
160.0
288.0
257.0
132.0
218.0
160.0
233.0
258.0
203.0
249.0
318.0
190.0
277.0
147.0
145.0
211.0
190.0
411.0
251.0
162.0
214.0
134.0
160.0
212.0
288.0
163.0
213.0
230.0
190.0
177.0
269.0
159.0
193.0
244.0
174.0
337.0
198.0
226.0
187.0
169.0
205.0
198.0
240.0
265.0
256.0
178.0
153.0
228.0
229.0
203.0
216.0
157.0
159.0
103.0
196.0
241.0
178.0
250.0
147.0
177.0
185.0
136.0
148.0
188.0
152.0
208.0
274.0
143.0
133.0
230.0
255.0
266.0
203.0
214.0
173.0
237.0
221.0
213.0
163.0
200.0
152.0
169.0
168.0
223.0
195.0
161.0
375.0
174.0
171.0
207.0
161.0
277.0
192.0
206.0
274.0
162.0
250.0
207.0
242.0
238.0
186.0
167.0
228.0
228.0
227.0
148.0
198.0
133.0
224.0
199.0
178.0
228.0
85.0
243.0
154.0
194.0
187.0
162.0
194.0
226.0
197.0
195.0
250.0
337.0
207.0
171.0
153.0
206.0
161.0
189.0
193.0
232.0
205.0
150.0
323.0
251.0
269.0
188.0
193.0
261.0
225.0
303.0
161.0
205.0
210.0
225.0
175.0
260.0
196.0
149.0
166.0
182.0
221.0
263.0
225.0
176.0
224.0
215.0
174.0
169.0
121.0
243.0
141.0
159.0
189.0
236.0
186.0
169.0
149.0
126.0
255.0
200.0
358.0
264.0
120.0
222.0
284.0
134.0
210.0
206.0
192.0
220.0
211.0
228.0
110.0
213.0
268.0
153.0
348.0
163.0
321.0
121.0
198.0
235.0
160.0
207.0
216.0
245.0
244.0
224.0
227.0
197.0
162.0
314.0
143.0
176.0
223.0
213.0
209.0
153.0
224.0
252.0
199.0
144.0
179.0
186.0
193.0
249.0
225.0
230.0
129.0
224.0
252.0
235.0
202.0
303.0
236.0
208.0
151.0
202.0
212.0
212.0
195.0
236.0
186.0
289.0
203.0
164.0
254.0
126.0
234.0
135.0
211.0
175.0
319.0
145.0
114.0
162.0
253.0
161.0
186.0
219.0
97.0
173.0
206.0
198.0
288.0
124.0
215.0
207.0
200.0
167.0
174.0
280.0
277.0
462.0
219.0
160.0
152.0
272.0
153.0
186.0
151.0
350.0
178.0
173.0
270.0
256.0
204.0
212.0
218.0
211.0
192.0
122.0
228.0
276.0
245.0
233.0
137.0
162.0
221.0
353.0
216.0
158.0
337.0
151.0
194.0
287.0
157.0
218.0
72.0
198.0
189.0
181.0
230.0
189.0
234.0
154.0
185.0
209.0
158.0
181.0
155.0
217.0
195.0
433.0
214.0
198.0
228.0
128.0
238.0
320.0
282.0
219.0
145.0
283.0
174.0
214.0
203.0
234.0
250.0
118.0
116.0
173.0
174.0
170.0
213.0
213.0
239.0
222.0
210.0
219.0
238.0
193.0
221.0
238.0
213.0
144.0
181.0
249.0
151.0
190.0
207.0
303.0
147.0
250.0
164.0
183.0
184.0
230.0
188.0
267.0
264.0
279.0
226.0
211.0
211.0
241.0
199.0
168.0
188.0
196.0
253.0
129.0
257.0
195.0
169.0
193.0
257.0
211.0
124.0
164.0
209.0
214.0
160.0
156.0
169.0
173.0
196.0
303.0
259.0
331.0
145.0
224.0
174.0
119.0
123.0
190.0
256.0
225.0
238.0
142.0
216.0
155.0
114.0
218.0
284.0
227.0
150.0
121.0
198.0
206.0
246.0
182.0
332.0
204.0
179.0
137.0
193.0
160.0
262.0
301.0
244.0
290.0
170.0
152.0
144.0
176.0
213.0
169.0
191.0
175.0
259.0
134.0
252.0
198.0
241.0
175.0
202.0
209.0
278.0
248.0
175.0
225.0
295.0
153.0
531.0
275.0
192.0
234.0
247.0
243.0
137.0
240.0
168.0
250.0
229.0
148.0
253.0
357.0
256.0
202.0
180.0
252.0
147.0
180.0
186.0
275.0
236.0
204.0
375.0
134.0
217.0
201.0
196.0
128.0
202.0
186.0
235.0
286.0
273.0
230.0
218.0
195.0
197.0
279.0
214.0
214.0
219.0
160.0
235.0
212.0
245.0
332.0
220.0
231.0
316.0
171.0
264.0
214.0
304.0
171.0
205.0
199.0
244.0
184.0
150.0
147.0
200.0
194.0
152.0
154.0
132.0
151.0
261.0
250.0
137.0
320.0
216.0
248.0
235.0
163.0
271.0
181.0
219.0
270.0
157.0
178.0
230.0
219.0
125.0
118.0
300.0
180.0
198.0
207.0
229.0
262.0
240.0
206.0
128.0
236.0
210.0
197.0
159.0
240.0
148.0
172.0
239.0
246.0
236.0
274.0
179.0
318.0
406.0
259.0
221.0
317.0
274.0
119.0
201.0
156.0
128.0
166.0
222.0
155.0
294.0
149.0
181.0
295.0
162.0
242.0
165.0
184.0
196.0
194.0
257.0
243.0
213.0
184.0
161.0
312.0
212.0
266.0
202.0
223.0
171.0
204.0
191.0
220.0
181.0
114.0
156.0
166.0
266.0
164.0
370.0
183.0
196.0
246.0
119.0
180.0
188.0
213.0
275.0
153.0
143.0
154.0
290.0
116.0
110.0
109.0
123.0
150.0
191.0
206.0
162.0
176.0
162.0
277.0
253.0
290.0
256.0
169.0
268.0
187.0
153.0
280.0
208.0
242.0
160.0
318.0
186.0
267.0
208.0
222.0
163.0
241.0
148.0
301.0
244.0
139.0
171.0
201.0
217.0
261.0
376.0
168.0
149.0
137.0
160.0
278.0
154.0
156.0
218.0
114.0
193.0
202.0
250.0
210.0
209.0
308.0
229.0
170.0
226.0
243.0
209.0
151.0
192.0
218.0
208.0
215.0
269.0
175.0
203.0
313.0
239.0
229.0
175.0
226.0
227.0
152.0
199.0
216.0
268.0
202.0
192.0
217.0
275.0
122.0
200.0
294.0
202.0
186.0
139.0
177.0
198.0
191.0
143.0
211.0
334.0
199.0
126.0
225.0
162.0
146.0
194.0
266.0
113.0
151.0
379.0
190.0
392.0
287.0
140.0
185.0
202.0
327.0
238.0
234.0
275.0
222.0
171.0
635.0
286.0
116.0
272.0
158.0
315.0
164.0
259.0
279.0
219.0
119.0
212.0
130.0
142.0
232.0
192.0
256.0
251.0
199.0
167.0
211.0
337.0
98.0
206.0
310.0
90.0
155.0
376.0
170.0
186.0
208.0
167.0
161.0
242.0
166.0
136.0
172.0
132.0
170.0
238.0
232.0
293.0
235.0
216.0
183.0
211.0
156.0
318.0
303.0
219.0
176.0
236.0
193.0
349.0
149.0
297.0
273.0
268.0
230.0
269.0
252.0
240.0
169.0
287.0
139.0
159.0
190.0
160.0
217.0
184.0
164.0
164.0
321.0
142.0
210.0
169.0
220.0
237.0
185.0
193.0
192.0
193.0
168.0
319.0
135.0
95.0
214.0
232.0
114.0
249.0
275.0
226.0
327.0
163.0
143.0
235.0
125.0
149.0
182.0
117.0
301.0
171.0
147.0
299.0
236.0
216.0
172.0
252.0
220.0
323.0
251.0
185.0
209.0
210.0
217.0
132.0
245.0
195.0
178.0
305.0
185.0
229.0
182.0
177.0
107.0
232.0
162.0
236.0
183.0
221.0
181.0
274.0
179.0
286.0
172.0
207.0
217.0
165.0
230.0
156.0
148.0
140.0
197.0
222.0
391.0
202.0
233.0
199.0
305.0
193.0
184.0
156.0
314.0
222.0
236.0
187.0
327.0
131.0
267.0
247.0
179.0
140.0
191.0
241.0
225.0
171.0
160.0
109.0
109.0
152.0
376.0
238.0
204.0
192.0
204.0
154.0
223.0
193.0
225.0
169.0
204.0
383.0
677.0
225.0
215.0
240.0
179.0
240.0
254.0
285.0
206.0
206.0
222.0
170.0
149.0
279.0
242.0
239.0
228.0
184.0
247.0
291.0
228.0
271.0
235.0
186.0
144.0
211.0
165.0
161.0
430.0
219.0
205.0
305.0
188.0
223.0
222.0
283.0
272.0
184.0
103.0
122.0
171.0
289.0
281.0
224.0
205.0
162.0
252.0
338.0
122.0
355.0
228.0
160.0
241.0
235.0
157.0
307.0
298.0
219.0
131.0
131.0
141.0
181.0
264.0
218.0
137.0
150.0
193.0
217.0
329.0
181.0
201.0
165.0
216.0
208.0
250.0
173.0
152.0
286.0
260.0
238.0
217.0
185.0
175.0
230.0
171.0
231.0
186.0
146.0
183.0
167.0
334.0
172.0
231.0
184.0
196.0
220.0
186.0
134.0
203.0
403.0
147.0
209.0
159.0
214.0
320.0
175.0
215.0
154.0
189.0
248.0
189.0
218.0
198.0
119.0
228.0
203.0
196.0
177.0
320.0
214.0
200.0
103.0
162.0
252.0
197.0
137.0
205.0
194.0
211.0
275.0
230.0
209.0
224.0
215.0
185.0
162.0
282.0
143.0
195.0
214.0
370.0
261.0
227.0
187.0
133.0
159.0
311.0
265.0
236.0
119.0
88.0
227.0
220.0
237.0
169.0
204.0
162.0
184.0
171.0
211.0
142.0
165.0
226.0
156.0
242.0
199.0
148.0
251.0
154.0
189.0
122.0
193.0
211.0
205.0
189.0
288.0
241.0
224.0
179.0
199.0
168.0
229.0
389.0
201.0
217.0
246.0
204.0
193.0
218.0
168.0
166.0
253.0
221.0
247.0
201.0
226.0
181.0
164.0
219.0
192.0
145.0
218.0
229.0
287.0
279.0
100.0
177.0
126.0
209.0
220.0
167.0
232.0
211.0
190.0
191.0
194.0
218.0
224.0
175.0
120.0
239.0
200.0
243.0
281.0
285.0
279.0
284.0
195.0
201.0
223.0
301.0
141.0
196.0
216.0
155.0
164.0
249.0
230.0
235.0
186.0
215.0
239.0
163.0
179.0
258.0
198.0
144.0
178.0
216.0
171.0
110.0
356.0
146.0
71.0
212.0
127.0
147.0
185.0
168.0
189.0
223.0
155.0
149.0
263.0
225.0
159.0
643.0
168.0
252.0
230.0
101.0
182.0
140.0
193.0
231.0
240.0
261.0
362.0
210.0
195.0
217.0
317.0
245.0
169.0
220.0
247.0
218.0
247.0
224.0
150.0
189.0
228.0
215.0
228.0
203.0
382.0
242.0
174.0
177.0
191.0
167.0
163.0
249.0
278.0
161.0
293.0
235.0
266.0
216.0
119.0
284.0
121.0
185.0
223.0
186.0
144.0
153.0
238.0
205.0
232.0
173.0
257.0
218.0
247.0
193.0
293.0
196.0
171.0
226.0
135.0
190.0
178.0
191.0
187.0
188.0
229.0
207.0
200.0
224.0
197.0
126.0
217.0
166.0
145.0
167.0
214.0
154.0
180.0
180.0
208.0
221.0
173.0
245.0
288.0
239.0
281.0
165.0
192.0
199.0
627.0
285.0
133.0
325.0
225.0
313.0
167.0
261.0
226.0
283.0
141.0
288.0
198.0
203.0
229.0
187.0
211.0
140.0
189.0
151.0
214.0
182.0
117.0
175.0
242.0
212.0
180.0
289.0
325.0
167.0
281.0
175.0
186.0
148.0
140.0
172.0
167.0
248.0
177.0
246.0
282.0
169.0
171.0
108.0
180.0
102.0
734.0
220.0
239.0
199.0
166.0
253.0
189.0
193.0
179.0
164.0
228.0
162.0
252.0
178.0
143.0
182.0
180.0
188.0
249.0
190.0
183.0
242.0
198.0
165.0
223.0
184.0
278.0
133.0
178.0
178.0
197.0
303.0
182.0
258.0
182.0
235.0
180.0
166.0
265.0
308.0
226.0
140.0
238.0
576.0
186.0
224.0
109.0
183.0
185.0
123.0
224.0
288.0
299.0
340.0
248.0
133.0
181.0
168.0
190.0
173.0
140.0
180.0
173.0
345.0
203.0
181.0
188.0
230.0
188.0
190.0
188.0
142.0
289.0
176.0
166.0
141.0
203.0
248.0
221.0
200.0
197.0
366.0
231.0
244.0
202.0
166.0
168.0
188.0
260.0
216.0
257.0
142.0
187.0
157.0
252.0
137.0
160.0
126.0
179.0
158.0
200.0
143.0
236.0
271.0
241.0
284.0
142.0
273.0
203.0
172.0
160.0
227.0
244.0
186.0
275.0
161.0
156.0
223.0
148.0
268.0
170.0
278.0
220.0
413.0
155.0
183.0
195.0
223.0
241.0
124.0
192.0
257.0
245.0
235.0
174.0
360.0
262.0
245.0
113.0
227.0
169.0
200.0
226.0
254.0
237.0
221.0
324.0
211.0
129.0
203.0
270.0
252.0
136.0
222.0
191.0
225.0
230.0
226.0
193.0
214.0
186.0
144.0
214.0
155.0
195.0
269.0
267.0
235.0
143.0
218.0
230.0
185.0
184.0
305.0
122.0
197.0
326.0
341.0
128.0
176.0
286.0
253.0
218.0
167.0
142.0
167.0
237.0
289.0
191.0
171.0
151.0
242.0
118.0
234.0
172.0
217.0
141.0
189.0
135.0
209.0
226.0
181.0
209.0
165.0
163.0
214.0
212.0
166.0
191.0
259.0
274.0
172.0
266.0
180.0
218.0
312.0
211.0
191.0
337.0
176.0
134.0
246.0
203.0
129.0
183.0
246.0
210.0
355.0
271.0
180.0
122.0
167.0
196.0
172.0
267.0
223.0
181.0
269.0
330.0
195.0
168.0
193.0
422.0
152.0
243.0
252.0
222.0
125.0
157.0
127.0
254.0
278.0
190.0
105.0
183.0
305.0
138.0
260.0
160.0
273.0
246.0
200.0
226.0
122.0
260.0
169.0
121.0
142.0
177.0
184.0
190.0
221.0
177.0
169.0
267.0
174.0
155.0
155.0
236.0
157.0
150.0
256.0
312.0
257.0
196.0
225.0
213.0
174.0
248.0
159.0
199.0
264.0
205.0
171.0
264.0
216.0
174.0
199.0
214.0
142.0
152.0
235.0
134.0
205.0
221.0
212.0
298.0
222.0
170.0
182.0
222.0
189.0
222.0
246.0
204.0
283.0
149.0
343.0
217.0
152.0
353.0
219.0
273.0
119.0
220.0
192.0
217.0
187.0
206.0
188.0
196.0
184.0
179.0
158.0
326.0
191.0
124.0
84.0
201.0
203.0
155.0
151.0
306.0
141.0
241.0
210.0
240.0
250.0
448.0
283.0
224.0
237.0
210.0
217.0
300.0
210.0
122.0
261.0
255.0
184.0
244.0
169.0
297.0
228.0
236.0
283.0
151.0
191.0
308.0
234.0
197.0
232.0
195.0
193.0
219.0
177.0
356.0
164.0
190.0
132.0
227.0
175.0
167.0
254.0
204.0
238.0
246.0
253.0
155.0
260.0
216.0
150.0
212.0
247.0
228.0
163.0
239.0
246.0
229.0
230.0
200.0
176.0
185.0
232.0
211.0
175.0
206.0
275.0
349.0
175.0
149.0
242.0
223.0
191.0
188.0
358.0
152.0
228.0
129.0
214.0
272.0
158.0
182.0
167.0
250.0
198.0
272.0
257.0
173.0
204.0
232.0
226.0
192.0
251.0
229.0
135.0
193.0
301.0
185.0
102.0
441.0
157.0
244.0
183.0
130.0
201.0
237.0
247.0
285.0
332.0
181.0
194.0
198.0
241.0
192.0
227.0
246.0
167.0
132.0
292.0
195.0
197.0
177.0
187.0
217.0
237.0
226.0
174.0
294.0
241.0
288.0
366.0
212.0
234.0
168.0
176.0
222.0
168.0
131.0
171.0
215.0
151.0
204.0
125.0
174.0
164.0
164.0
148.0
213.0
201.0
183.0
257.0
178.0
231.0
263.0
213.0
179.0
217.0
649.0
291.0
248.0
371.0
110.0
249.0
149.0
199.0
133.0
128.0
246.0
147.0
161.0
162.0
231.0
249.0
245.0
163.0
174.0
167.0
223.0
237.0
194.0
140.0
297.0
144.0
252.0
155.0
167.0
180.0
288.0
170.0
178.0
227.0
570.0
140.0
234.0
167.0
196.0
197.0
168.0
225.0
181.0
293.0
182.0
135.0
290.0
281.0
176.0
253.0
183.0
297.0
209.0
136.0
293.0
157.0
223.0
277.0
386.0
142.0
249.0
235.0
194.0
207.0
212.0
240.0
340.0
177.0
219.0
190.0
316.0
198.0
258.0
171.0
174.0
178.0
378.0
208.0
183.0
251.0
248.0
215.0
205.0
205.0
181.0
284.0
306.0
172.0
249.0
131.0
164.0
399.0
260.0
182.0
200.0
308.0
175.0
266.0
251.0
203.0
189.0
226.0
192.0
238.0
323.0
225.0
230.0
194.0
142.0
212.0
158.0
258.0
145.0
300.0
204.0
228.0
263.0
184.0
199.0
104.0
179.0
158.0
238.0
224.0
127.0
290.0
225.0
249.0
235.0
247.0
280.0
204.0
257.0
213.0
151.0
219.0
142.0
229.0
184.0
232.0
265.0
267.0
298.0
197.0
251.0
294.0
164.0
251.0
135.0
220.0
209.0
166.0
158.0
136.0
288.0
253.0
214.0
144.0
370.0
185.0
167.0
167.0
224.0
265.0
184.0
133.0
120.0
182.0
197.0
227.0
142.0
216.0
184.0
251.0
202.0
247.0
172.0
206.0
308.0
206.0
166.0
186.0
144.0
216.0
286.0
181.0
186.0
260.0
152.0
265.0
149.0
294.0
162.0
147.0
167.0
216.0
152.0
126.0
170.0
250.0
271.0
205.0
135.0
293.0
84.0
317.0
146.0
220.0
152.0
186.0
212.0
221.0
114.0
248.0
101.0
189.0
219.0
185.0
144.0
166.0
189.0
172.0
187.0
344.0
208.0
225.0
274.0
269.0
254.0
193.0
105.0
276.0
313.0
186.0
188.0
169.0
200.0
169.0
169.0
191.0
157.0
150.0
266.0
203.0
261.0
236.0
251.0
175.0
208.0
262.0
185.0
207.0
279.0
242.0
227.0
198.0
174.0
203.0
192.0
321.0
209.0
236.0
193.0
176.0
249.0
136.0
120.0
221.0
289.0
188.0
213.0
254.0
180.0
244.0
314.0
170.0
162.0
198.0
223.0
235.0
227.0
86.0
299.0
219.0
167.0
293.0
191.0
209.0
241.0
169.0
189.0
136.0
253.0
129.0
369.0
227.0
206.0
163.0
256.0
310.0
159.0
226.0
132.0
281.0
220.0
177.0
133.0
203.0
173.0
252.0
209.0
193.0
252.0
319.0
169.0
143.0
225.0
179.0
231.0
140.0
322.0
157.0
300.0
175.0
154.0
163.0
216.0
189.0
222.0
218.0
215.0
202.0
128.0
249.0
173.0
185.0
336.0
139.0
143.0
234.0
229.0
219.0
168.0
131.0
242.0
110.0
174.0
244.0
204.0
160.0
148.0
191.0
247.0
206.0
474.0
341.0
247.0
248.0
153.0
190.0
154.0
93.0
108.0
931.0
189.0
226.0
149.0
170.0
329.0
276.0
282.0
404.0
238.0
265.0
220.0
218.0
121.0
212.0
194.0
155.0
303.0
224.0
183.0
171.0
278.0
226.0
268.0
100.0
201.0
381.0
169.0
192.0
178.0
224.0
133.0
142.0
209.0
378.0
126.0
191.0
208.0
175.0
119.0
151.0
177.0
286.0
188.0
234.0
251.0
132.0
226.0
145.0
190.0
247.0
204.0
199.0
231.0
291.0
163.0
250.0
214.0
214.0
292.0
134.0
175.0
190.0
178.0
204.0
194.0
144.0
189.0
257.0
298.0
111.0
150.0
232.0
131.0
255.0
161.0
181.0
243.0
219.0
178.0
207.0
130.0
193.0
199.0
286.0
191.0
125.0
142.0
261.0
203.0
332.0
257.0
195.0
340.0
314.0
274.0
362.0
243.0
227.0
174.0
157.0
246.0
122.0
176.0
135.0
176.0
219.0
131.0
308.0
143.0
203.0
278.0
177.0
205.0
287.0
149.0
159.0
147.0
175.0
194.0
231.0
223.0
274.0
176.0
375.0
173.0
202.0
183.0
123.0
187.0
149.0
206.0
199.0
469.0
159.0
210.0
203.0
224.0
267.0
154.0
264.0
228.0
362.0
225.0
168.0
206.0
157.0
245.0
180.0
193.0
219.0
147.0
257.0
177.0
275.0
171.0
202.0
252.0
212.0
310.0
176.0
203.0
173.0
214.0
218.0
154.0
132.0
222.0
224.0
144.0
197.0
217.0
155.0
182.0
211.0
152.0
185.0
368.0
219.0
126.0
135.0
193.0
375.0
250.0
261.0
213.0
211.0
195.0
181.0
213.0
170.0
150.0
224.0
189.0
121.0
155.0
183.0
226.0
201.0
125.0
185.0
222.0
108.0
213.0
231.0
261.0
174.0
149.0
129.0
283.0
366.0
232.0
231.0
321.0
224.0
142.0
258.0
298.0
254.0
146.0
122.0
123.0
201.0
157.0
272.0
233.0
266.0
249.0
190.0
171.0
166.0
269.0
238.0
146.0
195.0
252.0
109.0
209.0
252.0
281.0
240.0
113.0
220.0
89.0
266.0
167.0
278.0
214.0
288.0
159.0
240.0
308.0
216.0
340.0
159.0
217.0
244.0
177.0
245.0
319.0
220.0
96.0
180.0
313.0
158.0
211.0
205.0
170.0
154.0
186.0
287.0
208.0
153.0
198.0
261.0
175.0
248.0
210.0
173.0
355.0
243.0
138.0
236.0
191.0
172.0
197.0
274.0
139.0
136.0
281.0
122.0
237.0
146.0
249.0
150.0
240.0
140.0
194.0
149.0
154.0
217.0
303.0
268.0
211.0
161.0
234.0
189.0
174.0
198.0
206.0
253.0
157.0
181.0
297.0
267.0
128.0
147.0
115.0
190.0
217.0
210.0
187.0
187.0
169.0
137.0
178.0
250.0
243.0
266.0
246.0
272.0
220.0
186.0
253.0
162.0
178.0
172.0
169.0
185.0
135.0
176.0
123.0
266.0
289.0
135.0
159.0
242.0
169.0
180.0
230.0
233.0
198.0
247.0
250.0
115.0
297.0
124.0
255.0
158.0
243.0
187.0
286.0
194.0
152.0
202.0
148.0
316.0
273.0
124.0
189.0
135.0
304.0
199.0
192.0
227.0
221.0
215.0
194.0
128.0
210.0
383.0
279.0
120.0
165.0
234.0
319.0
149.0
171.0
105.0
165.0
293.0
236.0
142.0
278.0
194.0
223.0
172.0
193.0
145.0
146.0
173.0
138.0
183.0
325.0
287.0
207.0
221.0
145.0
138.0
192.0
170.0
185.0
283.0
136.0
320.0
200.0
217.0
225.0
178.0
145.0
230.0
167.0
370.0
251.0
154.0
226.0
209.0
127.0
160.0
242.0
153.0
169.0
387.0
197.0
146.0
142.0
187.0
150.0
181.0
154.0
198.0
165.0
209.0
141.0
267.0
312.0
187.0
173.0
245.0
235.0
259.0
237.0
157.0
152.0
186.0
156.0
225.0
218.0
162.0
274.0
195.0
140.0
295.0
260.0
142.0
200.0
259.0
243.0
202.0
159.0
299.0
193.0
247.0
352.0
197.0
327.0
270.0
356.0
160.0
157.0
166.0
225.0
260.0
145.0
199.0
165.0
273.0
1187.0
168.0
184.0
139.0
345.0
204.0
151.0
139.0
289.0
123.0
226.0
246.0
118.0
290.0
228.0
220.0
175.0
171.0
218.0
295.0
377.0
204.0
250.0
71.0
250.0
219.0
94.0
178.0
787.0
150.0
129.0
213.0
140.0
239.0
286.0
249.0
190.0
244.0
235.0
158.0
298.0
201.0
288.0
212.0
127.0
172.0
189.0
203.0
157.0
186.0
347.0
126.0
156.0
142.0
160.0
227.0
236.0
160.0
327.0
259.0
148.0
312.0
318.0
204.0
130.0
198.0
159.0
156.0
287.0
179.0
190.0
267.0
205.0
302.0
174.0
182.0
233.0
128.0
215.0
198.0
191.0
264.0
197.0
150.0
197.0
262.0
156.0
286.0
270.0
297.0
135.0
228.0
200.0
179.0
301.0
304.0
155.0
171.0
127.0
265.0
208.0
141.0
165.0
128.0
158.0
241.0
201.0
208.0
150.0
221.0
254.0
265.0
357.0
233.0
159.0
145.0
257.0
165.0
223.0
244.0
139.0
149.0
341.0
219.0
171.0
271.0
256.0
134.0
153.0
251.0
150.0
196.0
252.0
230.0
148.0
287.0
210.0
366.0
148.0
208.0
127.0
322.0
179.0
144.0
171.0
211.0
219.0
169.0
342.0
157.0
306.0
234.0
155.0
189.0
392.0
261.0
236.0
164.0
149.0
142.0
324.0
202.0
145.0
143.0
161.0
246.0
189.0
145.0
213.0
196.0
271.0
266.0
228.0
251.0
192.0
189.0
248.0
378.0
225.0
183.0
161.0
185.0
313.0
238.0
173.0
117.0
342.0
170.0
234.0
185.0
362.0
285.0
260.0
254.0
154.0
177.0
252.0
151.0
268.0
185.0
221.0
136.0
129.0
181.0
139.0
304.0
211.0
143.0
148.0
174.0
183.0
284.0
200.0
156.0
152.0
207.0
182.0
260.0
147.0
287.0
291.0
263.0
187.0
168.0
232.0
130.0
330.0
103.0
208.0
205.0
158.0
173.0
149.0
214.0
148.0
190.0
194.0
212.0
184.0
133.0
200.0
212.0
507.0
193.0
236.0
255.0
217.0
173.0
232.0
296.0
141.0
308.0
267.0
200.0
246.0
270.0
369.0
149.0
254.0
197.0
234.0
227.0
122.0
174.0
195.0
243.0
190.0
195.0
216.0
189.0
235.0
302.0
168.0
171.0
198.0
248.0
211.0
170.0
256.0
208.0
167.0
203.0
272.0
158.0
170.0
206.0
178.0
219.0
271.0
184.0
168.0
268.0
229.0
217.0
264.0
258.0
179.0
165.0
93.0
184.0
129.0
148.0
270.0
231.0
249.0
201.0
250.0
173.0
172.0
220.0
118.0
145.0
129.0
216.0
151.0
200.0
136.0
157.0
234.0
263.0
273.0
166.0
240.0
99.0
203.0
242.0
142.0
138.0
211.0
172.0
168.0
255.0
221.0
140.0
321.0
194.0
211.0
141.0
125.0
250.0
119.0
169.0
160.0
205.0
281.0
208.0
271.0
165.0
201.0
301.0
287.0
239.0
123.0
184.0
214.0
283.0
176.0
170.0
269.0
112.0
256.0
182.0
187.0
171.0
179.0
213.0
227.0
213.0
243.0
179.0
220.0
189.0
325.0
354.0
214.0
318.0
127.0
385.0
134.0
131.0
197.0
184.0
119.0
216.0
247.0
183.0
219.0
202.0
189.0
181.0
320.0
223.0
252.0
239.0
140.0
217.0
473.0
160.0
120.0
173.0
212.0
213.0
99.0
212.0
130.0
183.0
123.0
227.0
215.0
248.0
246.0
185.0
141.0
162.0
235.0
183.0
187.0
216.0
203.0
131.0
164.0
174.0
276.0
226.0
221.0
203.0
205.0
244.0
211.0
164.0
178.0
262.0
127.0
218.0
247.0
303.0
234.0
160.0
184.0
183.0
214.0
189.0
282.0
111.0
204.0
187.0
216.0
137.0
216.0
171.0
241.0
352.0
262.0
230.0
137.0
123.0
322.0
332.0
175.0
265.0
236.0
288.0
198.0
107.0
290.0
188.0
185.0
286.0
169.0
267.0
213.0
215.0
210.0
155.0
172.0
187.0
183.0
232.0
158.0
232.0
205.0
283.0
112.0
164.0
224.0
206.0
172.0
280.0
257.0
157.0
243.0
330.0
182.0
249.0
334.0
196.0
198.0
166.0
175.0
163.0
215.0
141.0
129.0
121.0
193.0
187.0
188.0
148.0
171.0
196.0
142.0
268.0
100.0
751.0
189.0
268.0
137.0
333.0
247.0
214.0
131.0
213.0
212.0
247.0
172.0
243.0
187.0
154.0
100.0
276.0
236.0
255.0
120.0
143.0
176.0
262.0
275.0
229.0
219.0
183.0
146.0
196.0
254.0
301.0
176.0
273.0
200.0
424.0
147.0
167.0
241.0
250.0
129.0
177.0
227.0
239.0
131.0
168.0
139.0
113.0
242.0
252.0
281.0
251.0
412.0
195.0
243.0
136.0
170.0
208.0
324.0
132.0
155.0
105.0
252.0
177.0
186.0
273.0
288.0
231.0
256.0
227.0
298.0
118.0
244.0
180.0
187.0
212.0
291.0
239.0
349.0
184.0
162.0
203.0
202.0
213.0
225.0
291.0
329.0
111.0
154.0
119.0
219.0
369.0
207.0
183.0
192.0
161.0
266.0
150.0
206.0
161.0
240.0
155.0
155.0
151.0
595.0
178.0
184.0
197.0
307.0
214.0
151.0
180.0
279.0
168.0
123.0
303.0
211.0
195.0
242.0
155.0
222.0
152.0
186.0
134.0
210.0
206.0
144.0
200.0
172.0
155.0
175.0
203.0
148.0
655.0
321.0
181.0
235.0
326.0
149.0
184.0
233.0
307.0
187.0
233.0
226.0
224.0
166.0
190.0
209.0
505.0
199.0
283.0
196.0
376.0
144.0
151.0
194.0
194.0
121.0
228.0
270.0
134.0
135.0
206.0
188.0
123.0
151.0
165.0
242.0
158.0
159.0
182.0
496.0
316.0
205.0
265.0
198.0
179.0
329.0
226.0
156.0
152.0
216.0
176.0
257.0
190.0
194.0
152.0
119.0
251.0
269.0
232.0
306.0
94.0
175.0
236.0
182.0
147.0
201.0
144.0
280.0
244.0
200.0
181.0
191.0
272.0
149.0
340.0
151.0
234.0
152.0
208.0
229.0
372.0
177.0
306.0
255.0
209.0
327.0
289.0
134.0
166.0
177.0
205.0
197.0
265.0
298.0
142.0
112.0
130.0
159.0
182.0
242.0
313.0
269.0
301.0
144.0
194.0
208.0
258.0
200.0
203.0
132.0
231.0
122.0
379.0
337.0
197.0
287.0
118.0
200.0
339.0
162.0
281.0
139.0
150.0
140.0
141.0
190.0
164.0
157.0
197.0
169.0
187.0
204.0
294.0
150.0
115.0
135.0
168.0
161.0
159.0
174.0
140.0
260.0
208.0
206.0
266.0
123.0
292.0
206.0
164.0
280.0
219.0
249.0
187.0
182.0
216.0
129.0
202.0
363.0
196.0
136.0
199.0
191.0
327.0
211.0
233.0
141.0
179.0
188.0
165.0
290.0
182.0
194.0
302.0
112.0
241.0
263.0
228.0
225.0
205.0
263.0
181.0
212.0
113.0
198.0
251.0
196.0
189.0
141.0
258.0
232.0
179.0
236.0
262.0
271.0
411.0
171.0
218.0
199.0
210.0
216.0
146.0
288.0
147.0
171.0
155.0
233.0
157.0
121.0
158.0
249.0
212.0
287.0
173.0
117.0
338.0
249.0
193.0
200.0
379.0
172.0
209.0
97.0
136.0
126.0
238.0
113.0
159.0
277.0
152.0
240.0
263.0
132.0
173.0
279.0
168.0
216.0
190.0
257.0
139.0
144.0
248.0
189.0
362.0
126.0
160.0
198.0
283.0
221.0
175.0
272.0
221.0
140.0
282.0
249.0
185.0
223.0
72.0
126.0
364.0
131.0
245.0
164.0
173.0
244.0
156.0
345.0
150.0
191.0
127.0
133.0
113.0
265.0
205.0
197.0
372.0
188.0
153.0
225.0
229.0
101.0
258.0
260.0
186.0
280.0
157.0
167.0
200.0
142.0
281.0
200.0
210.0
271.0
129.0
263.0
204.0
193.0
198.0
157.0
140.0
123.0
214.0
194.0
184.0
338.0
113.0
419.0
180.0
138.0
241.0
174.0
243.0
198.0
292.0
257.0
192.0
348.0
180.0
391.0
203.0
181.0
177.0
253.0
230.0
194.0
339.0
215.0
167.0
144.0
276.0
191.0
164.0
293.0
192.0
183.0
280.0
296.0
361.0
205.0
155.0
285.0
246.0
207.0
188.0
284.0
236.0
305.0
164.0
235.0
253.0
141.0
251.0
261.0
273.0
190.0
122.0
187.0
221.0
291.0
232.0
128.0
211.0
129.0
220.0
198.0
209.0
315.0
235.0
187.0
188.0
260.0
138.0
264.0
153.0
340.0
193.0
216.0
197.0
227.0
192.0
222.0
175.0
160.0
212.0
226.0
218.0
211.0
186.0
257.0
283.0
212.0
226.0
169.0
191.0
157.0
146.0
162.0
139.0
200.0
134.0
220.0
138.0
125.0
129.0
267.0
162.0
141.0
114.0
222.0
221.0
221.0
206.0
190.0
365.0
135.0
185.0
271.0
224.0
262.0
153.0
226.0
261.0
216.0
191.0
196.0
282.0
223.0
275.0
291.0
216.0
177.0
122.0
103.0
257.0
251.0
201.0
159.0
161.0
341.0
317.0
151.0
181.0
234.0
106.0
164.0
105.0
141.0
256.0
205.0
210.0
226.0
158.0
158.0
144.0
165.0
182.0
222.0
178.0
237.0
199.0
222.0
177.0
194.0
223.0
204.0
150.0
211.0
223.0
151.0
259.0
258.0
336.0
225.0
216.0
166.0
140.0
266.0
300.0
219.0
229.0
122.0
173.0
336.0
231.0
173.0
252.0
239.0
235.0
177.0
102.0
206.0
132.0
207.0
173.0
295.0
264.0
200.0
168.0
183.0
140.0
129.0
306.0
102.0
238.0
198.0
215.0
255.0
152.0
244.0
224.0
167.0
159.0
287.0
219.0
123.0
139.0
213.0
230.0
141.0
143.0
184.0
139.0
241.0
235.0
162.0
210.0
220.0
250.0
198.0
225.0
203.0
168.0
227.0
191.0
230.0
315.0
275.0
338.0
264.0
165.0
148.0
294.0
306.0
230.0
152.0
157.0
171.0
218.0
192.0
307.0
329.0
240.0
217.0
198.0
192.0
144.0
152.0
253.0
146.0
190.0
220.0
244.0
211.0
167.0
286.0
208.0
260.0
227.0
248.0
208.0
176.0
168.0
181.0
187.0
203.0
190.0
231.0
143.0
158.0
171.0
185.0
181.0
149.0
135.0
281.0
215.0
140.0
213.0
398.0
307.0
353.0
205.0
176.0
168.0
214.0
176.0
230.0
245.0
321.0
91.0
211.0
148.0
186.0
218.0
167.0
184.0
147.0
337.0
135.0
150.0
299.0
265.0
126.0
283.0
301.0
262.0
333.0
86.0
152.0
273.0
285.0
264.0
211.0
137.0
249.0
160.0
332.0
194.0
183.0
180.0
299.0
234.0
239.0
217.0
89.0
238.0
256.0
292.0
104.0
140.0
399.0
151.0
201.0
158.0
361.0
237.0
168.0
133.0
218.0
146.0
208.0
422.0
90.0
156.0
212.0
140.0
179.0
240.0
200.0
108.0
158.0
287.0
144.0
230.0
173.0
270.0
162.0
169.0
231.0
169.0
235.0
176.0
168.0
369.0
217.0
249.0
125.0
187.0
224.0
183.0
217.0
238.0
167.0
120.0
238.0
243.0
267.0
286.0
313.0
303.0
303.0
227.0
107.0
550.0
306.0
195.0
134.0
292.0
195.0
165.0
306.0
211.0
290.0
123.0
205.0
284.0
292.0
209.0
189.0
143.0
184.0
216.0
184.0
222.0
142.0
188.0
150.0
174.0
300.0
205.0
206.0
166.0
264.0
227.0
946.0
230.0
243.0
190.0
164.0
111.0
236.0
185.0
182.0
183.0
200.0
242.0
199.0
185.0
233.0
93.0
283.0
256.0
160.0
212.0
205.0
248.0
249.0
255.0
242.0
114.0
173.0
200.0
160.0
77.0
213.0
192.0
231.0
90.0
239.0
180.0
155.0
196.0
327.0
400.0
210.0
215.0
157.0
215.0
210.0
135.0
196.0
224.0
211.0
139.0
249.0
197.0
289.0
253.0
230.0
211.0
318.0
144.0
290.0
301.0
243.0
161.0
134.0
218.0
270.0
305.0
174.0
202.0
222.0
188.0
188.0
143.0
194.0
209.0
187.0
193.0
152.0
184.0
250.0
259.0
195.0
261.0
233.0
92.0
307.0
217.0
144.0
139.0
194.0
191.0
113.0
227.0
192.0
197.0
241.0
209.0
491.0
164.0
305.0
266.0
197.0
149.0
289.0
235.0
206.0
166.0
176.0
164.0
237.0
189.0
278.0
170.0
202.0
222.0
159.0
115.0
189.0
235.0
213.0
195.0
136.0
228.0
229.0
142.0
155.0
198.0
139.0
241.0
166.0
174.0
141.0
287.0
117.0
133.0
237.0
232.0
148.0
127.0
350.0
204.0
218.0
296.0
189.0
236.0
163.0
197.0
185.0
139.0
301.0
175.0
186.0
247.0
210.0
227.0
216.0
106.0
239.0
221.0
198.0
343.0
256.0
395.0
253.0
290.0
139.0
180.0
188.0
194.0
230.0
308.0
248.0
220.0
188.0
339.0
384.0
220.0
153.0
126.0
97.0
106.0
221.0
286.0
160.0
150.0
238.0
209.0
183.0
119.0
204.0
120.0
223.0
226.0
156.0
269.0
161.0
224.0
115.0
244.0
233.0
298.0
173.0
316.0
189.0
177.0
155.0
251.0
169.0
148.0
224.0
264.0
306.0
153.0
224.0
164.0
192.0
191.0
90.0
188.0
247.0
188.0
276.0
139.0
162.0
267.0
147.0
241.0
102.0
166.0
194.0
189.0
259.0
180.0
171.0
197.0
225.0
167.0
242.0
315.0
1383.0
179.0
268.0
245.0
255.0
223.0
160.0
201.0
200.0
212.0
227.0
220.0
213.0
181.0
155.0
252.0
137.0
282.0
256.0
153.0
223.0
233.0
191.0
300.0
244.0
408.0
192.0
158.0
169.0
171.0
328.0
341.0
109.0
349.0
218.0
502.0
388.0
239.0
211.0
169.0
290.0
180.0
146.0
280.0
148.0
212.0
211.0
135.0
170.0
233.0
132.0
194.0
203.0
172.0
182.0
154.0
237.0
184.0
294.0
226.0
165.0
191.0
154.0
122.0
139.0
270.0
327.0
146.0
234.0
301.0
153.0
258.0
269.0
254.0
243.0
408.0
237.0
155.0
270.0
211.0
183.0
103.0
219.0
151.0
189.0
214.0
215.0
223.0
270.0
226.0
353.0
306.0
378.0
218.0
261.0
173.0
99.0
205.0
229.0
187.0
248.0
202.0
138.0
131.0
256.0
178.0
241.0
131.0
277.0
272.0
370.0
159.0
133.0
353.0
310.0
194.0
213.0
178.0
207.0
140.0
185.0
241.0
159.0
235.0
202.0
314.0
124.0
193.0
139.0
235.0
273.0
197.0
191.0
192.0
220.0
195.0
197.0
233.0
297.0
341.0
156.0
276.0
307.0
206.0
170.0
181.0
262.0
148.0
203.0
155.0
88.0
183.0
220.0
330.0
242.0
177.0
177.0
158.0
269.0
167.0
305.0
205.0
182.0
136.0
219.0
225.0
233.0
125.0
154.0
141.0
183.0
132.0
195.0
201.0
206.0
297.0
188.0
271.0
336.0
98.0
201.0
229.0
212.0
195.0
161.0
232.0
301.0
259.0
119.0
230.0
225.0
148.0
152.0
201.0
278.0
264.0
160.0
189.0
232.0
333.0
148.0
282.0
262.0
153.0
170.0
101.0
277.0
259.0
222.0
321.0
177.0
300.0
331.0
214.0
256.0
199.0
239.0
256.0
157.0
164.0
308.0
181.0
152.0
260.0
148.0
201.0
257.0
176.0
251.0
168.0
215.0
214.0
162.0
197.0
256.0
203.0
181.0
260.0
287.0
169.0
229.0
224.0
103.0
795.0
82.0
224.0
190.0
137.0
311.0
316.0
178.0
190.0
236.0
202.0
201.0
211.0
201.0
192.0
197.0
239.0
333.0
195.0
207.0
273.0
195.0
273.0
204.0
182.0
170.0
143.0
148.0
131.0
130.0
157.0
155.0
185.0
266.0
182.0
197.0
148.0
120.0
187.0
181.0
146.0
185.0
276.0
225.0
144.0
542.0
142.0
198.0
220.0
216.0
176.0
221.0
207.0
213.0
213.0
180.0
143.0
159.0
183.0
175.0
224.0
186.0
132.0
207.0
326.0
296.0
209.0
207.0
242.0
212.0
191.0
140.0
201.0
301.0
217.0
182.0
322.0
127.0
253.0
131.0
148.0
199.0
166.0
342.0
151.0
184.0
233.0
218.0
219.0
213.0
129.0
314.0
273.0
228.0
180.0
231.0
233.0
188.0
278.0
251.0
208.0
258.0
501.0
252.0
316.0
166.0
209.0
323.0
233.0
237.0
182.0
155.0
201.0
182.0
206.0
167.0
307.0
207.0
197.0
312.0
238.0
190.0
159.0
206.0
190.0
420.0
168.0
174.0
179.0
167.0
134.0
164.0
150.0
133.0
247.0
210.0
180.0
321.0
160.0
200.0
165.0
210.0
122.0
130.0
227.0
175.0
185.0
239.0
196.0
218.0
147.0
196.0
239.0
176.0
195.0
124.0
134.0
161.0
205.0
124.0
194.0
205.0
167.0
346.0
199.0
176.0
200.0
170.0
145.0
171.0
154.0
199.0
295.0
195.0
156.0
191.0
194.0
144.0
274.0
115.0
129.0
148.0
208.0
166.0
105.0
374.0
200.0
115.0
180.0
206.0
187.0
167.0
163.0
140.0
140.0
195.0
226.0
242.0
260.0
172.0
187.0
136.0
292.0
220.0
185.0
152.0
181.0
115.0
165.0
250.0
198.0
170.0
325.0
202.0
215.0
158.0
240.0
178.0
274.0
283.0
294.0
236.0
235.0
207.0
170.0
180.0
133.0
222.0
135.0
293.0
214.0
156.0
142.0
138.0
107.0
162.0
221.0
163.0
178.0
176.0
228.0
141.0
224.0
264.0
190.0
153.0
158.0
251.0
127.0
149.0
176.0
229.0
270.0
274.0
354.0
207.0
188.0
211.0
260.0
128.0
156.0
169.0
275.0
158.0
159.0
159.0
253.0
225.0
258.0
153.0
197.0
256.0
347.0
311.0
163.0
131.0
149.0
247.0
220.0
159.0
195.0
200.0
166.0
114.0
224.0
215.0
196.0
159.0
187.0
248.0
168.0
149.0
169.0
176.0
123.0
244.0
225.0
247.0
176.0
320.0
221.0
237.0
218.0
321.0
220.0
174.0
115.0
158.0
225.0
175.0
215.0
167.0
219.0
223.0
135.0
270.0
258.0
232.0
242.0
374.0
151.0
160.0
214.0
170.0
222.0
236.0
217.0
113.0
133.0
185.0
182.0
230.0
169.0
154.0
196.0
154.0
226.0
236.0
197.0
199.0
181.0
128.0
210.0
126.0
446.0
356.0
184.0
234.0
242.0
177.0
192.0
267.0
241.0
146.0
199.0
281.0
329.0
313.0
293.0
248.0
285.0
182.0
222.0
137.0
262.0
176.0
257.0
175.0
127.0
216.0
293.0
106.0
158.0
298.0
176.0
116.0
153.0
156.0
151.0
195.0
451.0
123.0
216.0
284.0
240.0
233.0
168.0
122.0
233.0
207.0
147.0
252.0
216.0
255.0
211.0
141.0
225.0
293.0
140.0
708.0
147.0
284.0
161.0
190.0
234.0
288.0
215.0
332.0
138.0
188.0
159.0
156.0
210.0
340.0
157.0
183.0
201.0
199.0
286.0
316.0
169.0
228.0
189.0
224.0
160.0
236.0
222.0
164.0
157.0
191.0
187.0
132.0
230.0
220.0
209.0
179.0
139.0
159.0
112.0
374.0
115.0
255.0
125.0
276.0
231.0
209.0
153.0
161.0
215.0
167.0
274.0
206.0
188.0
186.0
350.0
211.0
185.0
244.0
244.0
198.0
306.0
283.0
184.0
201.0
206.0
277.0
208.0
113.0
228.0
155.0
268.0
176.0
227.0
202.0
247.0
166.0
261.0
144.0
2581.0
157.0
369.0
172.0
421.0
172.0
239.0
148.0
288.0
139.0
171.0
174.0
179.0
229.0
165.0
170.0
135.0
152.0
157.0
395.0
153.0
218.0
186.0
269.0
197.0
156.0
242.0
154.0
184.0
230.0
169.0
176.0
256.0
255.0
189.0
128.0
177.0
113.0
188.0
179.0
204.0
137.0
99.0
249.0
231.0
421.0
321.0
267.0
148.0
154.0
178.0
342.0
218.0
239.0
461.0
240.0
98.0
155.0
172.0
218.0
276.0
138.0
153.0
177.0
334.0
185.0
132.0
253.0
228.0
160.0
251.0
188.0
152.0
216.0
206.0
319.0
428.0
187.0
120.0
203.0
202.0
174.0
227.0
113.0
148.0
239.0
241.0
219.0
196.0
280.0
257.0
141.0
230.0
293.0
229.0
298.0
167.0
155.0
223.0
168.0
117.0
112.0
213.0
229.0
270.0
225.0
211.0
210.0
251.0
230.0
315.0
318.0
248.0
162.0
161.0
130.0
228.0
270.0
147.0
218.0
260.0
141.0
189.0
165.0
109.0
215.0
251.0
144.0
229.0
196.0
241.0
139.0
191.0
174.0
430.0
309.0
162.0
426.0
235.0
179.0
275.0
274.0
138.0
192.0
166.0
151.0
136.0
179.0
121.0
183.0
239.0
172.0
266.0
304.0
186.0
205.0
242.0
214.0
146.0
155.0
247.0
163.0
206.0
129.0
293.0
189.0
174.0
263.0
129.0
212.0
161.0
234.0
193.0
235.0
324.0
192.0
223.0
152.0
335.0
241.0
501.0
231.0
176.0
102.0
232.0
277.0
165.0
377.0
185.0
213.0
169.0
239.0
216.0
174.0
202.0
290.0
231.0
143.0
168.0
298.0
166.0
212.0
162.0
147.0
147.0
236.0
118.0
164.0
164.0
256.0
292.0
157.0
248.0
215.0
195.0
206.0
248.0
189.0
166.0
212.0
289.0
88.0
131.0
241.0
152.0
219.0
167.0
173.0
173.0
315.0
171.0
203.0
366.0
237.0
211.0
196.0
264.0
170.0
224.0
298.0
734.0
171.0
237.0
200.0
265.0
249.0
242.0
232.0
177.0
178.0
166.0
144.0
241.0
253.0
183.0
165.0
166.0
144.0
203.0
259.0
161.0
205.0
280.0
240.0
233.0
196.0
206.0
113.0
206.0
177.0
205.0
266.0
140.0
185.0
323.0
175.0
331.0
262.0
217.0
187.0
252.0
146.0
206.0
255.0
135.0
195.0
208.0
192.0
223.0
151.0
332.0
196.0
217.0
147.0
326.0
140.0
195.0
168.0
165.0
306.0
311.0
172.0
281.0
300.0
228.0
173.0
152.0
218.0
124.0
197.0
143.0
219.0
243.0
182.0
209.0
213.0
151.0
161.0
305.0
272.0
131.0
375.0
169.0
133.0
127.0
179.0
283.0
219.0
162.0
422.0
281.0
147.0
234.0
153.0
205.0
190.0
456.0
152.0
225.0
279.0
175.0
275.0
271.0
198.0
204.0
217.0
263.0
185.0
246.0
272.0
173.0
298.0
120.0
240.0
173.0
366.0
149.0
243.0
153.0
235.0
127.0
194.0
178.0
188.0
159.0
205.0
156.0
169.0
185.0
311.0
108.0
141.0
164.0
170.0
256.0
275.0
234.0
255.0
131.0
159.0
249.0
198.0
212.0
166.0
351.0
135.0
227.0
223.0
131.0
254.0
122.0
230.0
234.0
268.0
171.0
228.0
276.0
266.0
216.0
124.0
272.0
174.0
308.0
299.0
106.0
143.0
232.0
142.0
269.0
153.0
112.0
196.0
161.0
284.0
186.0
190.0
166.0
178.0
725.0
158.0
230.0
195.0
172.0
281.0
345.0
174.0
145.0
181.0
157.0
123.0
137.0
196.0
225.0
167.0
243.0
304.0
159.0
299.0
131.0
200.0
272.0
149.0
209.0
105.0
188.0
209.0
279.0
167.0
198.0
196.0
148.0
182.0
145.0
212.0
325.0
207.0
154.0
157.0
200.0
295.0
201.0
386.0
211.0
293.0
163.0
142.0
284.0
252.0
316.0
177.0
205.0
179.0
168.0
351.0
346.0
197.0
169.0
121.0
142.0
154.0
339.0
238.0
197.0
186.0
515.0
204.0
238.0
233.0
172.0
175.0
256.0
236.0
75.0
229.0
183.0
221.0
130.0
248.0
204.0
143.0
160.0
208.0
147.0
160.0
332.0
312.0
188.0
245.0
212.0
188.0
269.0
150.0
176.0
233.0
232.0
155.0
256.0
224.0
167.0
264.0
247.0
357.0
170.0
212.0
111.0
251.0
132.0
164.0
196.0
167.0
194.0
226.0
258.0
201.0
294.0
137.0
226.0
288.0
306.0
228.0
188.0
241.0
163.0
127.0
136.0
182.0
126.0
233.0
299.0
119.0
207.0
312.0
194.0
206.0
241.0
201.0
148.0
189.0
224.0
121.0
258.0
158.0
190.0
213.0
903.0
155.0
173.0
203.0
134.0
165.0
206.0
244.0
143.0
188.0
347.0
185.0
268.0
134.0
205.0
158.0
308.0
123.0
146.0
261.0
181.0
166.0
182.0
323.0
172.0
155.0
280.0
233.0
180.0
155.0
272.0
265.0
131.0
194.0
259.0
176.0
201.0
262.0
302.0
166.0
240.0
315.0
273.0
283.0
237.0
289.0
276.0
178.0
332.0
92.0
319.0
225.0
120.0
213.0
184.0
153.0
214.0
210.0
208.0
308.0
251.0
193.0
331.0
180.0
283.0
113.0
132.0
211.0
235.0
136.0
227.0
274.0
134.0
126.0
215.0
142.0
234.0
188.0
102.0
189.0
148.0
254.0
279.0
145.0
106.0
255.0
237.0
309.0
174.0
104.0
111.0
87.0
230.0
159.0
123.0
256.0
209.0
149.0
224.0
164.0
248.0
308.0
137.0
202.0
363.0
168.0
245.0
216.0
215.0
186.0
228.0
244.0
132.0
153.0
192.0
179.0
174.0
176.0
156.0
236.0
222.0
178.0
149.0
143.0
141.0
216.0
321.0
200.0
149.0
211.0
314.0
132.0
155.0
202.0
287.0
183.0
118.0
254.0
170.0
185.0
257.0
208.0
213.0
209.0
105.0
290.0
154.0
314.0
247.0
200.0
217.0
160.0
207.0
209.0
188.0
287.0
165.0
232.0
166.0
160.0
265.0
175.0
181.0
167.0
176.0
255.0
240.0
146.0
184.0
189.0
157.0
213.0
228.0
85.0
173.0
154.0
263.0
154.0
144.0
334.0
228.0
230.0
443.0
439.0
142.0
188.0
164.0
238.0
159.0
192.0
206.0
144.0
232.0
204.0
276.0
175.0
214.0
343.0
194.0
215.0
218.0
401.0
161.0
198.0
302.0
406.0
159.0
143.0
210.0
197.0
87.0
253.0
116.0
231.0
241.0
255.0
160.0
193.0
195.0
277.0
194.0
187.0
181.0
303.0
213.0
357.0
267.0
123.0
182.0
243.0
186.0
202.0
268.0
178.0
214.0
153.0
248.0
261.0
185.0
159.0
198.0
172.0
240.0
204.0
302.0
224.0
163.0
234.0
212.0
174.0
140.0
190.0
136.0
160.0
159.0
221.0
240.0
241.0
235.0
328.0
262.0
251.0
181.0
152.0
237.0
220.0
170.0
212.0
160.0
258.0
214.0
201.0
150.0
151.0
263.0
196.0
286.0
160.0
193.0
264.0
199.0
155.0
207.0
288.0
128.0
189.0
247.0
434.0
218.0
268.0
234.0
172.0
175.0
323.0
247.0
303.0
199.0
198.0
138.0
181.0
197.0
214.0
226.0
204.0
158.0
165.0
246.0
142.0
167.0
238.0
299.0
219.0
208.0
150.0
189.0
170.0
167.0
148.0
475.0
132.0
241.0
171.0
156.0
124.0
174.0
171.0
185.0
216.0
424.0
259.0
386.0
192.0
280.0
354.0
155.0
201.0
274.0
178.0
226.0
316.0
189.0
121.0
213.0
184.0
232.0
194.0
222.0
156.0
207.0
149.0
164.0
289.0
292.0
265.0
414.0
284.0
178.0
351.0
162.0
204.0
91.0
179.0
301.0
181.0
84.0
165.0
155.0
207.0
320.0
141.0
182.0
192.0
247.0
206.0
126.0
155.0
203.0
172.0
611.0
155.0
261.0
224.0
218.0
180.0
237.0
242.0
231.0
148.0
192.0
527.0
266.0
208.0
114.0
219.0
161.0
189.0
197.0
172.0
185.0
189.0
141.0
235.0
180.0
210.0
129.0
200.0
183.0
169.0
218.0
218.0
191.0
196.0
166.0
313.0
232.0
350.0
185.0
186.0
266.0
225.0
136.0
285.0
191.0
177.0
164.0
205.0
259.0
146.0
236.0
197.0
254.0
208.0
188.0
319.0
450.0
133.0
117.0
129.0
178.0
172.0
195.0
150.0
278.0
235.0
251.0
153.0
171.0
128.0
132.0
369.0
176.0
130.0
178.0
233.0
243.0
126.0
240.0
171.0
342.0
236.0
222.0
165.0
176.0
143.0
150.0
120.0
113.0
267.0
185.0
196.0
172.0
286.0
217.0
128.0
179.0
202.0
175.0
335.0
162.0
325.0
189.0
170.0
274.0
251.0
302.0
199.0
203.0
254.0
199.0
265.0
284.0
215.0
174.0
241.0
246.0
209.0
244.0
231.0
304.0
187.0
275.0
247.0
169.0
161.0
184.0
232.0
206.0
151.0
180.0
265.0
168.0
196.0
176.0
235.0
300.0
157.0
263.0
181.0
229.0
246.0
124.0
145.0
204.0
159.0
192.0
157.0
179.0
229.0
184.0
212.0
152.0
173.0
239.0
96.0
217.0
258.0
224.0
201.0
283.0
267.0
283.0
398.0
149.0
230.0
244.0
202.0
255.0
212.0
216.0
198.0
162.0
214.0
152.0
129.0
188.0
161.0
203.0
206.0
277.0
231.0
250.0
216.0
277.0
215.0
287.0
150.0
138.0
323.0
270.0
161.0
263.0
286.0
174.0
187.0
226.0
275.0
168.0
195.0
161.0
91.0
171.0
176.0
113.0
285.0
266.0
216.0
158.0
208.0
179.0
275.0
364.0
212.0
216.0
207.0
96.0
367.0
290.0
300.0
288.0
296.0
156.0
205.0
247.0
180.0
294.0
240.0
206.0
227.0
201.0
226.0
290.0
255.0
107.0
260.0
334.0
162.0
259.0
275.0
136.0
210.0
354.0
172.0
170.0
286.0
209.0
186.0
189.0
182.0
153.0
247.0
136.0
210.0
219.0
154.0
204.0
213.0
243.0
230.0
270.0
185.0
314.0
191.0
150.0
190.0
290.0
175.0
156.0
282.0
169.0
232.0
268.0
169.0
301.0
168.0
104.0
246.0
186.0
144.0
231.0
208.0
237.0
264.0
194.0
180.0
207.0
220.0
265.0
162.0
126.0
322.0
184.0
228.0
186.0
276.0
205.0
216.0
187.0
189.0
276.0
223.0
240.0
125.0
122.0
138.0
353.0
150.0
1045.0
178.0
213.0
268.0
162.0
166.0
170.0
306.0
182.0
194.0
171.0
287.0
241.0
248.0
161.0
251.0
161.0
288.0
216.0
278.0
218.0
234.0
271.0
215.0
221.0
229.0
184.0
258.0
200.0
156.0
146.0
199.0
228.0
140.0
208.0
150.0
215.0
332.0
146.0
200.0
235.0
171.0
220.0
242.0
195.0
172.0
152.0
144.0
190.0
350.0
238.0
223.0
211.0
149.0
366.0
178.0
209.0
330.0
89.0
162.0
134.0
349.0
352.0
153.0
209.0
456.0
103.0
292.0
221.0
231.0
264.0
152.0
218.0
186.0
179.0
219.0
331.0
236.0
131.0
361.0
326.0
198.0
204.0
227.0
204.0
352.0
157.0
225.0
228.0
280.0
89.0
131.0
174.0
145.0
284.0
239.0
194.0
185.0
182.0
207.0
194.0
192.0
144.0
214.0
225.0
246.0
271.0
222.0
132.0
190.0
217.0
187.0
214.0
252.0
184.0
202.0
347.0
191.0
146.0
215.0
178.0
229.0
163.0
243.0
235.0
165.0
176.0
218.0
259.0
183.0
196.0
164.0
135.0
293.0
166.0
207.0
238.0
318.0
174.0
330.0
193.0
211.0
204.0
200.0
218.0
260.0
253.0
202.0
218.0
270.0
127.0
139.0
341.0
244.0
235.0
190.0
158.0
248.0
99.0
198.0
206.0
449.0
164.0
109.0
190.0
231.0
115.0
515.0
379.0
317.0
181.0
339.0
108.0
214.0
129.0
394.0
197.0
111.0
176.0
170.0
277.0
159.0
183.0
272.0
125.0
378.0
184.0
145.0
252.0
189.0
200.0
169.0
267.0
97.0
308.0
150.0
200.0
215.0
281.0
284.0
83.0
141.0
223.0
270.0
291.0
206.0
211.0
260.0
178.0
196.0
293.0
186.0
180.0
188.0
264.0
241.0
241.0
180.0
260.0
174.0
155.0
244.0
144.0
281.0
218.0
168.0
221.0
218.0
240.0
164.0
299.0
206.0
143.0
222.0
371.0
281.0
227.0
169.0
219.0
376.0
239.0
165.0
314.0
188.0
217.0
199.0
256.0
207.0
213.0
213.0
176.0
185.0
210.0
189.0
196.0
138.0
140.0
398.0
192.0
196.0
356.0
198.0
169.0
204.0
147.0
273.0
189.0
223.0
258.0
254.0
180.0
296.0
194.0
196.0
202.0
125.0
156.0
160.0
207.0
267.0
146.0
405.0
272.0
170.0
201.0
238.0
188.0
190.0
183.0
151.0
231.0
187.0
184.0
138.0
188.0
159.0
256.0
176.0
247.0
166.0
372.0
208.0
254.0
141.0
262.0
144.0
174.0
264.0
302.0
260.0
171.0
341.0
259.0
247.0
195.0
167.0
229.0
114.0
213.0
297.0
193.0
153.0
301.0
238.0
218.0
201.0
228.0
130.0
308.0
135.0
165.0
194.0
220.0
237.0
156.0
195.0
148.0
205.0
109.0
337.0
254.0
143.0
206.0
292.0
261.0
136.0
235.0
256.0
261.0
271.0
144.0
195.0
244.0
206.0
218.0
247.0
243.0
267.0
180.0
195.0
244.0
123.0
243.0
155.0
293.0
170.0
226.0
137.0
253.0
175.0
209.0
233.0
211.0
217.0
145.0
163.0
204.0
198.0
235.0
235.0
241.0
164.0
187.0
191.0
114.0
301.0
218.0
206.0
298.0
227.0
161.0
245.0
158.0
191.0
197.0
383.0
203.0
223.0
202.0
291.0
150.0
237.0
261.0
128.0
222.0
122.0
170.0
261.0
155.0
122.0
379.0
136.0
271.0
249.0
227.0
244.0
195.0
180.0
183.0
296.0
277.0
215.0
233.0
193.0
104.0
229.0
165.0
234.0
276.0
172.0
210.0
133.0
202.0
170.0
214.0
216.0
393.0
184.0
205.0
192.0
219.0
323.0
253.0
240.0
318.0
216.0
142.0
428.0
217.0
189.0
213.0
157.0
320.0
228.0
242.0
318.0
154.0
163.0
274.0
145.0
134.0
238.0
166.0
227.0
174.0
371.0
180.0
136.0
258.0
249.0
168.0
315.0
336.0
218.0
194.0
206.0
168.0
251.0
216.0
214.0
220.0
262.0
343.0
241.0
152.0
299.0
240.0
138.0
270.0
289.0
266.0
248.0
281.0
200.0
271.0
219.0
163.0
169.0
178.0
319.0
225.0
208.0
212.0
285.0
173.0
204.0
192.0
174.0
152.0
262.0
224.0
215.0
164.0
189.0
187.0
326.0
252.0
261.0
197.0
149.0
350.0
332.0
206.0
163.0
166.0
146.0
269.0
325.0
180.0
309.0
177.0
208.0
294.0
166.0
256.0
262.0
164.0
198.0
800.0
195.0
246.0
268.0
166.0
331.0
239.0
220.0
173.0
134.0
260.0
134.0
275.0
176.0
200.0
125.0
254.0
198.0
240.0
142.0
201.0
118.0
230.0
114.0
167.0
261.0
157.0
242.0
139.0
176.0
182.0
162.0
204.0
152.0
158.0
248.0
336.0
193.0
229.0
148.0
210.0
301.0
149.0
177.0
198.0
143.0
260.0
220.0
179.0
157.0
133.0
211.0
233.0
189.0
237.0
246.0
222.0
148.0
188.0
183.0
389.0
298.0
172.0
227.0
156.0
207.0
178.0
171.0
291.0
169.0
140.0
135.0
87.0
218.0
140.0
247.0
149.0
131.0
235.0
235.0
202.0
412.0
190.0
232.0
207.0
181.0
366.0
172.0
196.0
231.0
209.0
262.0
206.0
178.0
137.0
277.0
293.0
161.0
189.0
188.0
190.0
170.0
173.0
305.0
170.0
304.0
155.0
201.0
193.0
165.0
129.0
297.0
178.0
197.0
238.0
167.0
259.0
180.0
225.0
158.0
216.0
261.0
282.0
167.0
228.0
182.0
146.0
209.0
164.0
248.0
188.0
243.0
147.0
110.0
195.0
207.0
187.0
172.0
307.0
224.0
169.0
230.0
172.0
209.0
259.0
246.0
136.0
189.0
311.0
246.0
165.0
359.0
161.0
238.0
223.0
176.0
197.0
162.0
214.0
217.0
296.0
183.0
130.0
258.0
432.0
216.0
218.0
203.0
139.0
188.0
169.0
193.0
96.0
344.0
224.0
200.0
227.0
160.0
194.0
240.0
153.0
236.0
248.0
167.0
166.0
192.0
189.0
176.0
207.0
254.0
227.0
176.0
169.0
158.0
221.0
221.0
159.0
163.0
209.0
185.0
181.0
233.0
297.0
233.0
127.0
210.0
284.0
177.0
169.0
118.0
187.0
274.0
181.0
166.0
247.0
179.0
204.0
177.0
143.0
155.0
144.0
190.0
129.0
302.0
147.0
185.0
247.0
260.0
294.0
166.0
212.0
142.0
223.0
188.0
186.0
217.0
255.0
247.0
252.0
161.0
285.0
215.0
142.0
309.0
199.0
178.0
252.0
203.0
285.0
191.0
204.0
212.0
271.0
258.0
181.0
202.0
198.0
178.0
139.0
202.0
189.0
145.0
155.0
209.0
270.0
206.0
165.0
379.0
214.0
279.0
344.0
238.0
236.0
299.0
183.0
198.0
136.0
273.0
192.0
265.0
186.0
158.0
207.0
246.0
250.0
155.0
134.0
222.0
230.0
265.0
167.0
204.0
115.0
218.0
180.0
181.0
172.0
177.0
132.0
227.0
185.0
204.0
152.0
262.0
129.0
357.0
227.0
215.0
151.0
286.0
202.0
148.0
295.0
172.0
234.0
357.0
315.0
165.0
193.0
243.0
273.0
102.0
157.0
259.0
221.0
222.0
241.0
242.0
278.0
274.0
175.0
241.0
190.0
194.0
294.0
138.0
157.0
166.0
208.0
223.0
303.0
230.0
199.0
134.0
212.0
137.0
308.0
235.0
230.0
187.0
311.0
256.0
165.0
234.0
156.0
211.0
252.0
261.0
142.0
122.0
240.0
174.0
106.0
223.0
164.0
229.0
247.0
260.0
242.0
205.0
211.0
326.0
251.0
278.0
236.0
200.0
188.0
247.0
271.0
216.0
168.0
245.0
183.0
177.0
232.0
198.0
278.0
243.0
148.0
208.0
238.0
145.0
207.0
247.0
162.0
309.0
156.0
174.0
260.0
315.0
178.0
180.0
180.0
199.0
265.0
126.0
487.0
259.0
161.0
203.0
245.0
192.0
152.0
176.0
173.0
136.0
232.0
207.0
268.0
247.0
183.0
139.0
195.0
204.0
194.0
207.0
263.0
202.0
205.0
213.0
325.0
423.0
334.0
235.0
265.0
335.0
304.0
207.0
141.0
168.0
122.0
313.0
171.0
279.0
208.0
149.0
523.0
158.0
159.0
147.0
187.0
206.0
223.0
185.0
386.0
221.0
264.0
207.0
225.0
169.0
265.0
544.0
249.0
217.0
184.0
288.0
147.0
175.0
215.0
142.0
264.0
320.0
123.0
222.0
162.0
230.0
148.0
293.0
190.0
226.0
207.0
221.0
285.0
149.0
232.0
192.0
252.0
215.0
159.0
221.0
210.0
170.0
197.0
250.0
188.0
174.0
256.0
184.0
244.0
218.0
345.0
312.0
185.0
233.0
145.0
223.0
245.0
211.0
265.0
190.0
310.0
289.0
149.0
272.0
261.0
230.0
136.0
248.0
182.0
201.0
188.0
236.0
286.0
137.0
244.0
226.0
240.0
151.0
192.0
137.0
215.0
236.0
297.0
239.0
214.0
164.0
322.0
300.0
191.0
190.0
308.0
168.0
262.0
225.0
195.0
198.0
187.0
116.0
256.0
189.0
317.0
177.0
269.0
155.0
177.0
174.0
185.0
167.0
262.0
183.0
190.0
259.0
289.0
190.0
237.0
200.0
124.0
157.0
146.0
197.0
134.0
304.0
296.0
163.0
330.0
202.0
205.0
206.0
218.0
139.0
230.0
201.0
183.0
106.0
283.0
253.0
207.0
216.0
159.0
217.0
207.0
193.0
237.0
188.0
301.0
224.0
212.0
217.0
285.0
320.0
261.0
130.0
135.0
170.0
229.0
172.0
312.0
258.0
184.0
333.0
264.0
219.0
225.0
141.0
148.0
275.0
227.0
144.0
241.0
308.0
203.0
242.0
316.0
316.0
192.0
158.0
263.0
230.0
107.0
321.0
226.0
247.0
177.0
95.0
235.0
329.0
302.0
152.0
241.0
140.0
254.0
179.0
306.0
279.0
164.0
212.0
160.0
309.0
150.0
119.0
149.0
180.0
471.0
281.0
242.0
203.0
260.0
155.0
189.0
251.0
265.0
190.0
311.0
159.0
95.0
136.0
169.0
158.0
194.0
238.0
108.0
298.0
236.0
272.0
274.0
250.0
254.0
142.0
172.0
159.0
193.0
209.0
145.0
142.0
224.0
174.0
199.0
271.0
193.0
280.0
133.0
348.0
188.0
123.0
150.0
524.0
192.0
195.0
275.0
179.0
286.0
231.0
399.0
274.0
156.0
259.0
186.0
230.0
229.0
206.0
249.0
190.0
198.0
278.0
188.0
226.0
291.0
290.0
188.0
182.0
181.0
293.0
96.0
187.0
158.0
144.0
148.0
240.0
230.0
335.0
232.0
200.0
321.0
177.0
205.0
273.0
176.0
188.0
200.0
270.0
191.0
139.0
287.0
172.0
253.0
174.0
243.0
218.0
242.0
209.0
206.0
164.0
268.0
238.0
152.0
141.0
299.0
233.0
173.0
167.0
226.0
135.0
217.0
164.0
213.0
217.0
258.0
200.0
265.0
251.0
164.0
232.0
210.0
167.0
208.0
159.0
141.0
298.0
273.0
187.0
276.0
296.0
207.0
183.0
221.0
168.0
253.0
211.0
235.0
222.0
223.0
320.0
136.0
224.0
174.0
170.0
257.0
196.0
118.0
359.0
142.0
316.0
241.0
189.0
238.0
253.0
184.0
211.0
167.0
205.0
169.0
138.0
250.0
212.0
316.0
292.0
231.0
213.0
198.0
204.0
166.0
191.0
120.0
184.0
163.0
250.0
185.0
283.0
252.0
205.0
211.0
199.0
227.0
206.0
242.0
176.0
120.0
148.0
233.0
236.0
174.0
272.0
221.0
240.0
241.0
176.0
263.0
192.0
236.0
184.0
307.0
261.0
147.0
172.0
172.0
162.0
192.0
161.0
315.0
290.0
217.0
384.0
233.0
175.0
207.0
211.0
318.0
227.0
300.0
210.0
186.0
202.0
249.0
174.0
276.0
112.0
251.0
158.0
172.0
196.0
128.0
304.0
154.0
129.0
210.0
178.0
208.0
162.0
193.0
139.0
253.0
169.0
160.0
179.0
265.0
151.0
263.0
257.0
214.0
179.0
293.0
295.0
227.0
210.0
351.0
230.0
260.0
181.0
150.0
229.0
219.0
317.0
247.0
135.0
179.0
183.0
213.0
213.0
156.0
296.0
201.0
243.0
322.0
180.0
261.0
211.0
199.0
149.0
153.0
157.0
237.0
323.0
359.0
178.0
210.0
208.0
133.0
197.0
188.0
182.0
229.0
227.0
223.0
179.0
274.0
143.0
211.0
147.0
192.0
225.0
166.0
230.0
334.0
174.0
141.0
229.0
146.0
159.0
321.0
211.0
170.0
252.0
327.0
256.0
268.0
273.0
205.0
375.0
235.0
213.0
247.0
205.0
172.0
206.0
229.0
291.0
241.0
233.0
156.0
146.0
241.0
231.0
129.0
414.0
120.0
168.0
243.0
196.0
209.0
249.0
197.0
154.0
196.0
250.0
246.0
212.0
179.0
233.0
329.0
667.0
190.0
187.0
199.0
211.0
145.0
116.0
208.0
142.0
181.0
215.0
153.0
233.0
292.0
263.0
157.0
123.0
181.0
218.0
189.0
137.0
257.0
171.0
258.0
231.0
230.0
249.0
221.0
197.0
108.0
225.0
134.0
189.0
238.0
210.0
225.0
246.0
223.0
116.0
140.0
191.0
213.0
130.0
173.0
295.0
158.0
305.0
183.0
219.0
209.0
267.0
177.0
147.0
299.0
213.0
120.0
167.0
198.0
287.0
214.0
240.0
319.0
237.0
181.0
225.0
170.0
227.0
187.0
185.0
227.0
176.0
144.0
268.0
218.0
188.0
308.0
279.0
154.0
246.0
306.0
117.0
420.0
182.0
162.0
192.0
234.0
177.0
225.0
234.0
176.0
137.0
238.0
258.0
197.0
273.0
286.0
124.0
194.0
195.0
216.0
179.0
189.0
185.0
184.0
170.0
136.0
153.0
241.0
159.0
263.0
142.0
127.0
306.0
164.0
203.0
255.0
218.0
247.0
276.0
313.0
257.0
202.0
280.0
246.0
175.0
168.0
252.0
157.0
212.0
258.0
301.0
183.0
281.0
157.0
301.0
254.0
249.0
155.0
237.0
252.0
166.0
185.0
203.0
187.0
172.0
204.0
224.0
247.0
254.0
245.0
233.0
292.0
204.0
168.0
317.0
298.0
116.0
332.0
173.0
151.0
149.0
166.0
164.0
249.0
358.0
239.0
285.0
176.0
155.0
181.0
240.0
165.0
219.0
272.0
284.0
145.0
324.0
229.0
157.0
335.0
184.0
267.0
195.0
182.0
212.0
235.0
241.0
118.0
122.0
217.0
335.0
195.0
199.0
254.0
144.0
249.0
156.0
126.0
259.0
285.0
195.0
302.0
263.0
171.0
184.0
143.0
177.0
190.0
189.0
209.0
190.0
294.0
286.0
251.0
309.0
130.0
246.0
322.0
240.0
134.0
192.0
173.0
181.0
158.0
188.0
165.0
203.0
303.0
243.0
250.0
139.0
172.0
240.0
212.0
237.0
262.0
324.0
239.0
210.0
245.0
350.0
246.0
410.0
209.0
270.0
270.0
197.0
194.0
232.0
191.0
224.0
126.0
382.0
177.0
182.0
198.0
190.0
210.0
194.0
359.0
136.0
142.0
231.0
263.0
254.0
171.0
277.0
339.0
282.0
293.0
150.0
257.0
236.0
235.0
163.0
151.0
184.0
194.0
198.0
192.0
142.0
264.0
267.0
200.0
244.0
192.0
384.0
198.0
303.0
291.0
254.0
149.0
197.0
217.0
243.0
252.0
111.0
171.0
246.0
135.0
231.0
248.0
174.0
252.0
162.0
104.0
248.0
182.0
129.0
206.0
262.0
186.0
278.0
207.0
252.0
238.0
374.0
216.0
215.0
216.0
186.0
193.0
187.0
161.0
228.0
238.0
166.0
177.0
231.0
234.0
161.0
195.0
174.0
252.0
183.0
210.0
185.0
166.0
230.0
206.0
270.0
191.0
167.0
218.0
233.0
185.0
239.0
242.0
260.0
138.0
254.0
211.0
163.0
265.0
205.0
288.0
163.0
154.0
181.0
166.0
204.0
203.0
199.0
145.0
320.0
119.0
353.0
243.0
254.0
191.0
237.0
210.0
231.0
283.0
219.0
167.0
269.0
195.0
322.0
174.0
233.0
238.0
147.0
230.0
227.0
321.0
198.0
222.0
209.0
118.0
140.0
244.0
228.0
210.0
176.0
271.0
240.0
202.0
218.0
161.0
282.0
302.0
229.0
196.0
225.0
299.0
112.0
238.0
215.0
159.0
142.0
288.0
242.0
255.0
150.0
182.0
174.0
194.0
360.0
118.0
290.0
216.0
222.0
310.0
245.0
392.0
165.0
209.0
254.0
222.0
271.0
391.0
284.0
261.0
211.0
204.0
204.0
229.0
218.0
204.0
166.0
318.0
254.0
182.0
207.0
197.0
154.0
149.0
201.0
228.0
209.0
212.0
133.0
200.0
263.0
203.0
191.0
243.0
204.0
268.0
150.0
180.0
181.0
202.0
203.0
161.0
182.0
216.0
147.0
190.0
187.0
223.0
250.0
239.0
262.0
169.0
174.0
216.0
204.0
198.0
328.0
282.0
239.0
241.0
307.0
176.0
152.0
266.0
230.0
173.0
267.0
234.0
278.0
242.0
202.0
255.0
173.0
150.0
201.0
122.0
245.0
141.0
276.0
283.0
239.0
203.0
331.0
263.0
247.0
153.0
140.0
144.0
193.0
222.0
261.0
264.0
299.0
230.0
171.0
268.0
305.0
120.0
164.0
281.0
182.0
297.0
286.0
212.0
243.0
230.0
155.0
105.0
183.0
173.0
233.0
204.0
146.0
195.0
200.0
177.0
259.0
196.0
170.0
170.0
289.0
195.0
249.0
149.0
197.0
199.0
206.0
298.0
206.0
205.0
204.0
253.0
146.0
165.0
154.0
220.0
241.0
173.0
237.0
149.0
179.0
257.0
223.0
119.0
245.0
216.0
260.0
241.0
238.0
202.0
144.0
240.0
227.0
189.0
255.0
246.0
208.0
129.0
237.0
179.0
171.0
169.0
329.0
148.0
207.0
170.0
225.0
175.0
178.0
235.0
329.0
168.0
233.0
168.0
175.0
190.0
460.0
203.0
259.0
171.0
187.0
254.0
230.0
197.0
145.0
294.0
238.0
185.0
181.0
214.0
263.0
104.0
333.0
228.0
135.0
273.0
187.0
232.0
144.0
192.0
272.0
187.0
162.0
386.0
177.0
206.0
157.0
352.0
207.0
112.0
157.0
228.0
332.0
233.0
162.0
111.0
263.0
176.0
270.0
211.0
277.0
129.0
133.0
606.0
170.0
322.0
187.0
102.0
197.0
215.0
259.0
265.0
222.0
159.0
170.0
158.0
267.0
261.0
196.0
197.0
173.0
195.0
197.0
266.0
241.0
227.0
180.0
298.0
135.0
129.0
331.0
168.0
200.0
161.0
164.0
327.0
156.0
193.0
289.0
267.0
180.0
193.0
208.0
248.0
250.0
315.0
239.0
248.0
250.0
114.0
193.0
173.0
165.0
207.0
220.0
163.0
183.0
286.0
194.0
647.0
214.0
261.0
229.0
151.0
145.0
213.0
276.0
162.0
253.0
184.0
177.0
251.0
141.0
199.0
122.0
170.0
229.0
354.0
212.0
187.0
232.0
256.0
157.0
193.0
166.0
240.0
268.0
158.0
204.0
374.0
186.0
162.0
252.0
332.0
235.0
136.0
237.0
153.0
195.0
214.0
246.0
203.0
229.0
320.0
164.0
165.0
281.0
198.0
211.0
311.0
173.0
233.0
161.0
275.0
194.0
128.0
201.0
235.0
156.0
171.0
280.0
249.0
186.0
244.0
170.0
249.0
149.0
162.0
183.0
308.0
197.0
294.0
221.0
234.0
222.0
327.0
149.0
317.0
205.0
273.0
162.0
202.0
255.0
180.0
231.0
269.0
124.0
283.0
204.0
175.0
287.0
213.0
178.0
185.0
182.0
190.0
211.0
342.0
186.0
124.0
212.0
135.0
182.0
163.0
188.0
268.0
177.0
188.0
193.0
225.0
157.0
207.0
254.0
206.0
236.0
276.0
157.0
233.0
201.0
251.0
218.0
193.0
181.0
216.0
160.0
254.0
167.0
209.0
258.0
293.0
148.0
191.0
236.0
320.0
237.0
172.0
308.0
254.0
207.0
151.0
245.0
208.0
222.0
232.0
231.0
205.0
242.0
266.0
212.0
168.0
184.0
214.0
347.0
281.0
224.0
204.0
211.0
263.0
244.0
209.0
175.0
189.0
151.0
214.0
228.0
216.0
273.0
222.0
211.0
141.0
311.0
138.0
212.0
299.0
208.0
288.0
210.0
133.0
209.0
192.0
193.0
176.0
256.0
164.0
250.0
193.0
255.0
207.0
223.0
158.0
282.0
125.0
264.0
156.0
203.0
235.0
269.0
172.0
178.0
175.0
244.0
182.0
183.0
362.0
149.0
195.0
204.0
233.0
188.0
192.0
212.0
242.0
204.0
185.0
205.0
213.0
292.0
118.0
179.0
187.0
170.0
223.0
165.0
223.0
148.0
326.0
175.0
298.0
160.0
220.0
352.0
248.0
246.0
114.0
172.0
156.0
151.0
337.0
193.0
223.0
229.0
164.0
194.0
218.0
211.0
195.0
184.0
196.0
244.0
183.0
268.0
181.0
320.0
302.0
236.0
231.0
221.0
347.0
224.0
252.0
205.0
159.0
163.0
540.0
188.0
231.0
139.0
233.0
240.0
181.0
92.0
219.0
155.0
131.0
288.0
175.0
156.0
271.0
184.0
168.0
193.0
164.0
213.0
202.0
238.0
268.0
301.0
110.0
196.0
215.0
278.0
258.0
151.0
172.0
124.0
176.0
211.0
221.0
208.0
214.0
219.0
164.0
138.0
162.0
245.0
98.0
255.0
233.0
157.0
193.0
198.0
218.0
238.0
102.0
257.0
231.0
114.0
167.0
204.0
280.0
277.0
213.0
221.0
226.0
135.0
240.0
248.0
153.0
250.0
123.0
199.0
183.0
238.0
192.0
216.0
229.0
181.0
259.0
127.0
173.0
212.0
191.0
155.0
218.0
184.0
298.0
196.0
254.0
233.0
135.0
199.0
319.0
233.0
245.0
249.0
235.0
172.0
288.0
156.0
223.0
201.0
140.0
191.0
203.0
268.0
260.0
270.0
256.0
184.0
219.0
153.0
141.0
225.0
155.0
157.0
233.0
206.0
250.0
132.0
310.0
150.0
180.0
159.0
212.0
232.0
244.0
189.0
139.0
177.0
205.0
244.0
162.0
195.0
231.0
213.0
192.0
222.0
113.0
201.0
171.0
146.0
160.0
245.0
201.0
162.0
199.0
140.0
194.0
355.0
180.0
192.0
131.0
241.0
249.0
290.0
332.0
139.0
161.0
230.0
169.0
184.0
192.0
310.0
279.0
182.0
302.0
313.0
198.0
187.0
215.0
196.0
166.0
324.0
206.0
287.0
163.0
282.0
229.0
284.0
159.0
168.0
322.0
220.0
250.0
143.0
200.0
168.0
196.0
279.0
225.0
148.0
175.0
426.0
137.0
287.0
246.0
237.0
239.0
165.0
166.0
162.0
218.0
301.0
127.0
207.0
404.0
205.0
256.0
161.0
229.0
369.0
176.0
138.0
167.0
113.0
155.0
225.0
291.0
279.0
182.0
320.0
149.0
197.0
209.0
159.0
239.0
312.0
225.0
199.0
213.0
134.0
175.0
237.0
237.0
132.0
187.0
209.0
177.0
137.0
209.0
160.0
206.0
253.0
188.0
256.0
133.0
221.0
230.0
210.0
182.0
219.0
282.0
212.0
256.0
313.0
218.0
159.0
212.0
264.0
218.0
163.0
161.0
197.0
216.0
127.0
279.0
170.0
267.0
247.0
219.0
189.0
251.0
792.0
202.0
280.0
223.0
317.0
153.0
197.0
172.0
209.0
163.0
192.0
199.0
183.0
305.0
247.0
212.0
168.0
188.0
253.0
197.0
250.0
153.0
281.0
212.0
155.0
222.0
172.0
205.0
235.0
276.0
277.0
176.0
168.0
310.0
152.0
239.0
155.0
191.0
218.0
228.0
236.0
194.0
150.0
224.0
268.0
158.0
141.0
197.0
432.0
370.0
163.0
266.0
211.0
144.0
140.0
167.0
224.0
245.0
201.0
159.0
202.0
318.0
193.0
131.0
242.0
188.0
246.0
223.0
164.0
215.0
181.0
258.0
191.0
247.0
212.0
229.0
180.0
229.0
248.0
237.0
266.0
197.0
280.0
214.0
323.0
171.0
207.0
122.0
196.0
237.0
182.0
244.0
172.0
193.0
150.0
240.0
331.0
315.0
261.0
215.0
125.0
352.0
195.0
238.0
325.0
179.0
186.0
243.0
200.0
267.0
253.0
300.0
171.0
208.0
231.0
168.0
198.0
217.0
206.0
245.0
198.0
220.0
309.0
350.0
271.0
331.0
156.0
183.0
305.0
169.0
224.0
123.0
227.0
147.0
148.0
264.0
255.0
206.0
179.0
228.0
206.0
142.0
238.0
150.0
244.0
146.0
268.0
137.0
195.0
208.0
182.0
258.0
185.0
251.0
176.0
196.0
202.0
225.0
299.0
155.0
224.0
144.0
246.0
185.0
257.0
385.0
220.0
306.0
189.0
300.0
181.0
241.0
169.0
248.0
206.0
134.0
501.0
198.0
189.0
164.0
170.0
253.0
202.0
213.0
213.0
217.0
222.0
204.0
133.0
171.0
204.0
255.0
157.0
196.0
164.0
225.0
198.0
262.0
211.0
197.0
254.0
362.0
233.0
152.0
178.0
172.0
247.0
194.0
193.0
255.0
200.0
209.0
286.0
229.0
212.0
156.0
258.0
160.0
262.0
190.0
176.0
283.0
247.0
238.0
176.0
165.0
289.0
159.0
126.0
211.0
229.0
302.0
204.0
305.0
319.0
173.0
159.0
241.0
211.0
251.0
176.0
214.0
279.0
250.0
126.0
372.0
266.0
402.0
172.0
186.0
153.0
174.0
134.0
167.0
226.0
279.0
232.0
195.0
209.0
170.0
228.0
160.0
121.0
172.0
131.0
201.0
149.0
304.0
307.0
207.0
251.0
365.0
275.0
164.0
347.0
151.0
166.0
167.0
172.0
231.0
179.0
315.0
224.0
192.0
144.0
274.0
152.0
145.0
128.0
269.0
223.0
156.0
206.0
153.0
153.0
179.0
187.0
252.0
233.0
263.0
163.0
205.0
229.0
223.0
239.0
247.0
261.0
177.0
206.0
175.0
276.0
247.0
299.0
233.0
207.0
180.0
237.0
166.0
292.0
97.0
283.0
157.0
299.0
205.0
215.0
246.0
171.0
224.0
241.0
218.0
258.0
147.0
108.0
228.0
183.0
272.0
328.0
220.0
210.0
197.0
275.0
276.0
212.0
280.0
231.0
198.0
185.0
190.0
148.0
188.0
319.0
228.0
218.0
248.0
288.0
188.0
219.0
159.0
311.0
229.0
212.0
197.0
249.0
248.0
147.0
265.0
325.0
207.0
246.0
215.0
331.0
159.0
192.0
307.0
213.0
200.0
151.0
116.0
136.0
159.0
256.0
175.0
185.0
226.0
258.0
202.0
155.0
190.0
172.0
245.0
238.0
274.0
229.0
244.0
255.0
268.0
227.0
267.0
178.0
287.0
322.0
221.0
179.0
219.0
96.0
170.0
542.0
274.0
226.0
189.0
154.0
321.0
258.0
199.0
122.0
185.0
204.0
220.0
208.0
329.0
200.0
263.0
168.0
255.0
264.0
228.0
248.0
141.0
255.0
160.0
204.0
176.0
302.0
272.0
343.0
290.0
191.0
136.0
237.0
126.0
222.0
248.0
188.0
200.0
218.0
375.0
167.0
264.0
100.0
174.0
330.0
306.0
186.0
289.0
378.0
163.0
254.0
181.0
239.0
170.0
197.0
260.0
214.0
233.0
178.0
192.0
190.0
161.0
165.0
207.0
241.0
178.0
346.0
163.0
141.0
188.0
243.0
344.0
187.0
166.0
168.0
236.0
226.0
215.0
172.0
259.0
260.0
219.0
194.0
198.0
314.0
288.0
249.0
304.0
233.0
153.0
324.0
175.0
154.0
203.0
282.0
419.0
161.0
331.0
221.0
78.0
243.0
200.0
200.0
272.0
249.0
145.0
195.0
200.0
234.0
181.0
135.0
235.0
175.0
246.0
227.0
237.0
218.0
346.0
319.0
185.0
114.0
180.0
241.0
238.0
191.0
228.0
239.0
190.0
292.0
146.0
238.0
260.0
305.0
202.0
205.0
281.0
204.0
284.0
180.0
255.0
133.0
187.0
254.0
224.0
222.0
289.0
158.0
210.0
190.0
235.0
152.0
282.0
334.0
260.0
148.0
240.0
194.0
172.0
136.0
242.0
142.0
201.0
193.0
276.0
133.0
162.0
193.0
316.0
180.0
166.0
151.0
288.0
217.0
144.0
261.0
203.0
152.0
174.0
234.0
267.0
237.0
582.0
372.0
205.0
229.0
166.0
230.0
159.0
221.0
192.0
281.0
301.0
322.0
298.0
234.0
207.0
156.0
168.0
301.0
153.0
143.0
205.0
356.0
130.0
201.0
270.0
195.0
194.0
255.0
212.0
140.0
183.0
158.0
122.0
241.0
203.0
200.0
155.0
252.0
161.0
212.0
261.0
247.0
203.0
232.0
221.0
189.0
207.0
227.0
296.0
150.0
161.0
256.0
300.0
141.0
264.0
216.0
192.0
184.0
196.0
190.0
142.0
297.0
214.0
225.0
166.0
262.0
279.0
204.0
192.0
329.0
139.0
177.0
146.0
149.0
222.0
305.0
248.0
154.0
150.0
131.0
175.0
232.0
200.0
337.0
155.0
181.0
139.0
95.0
157.0
166.0
197.0
221.0
197.0
139.0
215.0
260.0
225.0
191.0
209.0
193.0
210.0
210.0
191.0
234.0
353.0
249.0
279.0
260.0
138.0
169.0
181.0
226.0
129.0
328.0
267.0
158.0
237.0
134.0
167.0
437.0
275.0
313.0
269.0
168.0
158.0
245.0
212.0
161.0
193.0
99.0
215.0
332.0
172.0
169.0
240.0
222.0
152.0
305.0
122.0
158.0
240.0
153.0
194.0
189.0
182.0
166.0
218.0
189.0
205.0
287.0
221.0
162.0
245.0
266.0
128.0
270.0
139.0
183.0
213.0
129.0
222.0
230.0
267.0
263.0
247.0
217.0
167.0
212.0
128.0
239.0
122.0
124.0
167.0
136.0
157.0
264.0
157.0
250.0
214.0
309.0
306.0
214.0
172.0
194.0
115.0
171.0
180.0
278.0
197.0
205.0
205.0
127.0
276.0
163.0
190.0
196.0
205.0
293.0
236.0
161.0
230.0
151.0
376.0
317.0
200.0
168.0
226.0
292.0
141.0
316.0
183.0
220.0
221.0
158.0
131.0
309.0
198.0
193.0
367.0
194.0
280.0
233.0
185.0
297.0
204.0
174.0
174.0
278.0
246.0
119.0
191.0
212.0
244.0
209.0
214.0
195.0
183.0
216.0
142.0
201.0
253.0
145.0
205.0
200.0
134.0
142.0
209.0
269.0
263.0
196.0
219.0
227.0
244.0
132.0
262.0
150.0
168.0
126.0
196.0
216.0
130.0
158.0
231.0
191.0
160.0
198.0
144.0
244.0
144.0
171.0
193.0
124.0
166.0
161.0
271.0
137.0
263.0
208.0
242.0
269.0
136.0
133.0
242.0
249.0
211.0
191.0
304.0
271.0
236.0
190.0
144.0
212.0
222.0
327.0
159.0
138.0
167.0
212.0
227.0
193.0
322.0
164.0
163.0
258.0
217.0
209.0
249.0
181.0
228.0
228.0
214.0
224.0
167.0
300.0
366.0
215.0
184.0
223.0
105.0
184.0
266.0
221.0
308.0
261.0
315.0
232.0
167.0
219.0
236.0
249.0
351.0
215.0
192.0
215.0
313.0
227.0
230.0
245.0
181.0
141.0
144.0
165.0
177.0
192.0
219.0
289.0
226.0
234.0
205.0
162.0
240.0
134.0
174.0
200.0
159.0
197.0
232.0
230.0
180.0
114.0
238.0
157.0
315.0
171.0
167.0
158.0
156.0
208.0
254.0
155.0
229.0
177.0
303.0
174.0
207.0
150.0
113.0
319.0
208.0
149.0
182.0
305.0
157.0
206.0
200.0
137.0
314.0
224.0
226.0
210.0
192.0
201.0
221.0
274.0
274.0
233.0
231.0
196.0
118.0
191.0
151.0
213.0
185.0
113.0
229.0
233.0
157.0
226.0
851.0
307.0
225.0
330.0
347.0
272.0
268.0
228.0
163.0
179.0
204.0
157.0
185.0
214.0
230.0
188.0
223.0
214.0
334.0
171.0
261.0
314.0
196.0
191.0
154.0
240.0
131.0
198.0
211.0
241.0
213.0
175.0
285.0
190.0
167.0
235.0
212.0
156.0
283.0
269.0
307.0
204.0
149.0
215.0
217.0
145.0
199.0
183.0
201.0
228.0
293.0
168.0
162.0
194.0
309.0
242.0
262.0
234.0
145.0
215.0
264.0
158.0
226.0
190.0
178.0
168.0
162.0
254.0
148.0
191.0
165.0
286.0
206.0
272.0
96.0
233.0
271.0
448.0
162.0
186.0
270.0
187.0
219.0
335.0
243.0
224.0
223.0
190.0
134.0
781.0
213.0
184.0
174.0
153.0
177.0
230.0
215.0
162.0
385.0
166.0
232.0
353.0
171.0
167.0
257.0
338.0
165.0
255.0
291.0
236.0
170.0
128.0
176.0
243.0
166.0
142.0
156.0
197.0
166.0
184.0
260.0
214.0
290.0
202.0
215.0
304.0
233.0
172.0
169.0
166.0
232.0
178.0
296.0
168.0
245.0
225.0
238.0
175.0
249.0
195.0
249.0
123.0
169.0
235.0
215.0
149.0
255.0
176.0
128.0
277.0
212.0
145.0
143.0
243.0
171.0
211.0
301.0
307.0
444.0
225.0
130.0
147.0
284.0
150.0
233.0
232.0
125.0
189.0
259.0
230.0
331.0
229.0
156.0
156.0
214.0
92.0
248.0
183.0
349.0
190.0
279.0
203.0
370.0
188.0
292.0
275.0
262.0
307.0
168.0
157.0
143.0
206.0
163.0
196.0
229.0
168.0
216.0
192.0
161.0
265.0
189.0
150.0
202.0
201.0
174.0
170.0
242.0
223.0
248.0
306.0
230.0
131.0
251.0
236.0
136.0
206.0
352.0
277.0
173.0
175.0
241.0
155.0
268.0
244.0
207.0
334.0
153.0
273.0
217.0
161.0
209.0
248.0
227.0
177.0
212.0
205.0
134.0
267.0
204.0
235.0
274.0
221.0
181.0
194.0
193.0
141.0
251.0
198.0
174.0
202.0
277.0
300.0
237.0
223.0
134.0
199.0
300.0
292.0
249.0
209.0
149.0
183.0
158.0
257.0
153.0
253.0
262.0
188.0
252.0
124.0
225.0
219.0
232.0
194.0
255.0
187.0
205.0
288.0
278.0
246.0
170.0
238.0
204.0
287.0
239.0
200.0
245.0
189.0
108.0
293.0
246.0
212.0
171.0
167.0
269.0
270.0
310.0
185.0
242.0
155.0
409.0
213.0
196.0
207.0
180.0
265.0
182.0
225.0
152.0
169.0
305.0
433.0
285.0
240.0
186.0
211.0
179.0
141.0
151.0
165.0
256.0
216.0
205.0
230.0
161.0
200.0
219.0
301.0
187.0
263.0
166.0
319.0
375.0
273.0
270.0
243.0
205.0
249.0
290.0
202.0
261.0
291.0
232.0
180.0
131.0
194.0
220.0
228.0
170.0
140.0
211.0
224.0
171.0
157.0
187.0
182.0
181.0
201.0
155.0
255.0
174.0
158.0
210.0
328.0
143.0
261.0
318.0
268.0
185.0
228.0
276.0
293.0
198.0
275.0
264.0
296.0
174.0
158.0
121.0
236.0
141.0
363.0
200.0
279.0
143.0
168.0
223.0
366.0
162.0
157.0
237.0
269.0
241.0
282.0
365.0
162.0
254.0
258.0
319.0
215.0
373.0
290.0
167.0
143.0
260.0
150.0
170.0
251.0
157.0
168.0
220.0
274.0
418.0
280.0
164.0
191.0
347.0
193.0
191.0
237.0
209.0
183.0
283.0
151.0
128.0
270.0
369.0
158.0
267.0
162.0
162.0
291.0
195.0
194.0
248.0
239.0
234.0
328.0
279.0
166.0
147.0
242.0
204.0
234.0
324.0
283.0
172.0
179.0
183.0
285.0
180.0
151.0
215.0
295.0
193.0
259.0
354.0
116.0
251.0
176.0
188.0
212.0
215.0
179.0
112.0
142.0
170.0
203.0
265.0
162.0
274.0
234.0
200.0
247.0
286.0
180.0
251.0
258.0
252.0
223.0
202.0
162.0
273.0
312.0
166.0
246.0
258.0
137.0
380.0
148.0
121.0
210.0
191.0
190.0
268.0
354.0
341.0
156.0
215.0
171.0
329.0
324.0
196.0
220.0
140.0
278.0
206.0
233.0
164.0
251.0
260.0
223.0
171.0
225.0
280.0
200.0
415.0
272.0
158.0
164.0
236.0
163.0
204.0
209.0
211.0
499.0
273.0
279.0
187.0
138.0
172.0
250.0
223.0
129.0
267.0
153.0
191.0
157.0
199.0
143.0
223.0
179.0
239.0
292.0
228.0
171.0
119.0
202.0
219.0
201.0
231.0
133.0
183.0
243.0
215.0
128.0
130.0
391.0
199.0
295.0
209.0
185.0
177.0
264.0
176.0
224.0
251.0
221.0
248.0
180.0
236.0
263.0
252.0
218.0
183.0
236.0
178.0
177.0
245.0
295.0
131.0
269.0
207.0
117.0
220.0
227.0
310.0
216.0
285.0
180.0
133.0
306.0
223.0
248.0
208.0
251.0
179.0
194.0
293.0
258.0
342.0
246.0
141.0
182.0
129.0
158.0
256.0
177.0
215.0
188.0
240.0
167.0
152.0
193.0
144.0
166.0
159.0
182.0
334.0
215.0
172.0
183.0
230.0
155.0
187.0
248.0
302.0
328.0
167.0
365.0
173.0
253.0
156.0
242.0
160.0
193.0
130.0
191.0
251.0
195.0
187.0
190.0
187.0
334.0
168.0
208.0
158.0
244.0
201.0
219.0
208.0
183.0
204.0
214.0
192.0
100.0
260.0
237.0
148.0
187.0
243.0
204.0
130.0
291.0
189.0
189.0
334.0
229.0
212.0
243.0
277.0
219.0
152.0
187.0
262.0
146.0
115.0
245.0
127.0
200.0
224.0
173.0
268.0
208.0
233.0
209.0
365.0
154.0
243.0
178.0
129.0
317.0
264.0
215.0
202.0
255.0
231.0
168.0
285.0
223.0
136.0
175.0
182.0
282.0
191.0
153.0
220.0
223.0
241.0
212.0
147.0
178.0
165.0
201.0
258.0
148.0
211.0
291.0
307.0
195.0
341.0
218.0
128.0
216.0
253.0
251.0
136.0
219.0
200.0
164.0
216.0
169.0
129.0
246.0
114.0
152.0
207.0
203.0
134.0
161.0
160.0
205.0
170.0
245.0
172.0
237.0
230.0
276.0
181.0
220.0
254.0
228.0
189.0
251.0
210.0
190.0
132.0
234.0
295.0
274.0
255.0
204.0
192.0
208.0
163.0
197.0
200.0
205.0
212.0
298.0
147.0
147.0
191.0
219.0
263.0
187.0
277.0
160.0
175.0
136.0
284.0
356.0
163.0
151.0
310.0
229.0
152.0
316.0
176.0
207.0
228.0
173.0
280.0
204.0
160.0
286.0
299.0
189.0
309.0
216.0
241.0
290.0
179.0
326.0
248.0
158.0
218.0
195.0
203.0
149.0
229.0
162.0
264.0
314.0
237.0
146.0
355.0
238.0
208.0
114.0
151.0
174.0
203.0
259.0
167.0
182.0
98.0
161.0
147.0
190.0
290.0
195.0
133.0
126.0
327.0
291.0
240.0
300.0
326.0
218.0
258.0
114.0
161.0
183.0
157.0
212.0
198.0
233.0
184.0
168.0
156.0
239.0
240.0
302.0
244.0
267.0
193.0
336.0
120.0
191.0
142.0
259.0
150.0
192.0
237.0
208.0
211.0
104.0
234.0
215.0
164.0
126.0
139.0
225.0
251.0
161.0
351.0
216.0
200.0
267.0
223.0
159.0
232.0
266.0
222.0
310.0
158.0
274.0
188.0
213.0
198.0
208.0
232.0
188.0
298.0
206.0
145.0
398.0
149.0
276.0
239.0
174.0
186.0
123.0
235.0
231.0
1014.0
234.0
132.0
120.0
319.0
405.0
211.0
240.0
151.0
344.0
265.0
193.0
183.0
185.0
281.0
185.0
223.0
227.0
261.0
203.0
241.0
132.0
237.0
192.0
193.0
147.0
186.0
197.0
151.0
244.0
200.0
174.0
367.0
201.0
177.0
213.0
235.0
144.0
141.0
163.0
200.0
193.0
146.0
208.0
192.0
263.0
158.0
131.0
233.0
183.0
304.0
351.0
99.0
96.0
148.0
158.0
337.0
124.0
131.0
178.0
212.0
195.0
204.0
155.0
359.0
203.0
246.0
146.0
196.0
152.0
216.0
248.0
306.0
203.0
229.0
300.0
268.0
185.0
308.0
246.0
128.0
135.0
236.0
271.0
155.0
114.0
174.0
220.0
202.0
342.0
144.0
365.0
225.0
182.0
241.0
210.0
226.0
287.0
267.0
95.0
123.0
108.0
260.0
225.0
143.0
372.0
306.0
335.0
276.0
213.0
294.0
220.0
213.0
290.0
284.0
218.0
179.0
207.0
155.0
166.0
224.0
284.0
533.0
266.0
151.0
166.0
224.0
278.0
182.0
277.0
117.0
192.0
263.0
266.0
123.0
213.0
163.0
154.0
203.0
167.0
183.0
217.0
133.0
245.0
145.0
261.0
225.0
136.0
280.0
246.0
261.0
192.0
192.0
219.0
265.0
127.0
266.0
260.0
324.0
207.0
175.0
133.0
146.0
169.0
407.0
133.0
256.0
141.0
249.0
155.0
264.0
274.0
169.0
296.0
185.0
176.0
226.0
210.0
170.0
185.0
211.0
266.0
190.0
244.0
194.0
126.0
201.0
179.0
220.0
254.0
210.0
228.0
296.0
197.0
289.0
170.0
205.0
147.0
229.0
144.0
122.0
253.0
275.0
228.0
301.0
230.0
285.0
213.0
153.0
162.0
181.0
204.0
166.0
189.0
136.0
146.0
242.0
141.0
346.0
175.0
139.0
219.0
286.0
225.0
310.0
321.0
141.0
202.0
265.0
124.0
186.0
211.0
336.0
142.0
235.0
143.0
234.0
173.0
294.0
227.0
144.0
237.0
191.0
196.0
234.0
200.0
261.0
219.0
203.0
171.0
227.0
136.0
271.0
361.0
259.0
163.0
272.0
145.0
271.0
156.0
273.0
166.0
224.0
163.0
210.0
265.0
169.0
260.0
226.0
135.0
195.0
276.0
198.0
163.0
183.0
360.0
172.0
348.0
230.0
246.0
331.0
201.0
303.0
164.0
167.0
257.0
295.0
193.0
201.0
207.0
240.0
174.0
169.0
263.0
255.0
143.0
442.0
125.0
205.0
119.0
201.0
325.0
187.0
181.0
144.0
155.0
241.0
312.0
222.0
235.0
296.0
198.0
148.0
163.0
172.0
184.0
254.0
231.0
206.0
157.0
192.0
223.0
235.0
209.0
183.0
140.0
504.0
215.0
140.0
278.0
163.0
177.0
182.0
161.0
230.0
207.0
184.0
236.0
257.0
229.0
269.0
107.0
189.0
149.0
228.0
181.0
258.0
521.0
241.0
234.0
287.0
225.0
238.0
225.0
259.0
148.0
315.0
258.0
198.0
224.0
215.0
200.0
122.0
179.0
227.0
227.0
237.0
320.0
270.0
266.0
115.0
115.0
342.0
296.0
108.0
296.0
268.0
351.0
182.0
184.0
267.0
245.0
317.0
242.0
196.0
217.0
268.0
128.0
202.0
163.0
207.0
149.0
257.0
179.0
152.0
267.0
216.0
204.0
129.0
358.0
146.0
255.0
170.0
236.0
218.0
345.0
221.0
253.0
139.0
211.0
316.0
153.0
262.0
244.0
194.0
179.0
321.0
134.0
304.0
201.0
240.0
215.0
282.0
220.0
232.0
229.0
242.0
144.0
117.0
146.0
215.0
215.0
184.0
179.0
187.0
214.0
161.0
286.0
141.0
261.0
241.0
150.0
155.0
261.0
131.0
269.0
333.0
223.0
303.0
247.0
261.0
133.0
398.0
148.0
364.0
268.0
233.0
456.0
342.0
165.0
237.0
355.0
120.0
177.0
198.0
301.0
220.0
236.0
268.0
140.0
286.0
167.0
232.0
175.0
235.0
335.0
233.0
254.0
191.0
273.0
172.0
264.0
235.0
135.0
398.0
214.0
188.0
181.0
307.0
177.0
222.0
272.0
177.0
212.0
179.0
234.0
197.0
160.0
263.0
246.0
188.0
291.0
290.0
231.0
259.0
151.0
107.0
227.0
164.0
212.0
281.0
111.0
231.0
192.0
175.0
291.0
172.0
171.0
391.0
237.0
136.0
140.0
273.0
214.0
202.0
230.0
363.0
170.0
207.0
247.0
220.0
232.0
175.0
158.0
183.0
212.0
226.0
247.0
248.0
183.0
140.0
213.0
177.0
204.0
147.0
161.0
137.0
354.0
148.0
168.0
259.0
234.0
239.0
171.0
334.0
191.0
254.0
386.0
205.0
296.0
355.0
271.0
184.0
304.0
193.0
235.0
138.0
154.0
158.0
204.0
224.0
219.0
289.0
260.0
164.0
207.0
212.0
243.0
184.0
210.0
308.0
210.0
155.0
309.0
170.0
276.0
285.0
360.0
186.0
361.0
166.0
210.0
199.0
250.0
252.0
217.0
118.0
359.0
210.0
278.0
293.0
157.0
198.0
190.0
161.0
244.0
125.0
397.0
152.0
274.0
281.0
228.0
171.0
312.0
196.0
141.0
366.0
207.0
324.0
151.0
205.0
194.0
201.0
241.0
291.0
162.0
219.0
266.0
137.0
253.0
180.0
364.0
152.0
149.0
195.0
206.0
282.0
379.0
218.0
116.0
192.0
291.0
195.0
201.0
252.0
333.0
383.0
259.0
276.0
118.0
166.0
255.0
195.0
213.0
234.0
138.0
233.0
190.0
223.0
205.0
168.0
241.0
159.0
189.0
294.0
309.0
340.0
177.0
283.0
197.0
345.0
169.0
266.0
258.0
179.0
332.0
203.0
185.0
281.0
203.0
207.0
322.0
271.0
142.0
113.0
174.0
192.0
292.0
225.0
242.0
191.0
154.0
213.0
312.0
185.0
120.0
263.0
126.0
194.0
227.0
164.0
152.0
241.0
153.0
252.0
243.0
177.0
205.0
202.0
222.0
276.0
232.0
176.0
345.0
214.0
279.0
295.0
306.0
144.0
286.0
162.0
208.0
227.0
190.0
206.0
167.0
166.0
118.0
266.0
205.0
280.0
249.0
255.0
220.0
335.0
227.0
219.0
275.0
259.0
197.0
241.0
235.0
199.0
113.0
208.0
239.0
225.0
135.0
223.0
212.0
274.0
163.0
283.0
230.0
205.0
188.0
206.0
333.0
305.0
184.0
190.0
257.0
159.0
255.0
294.0
164.0
202.0
244.0
241.0
166.0
200.0
174.0
232.0
143.0
141.0
230.0
303.0
158.0
186.0
279.0
253.0
161.0
144.0
193.0
201.0
111.0
164.0
254.0
252.0
151.0
253.0
282.0
197.0
257.0
227.0
213.0
169.0
174.0
146.0
149.0
221.0
326.0
205.0
177.0
160.0
222.0
193.0
334.0
217.0
287.0
153.0
197.0
281.0
191.0
241.0
220.0
140.0
256.0
151.0
260.0
256.0
365.0
276.0
240.0
259.0
175.0
326.0
213.0
116.0
200.0
205.0
112.0
278.0
336.0
189.0
187.0
218.0
203.0
231.0
296.0
207.0
164.0
177.0
187.0
210.0
171.0
242.0
255.0
274.0
244.0
125.0
239.0
252.0
150.0
235.0
213.0
193.0
196.0
275.0
177.0
143.0
157.0
197.0
321.0
163.0
277.0
123.0
309.0
328.0
279.0
196.0
264.0
179.0
140.0
308.0
253.0
130.0
132.0
256.0
195.0
218.0
255.0
167.0
197.0
233.0
152.0
189.0
278.0
201.0
200.0
236.0
199.0
119.0
167.0
338.0
164.0
249.0
241.0
214.0
176.0
172.0
135.0
290.0
262.0
241.0
345.0
158.0
228.0
165.0
138.0
226.0
216.0
159.0
206.0
181.0
189.0
287.0
214.0
289.0
267.0
681.0
205.0
142.0
366.0
140.0
170.0
221.0
264.0
261.0
244.0
168.0
265.0
129.0
107.0
187.0
230.0
202.0
145.0
112.0
206.0
236.0
146.0
149.0
257.0
159.0
137.0
226.0
174.0
203.0
176.0
206.0
221.0
167.0
269.0
202.0
232.0
177.0
243.0
166.0
182.0
214.0
228.0
255.0
195.0
228.0
203.0
232.0
384.0
246.0
214.0
169.0
133.0
176.0
214.0
178.0
289.0
162.0
239.0
149.0
200.0
193.0
208.0
570.0
267.0
122.0
255.0
142.0
288.0
194.0
244.0
258.0
288.0
256.0
242.0
246.0
179.0
292.0
135.0
124.0
249.0
275.0
139.0
303.0
233.0
170.0
157.0
299.0
231.0
235.0
193.0
116.0
289.0
172.0
202.0
253.0
151.0
123.0
119.0
249.0
193.0
192.0
279.0
223.0
369.0
231.0
211.0
172.0
162.0
195.0
186.0
286.0
205.0
340.0
232.0
172.0
150.0
182.0
194.0
202.0
206.0
274.0
180.0
157.0
178.0
326.0
153.0
201.0
199.0
115.0
227.0
143.0
170.0
192.0
135.0
245.0
223.0
162.0
296.0
199.0
224.0
290.0
135.0
173.0
140.0
132.0
188.0
158.0
139.0
206.0
326.0
256.0
160.0
221.0
188.0
213.0
200.0
223.0
120.0
189.0
184.0
250.0
164.0
205.0
261.0
125.0
212.0
255.0
152.0
163.0
190.0
144.0
316.0
247.0
105.0
204.0
194.0
235.0
164.0
204.0
188.0
192.0
257.0
203.0
253.0
257.0
374.0
233.0
228.0
176.0
148.0
210.0
259.0
240.0
296.0
231.0
234.0
170.0
245.0
228.0
182.0
304.0
220.0
265.0
215.0
173.0
157.0
174.0
282.0
246.0
258.0
223.0
204.0
191.0
232.0
203.0
235.0
204.0
262.0
196.0
350.0
185.0
137.0
160.0
315.0
139.0
162.0
291.0
191.0
200.0
201.0
164.0
326.0
139.0
238.0
202.0
300.0
153.0
139.0
194.0
165.0
178.0
198.0
212.0
184.0
186.0
175.0
153.0
289.0
177.0
160.0
205.0
157.0
162.0
442.0
145.0
259.0
272.0
211.0
258.0
97.0
255.0
207.0
277.0
158.0
243.0
424.0
175.0
194.0
239.0
187.0
188.0
250.0
280.0
330.0
240.0
205.0
180.0
176.0
320.0
219.0
189.0
169.0
208.0
264.0
187.0
231.0
361.0
273.0
269.0
189.0
230.0
197.0
192.0
159.0
167.0
221.0
244.0
271.0
202.0
193.0
216.0
115.0
225.0
279.0
189.0
290.0
199.0
214.0
192.0
237.0
292.0
203.0
284.0
121.0
120.0
181.0
202.0
259.0
153.0
311.0
194.0
264.0
238.0
220.0
198.0
240.0
222.0
140.0
272.0
130.0
278.0
265.0
148.0
200.0
256.0
295.0
234.0
282.0
220.0
200.0
312.0
115.0
310.0
167.0
277.0
387.0
266.0
331.0
157.0
151.0
245.0
203.0
359.0
202.0
163.0
191.0
295.0
318.0
328.0
148.0
141.0
164.0
201.0
166.0
188.0
243.0
242.0
347.0
249.0
205.0
187.0
156.0
185.0
132.0
150.0
136.0
167.0
219.0
281.0
186.0
222.0
306.0
173.0
300.0
215.0
260.0
152.0
251.0
646.0
142.0
85.0
158.0
132.0
111.0
440.0
150.0
144.0
257.0
188.0
326.0
405.0
210.0
299.0
223.0
191.0
331.0
293.0
150.0
280.0
181.0
267.0
249.0
148.0
244.0
193.0
194.0
218.0
267.0
221.0
171.0
183.0
230.0
422.0
156.0
229.0
209.0
220.0
290.0
344.0
280.0
155.0
212.0
164.0
318.0
138.0
128.0
162.0
143.0
153.0
237.0
312.0
436.0
252.0
225.0
167.0
330.0
237.0
156.0
182.0
242.0
264.0
203.0
158.0
336.0
167.0
284.0
282.0
232.0
210.0
391.0
192.0
175.0
162.0
164.0
161.0
170.0
140.0
209.0
197.0
269.0
179.0
321.0
208.0
118.0
353.0
255.0
177.0
167.0
270.0
174.0
247.0
370.0
166.0
279.0
256.0
503.0
121.0
302.0
229.0
383.0
178.0
153.0
248.0
226.0
204.0
167.0
172.0
224.0
261.0
287.0
227.0
301.0
146.0
255.0
332.0
227.0
235.0
266.0
237.0
186.0
245.0
280.0
187.0
194.0
377.0
168.0
148.0
296.0
186.0
160.0
129.0
303.0
110.0
307.0
288.0
264.0
279.0
251.0
113.0
296.0
277.0
259.0
193.0
238.0
147.0
190.0
160.0
254.0
147.0
431.0
136.0
196.0
157.0
160.0
269.0
184.0
261.0
243.0
237.0
243.0
204.0
195.0
172.0
293.0
233.0
208.0
121.0
272.0
207.0
242.0
142.0
297.0
142.0
199.0
212.0
323.0
281.0
303.0
207.0
196.0
304.0
237.0
161.0
263.0
352.0
184.0
219.0
228.0
258.0
176.0
188.0
138.0
226.0
173.0
328.0
151.0
232.0
154.0
261.0
210.0
113.0
193.0
200.0
162.0
165.0
271.0
571.0
247.0
266.0
207.0
192.0
179.0
172.0
273.0
271.0
208.0
167.0
174.0
244.0
184.0
146.0
160.0
194.0
225.0
220.0
263.0
216.0
228.0
189.0
311.0
216.0
200.0
133.0
155.0
313.0
160.0
271.0
620.0
211.0
174.0
196.0
264.0
221.0
376.0
206.0
168.0
194.0
234.0
325.0
197.0
191.0
225.0
283.0
409.0
296.0
274.0
182.0
154.0
200.0
188.0
198.0
259.0
201.0
176.0
214.0
171.0
167.0
179.0
218.0
186.0
209.0
296.0
210.0
186.0
310.0
150.0
338.0
242.0
104.0
337.0
166.0
145.0
262.0
263.0
291.0
158.0
159.0
250.0
196.0
307.0
299.0
146.0
225.0
240.0
246.0
242.0
373.0
117.0
230.0
231.0
245.0
163.0
114.0
161.0
220.0
292.0
265.0
166.0
203.0
439.0
147.0
198.0
203.0
261.0
303.0
183.0
182.0
231.0
193.0
265.0
116.0
240.0
189.0
229.0
238.0
219.0
415.0
271.0
231.0
222.0
222.0
237.0
266.0
272.0
182.0
208.0
272.0
212.0
255.0
253.0
165.0
95.0
267.0
329.0
256.0
217.0
207.0
137.0
291.0
229.0
247.0
121.0
287.0
158.0
227.0
358.0
215.0
211.0
262.0
165.0
134.0
104.0
221.0
336.0
194.0
196.0
186.0
216.0
218.0
140.0
163.0
239.0
192.0
245.0
288.0
244.0
185.0
227.0
230.0
182.0
153.0
240.0
170.0
295.0
214.0
169.0
170.0
192.0
163.0
298.0
267.0
275.0
194.0
188.0
333.0
287.0
254.0
173.0
114.0
221.0
187.0
273.0
203.0
258.0
231.0
131.0
357.0
160.0
271.0
276.0
319.0
141.0
276.0
211.0
211.0
250.0
169.0
166.0
280.0
215.0
189.0
219.0
223.0
301.0
191.0
257.0
162.0
210.0
183.0
156.0
346.0
214.0
249.0
232.0
270.0
248.0
212.0
409.0
328.0
189.0
147.0
259.0
134.0
211.0
181.0
183.0
218.0
211.0
201.0
270.0
210.0
190.0
194.0
168.0
543.0
176.0
235.0
173.0
186.0
126.0
238.0
181.0
163.0
220.0
265.0
345.0
269.0
290.0
146.0
158.0
248.0
371.0
259.0
127.0
317.0
179.0
150.0
117.0
274.0
197.0
173.0
165.0
225.0
263.0
275.0
215.0
204.0
198.0
192.0
194.0
211.0
126.0
171.0
213.0
214.0
196.0
272.0
231.0
773.0
232.0
368.0
201.0
158.0
242.0
322.0
276.0
185.0
187.0
202.0
195.0
205.0
166.0
277.0
176.0
137.0
297.0
208.0
277.0
183.0
234.0
175.0
143.0
252.0
129.0
346.0
169.0
290.0
185.0
344.0
252.0
130.0
175.0
162.0
192.0
226.0
179.0
271.0
336.0
283.0
198.0
256.0
165.0
261.0
142.0
134.0
268.0
165.0
423.0
196.0
278.0
134.0
302.0
209.0
147.0
142.0
234.0
143.0
221.0
195.0
255.0
164.0
178.0
142.0
253.0
209.0
189.0
156.0
432.0
167.0
152.0
199.0
243.0
416.0
321.0
99.0
135.0
227.0
145.0
232.0
157.0
174.0
232.0
117.0
241.0
151.0
299.0
187.0
223.0
221.0
212.0
216.0
175.0
283.0
251.0
252.0
229.0
204.0
236.0
171.0
159.0
242.0
225.0
210.0
138.0
153.0
433.0
240.0
149.0
151.0
210.0
230.0
118.0
173.0
238.0
135.0
297.0
177.0
329.0
300.0
140.0
211.0
259.0
133.0
312.0
256.0
205.0
134.0
192.0
181.0
129.0
202.0
221.0
120.0
162.0
166.0
213.0
196.0
179.0
207.0
236.0
273.0
218.0
146.0
255.0
171.0
182.0
271.0
293.0
182.0
154.0
152.0
155.0
130.0
219.0
165.0
381.0
143.0
193.0
212.0
258.0
158.0
263.0
237.0
194.0
275.0
368.0
270.0
231.0
169.0
282.0
267.0
250.0
168.0
259.0
193.0
206.0
276.0
238.0
151.0
156.0
167.0
197.0
155.0
135.0
161.0
210.0
214.0
220.0
142.0
289.0
285.0
187.0
208.0
174.0
192.0
217.0
159.0
212.0
154.0
156.0
120.0
369.0
137.0
244.0
323.0
168.0
340.0
155.0
189.0
185.0
201.0
192.0
248.0
172.0
196.0
167.0
276.0
256.0
171.0
286.0
204.0
293.0
204.0
165.0
200.0
240.0
149.0
207.0
228.0
224.0
144.0
165.0
97.0
253.0
160.0
173.0
167.0
181.0
199.0
117.0
279.0
167.0
228.0
195.0
215.0
189.0
157.0
191.0
221.0
183.0
109.0
192.0
180.0
175.0
170.0
178.0
105.0
220.0
271.0
225.0
180.0
208.0
198.0
384.0
155.0
140.0
131.0
161.0
299.0
273.0
185.0
233.0
231.0
155.0
297.0
189.0
147.0
246.0
421.0
201.0
201.0
270.0
161.0
140.0
211.0
277.0
195.0
132.0
154.0
215.0
227.0
134.0
215.0
225.0
331.0
370.0
251.0
262.0
114.0
197.0
281.0
127.0
290.0
185.0
183.0
180.0
207.0
248.0
297.0
245.0
289.0
112.0
193.0
213.0
257.0
186.0
366.0
173.0
221.0
283.0
208.0
434.0
207.0
211.0
431.0
188.0
430.0
171.0
293.0
169.0
156.0
131.0
201.0
228.0
248.0
146.0
296.0
134.0
157.0
285.0
71.0
267.0
242.0
165.0
237.0
252.0
257.0
152.0
266.0
236.0
145.0
287.0
222.0
311.0
172.0
217.0
201.0
175.0
84.0
153.0
217.0
245.0
144.0
204.0
182.0
192.0
376.0
247.0
152.0
104.0
231.0
185.0
183.0
149.0
193.0
258.0
288.0
227.0
130.0
200.0
392.0
254.0
135.0
427.0
182.0
202.0
259.0
247.0
161.0
187.0
303.0
182.0
218.0
266.0
299.0
275.0
176.0
265.0
131.0
216.0
186.0
262.0
186.0
201.0
234.0
431.0
267.0
216.0
98.0
243.0
194.0
247.0
175.0
231.0
224.0
236.0
333.0
207.0
237.0
219.0
382.0
194.0
267.0
251.0
250.0
198.0
247.0
213.0
295.0
361.0
208.0
221.0
258.0
140.0
169.0
357.0
132.0
207.0
275.0
200.0
157.0
176.0
298.0
364.0
167.0
214.0
187.0
245.0
199.0
170.0
426.0
105.0
285.0
157.0
238.0
202.0
205.0
117.0
186.0
381.0
217.0
240.0
196.0
202.0
121.0
196.0
240.0
135.0
192.0
292.0
290.0
253.0
325.0
138.0
182.0
139.0
175.0
302.0
137.0
138.0
215.0
227.0
143.0
140.0
293.0
148.0
218.0
230.0
200.0
148.0
279.0
179.0
161.0
353.0
170.0
217.0
186.0
255.0
267.0
168.0
225.0
173.0
185.0
171.0
144.0
189.0
337.0
172.0
853.0
221.0
258.0
290.0
227.0
239.0
302.0
272.0
226.0
137.0
291.0
220.0
297.0
244.0
197.0
251.0
236.0
141.0
312.0
149.0
221.0
139.0
122.0
285.0
194.0
197.0
231.0
190.0
167.0
167.0
217.0
238.0
247.0
281.0
143.0
147.0
170.0
180.0
210.0
156.0
744.0
593.0
176.0
253.0
256.0
298.0
134.0
177.0
274.0
303.0
245.0
163.0
235.0
187.0
181.0
186.0
237.0
311.0
169.0
193.0
245.0
109.0
181.0
233.0
160.0
193.0
288.0
194.0
155.0
277.0
302.0
158.0
225.0
231.0
186.0
188.0
248.0
166.0
208.0
219.0
374.0
243.0
153.0
129.0
191.0
212.0
301.0
234.0
182.0
385.0
177.0
275.0
208.0
186.0
117.0
235.0
168.0
203.0
207.0
222.0
118.0
293.0
252.0
261.0
282.0
312.0
355.0
285.0
174.0
139.0
260.0
221.0
143.0
336.0
153.0
333.0
260.0
158.0
243.0
348.0
297.0
239.0
264.0
190.0
327.0
211.0
122.0
276.0
283.0
164.0
186.0
179.0
148.0
188.0
210.0
258.0
195.0
207.0
195.0
189.0
204.0
210.0
208.0
220.0
217.0
229.0
160.0
352.0
230.0
184.0
286.0
189.0
162.0
302.0
193.0
190.0
168.0
249.0
251.0
283.0
293.0
284.0
199.0
291.0
205.0
210.0
246.0
269.0
217.0
185.0
251.0
256.0
305.0
236.0
128.0
251.0
160.0
191.0
196.0
301.0
217.0
221.0
142.0
190.0
277.0
187.0
268.0
225.0
187.0
229.0
346.0
289.0
112.0
260.0
186.0
207.0
236.0
193.0
219.0
137.0
246.0
218.0
224.0
229.0
127.0
175.0
242.0
166.0
323.0
286.0
193.0
300.0
149.0
231.0
200.0
262.0
160.0
267.0
234.0
190.0
373.0
300.0
204.0
281.0
179.0
164.0
242.0
165.0
216.0
389.0
191.0
223.0
244.0
243.0
170.0
317.0
171.0
237.0
203.0
203.0
205.0
310.0
175.0
207.0
164.0
196.0
238.0
230.0
158.0
213.0
264.0
175.0
158.0
274.0
369.0
156.0
259.0
176.0
294.0
301.0
158.0
166.0
134.0
334.0
343.0
136.0
196.0
181.0
228.0
177.0
237.0
330.0
362.0
198.0
214.0
308.0
251.0
223.0
314.0
143.0
294.0
217.0
259.0
236.0
232.0
137.0
142.0
254.0
136.0
241.0
210.0
265.0
213.0
127.0
166.0
237.0
254.0
209.0
126.0
121.0
260.0
224.0
233.0
224.0
180.0
225.0
170.0
201.0
216.0
225.0
261.0
143.0
384.0
175.0
278.0
213.0
222.0
208.0
208.0
151.0
348.0
194.0
223.0
171.0
273.0
106.0
273.0
171.0
289.0
261.0
203.0
227.0
245.0
383.0
274.0
225.0
192.0
264.0
285.0
234.0
180.0
250.0
262.0
266.0
236.0
195.0
161.0
247.0
179.0
267.0
212.0
257.0
207.0
154.0
211.0
298.0
167.0
169.0
153.0
254.0
303.0
173.0
202.0
163.0
146.0
193.0
236.0
245.0
229.0
127.0
223.0
142.0
261.0
207.0
184.0
247.0
251.0
319.0
136.0
518.0
143.0
155.0
180.0
242.0
157.0
151.0
252.0
142.0
103.0
191.0
200.0
144.0
212.0
193.0
162.0
325.0
300.0
217.0
254.0
323.0
147.0
213.0
165.0
178.0
230.0
146.0
283.0
195.0
190.0
116.0
164.0
204.0
163.0
304.0
268.0
241.0
137.0
275.0
299.0
110.0
200.0
314.0
295.0
281.0
292.0
294.0
297.0
229.0
149.0
161.0
287.0
139.0
174.0
229.0
212.0
156.0
182.0
368.0
173.0
202.0
323.0
179.0
193.0
182.0
302.0
225.0
184.0
207.0
161.0
367.0
170.0
124.0
194.0
433.0
239.0
285.0
143.0
190.0
190.0
188.0
283.0
183.0
227.0
153.0
199.0
280.0
198.0
180.0
185.0
186.0
130.0
261.0
175.0
228.0
151.0
236.0
304.0
187.0
201.0
158.0
225.0
145.0
248.0
219.0
195.0
257.0
223.0
253.0
198.0
439.0
171.0
196.0
206.0
179.0
262.0
263.0
192.0
254.0
203.0
236.0
189.0
160.0
236.0
299.0
206.0
193.0
141.0
183.0
148.0
157.0
287.0
202.0
263.0
216.0
244.0
228.0
211.0
177.0
226.0
153.0
196.0
139.0
219.0
329.0
268.0
156.0
234.0
191.0
258.0
163.0
206.0
192.0
259.0
231.0
211.0
199.0
123.0
360.0
194.0
260.0
203.0
157.0
148.0
222.0
151.0
336.0
137.0
240.0
190.0
239.0
152.0
206.0
182.0
170.0
186.0
300.0
130.0
326.0
272.0
211.0
201.0
164.0
416.0
394.0
126.0
205.0
174.0
280.0
227.0
236.0
323.0
237.0
231.0
243.0
161.0
191.0
243.0
243.0
302.0
296.0
161.0
182.0
281.0
160.0
190.0
227.0
196.0
157.0
184.0
209.0
107.0
241.0
237.0
261.0
204.0
193.0
179.0
215.0
336.0
146.0
195.0
193.0
140.0
235.0
222.0
385.0
164.0
308.0
178.0
205.0
166.0
344.0
177.0
222.0
201.0
162.0
164.0
225.0
141.0
153.0
187.0
147.0
151.0
177.0
191.0
180.0
152.0
211.0
392.0
234.0
145.0
235.0
276.0
177.0
264.0
227.0
196.0
242.0
298.0
166.0
158.0
184.0
125.0
239.0
188.0
277.0
327.0
194.0
342.0
130.0
238.0
330.0
230.0
159.0
250.0
250.0
260.0
284.0
204.0
260.0
217.0
178.0
194.0
120.0
240.0
141.0
289.0
227.0
185.0
170.0
142.0
108.0
191.0
127.0
275.0
155.0
280.0
268.0
212.0
273.0
182.0
171.0
214.0
177.0
165.0
133.0
464.0
241.0
145.0
198.0
239.0
261.0
229.0
263.0
184.0
187.0
249.0
229.0
195.0
177.0
219.0
386.0
219.0
208.0
299.0
319.0
158.0
159.0
217.0
266.0
220.0
237.0
299.0
242.0
249.0
252.0
231.0
257.0
161.0
227.0
314.0
120.0
182.0
164.0
206.0
186.0
195.0
187.0
230.0
191.0
179.0
188.0
172.0
176.0
171.0
163.0
164.0
196.0
188.0
266.0
198.0
168.0
179.0
221.0
250.0
173.0
197.0
284.0
268.0
348.0
219.0
143.0
152.0
288.0
241.0
226.0
252.0
222.0
155.0
200.0
197.0
219.0
167.0
286.0
192.0
127.0
297.0
248.0
108.0
187.0
295.0
205.0
229.0
304.0
169.0
246.0
132.0
229.0
193.0
216.0
242.0
260.0
285.0
255.0
185.0
182.0
218.0
274.0
178.0
213.0
314.0
279.0
142.0
196.0
234.0
237.0
208.0
276.0
204.0
211.0
291.0
160.0
296.0
242.0
147.0
230.0
176.0
220.0
199.0
182.0
146.0
254.0
290.0
375.0
195.0
299.0
197.0
193.0
308.0
210.0
240.0
232.0
131.0
196.0
210.0
299.0
177.0
180.0
115.0
159.0
242.0
266.0
140.0
245.0
170.0
282.0
223.0
257.0
135.0
235.0
214.0
332.0
152.0
243.0
166.0
165.0
191.0
136.0
222.0
203.0
246.0
281.0
171.0
220.0
170.0
210.0
154.0
251.0
158.0
234.0
129.0
216.0
177.0
245.0
192.0
227.0
244.0
158.0
257.0
318.0
162.0
224.0
225.0
208.0
230.0
175.0
278.0
252.0
156.0
165.0
196.0
204.0
218.0
213.0
273.0
489.0
223.0
220.0
204.0
229.0
206.0
142.0
262.0
223.0
212.0
226.0
176.0
190.0
226.0
159.0
243.0
337.0
253.0
196.0
245.0
168.0
169.0
114.0
325.0
301.0
273.0
206.0
304.0
243.0
223.0
213.0
258.0
256.0
265.0
144.0
197.0
254.0
136.0
202.0
383.0
163.0
229.0
273.0
165.0
401.0
239.0
212.0
275.0
294.0
247.0
192.0
263.0
165.0
237.0
207.0
134.0
172.0
137.0
114.0
163.0
422.0
248.0
93.0
254.0
206.0
257.0
215.0
258.0
183.0
223.0
239.0
172.0
230.0
82.0
253.0
153.0
184.0
229.0
116.0
240.0
257.0
208.0
259.0
159.0
287.0
242.0
330.0
249.0
237.0
195.0
310.0
185.0
198.0
221.0
207.0
248.0
214.0
178.0
196.0
155.0
167.0
319.0
185.0
211.0
157.0
210.0
302.0
169.0
251.0
212.0
215.0
305.0
230.0
391.0
146.0
249.0
195.0
191.0
321.0
389.0
183.0
328.0
136.0
182.0
169.0
213.0
207.0
299.0
181.0
294.0
216.0
112.0
270.0
293.0
209.0
345.0
205.0
203.0
225.0
156.0
173.0
220.0
115.0
210.0
180.0
203.0
296.0
215.0
185.0
204.0
185.0
232.0
294.0
194.0
431.0
235.0
125.0
230.0
213.0
195.0
269.0
152.0
166.0
228.0
292.0
241.0
221.0
182.0
135.0
339.0
122.0
212.0
180.0
156.0
185.0
186.0
157.0
195.0
217.0
185.0
313.0
253.0
285.0
170.0
222.0
183.0
268.0
245.0
247.0
313.0
223.0
232.0
152.0
206.0
302.0
251.0
220.0
148.0
168.0
260.0
334.0
188.0
192.0
296.0
320.0
297.0
173.0
146.0
155.0
214.0
151.0
328.0
204.0
302.0
189.0
319.0
299.0
285.0
199.0
131.0
261.0
182.0
284.0
245.0
200.0
302.0
252.0
210.0
214.0
248.0
318.0
155.0
181.0
163.0
316.0
234.0
169.0
207.0
248.0
190.0
185.0
196.0
300.0
288.0
164.0
316.0
263.0
254.0
310.0
244.0
195.0
168.0
192.0
153.0
341.0
159.0
217.0
235.0
252.0
281.0
256.0
208.0
185.0
149.0
172.0
151.0
124.0
212.0
288.0
402.0
290.0
172.0
269.0
230.0
195.0
215.0
268.0
211.0
284.0
217.0
123.0
188.0
148.0
185.0
279.0
161.0
215.0
291.0
244.0
221.0
172.0
277.0
209.0
211.0
154.0
140.0
286.0
209.0
324.0
214.0
221.0
172.0
365.0
182.0
177.0
171.0
191.0
248.0
194.0
241.0
180.0
188.0
319.0
122.0
148.0
214.0
209.0
352.0
405.0
137.0
172.0
270.0
250.0
248.0
222.0
204.0
235.0
281.0
161.0
225.0
208.0
413.0
276.0
281.0
255.0
188.0
245.0
298.0
316.0
174.0
173.0
203.0
260.0
271.0
224.0
143.0
173.0
126.0
158.0
225.0
102.0
164.0
322.0
334.0
271.0
249.0
218.0
246.0
148.0
162.0
211.0
199.0
177.0
210.0
230.0
255.0
277.0
163.0
267.0
274.0
150.0
350.0
192.0
279.0
232.0
177.0
217.0
237.0
390.0
174.0
180.0
259.0
237.0
149.0
224.0
202.0
245.0
254.0
183.0
112.0
171.0
244.0
338.0
214.0
177.0
186.0
254.0
263.0
311.0
307.0
255.0
142.0
164.0
151.0
220.0
200.0
196.0
154.0
224.0
234.0
177.0
179.0
328.0
255.0
153.0
255.0
111.0
156.0
184.0
214.0
262.0
179.0
213.0
225.0
174.0
230.0
169.0
245.0
120.0
288.0
277.0
281.0
351.0
206.0
172.0
173.0
239.0
252.0
156.0
176.0
230.0
121.0
257.0
170.0
190.0
171.0
313.0
193.0
290.0
169.0
155.0
244.0
199.0
272.0
146.0
200.0
212.0
338.0
279.0
227.0
315.0
271.0
276.0
120.0
248.0
280.0
168.0
238.0
133.0
231.0
294.0
204.0
231.0
188.0
160.0
218.0
233.0
221.0
208.0
186.0
194.0
296.0
154.0
278.0
221.0
278.0
170.0
174.0
241.0
130.0
205.0
155.0
231.0
216.0
139.0
120.0
178.0
234.0
149.0
250.0
203.0
181.0
177.0
175.0
292.0
167.0
215.0
179.0
207.0
182.0
249.0
171.0
190.0
206.0
135.0
243.0
249.0
267.0
271.0
144.0
295.0
156.0
213.0
186.0
234.0
205.0
174.0
282.0
293.0
156.0
338.0
216.0
195.0
212.0
256.0
289.0
189.0
134.0
294.0
180.0
145.0
206.0
152.0
283.0
229.0
153.0
259.0
339.0
222.0
249.0
176.0
191.0
130.0
251.0
277.0
136.0
220.0
194.0
334.0
236.0
220.0
218.0
225.0
185.0
187.0
285.0
244.0
214.0
174.0
291.0
261.0
201.0
139.0
308.0
382.0
236.0
156.0
216.0
270.0
273.0
217.0
220.0
205.0
222.0
217.0
207.0
203.0
261.0
141.0
148.0
339.0
297.0
146.0
197.0
190.0
246.0
290.0
189.0
182.0
291.0
284.0
160.0
144.0
332.0
194.0
208.0
225.0
184.0
407.0
206.0
275.0
167.0
183.0
201.0
205.0
278.0
268.0
124.0
170.0
229.0
156.0
252.0
197.0
194.0
246.0
211.0
218.0
225.0
202.0
218.0
180.0
375.0
180.0
160.0
300.0
178.0
155.0
181.0
184.0
194.0
154.0
219.0
219.0
223.0
284.0
254.0
218.0
222.0
156.0
254.0
205.0
304.0
238.0
209.0
162.0
170.0
223.0
273.0
153.0
144.0
237.0
276.0
216.0
205.0
398.0
274.0
150.0
239.0
295.0
238.0
231.0
286.0
157.0
169.0
263.0
129.0
262.0
440.0
234.0
183.0
213.0
164.0
229.0
275.0
215.0
298.0
370.0
201.0
212.0
221.0
211.0
177.0
155.0
242.0
231.0
140.0
182.0
226.0
159.0
283.0
208.0
201.0
224.0
274.0
244.0
205.0
106.0
244.0
188.0
254.0
101.0
193.0
263.0
312.0
323.0
149.0
268.0
193.0
197.0
315.0
222.0
98.0
167.0
150.0
254.0
269.0
169.0
217.0
187.0
178.0
185.0
233.0
292.0
420.0
165.0
259.0
121.0
246.0
215.0
207.0
219.0
178.0
188.0
251.0
180.0
244.0
240.0
251.0
298.0
260.0
218.0
163.0
143.0
144.0
238.0
187.0
240.0
201.0
227.0
243.0
302.0
169.0
211.0
269.0
181.0
257.0
328.0
397.0
156.0
158.0
269.0
287.0
200.0
220.0
193.0
203.0
164.0
186.0
202.0
360.0
234.0
276.0
205.0
161.0
145.0
166.0
229.0
173.0
221.0
303.0
228.0
180.0
131.0
207.0
286.0
262.0
163.0
199.0
169.0
294.0
353.0
158.0
182.0
195.0
152.0
191.0
161.0
180.0
284.0
328.0
213.0
143.0
270.0
238.0
233.0
258.0
256.0
303.0
197.0
220.0
200.0
120.0
282.0
346.0
215.0
160.0
219.0
173.0
224.0
216.0
204.0
238.0
199.0
242.0
249.0
272.0
219.0
149.0
196.0
312.0
168.0
236.0
232.0
231.0
244.0
219.0
303.0
199.0
337.0
282.0
144.0
178.0
235.0
275.0
230.0
352.0
167.0
143.0
213.0
223.0
161.0
237.0
165.0
145.0
169.0
313.0
225.0
158.0
279.0
181.0
128.0
251.0
195.0
166.0
280.0
271.0
152.0
252.0
200.0
109.0
213.0
252.0
154.0
317.0
246.0
278.0
262.0
190.0
206.0
290.0
281.0
232.0
334.0
163.0
372.0
189.0
255.0
237.0
219.0
144.0
243.0
98.0
263.0
309.0
170.0
170.0
269.0
307.0
151.0
141.0
204.0
321.0
207.0
151.0
182.0
246.0
199.0
446.0
214.0
216.0
219.0
248.0
215.0
239.0
233.0
315.0
259.0
165.0
239.0
170.0
309.0
203.0
250.0
304.0
183.0
168.0
172.0
257.0
152.0
212.0
237.0
319.0
143.0
172.0
295.0
228.0
215.0
194.0
202.0
176.0
210.0
258.0
256.0
211.0
198.0
205.0
187.0
228.0
190.0
309.0
165.0
290.0
155.0
243.0
322.0
254.0
143.0
162.0
173.0
224.0
206.0
185.0
301.0
149.0
279.0
127.0
220.0
254.0
272.0
204.0
249.0
252.0
177.0
216.0
161.0
243.0
214.0
162.0
285.0
154.0
283.0
253.0
205.0
208.0
315.0
222.0
240.0
182.0
289.0
299.0
261.0
198.0
252.0
168.0
159.0
172.0
231.0
213.0
276.0
210.0
254.0
151.0
328.0
270.0
236.0
332.0
151.0
212.0
241.0
204.0
230.0
316.0
153.0
277.0
233.0
180.0
271.0
159.0
227.0
253.0
207.0
124.0
180.0
183.0
272.0
154.0
190.0
189.0
252.0
287.0
145.0
234.0
368.0
239.0
222.0
134.0
210.0
265.0
198.0
289.0
202.0
157.0
248.0
177.0
230.0
226.0
246.0
143.0
218.0
192.0
222.0
225.0
156.0
258.0
123.0
288.0
206.0
285.0
375.0
167.0
184.0
219.0
194.0
206.0
206.0
167.0
190.0
222.0
210.0
297.0
274.0
141.0
306.0
264.0
232.0
376.0
223.0
316.0
133.0
322.0
257.0
294.0
188.0
186.0
166.0
199.0
197.0
242.0
218.0
249.0
179.0
215.0
203.0
158.0
294.0
211.0
197.0
187.0
149.0
171.0
215.0
201.0
319.0
225.0
211.0
169.0
335.0
173.0
180.0
310.0
180.0
157.0
198.0
200.0
225.0
214.0
208.0
272.0
241.0
303.0
230.0
166.0
196.0
131.0
198.0
172.0
170.0
196.0
222.0
226.0
208.0
269.0
135.0
194.0
249.0
298.0
187.0
217.0
208.0
196.0
193.0
156.0
227.0
201.0
227.0
292.0
248.0
205.0
242.0
161.0
188.0
173.0
157.0
298.0
197.0
223.0
152.0
221.0
196.0
185.0
175.0
110.0
260.0
194.0
197.0
238.0
225.0
187.0
245.0
124.0
194.0
214.0
260.0
147.0
400.0
215.0
249.0
360.0
187.0
320.0
161.0
225.0
255.0
219.0
392.0
250.0
168.0
191.0
197.0
228.0
312.0
198.0
266.0
240.0
377.0
189.0
240.0
268.0
226.0
192.0
158.0
247.0
220.0
210.0
167.0
289.0
191.0
196.0
189.0
284.0
217.0
250.0
263.0
192.0
207.0
194.0
154.0
167.0
250.0
230.0
224.0
169.0
264.0
167.0
192.0
260.0
160.0
155.0
261.0
342.0
211.0
243.0
268.0
179.0
172.0
160.0
329.0
183.0
195.0
180.0
395.0
171.0
174.0
186.0
228.0
275.0
225.0
262.0
242.0
181.0
140.0
211.0
225.0
242.0
113.0
279.0
294.0
221.0
268.0
181.0
167.0
178.0
257.0
238.0
229.0
270.0
212.0
259.0
161.0
339.0
227.0
214.0
323.0
173.0
167.0
279.0
240.0
210.0
371.0
252.0
203.0
211.0
256.0
218.0
227.0
183.0
159.0
312.0
210.0
180.0
156.0
174.0
250.0
204.0
245.0
445.0
238.0
133.0
243.0
131.0
324.0
151.0
154.0
133.0
245.0
138.0
341.0
349.0
211.0
315.0
331.0
152.0
219.0
228.0
131.0
189.0
145.0
149.0
276.0
226.0
146.0
197.0
256.0
238.0
250.0
268.0
166.0
117.0
196.0
202.0
437.0
127.0
297.0
215.0
205.0
163.0
309.0
200.0
245.0
188.0
125.0
234.0
217.0
254.0
248.0
143.0
239.0
206.0
155.0
171.0
181.0
269.0
198.0
237.0
195.0
219.0
195.0
260.0
383.0
128.0
282.0
235.0
133.0
198.0
293.0
186.0
259.0
156.0
225.0
257.0
290.0
190.0
137.0
124.0
259.0
202.0
138.0
214.0
214.0
219.0
264.0
233.0
297.0
238.0
172.0
231.0
174.0
296.0
232.0
226.0
231.0
200.0
208.0
203.0
251.0
206.0
204.0
204.0
370.0
220.0
112.0
189.0
219.0
151.0
229.0
165.0
197.0
257.0
168.0
261.0
146.0
309.0
262.0
251.0
258.0
244.0
167.0
185.0
221.0
126.0
264.0
245.0
190.0
272.0
203.0
364.0
319.0
266.0
216.0
176.0
192.0
194.0
159.0
221.0
213.0
166.0
188.0
195.0
113.0
140.0
151.0
281.0
254.0
303.0
256.0
212.0
278.0
232.0
140.0
248.0
198.0
232.0
197.0
260.0
219.0
177.0
150.0
180.0
220.0
180.0
268.0
196.0
156.0
219.0
173.0
168.0
284.0
176.0
301.0
213.0
283.0
438.0
258.0
303.0
176.0
190.0
187.0
241.0
271.0
176.0
236.0
211.0
146.0
289.0
294.0
207.0
180.0
123.0
157.0
170.0
238.0
218.0
281.0
387.0
172.0
193.0
182.0
154.0
227.0
301.0
221.0
163.0
162.0
211.0
242.0
211.0
305.0
256.0
283.0
331.0
176.0
219.0
276.0
150.0
307.0
286.0
226.0
239.0
265.0
218.0
107.0
280.0
247.0
189.0
235.0
139.0
251.0
196.0
266.0
168.0
262.0
272.0
166.0
294.0
265.0
202.0
284.0
185.0
110.0
200.0
191.0
245.0
112.0
173.0
193.0
196.0
247.0
316.0
237.0
199.0
197.0
240.0
250.0
244.0
243.0
196.0
142.0
358.0
157.0
298.0
149.0
231.0
239.0
272.0
178.0
184.0
221.0
375.0
230.0
190.0
158.0
308.0
328.0
216.0
140.0
216.0
274.0
189.0
189.0
195.0
231.0
344.0
226.0
289.0
166.0
217.0
279.0
183.0
296.0
190.0
328.0
155.0
165.0
207.0
251.0
236.0
298.0
151.0
237.0
170.0
175.0
176.0
162.0
303.0
250.0
196.0
224.0
165.0
256.0
154.0
245.0
275.0
192.0
201.0
143.0
175.0
259.0
262.0
168.0
249.0
434.0
245.0
257.0
267.0
214.0
133.0
185.0
299.0
156.0
169.0
260.0
257.0
146.0
320.0
258.0
265.0
280.0
160.0
208.0
402.0
236.0
207.0
166.0
263.0
177.0
198.0
326.0
228.0
186.0
201.0
214.0
213.0
213.0
279.0
273.0
273.0
165.0
258.0
198.0
206.0
139.0
200.0
183.0
148.0
187.0
192.0
215.0
220.0
271.0
160.0
206.0
233.0
191.0
176.0
246.0
232.0
309.0
169.0
202.0
244.0
194.0
280.0
200.0
157.0
230.0
268.0
208.0
276.0
187.0
225.0
162.0
298.0
226.0
330.0
240.0
180.0
236.0
145.0
258.0
251.0
213.0
231.0
281.0
266.0
190.0
260.0
256.0
155.0
168.0
172.0
163.0
183.0
174.0
178.0
181.0
176.0
193.0
293.0
206.0
272.0
208.0
255.0
299.0
211.0
148.0
156.0
178.0
399.0
210.0
193.0
142.0
213.0
201.0
231.0
312.0
228.0
169.0
374.0
266.0
217.0
297.0
151.0
185.0
163.0
264.0
372.0
232.0
245.0
185.0
225.0
223.0
214.0
270.0
225.0
158.0
219.0
213.0
306.0
213.0
219.0
327.0
159.0
212.0
218.0
150.0
180.0
241.0
153.0
250.0
230.0
268.0
226.0
193.0
232.0
175.0
247.0
265.0
261.0
267.0
206.0
315.0
224.0
300.0
211.0
322.0
143.0
165.0
216.0
279.0
250.0
261.0
137.0
143.0
204.0
229.0
183.0
251.0
345.0
203.0
179.0
181.0
102.0
219.0
217.0
237.0
426.0
213.0
236.0
235.0
158.0
247.0
308.0
226.0
264.0
166.0
307.0
261.0
172.0
200.0
203.0
208.0
285.0
253.0
315.0
232.0
233.0
190.0
277.0
242.0
308.0
223.0
188.0
175.0
194.0
152.0
270.0
293.0
190.0
288.0
210.0
187.0
187.0
319.0
343.0
258.0
219.0
284.0
139.0
218.0
171.0
146.0
190.0
205.0
249.0
173.0
412.0
240.0
201.0
330.0
147.0
63.0
196.0
183.0
200.0
167.0
212.0
226.0
134.0
275.0
191.0
183.0
149.0
215.0
238.0
281.0
185.0
167.0
229.0
176.0
249.0
179.0
233.0
181.0
210.0
198.0
296.0
268.0
267.0
304.0
250.0
235.0
201.0
248.0
186.0
188.0
229.0
258.0
240.0
276.0
248.0
282.0
242.0
144.0
308.0
248.0
214.0
153.0
230.0
336.0
202.0
194.0
176.0
354.0
194.0
229.0
290.0
128.0
185.0
223.0
273.0
200.0
180.0
251.0
265.0
153.0
299.0
143.0
300.0
157.0
180.0
323.0
196.0
183.0
222.0
289.0
238.0
204.0
183.0
188.0
247.0
134.0
175.0
206.0
201.0
166.0
180.0
321.0
164.0
221.0
177.0
138.0
213.0
311.0
311.0
196.0
262.0
137.0
328.0
220.0
199.0
224.0
183.0
239.0
118.0
157.0
208.0
211.0
234.0
377.0
228.0
176.0
235.0
348.0
195.0
235.0
241.0
205.0
175.0
307.0
205.0
198.0
206.0
261.0
179.0
271.0
312.0
184.0
306.0
257.0
227.0
240.0
253.0
147.0
152.0
300.0
72.0
240.0
232.0
223.0
178.0
301.0
220.0
223.0
226.0
173.0
295.0
249.0
186.0
218.0
258.0
206.0
229.0
228.0
212.0
222.0
178.0
392.0
238.0
258.0
253.0
281.0
247.0
164.0
281.0
246.0
206.0
216.0
220.0
271.0
236.0
173.0
220.0
244.0
146.0
260.0
158.0
125.0
201.0
260.0
207.0
231.0
207.0
227.0
245.0
171.0
272.0
176.0
263.0
208.0
161.0
149.0
258.0
210.0
274.0
234.0
275.0
196.0
188.0
169.0
220.0
291.0
366.0
235.0
182.0
243.0
229.0
209.0
266.0
238.0
198.0
330.0
222.0
263.0
242.0
251.0
145.0
311.0
176.0
198.0
193.0
205.0
204.0
246.0
217.0
145.0
176.0
250.0
358.0
148.0
195.0
142.0
257.0
133.0
153.0
175.0
166.0
236.0
189.0
170.0
120.0
149.0
303.0
358.0
246.0
185.0
181.0
211.0
200.0
202.0
218.0
185.0
237.0
298.0
196.0
271.0
292.0
393.0
219.0
235.0
247.0
235.0
271.0
367.0
165.0
150.0
318.0
205.0
153.0
259.0
160.0
292.0
185.0
154.0
208.0
173.0
197.0
181.0
186.0
175.0
158.0
153.0
247.0
211.0
256.0
250.0
228.0
134.0
245.0
126.0
184.0
216.0
178.0
279.0
237.0
191.0
257.0
203.0
373.0
214.0
265.0
210.0
295.0
320.0
232.0
220.0
210.0
149.0
164.0
265.0
181.0
263.0
184.0
331.0
279.0
285.0
318.0
187.0
284.0
188.0
147.0
221.0
259.0
267.0
280.0
183.0
161.0
243.0
148.0
189.0
230.0
267.0
269.0
139.0
302.0
217.0
171.0
214.0
214.0
222.0
197.0
274.0
161.0
202.0
176.0
192.0
205.0
206.0
280.0
203.0
204.0
238.0
185.0
276.0
221.0
235.0
166.0
157.0
251.0
257.0
136.0
201.0
202.0
268.0
192.0
238.0
327.0
202.0
201.0
182.0
209.0
224.0
149.0
267.0
221.0
130.0
183.0
274.0
216.0
201.0
291.0
230.0
132.0
194.0
208.0
187.0
174.0
242.0
174.0
161.0
152.0
162.0
221.0
228.0
153.0
196.0
232.0
225.0
469.0
144.0
211.0
295.0
204.0
209.0
329.0
228.0
169.0
137.0
292.0
142.0
210.0
268.0
197.0
203.0
213.0
180.0
209.0
285.0
269.0
181.0
299.0
221.0
244.0
181.0
204.0
232.0
196.0
260.0
213.0
164.0
254.0
228.0
235.0
207.0
235.0
263.0
196.0
184.0
193.0
232.0
232.0
186.0
134.0
187.0
214.0
311.0
219.0
168.0
271.0
350.0
165.0
193.0
267.0
207.0
221.0
194.0
219.0
226.0
153.0
114.0
316.0
226.0
220.0
192.0
242.0
285.0
161.0
175.0
224.0
240.0
229.0
676.0
201.0
255.0
201.0
258.0
161.0
267.0
270.0
166.0
157.0
201.0
162.0
119.0
258.0
174.0
193.0
335.0
240.0
184.0
225.0
263.0
227.0
210.0
199.0
189.0
259.0
237.0
209.0
156.0
252.0
217.0
188.0
240.0
215.0
201.0
137.0
239.0
393.0
253.0
149.0
146.0
241.0
120.0
277.0
182.0
174.0
318.0
177.0
151.0
178.0
346.0
159.0
261.0
183.0
159.0
231.0
248.0
144.0
280.0
296.0
306.0
218.0
331.0
160.0
178.0
240.0
247.0
428.0
226.0
161.0
177.0
112.0
302.0
125.0
201.0
228.0
206.0
177.0
199.0
167.0
170.0
142.0
269.0
255.0
167.0
208.0
184.0
160.0
191.0
245.0
139.0
333.0
181.0
232.0
152.0
248.0
253.0
175.0
136.0
201.0
224.0
267.0
273.0
275.0
281.0
139.0
226.0
241.0
168.0
193.0
144.0
202.0
210.0
234.0
277.0
155.0
357.0
129.0
314.0
180.0
259.0
184.0
194.0
169.0
207.0
255.0
156.0
249.0
315.0
160.0
173.0
145.0
340.0
220.0
302.0
359.0
288.0
355.0
303.0
226.0
254.0
225.0
201.0
221.0
270.0
153.0
243.0
176.0
171.0
266.0
257.0
181.0
150.0
174.0
443.0
264.0
191.0
221.0
210.0
262.0
248.0
130.0
241.0
188.0
128.0
221.0
187.0
149.0
274.0
262.0
357.0
141.0
362.0
212.0
200.0
217.0
178.0
148.0
182.0
199.0
180.0
163.0
216.0
214.0
230.0
268.0
309.0
424.0
222.0
354.0
150.0
288.0
235.0
163.0
168.0
145.0
249.0
197.0
243.0
343.0
188.0
163.0
313.0
306.0
214.0
282.0
268.0
213.0
167.0
192.0
222.0
183.0
206.0
190.0
197.0
250.0
260.0
187.0
302.0
267.0
222.0
277.0
195.0
251.0
264.0
195.0
301.0
252.0
262.0
196.0
183.0
175.0
209.0
188.0
185.0
151.0
312.0
261.0
190.0
172.0
311.0
194.0
212.0
129.0
210.0
252.0
195.0
221.0
288.0
210.0
190.0
288.0
279.0
200.0
196.0
132.0
172.0
175.0
306.0
141.0
154.0
180.0
261.0
238.0
154.0
206.0
159.0
229.0
191.0
181.0
327.0
183.0
279.0
241.0
189.0
211.0
294.0
318.0
138.0
206.0
144.0
158.0
229.0
214.0
289.0
325.0
190.0
193.0
327.0
383.0
260.0
214.0
194.0
203.0
171.0
205.0
300.0
236.0
175.0
212.0
292.0
267.0
205.0
222.0
98.0
203.0
194.0
194.0
203.0
210.0
357.0
224.0
264.0
153.0
267.0
172.0
197.0
182.0
218.0
368.0
179.0
206.0
174.0
309.0
235.0
273.0
173.0
147.0
247.0
225.0
225.0
213.0
221.0
170.0
258.0
145.0
247.0
275.0
179.0
308.0
246.0
309.0
330.0
317.0
169.0
181.0
202.0
149.0
402.0
191.0
156.0
180.0
283.0
227.0
142.0
244.0
270.0
265.0
171.0
160.0
239.0
142.0
236.0
175.0
236.0
251.0
159.0
157.0
199.0
236.0
188.0
133.0
309.0
169.0
244.0
230.0
121.0
158.0
278.0
212.0
188.0
165.0
172.0
250.0
183.0
255.0
254.0
242.0
263.0
193.0
266.0
241.0
492.0
251.0
274.0
218.0
220.0
228.0
250.0
195.0
217.0
243.0
254.0
142.0
248.0
203.0
256.0
264.0
174.0
223.0
244.0
233.0
190.0
228.0
221.0
273.0
236.0
231.0
247.0
175.0
177.0
137.0
215.0
175.0
223.0
168.0
168.0
228.0
160.0
197.0
125.0
258.0
286.0
227.0
134.0
376.0
234.0
326.0
175.0
210.0
235.0
219.0
217.0
181.0
423.0
186.0
209.0
218.0
184.0
218.0
187.0
195.0
285.0
281.0
225.0
397.0
176.0
247.0
137.0
211.0
207.0
195.0
198.0
205.0
383.0
166.0
185.0
154.0
147.0
249.0
214.0
174.0
354.0
211.0
177.0
182.0
191.0
376.0
224.0
224.0
175.0
198.0
373.0
293.0
373.0
221.0
171.0
222.0
193.0
323.0
162.0
144.0
169.0
259.0
141.0
299.0
195.0
329.0
160.0
198.0
261.0
154.0
185.0
198.0
307.0
216.0
315.0
221.0
416.0
244.0
263.0
234.0
240.0
95.0
153.0
255.0
156.0
265.0
185.0
205.0
167.0
283.0
164.0
255.0
181.0
193.0
142.0
220.0
159.0
181.0
184.0
336.0
164.0
202.0
177.0
210.0
412.0
228.0
234.0
230.0
176.0
146.0
182.0
254.0
165.0
180.0
195.0
152.0
146.0
161.0
285.0
176.0
231.0
252.0
170.0
243.0
232.0
233.0
184.0
285.0
316.0
376.0
212.0
197.0
234.0
273.0
306.0
171.0
128.0
143.0
157.0
438.0
211.0
185.0
236.0
147.0
197.0
158.0
248.0
198.0
170.0
219.0
446.0
142.0
180.0
779.0
154.0
208.0
295.0
222.0
180.0
218.0
337.0
152.0
208.0
181.0
178.0
281.0
151.0
221.0
357.0
145.0
199.0
175.0
194.0
173.0
203.0
215.0
196.0
132.0
255.0
343.0
249.0
155.0
203.0
161.0
214.0
261.0
316.0
190.0
151.0
284.0
170.0
282.0
208.0
304.0
206.0
259.0
199.0
335.0
222.0
275.0
252.0
166.0
264.0
179.0
160.0
251.0
389.0
185.0
275.0
221.0
280.0
350.0
260.0
294.0
246.0
182.0
202.0
280.0
178.0
185.0
185.0
182.0
240.0
253.0
267.0
250.0
201.0
202.0
246.0
421.0
281.0
163.0
256.0
215.0
240.0
155.0
158.0
247.0
246.0
182.0
184.0
210.0
160.0
308.0
205.0
200.0
379.0
218.0
232.0
241.0
141.0
213.0
363.0
140.0
918.0
306.0
326.0
235.0
226.0
211.0
212.0
176.0
217.0
191.0
159.0
211.0
184.0
233.0
169.0
276.0
194.0
214.0
203.0
173.0
199.0
182.0
232.0
195.0
153.0
250.0
309.0
201.0
275.0
261.0
202.0
235.0
221.0
282.0
192.0
152.0
342.0
177.0
205.0
265.0
167.0
193.0
263.0
244.0
168.0
277.0
196.0
228.0
314.0
132.0
240.0
343.0
156.0
413.0
292.0
229.0
196.0
144.0
221.0
373.0
189.0
223.0
379.0
251.0
211.0
284.0
201.0
131.0
222.0
126.0
817.0
259.0
137.0
210.0
175.0
286.0
230.0
153.0
204.0
260.0
171.0
247.0
169.0
185.0
277.0
187.0
308.0
176.0
192.0
163.0
182.0
228.0
181.0
234.0
261.0
175.0
219.0
324.0
221.0
265.0
330.0
230.0
211.0
329.0
177.0
294.0
227.0
162.0
145.0
207.0
242.0
282.0
197.0
200.0
190.0
322.0
159.0
219.0
240.0
315.0
168.0
238.0
206.0
172.0
148.0
249.0
190.0
220.0
184.0
153.0
371.0
200.0
187.0
150.0
268.0
209.0
246.0
205.0
300.0
172.0
134.0
724.0
185.0
219.0
188.0
177.0
348.0
237.0
215.0
173.0
240.0
226.0
208.0
144.0
281.0
204.0
177.0
247.0
189.0
156.0
322.0
176.0
132.0
285.0
159.0
189.0
155.0
157.0
280.0
164.0
171.0
135.0
281.0
275.0
175.0
415.0
150.0
201.0
188.0
137.0
196.0
271.0
281.0
245.0
296.0
224.0
170.0
183.0
230.0
164.0
324.0
178.0
176.0
317.0
167.0
214.0
87.0
235.0
237.0
179.0
221.0
170.0
200.0
237.0
217.0
352.0
266.0
254.0
202.0
238.0
173.0
156.0
346.0
286.0
209.0
362.0
199.0
236.0
168.0
248.0
344.0
122.0
183.0
156.0
228.0
224.0
367.0
183.0
187.0
258.0
215.0
168.0
215.0
156.0
157.0
187.0
219.0
243.0
340.0
294.0
183.0
207.0
361.0
222.0
193.0
221.0
292.0
163.0
312.0
145.0
193.0
113.0
238.0
143.0
159.0
97.0
159.0
262.0
124.0
257.0
309.0
288.0
145.0
214.0
215.0
145.0
170.0
165.0
171.0
243.0
219.0
204.0
229.0
239.0
153.0
140.0
137.0
416.0
310.0
181.0
292.0
144.0
189.0
199.0
303.0
245.0
289.0
191.0
245.0
214.0
201.0
135.0
202.0
232.0
301.0
205.0
183.0
136.0
199.0
203.0
228.0
199.0
230.0
272.0
252.0
187.0
188.0
294.0
149.0
249.0
209.0
155.0
217.0
278.0
226.0
295.0
304.0
277.0
183.0
314.0
181.0
134.0
228.0
208.0
177.0
153.0
178.0
145.0
279.0
219.0
421.0
239.0
181.0
355.0
242.0
132.0
190.0
167.0
170.0
197.0
172.0
185.0
247.0
228.0
286.0
341.0
248.0
241.0
179.0
143.0
222.0
211.0
168.0
161.0
109.0
121.0
192.0
161.0
200.0
174.0
301.0
132.0
195.0
259.0
338.0
232.0
153.0
211.0
209.0
197.0
246.0
357.0
245.0
165.0
231.0
266.0
213.0
237.0
250.0
160.0
182.0
263.0
136.0
284.0
152.0
191.0
281.0
239.0
160.0
204.0
200.0
264.0
204.0
224.0
167.0
216.0
249.0
166.0
312.0
161.0
244.0
238.0
254.0
188.0
156.0
241.0
189.0
184.0
207.0
169.0
262.0
377.0
138.0
183.0
254.0
631.0
206.0
316.0
126.0
185.0
214.0
181.0
172.0
224.0
312.0
201.0
189.0
273.0
210.0
148.0
163.0
169.0
207.0
247.0
345.0
225.0
213.0
279.0
253.0
304.0
196.0
227.0
172.0
206.0
454.0
165.0
241.0
280.0
163.0
191.0
266.0
207.0
270.0
154.0
182.0
149.0
299.0
155.0
193.0
165.0
177.0
230.0
277.0
177.0
197.0
256.0
260.0
149.0
279.0
208.0
210.0
174.0
209.0
226.0
259.0
172.0
314.0
196.0
161.0
205.0
209.0
231.0
372.0
263.0
136.0
214.0
219.0
174.0
216.0
214.0
180.0
218.0
178.0
227.0
226.0
226.0
177.0
205.0
227.0
308.0
169.0
191.0
154.0
229.0
131.0
479.0
202.0
252.0
193.0
307.0
184.0
302.0
102.0
195.0
218.0
244.0
233.0
235.0
226.0
289.0
269.0
237.0
174.0
271.0
162.0
185.0
191.0
185.0
219.0
191.0
166.0
185.0
227.0
191.0
276.0
307.0
173.0
198.0
230.0
194.0
228.0
194.0
262.0
209.0
168.0
239.0
170.0
239.0
233.0
194.0
230.0
207.0
167.0
176.0
334.0
183.0
237.0
294.0
172.0
251.0
143.0
174.0
198.0
231.0
179.0
239.0
170.0
218.0
244.0
201.0
185.0
230.0
177.0
223.0
320.0
205.0
262.0
152.0
217.0
198.0
200.0
144.0
286.0
343.0
199.0
181.0
185.0
449.0
184.0
303.0
247.0
290.0
266.0
222.0
221.0
169.0
213.0
211.0
226.0
112.0
215.0
189.0
197.0
313.0
183.0
205.0
190.0
168.0
164.0
330.0
185.0
161.0
142.0
236.0
199.0
416.0
127.0
119.0
239.0
303.0
161.0
253.0
139.0
247.0
151.0
141.0
182.0
268.0
196.0
322.0
223.0
178.0
240.0
241.0
256.0
147.0
286.0
167.0
244.0
203.0
203.0
237.0
219.0
262.0
347.0
368.0
151.0
139.0
285.0
203.0
218.0
210.0
266.0
200.0
210.0
184.0
135.0
252.0
278.0
181.0
221.0
162.0
235.0
175.0
140.0
195.0
202.0
110.0
236.0
162.0
259.0
202.0
443.0
218.0
144.0
183.0
264.0
276.0
220.0
190.0
122.0
198.0
316.0
224.0
180.0
236.0
140.0
287.0
230.0
258.0
216.0
178.0
212.0
261.0
206.0
237.0
343.0
224.0
252.0
272.0
203.0
356.0
222.0
157.0
243.0
362.0
166.0
288.0
153.0
225.0
253.0
155.0
279.0
307.0
162.0
315.0
216.0
138.0
303.0
322.0
257.0
171.0
231.0
257.0
236.0
161.0
173.0
238.0
281.0
277.0
233.0
207.0
221.0
132.0
132.0
291.0
179.0
292.0
169.0
258.0
186.0
221.0
228.0
258.0
325.0
194.0
135.0
209.0
274.0
200.0
349.0
178.0
151.0
242.0
214.0
158.0
150.0
187.0
243.0
238.0
195.0
284.0
187.0
214.0
238.0
234.0
210.0
338.0
269.0
221.0
253.0
153.0
158.0
165.0
267.0
279.0
219.0
205.0
224.0
161.0
122.0
156.0
219.0
385.0
225.0
286.0
239.0
260.0
178.0
219.0
186.0
272.0
192.0
176.0
263.0
239.0
182.0
194.0
339.0
163.0
296.0
228.0
214.0
160.0
189.0
200.0
146.0
180.0
180.0
391.0
185.0
1229.0
126.0
271.0
267.0
208.0
167.0
201.0
279.0
224.0
245.0
177.0
301.0
256.0
181.0
240.0
193.0
310.0
169.0
268.0
146.0
302.0
73.0
250.0
362.0
244.0
237.0
190.0
159.0
256.0
182.0
240.0
247.0
257.0
345.0
188.0
226.0
143.0
226.0
190.0
197.0
343.0
226.0
242.0
180.0
157.0
127.0
238.0
263.0
269.0
221.0
365.0
211.0
190.0
213.0
189.0
184.0
271.0
218.0
182.0
291.0
307.0
144.0
242.0
287.0
189.0
269.0
136.0
224.0
192.0
144.0
156.0
187.0
170.0
180.0
183.0
211.0
140.0
204.0
213.0
133.0
170.0
266.0
113.0
144.0
385.0
223.0
261.0
122.0
163.0
257.0
343.0
166.0
266.0
207.0
269.0
175.0
218.0
318.0
124.0
120.0
185.0
199.0
340.0
2022.0
186.0
218.0
337.0
278.0
189.0
139.0
243.0
321.0
144.0
278.0
198.0
167.0
219.0
254.0
300.0
214.0
357.0
199.0
223.0
241.0
277.0
160.0
371.0
233.0
267.0
187.0
146.0
102.0
287.0
283.0
218.0
490.0
157.0
187.0
225.0
267.0
352.0
218.0
190.0
222.0
229.0
296.0
161.0
263.0
351.0
239.0
150.0
175.0
230.0
190.0
244.0
125.0
275.0
218.0
566.0
144.0
251.0
200.0
132.0
171.0
222.0
123.0
174.0
207.0
292.0
163.0
193.0
182.0
183.0
245.0
165.0
289.0
170.0
167.0
205.0
288.0
235.0
183.0
263.0
214.0
165.0
240.0
180.0
403.0
279.0
249.0
151.0
182.0
262.0
153.0
273.0
244.0
280.0
185.0
156.0
196.0
161.0
249.0
217.0
222.0
240.0
532.0
289.0
226.0
302.0
136.0
310.0
190.0
193.0
243.0
197.0
236.0
331.0
229.0
144.0
184.0
205.0
349.0
297.0
191.0
244.0
170.0
127.0
313.0
300.0
190.0
591.0
161.0
144.0
360.0
187.0
247.0
175.0
400.0
207.0
198.0
401.0
202.0
176.0
179.0
694.0
245.0
192.0
150.0
244.0
259.0
251.0
188.0
175.0
160.0
320.0
240.0
277.0
156.0
242.0
202.0
156.0
340.0
253.0
199.0
146.0
238.0
187.0
170.0
231.0
195.0
171.0
173.0
219.0
192.0
184.0
390.0
137.0
163.0
186.0
191.0
318.0
191.0
225.0
207.0
138.0
421.0
178.0
188.0
145.0
247.0
221.0
155.0
135.0
269.0
128.0
226.0
271.0
212.0
258.0
141.0
182.0
167.0
224.0
324.0
245.0
272.0
302.0
118.0
139.0
382.0
185.0
352.0
112.0
232.0
652.0
266.0
228.0
87.0
222.0
76.0
290.0
280.0
234.0
343.0
222.0
221.0
175.0
162.0
134.0
187.0
199.0
187.0
248.0
275.0
296.0
191.0
284.0
171.0
211.0
140.0
233.0
219.0
253.0
277.0
239.0
187.0
344.0
134.0
288.0
238.0
204.0
244.0
156.0
248.0
159.0
314.0
194.0
196.0
152.0
197.0
165.0
327.0
199.0
235.0
228.0
267.0
243.0
270.0
146.0
245.0
245.0
409.0
304.0
174.0
182.0
204.0
134.0
178.0
267.0
192.0
292.0
209.0
233.0
292.0
125.0
152.0
125.0
129.0
296.0
225.0
248.0
174.0
150.0
190.0
322.0
195.0
224.0
233.0
156.0
95.0
344.0
247.0
273.0
179.0
155.0
143.0
184.0
395.0
230.0
193.0
236.0
167.0
253.0
517.0
277.0
87.0
260.0
130.0
244.0
177.0
218.0
196.0
332.0
231.0
182.0
248.0
164.0
170.0
200.0
142.0
195.0
156.0
205.0
191.0
224.0
196.0
290.0
189.0
162.0
188.0
191.0
176.0
235.0
165.0
407.0
336.0
311.0
160.0
192.0
166.0
143.0
259.0
196.0
278.0
220.0
217.0
169.0
205.0
241.0
173.0
202.0
267.0
147.0
192.0
153.0
277.0
277.0
174.0
244.0
215.0
202.0
224.0
182.0
258.0
151.0
238.0
133.0
237.0
281.0
154.0
103.0
277.0
212.0
241.0
292.0
339.0
168.0
113.0
314.0
108.0
195.0
160.0
264.0
306.0
277.0
201.0
236.0
230.0
348.0
187.0
211.0
306.0
209.0
175.0
170.0
300.0
295.0
213.0
180.0
280.0
202.0
211.0
140.0
276.0
179.0
158.0
200.0
291.0
273.0
164.0
186.0
155.0
235.0
219.0
134.0
118.0
243.0
137.0
344.0
147.0
275.0
194.0
250.0
250.0
173.0
220.0
193.0
206.0
297.0
214.0
167.0
300.0
157.0
277.0
154.0
218.0
244.0
231.0
274.0
236.0
141.0
272.0
242.0
186.0
244.0
232.0
199.0
188.0
195.0
161.0
263.0
246.0
192.0
310.0
184.0
247.0
301.0
109.0
222.0
303.0
267.0
246.0
164.0
304.0
291.0
202.0
204.0
219.0
281.0
162.0
263.0
194.0
136.0
211.0
132.0
177.0
213.0
223.0
302.0
244.0
481.0
267.0
193.0
190.0
231.0
321.0
130.0
247.0
317.0
204.0
182.0
119.0
233.0
150.0
217.0
176.0
246.0
118.0
335.0
213.0
217.0
185.0
249.0
169.0
186.0
218.0
335.0
253.0
200.0
202.0
157.0
332.0
351.0
237.0
177.0
214.0
155.0
382.0
299.0
219.0
182.0
146.0
180.0
158.0
141.0
218.0
209.0
144.0
331.0
177.0
157.0
143.0
200.0
247.0
202.0
205.0
183.0
285.0
202.0
246.0
384.0
259.0
158.0
180.0
217.0
192.0
244.0
178.0
321.0
161.0
245.0
256.0
333.0
143.0
247.0
243.0
249.0
320.0
151.0
272.0
214.0
205.0
137.0
294.0
135.0
272.0
125.0
202.0
291.0
219.0
144.0
206.0
158.0
254.0
188.0
251.0
234.0
297.0
377.0
268.0
162.0
216.0
278.0
167.0
288.0
172.0
136.0
351.0
172.0
268.0
298.0
234.0
171.0
206.0
224.0
281.0
192.0
129.0
130.0
235.0
164.0
150.0
188.0
207.0
316.0
235.0
180.0
141.0
179.0
290.0
258.0
262.0
235.0
150.0
217.0
215.0
217.0
173.0
219.0
227.0
170.0
318.0
302.0
188.0
153.0
273.0
171.0
212.0
187.0
136.0
289.0
170.0
426.0
233.0
247.0
188.0
250.0
200.0
130.0
277.0
250.0
189.0
257.0
304.0
210.0
169.0
289.0
235.0
231.0
220.0
256.0
292.0
261.0
227.0
112.0
431.0
165.0
179.0
214.0
180.0
234.0
248.0
176.0
536.0
184.0
152.0
113.0
158.0
171.0
301.0
177.0
181.0
231.0
231.0
191.0
210.0
207.0
138.0
160.0
201.0
190.0
232.0
242.0
204.0
226.0
196.0
177.0
204.0
203.0
234.0
171.0
142.0
152.0
293.0
300.0
117.0
154.0
310.0
276.0
148.0
248.0
209.0
476.0
219.0
156.0
156.0
190.0
334.0
261.0
148.0
257.0
112.0
386.0
221.0
164.0
202.0
123.0
210.0
212.0
277.0
171.0
165.0
274.0
194.0
203.0
179.0
188.0
259.0
333.0
167.0
190.0
243.0
120.0
690.0
294.0
300.0
229.0
140.0
235.0
229.0
170.0
299.0
153.0
185.0
251.0
240.0
191.0
115.0
305.0
255.0
179.0
127.0
159.0
222.0
251.0
262.0
149.0
393.0
204.0
150.0
197.0
222.0
166.0
200.0
251.0
254.0
388.0
307.0
216.0
272.0
180.0
151.0
268.0
217.0
218.0
181.0
186.0
227.0
209.0
311.0
146.0
200.0
241.0
215.0
187.0
256.0
173.0
304.0
230.0
201.0
196.0
191.0
287.0
283.0
198.0
154.0
191.0
200.0
254.0
218.0
214.0
189.0
498.0
253.0
233.0
191.0
199.0
157.0
252.0
169.0
226.0
282.0
177.0
261.0
287.0
280.0
102.0
283.0
302.0
219.0
211.0
174.0
205.0
164.0
265.0
178.0
269.0
272.0
203.0
207.0
208.0
357.0
177.0
231.0
236.0
323.0
203.0
409.0
234.0
359.0
212.0
215.0
151.0
228.0
138.0
197.0
230.0
254.0
195.0
188.0
227.0
265.0
186.0
181.0
209.0
178.0
394.0
251.0
287.0
84.0
197.0
259.0
238.0
190.0
427.0
262.0
503.0
331.0
132.0
455.0
168.0
226.0
185.0
182.0
266.0
144.0
284.0
324.0
198.0
255.0
286.0
193.0
160.0
201.0
253.0
153.0
207.0
275.0
171.0
190.0
181.0
150.0
214.0
251.0
162.0
163.0
179.0
206.0
284.0
270.0
173.0
150.0
167.0
280.0
237.0
265.0
218.0
353.0
182.0
221.0
181.0
290.0
221.0
228.0
204.0
197.0
266.0
112.0
160.0
418.0
269.0
109.0
200.0
225.0
196.0
221.0
193.0
174.0
235.0
172.0
195.0
201.0
194.0
135.0
278.0
232.0
363.0
261.0
137.0
336.0
353.0
143.0
106.0
273.0
147.0
157.0
293.0
221.0
140.0
233.0
151.0
281.0
211.0
270.0
143.0
184.0
149.0
320.0
202.0
130.0
236.0
295.0
195.0
260.0
200.0
325.0
342.0
214.0
213.0
259.0
186.0
731.0
200.0
319.0
194.0
208.0
270.0
292.0
212.0
203.0
189.0
243.0
262.0
162.0
228.0
228.0
198.0
249.0
159.0
258.0
150.0
282.0
202.0
426.0
250.0
216.0
198.0
214.0
176.0
257.0
260.0
159.0
132.0
230.0
223.0
237.0
210.0
301.0
192.0
346.0
188.0
329.0
221.0
172.0
258.0
181.0
179.0
185.0
235.0
219.0
211.0
130.0
132.0
171.0
197.0
227.0
177.0
211.0
270.0
136.0
160.0
335.0
142.0
324.0
327.0
319.0
109.0
266.0
166.0
204.0
226.0
226.0
239.0
246.0
164.0
161.0
252.0
148.0
204.0
265.0
290.0
203.0
153.0
187.0
170.0
159.0
208.0
248.0
366.0
295.0
248.0
239.0
198.0
259.0
238.0
189.0
148.0
248.0
194.0
180.0
200.0
239.0
186.0
159.0
262.0
590.0
170.0
143.0
250.0
173.0
155.0
180.0
380.0
210.0
425.0
603.0
134.0
276.0
235.0
339.0
234.0
238.0
212.0
249.0
156.0
225.0
221.0
241.0
215.0
328.0
232.0
231.0
266.0
343.0
457.0
174.0
271.0
219.0
230.0
166.0
252.0
230.0
194.0
284.0
150.0
321.0
184.0
185.0
113.0
236.0
248.0
212.0
286.0
256.0
139.0
236.0
148.0
239.0
284.0
218.0
179.0
412.0
228.0
207.0
425.0
219.0
194.0
176.0
208.0
197.0
198.0
210.0
320.0
243.0
299.0
144.0
199.0
239.0
228.0
206.0
225.0
176.0
200.0
238.0
267.0
190.0
127.0
193.0
248.0
176.0
250.0
164.0
204.0
276.0
234.0
245.0
268.0
267.0
158.0
423.0
117.0
195.0
242.0
162.0
184.0
223.0
190.0
277.0
269.0
235.0
266.0
183.0
214.0
155.0
233.0
353.0
207.0
264.0
265.0
283.0
264.0
228.0
194.0
191.0
175.0
193.0
191.0
154.0
280.0
242.0
196.0
207.0
121.0
313.0
272.0
192.0
207.0
373.0
214.0
143.0
203.0
121.0
250.0
273.0
395.0
202.0
149.0
148.0
233.0
184.0
222.0
145.0
175.0
179.0
315.0
316.0
207.0
229.0
196.0
152.0
213.0
206.0
230.0
193.0
234.0
288.0
226.0
257.0
197.0
308.0
113.0
200.0
216.0
177.0
160.0
352.0
202.0
173.0
246.0
234.0
178.0
140.0
235.0
220.0
118.0
377.0
225.0
230.0
153.0
207.0
256.0
317.0
172.0
307.0
296.0
216.0
172.0
200.0
228.0
161.0
214.0
331.0
180.0
157.0
167.0
229.0
157.0
190.0
164.0
162.0
296.0
224.0
477.0
273.0
184.0
215.0
89.0
154.0
325.0
201.0
183.0
391.0
272.0
250.0
182.0
267.0
162.0
182.0
133.0
153.0
249.0
134.0
142.0
184.0
176.0
242.0
366.0
108.0
372.0
291.0
278.0
275.0
272.0
182.0
151.0
236.0
345.0
197.0
220.0
189.0
229.0
220.0
197.0
254.0
275.0
188.0
307.0
231.0
235.0
218.0
275.0
197.0
226.0
107.0
321.0
268.0
162.0
220.0
225.0
236.0
156.0
190.0
200.0
239.0
231.0
208.0
261.0
171.0
224.0
357.0
177.0
232.0
266.0
221.0
203.0
203.0
251.0
128.0
159.0
187.0
130.0
225.0
181.0
249.0
335.0
138.0
235.0
278.0
289.0
213.0
245.0
294.0
231.0
179.0
183.0
185.0
374.0
267.0
248.0
261.0
282.0
266.0
234.0
370.0
144.0
128.0
331.0
177.0
299.0
143.0
251.0
131.0
219.0
260.0
231.0
200.0
177.0
218.0
153.0
268.0
194.0
209.0
182.0
158.0
229.0
209.0
269.0
217.0
268.0
353.0
277.0
257.0
156.0
102.0
244.0
220.0
341.0
132.0
171.0
141.0
175.0
180.0
341.0
164.0
214.0
258.0
515.0
268.0
185.0
204.0
208.0
189.0
177.0
177.0
233.0
134.0
223.0
204.0
181.0
169.0
237.0
176.0
182.0
172.0
216.0
291.0
256.0
262.0
205.0
186.0
203.0
182.0
183.0
368.0
221.0
113.0
252.0
234.0
242.0
226.0
276.0
182.0
185.0
127.0
241.0
177.0
309.0
231.0
194.0
556.0
246.0
316.0
223.0
188.0
400.0
177.0
223.0
98.0
266.0
114.0
202.0
158.0
247.0
221.0
123.0
253.0
240.0
247.0
244.0
181.0
181.0
202.0
213.0
203.0
229.0
249.0
189.0
217.0
184.0
209.0
178.0
362.0
154.0
267.0
192.0
234.0
266.0
139.0
265.0
217.0
285.0
222.0
161.0
197.0
180.0
118.0
194.0
240.0
245.0
223.0
205.0
229.0
124.0
310.0
302.0
185.0
336.0
225.0
180.0
190.0
174.0
278.0
133.0
218.0
166.0
167.0
275.0
358.0
281.0
188.0
211.0
286.0
217.0
253.0
231.0
259.0
148.0
180.0
181.0
289.0
218.0
206.0
295.0
162.0
151.0
203.0
227.0
246.0
206.0
206.0
202.0
206.0
176.0
281.0
198.0
222.0
300.0
175.0
188.0
122.0
221.0
208.0
194.0
212.0
233.0
201.0
244.0
269.0
182.0
213.0
181.0
146.0
299.0
135.0
213.0
144.0
167.0
236.0
148.0
348.0
189.0
320.0
147.0
213.0
158.0
213.0
123.0
215.0
190.0
225.0
266.0
179.0
169.0
275.0
211.0
113.0
201.0
160.0
197.0
286.0
175.0
190.0
310.0
268.0
242.0
319.0
202.0
185.0
334.0
190.0
165.0
132.0
171.0
222.0
359.0
186.0
245.0
185.0
253.0
160.0
156.0
178.0
164.0
121.0
155.0
198.0
117.0
414.0
278.0
156.0
350.0
241.0
363.0
220.0
152.0
181.0
213.0
270.0
132.0
234.0
207.0
290.0
186.0
200.0
190.0
287.0
253.0
175.0
168.0
324.0
230.0
194.0
164.0
216.0
251.0
147.0
253.0
196.0
167.0
167.0
299.0
152.0
180.0
268.0
230.0
282.0
242.0
220.0
204.0
277.0
223.0
329.0
179.0
235.0
180.0
484.0
192.0
334.0
141.0
189.0
342.0
260.0
331.0
156.0
288.0
127.0
263.0
264.0
178.0
186.0
234.0
217.0
188.0
157.0
227.0
186.0
292.0
174.0
196.0
163.0
239.0
122.0
148.0
260.0
211.0
260.0
183.0
176.0
182.0
352.0
248.0
252.0
363.0
131.0
261.0
121.0
317.0
291.0
182.0
147.0
148.0
202.0
233.0
192.0
181.0
133.0
285.0
138.0
327.0
206.0
198.0
309.0
207.0
235.0
163.0
197.0
169.0
176.0
224.0
392.0
297.0
213.0
267.0
251.0
193.0
146.0
303.0
303.0
173.0
238.0
288.0
102.0
236.0
253.0
328.0
278.0
165.0
235.0
222.0
231.0
183.0
115.0
277.0
331.0
234.0
169.0
287.0
168.0
326.0
298.0
260.0
256.0
256.0
169.0
160.0
134.0
247.0
194.0
230.0
232.0
269.0
236.0
251.0
218.0
298.0
165.0
212.0
143.0
376.0
215.0
247.0
165.0
146.0
225.0
232.0
185.0
185.0
257.0
193.0
217.0
416.0
246.0
157.0
306.0
229.0
309.0
152.0
183.0
171.0
236.0
218.0
192.0
166.0
449.0
233.0
324.0
342.0
167.0
191.0
181.0
138.0
216.0
263.0
334.0
166.0
147.0
479.0
175.0
141.0
118.0
292.0
296.0
168.0
297.0
183.0
372.0
183.0
138.0
252.0
277.0
184.0
188.0
182.0
262.0
211.0
247.0
238.0
148.0
192.0
226.0
276.0
288.0
172.0
342.0
344.0
202.0
248.0
209.0
306.0
293.0
109.0
241.0
195.0
103.0
306.0
200.0
367.0
210.0
134.0
205.0
236.0
202.0
310.0
155.0
164.0
90.0
227.0
263.0
279.0
143.0
170.0
154.0
101.0
251.0
254.0
272.0
251.0
208.0
250.0
242.0
227.0
267.0
444.0
360.0
250.0
246.0
215.0
298.0
173.0
225.0
291.0
182.0
183.0
236.0
140.0
206.0
354.0
251.0
181.0
180.0
338.0
239.0
247.0
159.0
133.0
223.0
169.0
286.0
331.0
463.0
288.0
160.0
229.0
308.0
159.0
267.0
144.0
314.0
345.0
191.0
147.0
186.0
195.0
133.0
217.0
190.0
337.0
184.0
194.0
301.0
160.0
196.0
189.0
179.0
241.0
179.0
182.0
253.0
264.0
209.0
264.0
199.0
198.0
262.0
105.0
274.0
302.0
271.0
289.0
344.0
147.0
201.0
399.0
231.0
186.0
253.0
244.0
91.0
295.0
150.0
220.0
221.0
223.0
169.0
249.0
335.0
167.0
260.0
208.0
218.0
277.0
193.0
236.0
351.0
234.0
239.0
198.0
188.0
269.0
209.0
250.0
155.0
226.0
197.0
238.0
264.0
162.0
129.0
165.0
186.0
161.0
169.0
234.0
174.0
287.0
238.0
155.0
224.0
240.0
272.0
210.0
220.0
238.0
251.0
277.0
337.0
109.0
150.0
343.0
136.0
348.0
200.0
203.0
221.0
153.0
375.0
222.0
157.0
137.0
171.0
209.0
130.0
235.0
184.0
186.0
166.0
228.0
144.0
569.0
90.0
215.0
330.0
251.0
181.0
224.0
229.0
261.0
342.0
203.0
260.0
199.0
220.0
203.0
235.0
344.0
254.0
140.0
279.0
159.0
178.0
311.0
225.0
285.0
318.0
373.0
246.0
231.0
303.0
140.0
139.0
158.0
169.0
218.0
289.0
111.0
336.0
166.0
179.0
269.0
162.0
404.0
152.0
244.0
735.0
226.0
179.0
219.0
333.0
286.0
252.0
189.0
225.0
254.0
172.0
217.0
147.0
290.0
292.0
185.0
222.0
276.0
191.0
97.0
217.0
165.0
364.0
276.0
298.0
163.0
165.0
190.0
229.0
302.0
241.0
231.0
165.0
225.0
273.0
198.0
220.0
175.0
159.0
252.0
161.0
209.0
285.0
353.0
149.0
215.0
128.0
185.0
223.0
129.0
132.0
359.0
215.0
236.0
271.0
168.0
202.0
233.0
246.0
259.0
308.0
210.0
314.0
318.0
158.0
316.0
238.0
155.0
232.0
120.0
229.0
156.0
166.0
285.0
187.0
235.0
240.0
376.0
274.0
259.0
283.0
226.0
350.0
221.0
162.0
326.0
202.0
206.0
201.0
181.0
192.0
265.0
177.0
221.0
287.0
213.0
174.0
178.0
253.0
320.0
286.0
294.0
186.0
312.0
218.0
195.0
135.0
166.0
366.0
125.0
211.0
365.0
236.0
172.0
284.0
293.0
131.0
228.0
225.0
190.0
313.0
253.0
276.0
155.0
343.0
239.0
210.0
344.0
107.0
257.0
213.0
257.0
249.0
179.0
263.0
213.0
177.0
146.0
149.0
274.0
190.0
182.0
97.0
183.0
227.0
287.0
154.0
235.0
163.0
128.0
114.0
251.0
280.0
174.0
123.0
207.0
292.0
234.0
207.0
225.0
225.0
212.0
285.0
146.0
280.0
183.0
129.0
215.0
219.0
256.0
211.0
196.0
179.0
137.0
198.0
313.0
176.0
256.0
205.0
759.0
142.0
152.0
212.0
121.0
228.0
296.0
240.0
266.0
268.0
297.0
264.0
297.0
135.0
172.0
212.0
219.0
180.0
234.0
162.0
209.0
237.0
185.0
231.0
217.0
241.0
157.0
154.0
276.0
109.0
216.0
179.0
341.0
299.0
273.0
282.0
240.0
275.0
146.0
308.0
624.0
279.0
206.0
203.0
217.0
206.0
322.0
150.0
176.0
276.0
273.0
271.0
276.0
197.0
256.0
200.0
234.0
209.0
280.0
140.0
278.0
175.0
172.0
112.0
147.0
220.0
165.0
199.0
221.0
178.0
200.0
212.0
154.0
152.0
239.0
231.0
271.0
234.0
296.0
184.0
253.0
263.0
368.0
213.0
279.0
259.0
179.0
186.0
318.0
210.0
221.0
181.0
239.0
220.0
218.0
198.0
164.0
196.0
202.0
324.0
373.0
144.0
151.0
233.0
334.0
221.0
224.0
295.0
215.0
182.0
168.0
157.0
166.0
168.0
249.0
311.0
145.0
194.0
197.0
262.0
263.0
156.0
246.0
178.0
130.0
210.0
342.0
232.0
140.0
161.0
282.0
286.0
235.0
365.0
222.0
233.0
226.0
218.0
345.0
182.0
141.0
211.0
324.0
192.0
330.0
199.0
168.0
304.0
229.0
160.0
187.0
236.0
207.0
585.0
152.0
192.0
229.0
225.0
154.0
199.0
150.0
190.0
122.0
280.0
272.0
168.0
264.0
187.0
147.0
182.0
281.0
109.0
242.0
162.0
317.0
246.0
183.0
353.0
173.0
171.0
241.0
186.0
167.0
245.0
241.0
347.0
439.0
277.0
196.0
185.0
294.0
204.0
177.0
247.0
185.0
263.0
127.0
198.0
195.0
261.0
256.0
149.0
120.0
191.0
186.0
184.0
152.0
366.0
175.0
154.0
244.0
160.0
385.0
120.0
229.0
279.0
122.0
197.0
298.0
173.0
206.0
220.0
236.0
416.0
234.0
357.0
315.0
183.0
158.0
221.0
145.0
234.0
212.0
435.0
162.0
262.0
236.0
237.0
125.0
114.0
277.0
202.0
283.0
312.0
136.0
172.0
168.0
250.0
315.0
125.0
190.0
203.0
203.0
243.0
195.0
160.0
309.0
166.0
189.0
223.0
209.0
165.0
185.0
208.0
207.0
201.0
180.0
176.0
152.0
324.0
187.0
396.0
152.0
417.0
296.0
172.0
159.0
206.0
277.0
127.0
168.0
200.0
173.0
194.0
142.0
169.0
222.0
126.0
201.0
227.0
275.0
287.0
207.0
285.0
192.0
209.0
165.0
250.0
301.0
211.0
127.0
216.0
143.0
234.0
137.0
295.0
253.0
139.0
244.0
286.0
275.0
151.0
320.0
135.0
320.0
358.0
226.0
164.0
118.0
244.0
212.0
195.0
208.0
225.0
191.0
207.0
163.0
234.0
262.0
248.0
271.0
259.0
155.0
226.0
141.0
358.0
190.0
217.0
243.0
166.0
186.0
112.0
225.0
225.0
269.0
245.0
138.0
257.0
191.0
230.0
216.0
194.0
200.0
189.0
271.0
239.0
129.0
161.0
250.0
167.0
179.0
233.0
235.0
191.0
207.0
200.0
166.0
151.0
157.0
180.0
253.0
209.0
172.0
634.0
178.0
230.0
199.0
247.0
253.0
121.0
170.0
144.0
246.0
176.0
181.0
194.0
182.0
219.0
234.0
294.0
241.0
248.0
221.0
158.0
163.0
286.0
259.0
288.0
201.0
175.0
230.0
295.0
256.0
272.0
227.0
140.0
211.0
423.0
233.0
248.0
628.0
303.0
349.0
214.0
150.0
225.0
163.0
255.0
213.0
271.0
261.0
260.0
179.0
318.0
142.0
427.0
277.0
147.0
108.0
163.0
264.0
322.0
92.0
170.0
126.0
157.0
210.0
214.0
209.0
219.0
319.0
175.0
293.0
329.0
251.0
449.0
205.0
152.0
167.0
156.0
343.0
215.0
325.0
217.0
208.0
111.0
252.0
240.0
204.0
202.0
293.0
194.0
311.0
154.0
190.0
601.0
191.0
203.0
238.0
124.0
227.0
257.0
399.0
234.0
217.0
263.0
414.0
238.0
327.0
106.0
266.0
310.0
147.0
134.0
178.0
244.0
196.0
392.0
235.0
201.0
181.0
227.0
196.0
154.0
234.0
224.0
190.0
277.0
283.0
408.0
227.0
205.0
240.0
232.0
250.0
213.0
219.0
268.0
188.0
168.0
183.0
213.0
140.0
197.0
125.0
243.0
408.0
278.0
258.0
159.0
140.0
341.0
252.0
205.0
268.0
197.0
165.0
167.0
184.0
247.0
249.0
333.0
199.0
231.0
208.0
216.0
192.0
153.0
210.0
266.0
174.0
234.0
217.0
168.0
194.0
289.0
224.0
261.0
532.0
295.0
185.0
241.0
221.0
195.0
187.0
141.0
512.0
226.0
215.0
229.0
169.0
282.0
328.0
320.0
332.0
246.0
195.0
218.0
168.0
229.0
222.0
170.0
199.0
269.0
130.0
214.0
183.0
210.0
223.0
267.0
241.0
138.0
242.0
211.0
227.0
223.0
231.0
176.0
213.0
238.0
225.0
263.0
200.0
143.0
210.0
296.0
250.0
250.0
209.0
203.0
200.0
237.0
178.0
170.0
297.0
215.0
218.0
203.0
163.0
189.0
179.0
139.0
168.0
212.0
259.0
295.0
189.0
184.0
218.0
141.0
775.0
141.0
316.0
302.0
259.0
243.0
258.0
149.0
128.0
217.0
157.0
252.0
197.0
236.0
184.0
211.0
247.0
442.0
214.0
200.0
241.0
217.0
214.0
369.0
183.0
119.0
98.0
340.0
200.0
302.0
200.0
288.0
318.0
259.0
184.0
211.0
211.0
191.0
267.0
224.0
247.0
224.0
209.0
826.0
153.0
174.0
330.0
168.0
164.0
236.0
237.0
162.0
174.0
202.0
215.0
319.0
121.0
147.0
165.0
173.0
299.0
241.0
204.0
230.0
218.0
263.0
215.0
337.0
470.0
148.0
269.0
152.0
223.0
230.0
162.0
255.0
369.0
158.0
253.0
159.0
268.0
283.0
143.0
227.0
309.0
173.0
203.0
230.0
180.0
200.0
345.0
224.0
211.0
229.0
200.0
143.0
245.0
201.0
319.0
242.0
305.0
216.0
106.0
300.0
195.0
385.0
225.0
193.0
281.0
130.0
278.0
147.0
304.0
190.0
179.0
205.0
292.0
309.0
209.0
208.0
226.0
179.0
280.0
292.0
116.0
163.0
251.0
227.0
250.0
189.0
237.0
259.0
229.0
175.0
195.0
189.0
242.0
268.0
211.0
198.0
180.0
175.0
186.0
200.0
405.0
169.0
284.0
183.0
238.0
250.0
146.0
180.0
225.0
254.0
323.0
200.0
381.0
254.0
222.0
254.0
278.0
266.0
282.0
297.0
219.0
301.0
228.0
263.0
234.0
194.0
235.0
263.0
176.0
216.0
336.0
294.0
210.0
489.0
140.0
200.0
158.0
184.0
291.0
165.0
174.0
187.0
294.0
252.0
280.0
241.0
208.0
230.0
158.0
211.0
168.0
221.0
262.0
170.0
327.0
386.0
142.0
287.0
217.0
218.0
154.0
198.0
284.0
276.0
317.0
200.0
336.0
152.0
157.0
233.0
154.0
235.0
86.0
246.0
335.0
262.0
228.0
281.0
421.0
116.0
158.0
165.0
189.0
163.0
273.0
205.0
203.0
245.0
190.0
226.0
254.0
149.0
118.0
213.0
343.0
133.0
250.0
193.0
254.0
189.0
255.0
269.0
390.0
331.0
279.0
219.0
229.0
165.0
215.0
183.0
269.0
263.0
177.0
215.0
351.0
276.0
204.0
232.0
276.0
188.0
227.0
399.0
157.0
175.0
292.0
247.0
169.0
268.0
184.0
286.0
204.0
353.0
181.0
170.0
235.0
216.0
156.0
170.0
160.0
242.0
198.0
135.0
167.0
231.0
136.0
137.0
237.0
202.0
215.0
179.0
212.0
174.0
336.0
235.0
217.0
155.0
285.0
196.0
223.0
187.0
197.0
168.0
277.0
185.0
136.0
206.0
227.0
234.0
171.0
327.0
167.0
116.0
241.0
463.0
210.0
171.0
126.0
287.0
330.0
267.0
165.0
243.0
284.0
216.0
205.0
255.0
131.0
177.0
257.0
119.0
228.0
232.0
169.0
136.0
272.0
248.0
151.0
295.0
167.0
207.0
241.0
235.0
201.0
280.0
228.0
305.0
209.0
204.0
247.0
137.0
249.0
124.0
216.0
170.0
140.0
231.0
240.0
209.0
164.0
194.0
180.0
202.0
210.0
177.0
192.0
209.0
572.0
214.0
246.0
164.0
148.0
155.0
222.0
248.0
340.0
185.0
252.0
146.0
231.0
195.0
290.0
182.0
215.0
249.0
244.0
188.0
279.0
141.0
146.0
278.0
397.0
250.0
181.0
313.0
169.0
156.0
138.0
225.0
325.0
160.0
220.0
187.0
152.0
352.0
305.0
163.0
503.0
215.0
138.0
175.0
127.0
230.0
222.0
191.0
296.0
215.0
197.0
185.0
277.0
220.0
115.0
285.0
271.0
237.0
276.0
262.0
187.0
174.0
133.0
205.0
237.0
172.0
172.0
192.0
164.0
192.0
300.0
159.0
203.0
257.0
279.0
438.0
160.0
180.0
202.0
178.0
189.0
307.0
299.0
288.0
266.0
277.0
229.0
259.0
255.0
190.0
192.0
148.0
284.0
264.0
174.0
195.0
189.0
194.0
296.0
164.0
207.0
249.0
403.0
274.0
191.0
160.0
168.0
171.0
143.0
280.0
215.0
161.0
336.0
351.0
200.0
203.0
231.0
179.0
216.0
262.0
176.0
176.0
555.0
240.0
218.0
194.0
300.0
221.0
262.0
109.0
222.0
278.0
228.0
228.0
159.0
230.0
212.0
230.0
249.0
131.0
224.0
287.0
187.0
148.0
225.0
217.0
181.0
112.0
203.0
259.0
228.0
237.0
220.0
278.0
185.0
220.0
312.0
338.0
125.0
308.0
330.0
170.0
151.0
245.0
174.0
235.0
267.0
140.0
238.0
187.0
164.0
235.0
279.0
230.0
336.0
170.0
316.0
236.0
198.0
195.0
212.0
107.0
200.0
161.0
139.0
230.0
280.0
312.0
180.0
364.0
230.0
229.0
203.0
172.0
273.0
217.0
230.0
228.0
189.0
208.0
157.0
301.0
155.0
147.0
187.0
227.0
544.0
192.0
182.0
185.0
289.0
266.0
219.0
111.0
258.0
144.0
226.0
149.0
195.0
266.0
180.0
180.0
250.0
291.0
230.0
333.0
159.0
274.0
185.0
156.0
180.0
214.0
171.0
195.0
212.0
180.0
201.0
235.0
203.0
249.0
141.0
315.0
266.0
186.0
291.0
143.0
263.0
286.0
239.0
225.0
145.0
150.0
172.0
257.0
223.0
182.0
184.0
148.0
147.0
115.0
240.0
183.0
260.0
186.0
282.0
234.0
277.0
217.0
182.0
271.0
214.0
239.0
166.0
268.0
152.0
206.0
181.0
276.0
432.0
168.0
429.0
260.0
190.0
140.0
273.0
124.0
205.0
177.0
161.0
189.0
202.0
263.0
238.0
292.0
192.0
211.0
159.0
264.0
233.0
262.0
313.0
239.0
347.0
174.0
194.0
277.0
262.0
198.0
314.0
211.0
281.0
249.0
139.0
274.0
215.0
240.0
289.0
231.0
298.0
284.0
320.0
278.0
193.0
182.0
317.0
215.0
257.0
230.0
277.0
136.0
267.0
168.0
157.0
160.0
136.0
173.0
302.0
208.0
246.0
269.0
299.0
125.0
234.0
204.0
183.0
293.0
226.0
221.0
200.0
230.0
139.0
240.0
164.0
136.0
321.0
231.0
220.0
371.0
219.0
148.0
229.0
232.0
144.0
375.0
267.0
148.0
170.0
226.0
213.0
213.0
294.0
184.0
244.0
255.0
217.0
152.0
229.0
246.0
210.0
205.0
285.0
378.0
261.0
197.0
202.0
215.0
227.0
189.0
232.0
118.0
203.0
207.0
240.0
276.0
185.0
227.0
208.0
176.0
362.0
238.0
231.0
227.0
217.0
243.0
452.0
250.0
203.0
325.0
248.0
229.0
171.0
204.0
216.0
201.0
220.0
208.0
318.0
280.0
279.0
267.0
214.0
190.0
346.0
236.0
196.0
219.0
130.0
138.0
233.0
233.0
212.0
273.0
219.0
220.0
245.0
173.0
296.0
175.0
350.0
238.0
306.0
151.0
213.0
236.0
198.0
209.0
245.0
244.0
130.0
220.0
206.0
312.0
329.0
253.0
296.0
140.0
200.0
254.0
274.0
436.0
175.0
272.0
341.0
190.0
176.0
141.0
147.0
285.0
148.0
183.0
201.0
380.0
212.0
289.0
196.0
193.0
245.0
342.0
168.0
216.0
298.0
356.0
146.0
157.0
263.0
243.0
264.0
240.0
163.0
183.0
322.0
134.0
280.0
141.0
207.0
193.0
128.0
187.0
245.0
281.0
168.0
230.0
280.0
366.0
210.0
234.0
340.0
238.0
240.0
304.0
144.0
242.0
186.0
257.0
193.0
184.0
405.0
166.0
258.0
172.0
225.0
189.0
215.0
196.0
262.0
151.0
254.0
176.0
209.0
215.0
262.0
284.0
420.0
237.0
276.0
216.0
162.0
165.0
374.0
287.0
266.0
178.0
238.0
177.0
259.0
143.0
272.0
139.0
173.0
216.0
155.0
333.0
179.0
228.0
215.0
204.0
344.0
166.0
268.0
145.0
136.0
355.0
216.0
237.0
432.0
340.0
178.0
306.0
225.0
324.0
311.0
210.0
288.0
262.0
194.0
222.0
112.0
178.0
140.0
115.0
158.0
186.0
174.0
153.0
200.0
215.0
247.0
216.0
228.0
245.0
277.0
330.0
135.0
224.0
141.0
250.0
213.0
147.0
189.0
174.0
271.0
232.0
221.0
229.0
216.0
158.0
210.0
236.0
275.0
227.0
210.0
197.0
232.0
193.0
214.0
319.0
161.0
235.0
185.0
134.0
144.0
222.0
234.0
270.0
285.0
131.0
256.0
209.0
296.0
174.0
303.0
207.0
193.0
398.0
288.0
314.0
265.0
230.0
270.0
184.0
230.0
212.0
242.0
302.0
136.0
241.0
239.0
124.0
202.0
218.0
162.0
261.0
203.0
181.0
358.0
259.0
266.0
317.0
216.0
159.0
307.0
156.0
268.0
218.0
287.0
227.0
269.0
134.0
256.0
245.0
264.0
378.0
329.0
178.0
204.0
256.0
174.0
248.0
272.0
200.0
201.0
149.0
169.0
458.0
261.0
212.0
186.0
313.0
160.0
233.0
311.0
197.0
161.0
298.0
127.0
177.0
261.0
265.0
267.0
156.0
221.0
217.0
250.0
196.0
251.0
239.0
317.0
266.0
223.0
161.0
297.0
190.0
280.0
252.0
330.0
230.0
163.0
310.0
186.0
239.0
166.0
329.0
154.0
144.0
225.0
221.0
252.0
329.0
350.0
177.0
180.0
253.0
218.0
224.0
308.0
181.0
160.0
239.0
305.0
249.0
325.0
315.0
152.0
265.0
217.0
224.0
128.0
244.0
220.0
207.0
232.0
180.0
208.0
201.0
137.0
280.0
236.0
249.0
290.0
402.0
170.0
154.0
240.0
292.0
246.0
193.0
162.0
257.0
241.0
194.0
127.0
215.0
388.0
192.0
265.0
230.0
229.0
438.0
238.0
223.0
234.0
236.0
167.0
175.0
311.0
410.0
215.0
193.0
169.0
371.0
167.0
249.0
308.0
198.0
244.0
266.0
150.0
136.0
204.0
233.0
173.0
225.0
292.0
326.0
246.0
311.0
137.0
324.0
171.0
339.0
260.0
281.0
341.0
270.0
224.0
251.0
211.0
193.0
178.0
218.0
209.0
242.0
150.0
216.0
214.0
179.0
233.0
164.0
235.0
203.0
160.0
264.0
187.0
198.0
262.0
148.0
264.0
306.0
181.0
161.0
231.0
211.0
192.0
196.0
228.0
199.0
403.0
259.0
224.0
140.0
192.0
171.0
145.0
194.0
268.0
204.0
192.0
214.0
203.0
216.0
241.0
224.0
235.0
260.0
231.0
289.0
183.0
233.0
239.0
297.0
279.0
204.0
261.0
215.0
212.0
225.0
298.0
348.0
182.0
216.0
183.0
245.0
307.0
296.0
210.0
305.0
241.0
161.0
198.0
280.0
183.0
167.0
178.0
280.0
206.0
180.0
179.0
267.0
240.0
117.0
119.0
253.0
240.0
236.0
148.0
200.0
151.0
225.0
218.0
167.0
242.0
195.0
188.0
190.0
226.0
273.0
218.0
146.0
238.0
210.0
416.0
146.0
162.0
268.0
200.0
241.0
384.0
254.0
209.0
203.0
175.0
218.0
157.0
239.0
153.0
209.0
153.0
255.0
210.0
287.0
167.0
339.0
210.0
228.0
158.0
224.0
264.0
248.0
322.0
182.0
228.0
191.0
164.0
176.0
240.0
147.0
208.0
201.0
303.0
194.0
264.0
296.0
338.0
309.0
157.0
228.0
236.0
120.0
318.0
164.0
243.0
246.0
171.0
203.0
282.0
134.0
233.0
195.0
166.0
233.0
156.0
142.0
237.0
198.0
174.0
212.0
292.0
263.0
259.0
175.0
222.0
263.0
197.0
200.0
246.0
178.0
235.0
201.0
251.0
233.0
240.0
267.0
266.0
181.0
247.0
195.0
117.0
229.0
186.0
174.0
204.0
311.0
255.0
239.0
168.0
268.0
310.0
237.0
218.0
205.0
286.0
208.0
356.0
208.0
212.0
240.0
194.0
227.0
186.0
350.0
207.0
315.0
197.0
273.0
173.0
242.0
97.0
233.0
329.0
207.0
189.0
158.0
259.0
310.0
175.0
214.0
221.0
204.0
413.0
262.0
292.0
271.0
297.0
369.0
153.0
211.0
256.0
245.0
197.0
139.0
274.0
187.0
225.0
232.0
289.0
214.0
175.0
248.0
203.0
228.0
212.0
167.0
202.0
290.0
220.0
302.0
313.0
161.0
223.0
242.0
296.0
275.0
154.0
157.0
260.0
245.0
179.0
239.0
177.0
163.0
232.0
265.0
260.0
180.0
238.0
238.0
125.0
234.0
233.0
213.0
219.0
190.0
232.0
169.0
189.0
262.0
304.0
198.0
198.0
174.0
189.0
240.0
248.0
205.0
263.0
152.0
309.0
184.0
200.0
361.0
300.0
248.0
262.0
205.0
153.0
169.0
187.0
184.0
225.0
246.0
246.0
201.0
160.0
206.0
309.0
355.0
249.0
251.0
111.0
209.0
232.0
198.0
261.0
307.0
208.0
108.0
263.0
190.0
190.0
273.0
157.0
171.0
115.0
241.0
199.0
194.0
292.0
216.0
224.0
284.0
218.0
199.0
202.0
217.0
207.0
172.0
295.0
330.0
159.0
200.0
179.0
297.0
133.0
206.0
207.0
266.0
211.0
170.0
385.0
159.0
277.0
207.0
164.0
211.0
263.0
172.0
290.0
219.0
191.0
157.0
123.0
210.0
204.0
294.0
245.0
232.0
157.0
217.0
352.0
202.0
130.0
256.0
230.0
198.0
273.0
361.0
267.0
209.0
221.0
253.0
212.0
200.0
171.0
212.0
230.0
175.0
159.0
243.0
124.0
251.0
179.0
125.0
122.0
370.0
211.0
160.0
220.0
198.0
300.0
186.0
266.0
208.0
137.0
182.0
138.0
210.0
267.0
156.0
292.0
181.0
249.0
291.0
278.0
354.0
282.0
255.0
184.0
181.0
155.0
174.0
186.0
272.0
141.0
190.0
270.0
294.0
191.0
161.0
252.0
356.0
264.0
314.0
282.0
235.0
341.0
194.0
147.0
224.0
324.0
248.0
272.0
160.0
195.0
278.0
231.0
235.0
158.0
342.0
220.0
297.0
222.0
225.0
190.0
166.0
237.0
173.0
272.0
224.0
223.0
193.0
260.0
210.0
253.0
237.0
278.0
232.0
176.0
144.0
358.0
169.0
241.0
190.0
261.0
223.0
309.0
291.0
172.0
285.0
364.0
259.0
252.0
189.0
182.0
183.0
272.0
167.0
174.0
292.0
254.0
109.0
228.0
186.0
223.0
203.0
214.0
178.0
219.0
285.0
165.0
230.0
132.0
230.0
189.0
149.0
191.0
193.0
195.0
382.0
185.0
267.0
247.0
189.0
275.0
299.0
194.0
145.0
317.0
194.0
175.0
263.0
212.0
177.0
430.0
152.0
235.0
170.0
247.0
326.0
127.0
170.0
273.0
241.0
299.0
349.0
194.0
267.0
217.0
222.0
331.0
180.0
209.0
216.0
261.0
208.0
243.0
152.0
257.0
291.0
243.0
203.0
239.0
232.0
338.0
269.0
164.0
144.0
234.0
215.0
211.0
244.0
334.0
254.0
91.0
218.0
175.0
193.0
201.0
310.0
235.0
290.0
222.0
179.0
259.0
319.0
251.0
225.0
313.0
231.0
225.0
270.0
215.0
220.0
193.0
151.0
209.0
310.0
249.0
176.0
260.0
230.0
251.0
141.0
211.0
360.0
152.0
197.0
157.0
233.0
306.0
184.0
168.0
205.0
234.0
191.0
218.0
171.0
315.0
259.0
162.0
208.0
249.0
277.0
162.0
182.0
314.0
232.0
230.0
183.0
318.0
132.0
288.0
364.0
204.0
287.0
285.0
230.0
284.0
244.0
231.0
223.0
225.0
224.0
263.0
457.0
138.0
205.0
182.0
248.0
259.0
182.0
263.0
361.0
294.0
221.0
254.0
310.0
218.0
221.0
249.0
145.0
175.0
197.0
181.0
164.0
256.0
195.0
201.0
240.0
240.0
261.0
178.0
172.0
207.0
134.0
161.0
372.0
221.0
245.0
188.0
237.0
224.0
259.0
295.0
192.0
202.0
225.0
283.0
218.0
173.0
249.0
344.0
240.0
226.0
291.0
289.0
145.0
215.0
256.0
230.0
258.0
218.0
183.0
215.0
249.0
270.0
159.0
172.0
298.0
237.0
235.0
171.0
230.0
178.0
178.0
231.0
307.0
227.0
232.0
330.0
225.0
333.0
210.0
226.0
298.0
221.0
189.0
274.0
173.0
293.0
217.0
252.0
183.0
200.0
150.0
251.0
399.0
356.0
212.0
389.0
441.0
291.0
195.0
205.0
230.0
329.0
154.0
176.0
157.0
272.0
308.0
254.0
187.0
194.0
203.0
180.0
176.0
154.0
240.0
182.0
203.0
221.0
123.0
288.0
234.0
162.0
189.0
309.0
143.0
228.0
244.0
272.0
213.0
250.0
203.0
299.0
165.0
160.0
252.0
191.0
237.0
266.0
295.0
239.0
279.0
205.0
173.0
254.0
202.0
471.0
249.0
211.0
235.0
295.0
224.0
223.0
172.0
173.0
143.0
194.0
128.0
180.0
269.0
174.0
257.0
226.0
225.0
275.0
274.0
208.0
269.0
223.0
303.0
190.0
248.0
215.0
229.0
282.0
227.0
221.0
183.0
314.0
300.0
298.0
271.0
179.0
276.0
276.0
234.0
201.0
203.0
249.0
219.0
279.0
211.0
262.0
243.0
360.0
194.0
334.0
224.0
198.0
266.0
277.0
211.0
241.0
253.0
203.0
203.0
196.0
197.0
251.0
319.0
218.0
240.0
191.0
229.0
119.0
187.0
196.0
398.0
179.0
239.0
548.0
143.0
220.0
189.0
168.0
325.0
190.0
305.0
151.0
264.0
322.0
187.0
342.0
150.0
147.0
185.0
232.0
187.0
222.0
209.0
268.0
161.0
213.0
258.0
248.0
319.0
339.0
200.0
336.0
168.0
236.0
316.0
226.0
118.0
239.0
294.0
308.0
267.0
175.0
141.0
300.0
209.0
268.0
148.0
259.0
149.0
242.0
298.0
245.0
253.0
289.0
256.0
215.0
208.0
219.0
199.0
178.0
183.0
302.0
243.0
181.0
218.0
282.0
230.0
175.0
240.0
205.0
261.0
282.0
267.0
193.0
274.0
282.0
219.0
173.0
211.0
265.0
165.0
251.0
190.0
273.0
266.0
285.0
241.0
222.0
251.0
177.0
184.0
199.0
260.0
189.0
169.0
208.0
324.0
409.0
293.0
204.0
211.0
217.0
237.0
192.0
158.0
242.0
242.0
166.0
266.0
300.0
543.0
128.0
232.0
135.0
205.0
216.0
253.0
220.0
212.0
229.0
235.0
223.0
250.0
238.0
226.0
232.0
273.0
210.0
197.0
185.0
331.0
180.0
287.0
230.0
269.0
216.0
189.0
184.0
192.0
164.0
269.0
194.0
364.0
162.0
158.0
162.0
244.0
183.0
195.0
256.0
194.0
311.0
209.0
171.0
279.0
153.0
216.0
246.0
220.0
171.0
173.0
119.0
215.0
263.0
275.0
243.0
225.0
467.0
366.0
217.0
177.0
196.0
174.0
251.0
218.0
166.0
260.0
270.0
200.0
306.0
266.0
159.0
237.0
255.0
232.0
136.0
153.0
169.0
236.0
209.0
213.0
209.0
161.0
223.0
221.0
225.0
335.0
277.0
281.0
273.0
201.0
297.0
325.0
189.0
303.0
189.0
270.0
190.0
189.0
164.0
200.0
294.0
261.0
210.0
159.0
221.0
172.0
212.0
336.0
278.0
190.0
166.0
429.0
153.0
168.0
262.0
268.0
266.0
230.0
175.0
187.0
211.0
198.0
257.0
200.0
199.0
166.0
191.0
299.0
225.0
173.0
406.0
217.0
234.0
163.0
197.0
230.0
257.0
170.0
200.0
196.0
203.0
174.0
269.0
145.0
213.0
237.0
232.0
232.0
236.0
148.0
248.0
161.0
213.0
153.0
475.0
323.0
221.0
203.0
222.0
249.0
201.0
176.0
301.0
319.0
271.0
263.0
262.0
309.0
133.0
321.0
144.0
240.0
262.0
174.0
265.0
192.0
249.0
247.0
271.0
220.0
426.0
141.0
144.0
177.0
220.0
148.0
165.0
254.0
299.0
212.0
226.0
276.0
290.0
296.0
256.0
230.0
201.0
194.0
215.0
279.0
195.0
193.0
301.0
201.0
209.0
149.0
221.0
316.0
243.0
223.0
208.0
215.0
226.0
190.0
272.0
271.0
187.0
227.0
269.0
203.0
249.0
254.0
174.0
214.0
232.0
250.0
321.0
288.0
180.0
164.0
214.0
343.0
334.0
252.0
178.0
287.0
199.0
377.0
222.0
241.0
148.0
250.0
193.0
235.0
204.0
239.0
267.0
245.0
277.0
234.0
195.0
257.0
201.0
187.0
167.0
303.0
216.0
232.0
310.0
226.0
217.0
121.0
154.0
175.0
161.0
309.0
173.0
209.0
403.0
199.0
272.0
332.0
160.0
158.0
173.0
175.0
226.0
178.0
214.0
173.0
239.0
161.0
212.0
199.0
226.0
189.0
258.0
176.0
212.0
246.0
178.0
274.0
209.0
225.0
237.0
244.0
186.0
154.0
218.0
179.0
149.0
288.0
276.0
115.0
161.0
239.0
187.0
180.0
107.0
278.0
197.0
294.0
278.0
236.0
192.0
264.0
259.0
166.0
246.0
199.0
339.0
193.0
172.0
204.0
252.0
310.0
228.0
206.0
234.0
219.0
225.0
258.0
148.0
188.0
226.0
168.0
221.0
276.0
180.0
321.0
227.0
225.0
254.0
178.0
257.0
224.0
141.0
237.0
198.0
215.0
311.0
180.0
243.0
242.0
181.0
191.0
232.0
202.0
278.0
225.0
269.0
198.0
201.0
181.0
143.0
239.0
185.0
193.0
289.0
333.0
186.0
289.0
108.0
143.0
208.0
186.0
196.0
194.0
176.0
191.0
235.0
201.0
183.0
208.0
354.0
147.0
142.0
483.0
181.0
165.0
189.0
174.0
292.0
141.0
226.0
171.0
156.0
333.0
208.0
154.0
165.0
218.0
199.0
200.0
267.0
161.0
226.0
271.0
201.0
218.0
211.0
233.0
179.0
271.0
134.0
227.0
169.0
218.0
224.0
156.0
219.0
303.0
266.0
217.0
225.0
155.0
194.0
237.0
260.0
158.0
230.0
160.0
262.0
219.0
146.0
134.0
159.0
224.0
235.0
199.0
214.0
323.0
175.0
169.0
179.0
258.0
297.0
161.0
182.0
200.0
184.0
313.0
230.0
197.0
252.0
236.0
258.0
154.0
203.0
174.0
226.0
222.0
215.0
223.0
283.0
265.0
246.0
266.0
351.0
191.0
258.0
184.0
280.0
287.0
295.0
256.0
184.0
184.0
290.0
273.0
272.0
197.0
148.0
207.0
146.0
230.0
203.0
276.0
228.0
184.0
229.0
319.0
209.0
109.0
284.0
286.0
221.0
150.0
254.0
263.0
226.0
150.0
249.0
221.0
217.0
247.0
216.0
216.0
183.0
182.0
325.0
206.0
214.0
135.0
245.0
225.0
193.0
267.0
242.0
187.0
245.0
241.0
193.0
296.0
159.0
163.0
214.0
194.0
180.0
188.0
196.0
201.0
217.0
138.0
143.0
242.0
258.0
131.0
283.0
162.0
133.0
263.0
209.0
188.0
307.0
328.0
334.0
167.0
216.0
188.0
296.0
267.0
176.0
240.0
197.0
202.0
214.0
235.0
228.0
292.0
152.0
272.0
214.0
256.0
245.0
505.0
195.0
338.0
151.0
229.0
236.0
272.0
224.0
304.0
266.0
170.0
190.0
270.0
197.0
222.0
226.0
205.0
187.0
226.0
181.0
258.0
325.0
234.0
140.0
201.0
262.0
148.0
247.0
181.0
188.0
153.0
237.0
180.0
342.0
263.0
263.0
213.0
160.0
219.0
281.0
340.0
207.0
155.0
284.0
171.0
194.0
179.0
189.0
257.0
303.0
227.0
276.0
289.0
380.0
218.0
327.0
152.0
242.0
198.0
243.0
209.0
189.0
295.0
147.0
177.0
180.0
221.0
230.0
320.0
140.0
180.0
214.0
314.0
191.0
181.0
261.0
187.0
167.0
214.0
203.0
288.0
289.0
261.0
242.0
223.0
253.0
222.0
206.0
240.0
188.0
283.0
215.0
224.0
400.0
164.0
210.0
238.0
176.0
302.0
230.0
206.0
281.0
196.0
224.0
115.0
266.0
208.0
521.0
310.0
266.0
229.0
172.0
205.0
289.0
231.0
178.0
231.0
172.0
184.0
333.0
170.0
193.0
202.0
180.0
202.0
160.0
320.0
217.0
282.0
212.0
261.0
238.0
205.0
288.0
150.0
320.0
205.0
279.0
225.0
194.0
371.0
230.0
253.0
220.0
296.0
279.0
269.0
210.0
379.0
159.0
239.0
201.0
200.0
215.0
341.0
268.0
181.0
281.0
166.0
217.0
242.0
244.0
190.0
229.0
235.0
333.0
258.0
175.0
209.0
358.0
192.0
239.0
225.0
149.0
400.0
173.0
310.0
300.0
212.0
301.0
225.0
361.0
277.0
176.0
221.0
263.0
173.0
293.0
415.0
276.0
233.0
209.0
192.0
192.0
152.0
281.0
224.0
210.0
206.0
203.0
177.0
434.0
225.0
304.0
369.0
183.0
233.0
185.0
232.0
333.0
240.0
191.0
234.0
258.0
203.0
203.0
115.0
275.0
302.0
147.0
177.0
253.0
198.0
292.0
246.0
308.0
322.0
322.0
203.0
210.0
246.0
274.0
200.0
160.0
267.0
247.0
257.0
246.0
315.0
203.0
280.0
337.0
191.0
197.0
197.0
285.0
279.0
172.0
181.0
188.0
248.0
262.0
210.0
217.0
158.0
205.0
363.0
141.0
240.0
216.0
283.0
265.0
229.0
222.0
182.0
295.0
261.0
272.0
276.0
177.0
267.0
275.0
255.0
223.0
261.0
217.0
230.0
295.0
228.0
186.0
233.0
203.0
224.0
199.0
268.0
365.0
174.0
305.0
161.0
194.0
308.0
242.0
210.0
217.0
174.0
200.0
160.0
177.0
212.0
252.0
569.0
258.0
299.0
274.0
183.0
223.0
188.0
96.0
174.0
228.0
305.0
242.0
223.0
235.0
263.0
209.0
223.0
334.0
255.0
204.0
160.0
221.0
204.0
154.0
176.0
235.0
232.0
316.0
213.0
185.0
256.0
170.0
197.0
216.0
177.0
180.0
151.0
275.0
337.0
235.0
180.0
237.0
285.0
208.0
179.0
208.0
197.0
387.0
238.0
171.0
156.0
287.0
257.0
325.0
374.0
157.0
165.0
337.0
302.0
230.0
242.0
183.0
209.0
262.0
221.0
255.0
157.0
339.0
149.0
201.0
209.0
254.0
259.0
205.0
349.0
245.0
211.0
131.0
155.0
178.0
194.0
273.0
159.0
325.0
150.0
185.0
393.0
185.0
219.0
169.0
210.0
215.0
238.0
182.0
334.0
308.0
264.0
132.0
323.0
248.0
212.0
216.0
199.0
300.0
277.0
265.0
209.0
200.0
351.0
275.0
230.0
175.0
234.0
173.0
150.0
171.0
209.0
180.0
262.0
250.0
386.0
196.0
233.0
281.0
185.0
266.0
179.0
234.0
221.0
316.0
175.0
270.0
344.0
182.0
123.0
224.0
207.0
259.0
312.0
266.0
296.0
218.0
158.0
247.0
214.0
167.0
335.0
212.0
168.0
186.0
145.0
261.0
211.0
262.0
254.0
181.0
213.0
195.0
216.0
165.0
202.0
197.0
201.0
252.0
200.0
164.0
690.0
193.0
202.0
353.0
302.0
255.0
231.0
191.0
184.0
305.0
171.0
198.0
199.0
159.0
146.0
205.0
187.0
269.0
248.0
214.0
345.0
241.0
214.0
259.0
194.0
287.0
264.0
226.0
231.0
266.0
245.0
197.0
286.0
321.0
253.0
221.0
185.0
265.0
222.0
175.0
220.0
248.0
249.0
210.0
224.0
231.0
249.0
96.0
234.0
262.0
301.0
168.0
223.0
172.0
225.0
227.0
197.0
166.0
194.0
223.0
178.0
210.0
202.0
221.0
270.0
249.0
262.0
218.0
202.0
224.0
385.0
220.0
187.0
230.0
211.0
261.0
288.0
170.0
197.0
218.0
291.0
181.0
197.0
167.0
195.0
211.0
211.0
269.0
253.0
136.0
350.0
204.0
224.0
162.0
255.0
296.0
174.0
224.0
187.0
233.0
192.0
160.0
149.0
295.0
309.0
254.0
232.0
208.0
334.0
231.0
244.0
285.0
252.0
200.0
239.0
188.0
220.0
131.0
173.0
166.0
223.0
192.0
853.0
325.0
213.0
140.0
267.0
218.0
181.0
191.0
289.0
333.0
338.0
266.0
241.0
218.0
236.0
165.0
234.0
267.0
231.0
258.0
160.0
250.0
193.0
273.0
192.0
129.0
286.0
249.0
328.0
247.0
171.0
303.0
235.0
185.0
304.0
172.0
261.0
281.0
275.0
175.0
213.0
303.0
217.0
163.0
204.0
308.0
282.0
228.0
214.0
266.0
240.0
355.0
182.0
199.0
225.0
227.0
245.0
192.0
170.0
193.0
211.0
312.0
160.0
201.0
192.0
172.0
165.0
146.0
214.0
217.0
245.0
169.0
235.0
207.0
332.0
290.0
259.0
263.0
262.0
182.0
230.0
123.0
239.0
262.0
170.0
208.0
269.0
412.0
317.0
196.0
120.0
199.0
211.0
186.0
210.0
133.0
217.0
172.0
257.0
248.0
268.0
204.0
250.0
312.0
226.0
224.0
281.0
227.0
243.0
213.0
247.0
222.0
295.0
239.0
218.0
234.0
166.0
255.0
227.0
138.0
214.0
196.0
173.0
191.0
275.0
194.0
185.0
268.0
275.0
174.0
265.0
203.0
239.0
234.0
204.0
249.0
216.0
207.0
294.0
296.0
289.0
307.0
231.0
159.0
250.0
198.0
281.0
269.0
143.0
156.0
202.0
294.0
184.0
225.0
236.0
230.0
219.0
226.0
235.0
185.0
287.0
194.0
366.0
177.0
332.0
207.0
218.0
253.0
147.0
237.0
186.0
181.0
240.0
197.0
136.0
197.0
236.0
238.0
220.0
275.0
294.0
189.0
164.0
221.0
138.0
260.0
216.0
153.0
233.0
253.0
207.0
273.0
223.0
210.0
210.0
199.0
244.0
197.0
226.0
165.0
321.0
274.0
154.0
239.0
227.0
261.0
215.0
256.0
260.0
146.0
260.0
173.0
260.0
257.0
194.0
207.0
235.0
143.0
263.0
188.0
238.0
232.0
246.0
180.0
197.0
186.0
251.0
221.0
384.0
328.0
290.0
244.0
189.0
196.0
231.0
229.0
208.0
237.0
175.0
365.0
177.0
127.0
186.0
214.0
201.0
226.0
185.0
199.0
248.0
145.0
269.0
239.0
244.0
317.0
192.0
191.0
211.0
184.0
133.0
177.0
231.0
202.0
368.0
211.0
197.0
193.0
195.0
253.0
201.0
186.0
256.0
250.0
182.0
277.0
267.0
227.0
179.0
160.0
199.0
212.0
178.0
259.0
168.0
160.0
194.0
232.0
238.0
143.0
297.0
206.0
224.0
238.0
207.0
328.0
148.0
213.0
291.0
164.0
174.0
188.0
211.0
300.0
210.0
330.0
162.0
248.0
155.0
198.0
190.0
183.0
268.0
187.0
197.0
235.0
310.0
398.0
186.0
250.0
280.0
186.0
188.0
242.0
232.0
220.0
220.0
244.0
257.0
210.0
242.0
234.0
209.0
252.0
123.0
210.0
229.0
226.0
232.0
208.0
231.0
315.0
219.0
197.0
182.0
208.0
177.0
187.0
259.0
167.0
256.0
179.0
273.0
186.0
328.0
143.0
236.0
206.0
205.0
256.0
342.0
260.0
131.0
130.0
123.0
262.0
256.0
199.0
198.0
208.0
191.0
245.0
223.0
201.0
153.0
199.0
222.0
166.0
233.0
291.0
258.0
196.0
223.0
143.0
323.0
177.0
230.0
202.0
213.0
201.0
170.0
301.0
308.0
264.0
244.0
211.0
219.0
160.0
284.0
175.0
244.0
236.0
292.0
139.0
255.0
351.0
163.0
376.0
161.0
195.0
255.0
185.0
233.0
284.0
187.0
184.0
220.0
196.0
234.0
338.0
323.0
216.0
200.0
188.0
188.0
268.0
321.0
267.0
293.0
239.0
218.0
246.0
276.0
146.0
201.0
180.0
215.0
197.0
235.0
196.0
316.0
297.0
121.0
184.0
131.0
229.0
207.0
128.0
229.0
319.0
199.0
292.0
308.0
290.0
313.0
190.0
215.0
233.0
229.0
361.0
189.0
189.0
283.0
139.0
352.0
202.0
243.0
185.0
202.0
174.0
484.0
206.0
347.0
239.0
225.0
202.0
251.0
151.0
213.0
229.0
324.0
106.0
156.0
301.0
143.0
233.0
195.0
224.0
226.0
325.0
334.0
194.0
178.0
145.0
264.0
218.0
227.0
241.0
250.0
225.0
233.0
180.0
189.0
272.0
226.0
233.0
234.0
131.0
272.0
271.0
283.0
219.0
256.0
357.0
83.0
212.0
157.0
158.0
200.0
227.0
290.0
393.0
279.0
246.0
180.0
174.0
289.0
332.0
301.0
276.0
217.0
163.0
302.0
236.0
154.0
184.0
118.0
219.0
294.0
184.0
149.0
262.0
274.0
234.0
268.0
179.0
156.0
156.0
233.0
208.0
223.0
170.0
248.0
419.0
255.0
190.0
187.0
217.0
226.0
260.0
220.0
176.0
203.0
198.0
347.0
181.0
239.0
195.0
204.0
207.0
273.0
264.0
223.0
181.0
243.0
306.0
151.0
282.0
320.0
142.0
123.0
193.0
197.0
188.0
323.0
173.0
147.0
287.0
247.0
240.0
162.0
276.0
206.0
152.0
222.0
193.0
289.0
196.0
186.0
295.0
199.0
194.0
215.0
192.0
249.0
219.0
135.0
331.0
275.0
270.0
157.0
213.0
318.0
391.0
211.0
146.0
302.0
254.0
163.0
243.0
194.0
247.0
125.0
350.0
210.0
154.0
288.0
224.0
284.0
339.0
300.0
301.0
229.0
272.0
222.0
145.0
313.0
282.0
203.0
244.0
247.0
181.0
127.0
175.0
222.0
279.0
246.0
209.0
124.0
187.0
161.0
209.0
224.0
193.0
247.0
188.0
234.0
221.0
365.0
169.0
227.0
185.0
174.0
154.0
302.0
281.0
263.0
231.0
122.0
208.0
283.0
169.0
222.0
144.0
249.0
347.0
201.0
167.0
254.0
175.0
588.0
170.0
162.0
212.0
186.0
292.0
234.0
297.0
249.0
184.0
245.0
262.0
239.0
210.0
188.0
212.0
104.0
185.0
308.0
258.0
171.0
314.0
181.0
177.0
289.0
376.0
163.0
317.0
210.0
213.0
262.0
204.0
224.0
225.0
213.0
249.0
226.0
151.0
313.0
127.0
214.0
254.0
239.0
223.0
165.0
212.0
200.0
259.0
189.0
284.0
307.0
207.0
229.0
405.0
217.0
172.0
232.0
227.0
208.0
221.0
163.0
251.0
158.0
188.0
229.0
210.0
219.0
274.0
88.0
184.0
297.0
223.0
237.0
200.0
194.0
307.0
401.0
162.0
268.0
332.0
221.0
396.0
246.0
172.0
264.0
239.0
281.0
157.0
289.0
245.0
207.0
152.0
443.0
252.0
238.0
298.0
210.0
168.0
147.0
226.0
168.0
221.0
236.0
233.0
301.0
291.0
303.0
438.0
243.0
181.0
150.0
215.0
258.0
264.0
240.0
236.0
226.0
263.0
195.0
223.0
400.0
168.0
253.0
207.0
233.0
175.0
252.0
182.0
273.0
267.0
186.0
281.0
146.0
194.0
231.0
324.0
278.0
225.0
333.0
209.0
201.0
233.0
225.0
283.0
378.0
328.0
185.0
216.0
182.0
242.0
319.0
219.0
249.0
241.0
159.0
209.0
262.0
366.0
147.0
152.0
274.0
327.0
92.0
190.0
203.0
213.0
311.0
310.0
326.0
308.0
121.0
236.0
232.0
180.0
398.0
196.0
217.0
294.0
199.0
264.0
204.0
353.0
228.0
193.0
140.0
255.0
352.0
205.0
237.0
161.0
128.0
175.0
172.0
192.0
216.0
306.0
236.0
231.0
486.0
174.0
332.0
332.0
243.0
266.0
255.0
215.0
291.0
149.0
155.0
212.0
270.0
232.0
205.0
227.0
272.0
177.0
178.0
285.0
256.0
284.0
126.0
247.0
188.0
232.0
219.0
170.0
228.0
237.0
397.0
314.0
311.0
215.0
253.0
215.0
171.0
292.0
250.0
241.0
263.0
254.0
287.0
156.0
515.0
247.0
137.0
305.0
171.0
189.0
245.0
228.0
216.0
260.0
198.0
245.0
257.0
215.0
304.0
391.0
155.0
182.0
171.0
239.0
246.0
318.0
331.0
308.0
195.0
177.0
193.0
356.0
256.0
169.0
206.0
145.0
143.0
235.0
287.0
182.0
171.0
167.0
321.0
166.0
190.0
396.0
270.0
250.0
300.0
218.0
203.0
209.0
202.0
301.0
142.0
199.0
137.0
170.0
309.0
258.0
251.0
201.0
252.0
228.0
166.0
229.0
246.0
474.0
187.0
188.0
268.0
192.0
254.0
204.0
175.0
247.0
164.0
217.0
300.0
207.0
216.0
234.0
226.0
338.0
205.0
199.0
215.0
177.0
380.0
209.0
230.0
212.0
402.0
353.0
177.0
261.0
199.0
163.0
153.0
154.0
185.0
354.0
293.0
268.0
337.0
186.0
177.0
252.0
246.0
307.0
250.0
197.0
207.0
272.0
249.0
253.0
183.0
144.0
321.0
213.0
228.0
226.0
292.0
168.0
168.0
272.0
159.0
298.0
201.0
234.0
279.0
212.0
241.0
123.0
231.0
242.0
188.0
144.0
253.0
168.0
289.0
267.0
273.0
175.0
256.0
263.0
196.0
212.0
218.0
271.0
179.0
227.0
300.0
304.0
279.0
564.0
226.0
157.0
287.0
190.0
212.0
251.0
211.0
247.0
196.0
179.0
286.0
190.0
248.0
305.0
210.0
253.0
184.0
197.0
180.0
349.0
173.0
207.0
221.0
234.0
175.0
189.0
188.0
152.0
103.0
218.0
234.0
210.0
192.0
234.0
250.0
259.0
291.0
167.0
186.0
144.0
274.0
257.0
170.0
230.0
224.0
303.0
200.0
250.0
161.0
300.0
194.0
207.0
274.0
236.0
230.0
196.0
248.0
272.0
210.0
258.0
203.0
235.0
195.0
238.0
253.0
184.0
217.0
198.0
222.0
197.0
198.0
196.0
266.0
207.0
226.0
206.0
239.0
171.0
218.0
175.0
205.0
281.0
148.0
165.0
218.0
197.0
292.0
305.0
245.0
204.0
183.0
343.0
210.0
218.0
464.0
115.0
329.0
163.0
193.0
192.0
364.0
171.0
229.0
324.0
151.0
155.0
247.0
204.0
239.0
212.0
149.0
153.0
198.0
170.0
269.0
181.0
174.0
170.0
179.0
274.0
193.0
184.0
263.0
237.0
152.0
157.0
219.0
190.0
276.0
323.0
227.0
241.0
315.0
185.0
239.0
281.0
199.0
239.0
261.0
191.0
330.0
217.0
177.0
251.0
203.0
186.0
256.0
257.0
223.0
141.0
192.0
190.0
291.0
245.0
331.0
187.0
240.0
155.0
180.0
151.0
212.0
94.0
232.0
184.0
173.0
179.0
283.0
256.0
269.0
246.0
95.0
247.0
239.0
195.0
178.0
151.0
186.0
182.0
139.0
198.0
223.0
177.0
328.0
232.0
178.0
540.0
161.0
269.0
235.0
201.0
191.0
177.0
219.0
186.0
265.0
165.0
237.0
232.0
268.0
166.0
337.0
339.0
272.0
212.0
198.0
180.0
170.0
242.0
171.0
153.0
230.0
122.0
179.0
183.0
362.0
252.0
187.0
273.0
163.0
224.0
230.0
276.0
187.0
238.0
271.0
249.0
144.0
167.0
191.0
165.0
222.0
290.0
263.0
271.0
190.0
283.0
286.0
151.0
230.0
331.0
156.0
234.0
251.0
186.0
245.0
134.0
190.0
161.0
200.0
351.0
182.0
222.0
182.0
278.0
312.0
293.0
187.0
278.0
238.0
305.0
194.0
184.0
260.0
134.0
165.0
373.0
224.0
205.0
241.0
184.0
351.0
124.0
205.0
165.0
276.0
361.0
139.0
142.0
237.0
241.0
153.0
261.0
136.0
200.0
291.0
149.0
380.0
254.0
163.0
348.0
266.0
289.0
309.0
190.0
291.0
189.0
230.0
216.0
322.0
264.0
216.0
193.0
287.0
199.0
127.0
135.0
320.0
211.0
240.0
329.0
281.0
217.0
234.0
157.0
229.0
235.0
213.0
224.0
275.0
277.0
236.0
292.0
239.0
228.0
229.0
326.0
335.0
152.0
171.0
193.0
214.0
247.0
243.0
160.0
242.0
241.0
175.0
202.0
145.0
259.0
292.0
403.0
176.0
235.0
178.0
246.0
195.0
270.0
255.0
366.0
263.0
239.0
360.0
260.0
204.0
240.0
175.0
262.0
150.0
173.0
458.0
238.0
127.0
210.0
185.0
180.0
109.0
243.0
215.0
275.0
397.0
399.0
232.0
141.0
268.0
221.0
192.0
202.0
291.0
117.0
202.0
303.0
197.0
163.0
223.0
248.0
213.0
246.0
172.0
388.0
179.0
436.0
254.0
202.0
252.0
156.0
194.0
169.0
325.0
159.0
218.0
182.0
178.0
292.0
251.0
199.0
282.0
309.0
235.0
283.0
160.0
175.0
327.0
313.0
263.0
333.0
229.0
191.0
190.0
174.0
156.0
267.0
208.0
209.0
214.0
137.0
136.0
185.0
245.0
280.0
185.0
202.0
220.0
308.0
221.0
201.0
186.0
283.0
157.0
166.0
217.0
183.0
189.0
397.0
207.0
192.0
355.0
212.0
333.0
158.0
197.0
197.0
210.0
280.0
257.0
236.0
151.0
216.0
172.0
198.0
142.0
165.0
235.0
149.0
304.0
167.0
174.0
208.0
162.0
137.0
162.0
201.0
230.0
247.0
191.0
217.0
182.0
204.0
230.0
231.0
281.0
174.0
134.0
123.0
168.0
501.0
225.0
198.0
159.0
218.0
481.0
156.0
268.0
265.0
127.0
172.0
262.0
216.0
220.0
213.0
216.0
277.0
156.0
286.0
175.0
226.0
183.0
170.0
175.0
162.0
344.0
449.0
260.0
215.0
547.0
171.0
385.0
235.0
185.0
108.0
239.0
208.0
194.0
204.0
129.0
172.0
190.0
263.0
174.0
194.0
187.0
276.0
173.0
338.0
319.0
273.0
497.0
203.0
203.0
254.0
155.0
216.0
345.0
169.0
207.0
214.0
310.0
274.0
243.0
270.0
495.0
151.0
248.0
277.0
218.0
242.0
313.0
246.0
275.0
125.0
166.0
312.0
245.0
123.0
183.0
274.0
145.0
182.0
318.0
164.0
158.0
194.0
270.0
161.0
176.0
239.0
129.0
194.0
233.0
196.0
166.0
369.0
239.0
343.0
185.0
183.0
237.0
301.0
156.0
141.0
440.0
172.0
250.0
213.0
158.0
204.0
388.0
227.0
188.0
162.0
321.0
190.0
127.0
268.0
270.0
215.0
191.0
557.0
283.0
180.0
226.0
328.0
189.0
120.0
242.0
144.0
152.0
248.0
401.0
235.0
316.0
261.0
163.0
201.0
201.0
157.0
198.0
162.0
208.0
400.0
199.0
217.0
128.0
467.0
142.0
209.0
200.0
509.0
313.0
255.0
300.0
323.0
273.0
155.0
241.0
268.0
181.0
218.0
297.0
232.0
139.0
166.0
240.0
234.0
281.0
207.0
267.0
242.0
295.0
140.0
292.0
227.0
167.0
343.0
227.0
161.0
236.0
306.0
190.0
196.0
245.0
322.0
184.0
226.0
292.0
224.0
264.0
274.0
263.0
319.0
174.0
333.0
265.0
168.0
193.0
248.0
254.0
269.0
319.0
230.0
240.0
228.0
236.0
259.0
194.0
239.0
205.0
186.0
239.0
213.0
307.0
249.0
207.0
250.0
241.0
293.0
134.0
184.0
239.0
223.0
235.0
365.0
258.0
250.0
205.0
351.0
166.0
232.0
243.0
329.0
167.0
216.0
266.0
233.0
175.0
271.0
249.0
157.0
160.0
218.0
197.0
221.0
228.0
214.0
386.0
201.0
109.0
255.0
206.0
225.0
257.0
372.0
314.0
307.0
192.0
211.0
143.0
242.0
182.0
231.0
166.0
269.0
138.0
188.0
252.0
302.0
307.0
177.0
247.0
268.0
214.0
304.0
354.0
295.0
238.0
227.0
232.0
140.0
254.0
168.0
203.0
143.0
266.0
214.0
210.0
205.0
188.0
285.0
279.0
562.0
313.0
228.0
374.0
241.0
280.0
171.0
176.0
261.0
206.0
187.0
243.0
245.0
225.0
214.0
189.0
187.0
112.0
328.0
246.0
231.0
211.0
349.0
200.0
189.0
353.0
308.0
160.0
254.0
288.0
313.0
244.0
203.0
172.0
181.0
168.0
247.0
196.0
164.0
275.0
187.0
212.0
183.0
301.0
244.0
175.0
142.0
133.0
301.0
174.0
255.0
146.0
301.0
236.0
247.0
373.0
564.0
192.0
262.0
243.0
154.0
446.0
236.0
231.0
362.0
197.0
187.0
233.0
270.0
182.0
404.0
239.0
259.0
193.0
126.0
254.0
220.0
200.0
406.0
237.0
137.0
236.0
222.0
150.0
202.0
276.0
131.0
129.0
238.0
276.0
382.0
165.0
294.0
438.0
256.0
149.0
244.0
265.0
162.0
201.0
109.0
176.0
162.0
200.0
447.0
272.0
280.0
285.0
209.0
177.0
248.0
209.0
225.0
223.0
232.0
277.0
278.0
296.0
187.0
179.0
314.0
214.0
264.0
196.0
264.0
319.0
382.0
164.0
140.0
262.0
244.0
217.0
151.0
180.0
245.0
225.0
202.0
125.0
333.0
263.0
150.0
334.0
343.0
130.0
255.0
233.0
295.0
358.0
317.0
258.0
259.0
221.0
812.0
248.0
167.0
89.0
219.0
190.0
303.0
147.0
459.0
230.0
181.0
215.0
135.0
258.0
317.0
150.0
161.0
167.0
174.0
176.0
262.0
302.0
267.0
260.0
129.0
289.0
338.0
328.0
114.0
220.0
98.0
243.0
178.0
144.0
215.0
236.0
144.0
216.0
204.0
172.0
279.0
161.0
222.0
165.0
242.0
179.0
143.0
162.0
170.0
235.0
175.0
276.0
232.0
281.0
247.0
498.0
186.0
341.0
251.0
314.0
98.0
274.0
239.0
238.0
323.0
165.0
226.0
261.0
173.0
365.0
165.0
334.0
224.0
285.0
203.0
188.0
226.0
227.0
370.0
237.0
123.0
172.0
167.0
231.0
146.0
192.0
284.0
265.0
280.0
218.0
206.0
127.0
137.0
262.0
249.0
230.0
147.0
250.0
312.0
341.0
276.0
255.0
309.0
256.0
286.0
215.0
258.0
272.0
166.0
120.0
255.0
164.0
262.0
164.0
182.0
278.0
258.0
174.0
179.0
224.0
194.0
254.0
221.0
252.0
126.0
254.0
156.0
109.0
247.0
290.0
201.0
225.0
181.0
202.0
144.0
150.0
157.0
278.0
288.0
181.0
178.0
254.0
244.0
267.0
176.0
237.0
152.0
200.0
189.0
144.0
215.0
175.0
175.0
223.0
142.0
255.0
320.0
287.0
164.0
263.0
363.0
220.0
118.0
190.0
278.0
146.0
259.0
304.0
222.0
168.0
248.0
226.0
178.0
190.0
307.0
389.0
198.0
250.0
221.0
158.0
197.0
198.0
311.0
238.0
133.0
259.0
292.0
224.0
179.0
146.0
220.0
145.0
137.0
377.0
230.0
221.0
192.0
241.0
201.0
155.0
160.0
123.0
235.0
138.0
533.0
239.0
202.0
215.0
171.0
187.0
286.0
255.0
315.0
269.0
158.0
145.0
242.0
223.0
300.0
162.0
172.0
172.0
154.0
110.0
267.0
244.0
324.0
143.0
198.0
310.0
228.0
313.0
163.0
214.0
213.0
213.0
170.0
193.0
356.0
184.0
228.0
316.0
154.0
383.0
250.0
141.0
272.0
290.0
179.0
309.0
176.0
144.0
234.0
217.0
310.0
176.0
209.0
249.0
262.0
204.0
314.0
328.0
252.0
227.0
201.0
204.0
295.0
213.0
184.0
177.0
226.0
201.0
246.0
447.0
314.0
145.0
220.0
152.0
154.0
263.0
204.0
248.0
283.0
255.0
170.0
250.0
135.0
183.0
192.0
217.0
175.0
187.0
240.0
248.0
233.0
258.0
187.0
309.0
177.0
225.0
252.0
229.0
113.0
232.0
178.0
246.0
134.0
312.0
202.0
176.0
325.0
218.0
301.0
169.0
338.0
188.0
302.0
172.0
208.0
212.0
207.0
176.0
232.0
234.0
193.0
236.0
272.0
208.0
265.0
179.0
170.0
145.0
219.0
333.0
329.0
273.0
271.0
202.0
292.0
503.0
255.0
132.0
162.0
291.0
223.0
146.0
215.0
170.0
326.0
212.0
266.0
288.0
253.0
195.0
178.0
368.0
165.0
312.0
240.0
289.0
225.0
225.0
245.0
348.0
213.0
139.0
284.0
253.0
302.0
175.0
243.0
193.0
232.0
158.0
224.0
133.0
198.0
346.0
237.0
233.0
185.0
225.0
128.0
294.0
211.0
205.0
185.0
206.0
120.0
275.0
195.0
265.0
216.0
239.0
135.0
166.0
211.0
287.0
261.0
266.0
491.0
121.0
265.0
285.0
243.0
213.0
200.0
187.0
122.0
384.0
123.0
306.0
212.0
172.0
327.0
305.0
135.0
212.0
173.0
205.0
291.0
292.0
234.0
359.0
212.0
214.0
245.0
211.0
145.0
254.0
261.0
216.0
258.0
297.0
172.0
282.0
229.0
240.0
150.0
317.0
237.0
211.0
197.0
224.0
372.0
163.0
166.0
241.0
247.0
187.0
357.0
172.0
202.0
292.0
303.0
206.0
162.0
127.0
220.0
371.0
209.0
202.0
305.0
220.0
198.0
145.0
203.0
207.0
205.0
259.0
232.0
164.0
160.0
183.0
208.0
200.0
213.0
162.0
143.0
325.0
276.0
248.0
197.0
264.0
293.0
157.0
162.0
224.0
272.0
177.0
179.0
356.0
295.0
154.0
292.0
113.0
223.0
151.0
307.0
270.0
326.0
240.0
192.0
288.0
444.0
201.0
222.0
259.0
213.0
183.0
154.0
208.0
281.0
189.0
250.0
146.0
162.0
258.0
194.0
225.0
215.0
301.0
133.0
169.0
247.0
217.0
250.0
153.0
216.0
228.0
261.0
174.0
252.0
244.0
137.0
258.0
188.0
165.0
194.0
298.0
628.0
277.0
230.0
113.0
259.0
270.0
222.0
262.0
179.0
231.0
256.0
207.0
210.0
158.0
180.0
265.0
234.0
299.0
195.0
279.0
185.0
174.0
166.0
581.0
164.0
133.0
257.0
259.0
188.0
291.0
200.0
149.0
249.0
249.0
191.0
465.0
256.0
486.0
214.0
392.0
169.0
161.0
221.0
161.0
151.0
332.0
188.0
173.0
312.0
191.0
214.0
243.0
252.0
114.0
278.0
180.0
214.0
257.0
102.0
135.0
179.0
329.0
202.0
153.0
353.0
304.0
279.0
280.0
233.0
231.0
249.0
161.0
183.0
286.0
273.0
254.0
299.0
179.0
234.0
178.0
130.0
173.0
221.0
221.0
372.0
208.0
108.0
209.0
234.0
136.0
299.0
168.0
223.0
579.0
217.0
156.0
224.0
226.0
158.0
206.0
236.0
207.0
319.0
247.0
470.0
358.0
165.0
193.0
264.0
174.0
234.0
330.0
324.0
355.0
237.0
194.0
330.0
335.0
223.0
261.0
358.0
138.0
209.0
221.0
266.0
173.0
216.0
153.0
284.0
233.0
252.0
189.0
221.0
167.0
246.0
315.0
276.0
175.0
224.0
202.0
200.0
315.0
282.0
272.0
172.0
187.0
242.0
240.0
480.0
268.0
196.0
169.0
214.0
203.0
208.0
259.0
223.0
210.0
246.0
134.0
233.0
185.0
280.0
136.0
252.0
146.0
335.0
291.0
268.0
295.0
197.0
199.0
251.0
197.0
307.0
225.0
413.0
181.0
152.0
176.0
127.0
325.0
220.0
326.0
308.0
213.0
233.0
355.0
188.0
228.0
157.0
123.0
205.0
325.0
186.0
228.0
307.0
219.0
358.0
405.0
382.0
173.0
215.0
186.0
256.0
209.0
132.0
187.0
172.0
260.0
109.0
226.0
192.0
262.0
230.0
168.0
188.0
236.0
198.0
203.0
229.0
157.0
221.0
159.0
181.0
152.0
306.0
161.0
334.0
212.0
199.0
192.0
308.0
225.0
173.0
213.0
324.0
190.0
188.0
286.0
149.0
288.0
264.0
207.0
232.0
234.0
208.0
312.0
282.0
240.0
318.0
151.0
169.0
185.0
202.0
170.0
246.0
228.0
196.0
222.0
255.0
244.0
188.0
247.0
285.0
278.0
232.0
192.0
357.0
193.0
227.0
253.0
311.0
271.0
174.0
188.0
176.0
242.0
241.0
255.0
229.0
133.0
157.0
354.0
183.0
353.0
273.0
137.0
258.0
146.0
285.0
185.0
239.0
293.0
297.0
426.0
150.0
203.0
186.0
339.0
258.0
346.0
343.0
272.0
314.0
258.0
208.0
229.0
237.0
191.0
101.0
203.0
167.0
201.0
204.0
313.0
208.0
385.0
194.0
293.0
204.0
256.0
160.0
169.0
165.0
185.0
267.0
264.0
174.0
212.0
294.0
123.0
239.0
198.0
286.0
341.0
265.0
199.0
211.0
319.0
206.0
301.0
272.0
270.0
277.0
173.0
203.0
203.0
163.0
412.0
252.0
150.0
169.0
343.0
213.0
268.0
129.0
283.0
188.0
231.0
208.0
168.0
258.0
310.0
241.0
176.0
346.0
197.0
368.0
253.0
144.0
196.0
128.0
261.0
217.0
169.0
196.0
367.0
151.0
335.0
197.0
417.0
169.0
166.0
165.0
222.0
346.0
193.0
358.0
166.0
199.0
194.0
184.0
186.0
211.0
283.0
236.0
114.0
200.0
445.0
281.0
288.0
303.0
232.0
191.0
135.0
419.0
204.0
278.0
266.0
131.0
158.0
255.0
351.0
186.0
255.0
190.0
254.0
237.0
150.0
366.0
244.0
230.0
190.0
182.0
153.0
203.0
149.0
242.0
184.0
358.0
116.0
326.0
208.0
184.0
256.0
293.0
193.0
247.0
197.0
305.0
388.0
152.0
292.0
246.0
199.0
219.0
660.0
281.0
172.0
163.0
165.0
265.0
250.0
245.0
193.0
121.0
167.0
258.0
174.0
151.0
228.0
146.0
320.0
213.0
309.0
291.0
227.0
202.0
177.0
333.0
188.0
184.0
213.0
207.0
392.0
200.0
243.0
160.0
225.0
274.0
290.0
184.0
181.0
273.0
194.0
243.0
181.0
206.0
165.0
190.0
468.0
333.0
212.0
225.0
150.0
244.0
176.0
157.0
156.0
187.0
230.0
283.0
252.0
287.0
215.0
176.0
220.0
242.0
279.0
232.0
315.0
169.0
243.0
117.0
266.0
173.0
272.0
212.0
350.0
234.0
221.0
249.0
203.0
251.0
150.0
172.0
173.0
281.0
201.0
121.0
212.0
238.0
187.0
177.0
213.0
193.0
196.0
235.0
263.0
166.0
396.0
152.0
261.0
172.0
231.0
208.0
231.0
385.0
177.0
183.0
176.0
193.0
331.0
220.0
161.0
165.0
310.0
215.0
111.0
207.0
315.0
247.0
329.0
148.0
215.0
177.0
164.0
205.0
212.0
212.0
292.0
337.0
195.0
252.0
315.0
295.0
275.0
103.0
231.0
226.0
286.0
178.0
169.0
296.0
157.0
247.0
150.0
167.0
206.0
163.0
244.0
202.0
194.0
219.0
365.0
125.0
224.0
204.0
269.0
273.0
166.0
263.0
225.0
319.0
305.0
231.0
294.0
164.0
346.0
174.0
274.0
295.0
209.0
266.0
281.0
367.0
268.0
298.0
191.0
189.0
133.0
207.0
275.0
200.0
280.0
197.0
396.0
177.0
249.0
148.0
313.0
403.0
140.0
202.0
205.0
263.0
209.0
152.0
202.0
230.0
258.0
297.0
189.0
172.0
274.0
134.0
200.0
179.0
249.0
263.0
218.0
269.0
133.0
201.0
252.0
287.0
226.0
114.0
135.0
264.0
163.0
174.0
241.0
219.0
168.0
249.0
228.0
245.0
122.0
200.0
318.0
296.0
358.0
116.0
282.0
305.0
275.0
149.0
302.0
200.0
186.0
251.0
337.0
171.0
157.0
278.0
199.0
176.0
174.0
157.0
268.0
263.0
273.0
297.0
237.0
249.0
206.0
191.0
322.0
245.0
268.0
187.0
315.0
252.0
221.0
292.0
173.0
291.0
260.0
192.0
300.0
289.0
282.0
224.0
295.0
284.0
167.0
373.0
152.0
262.0
142.0
363.0
181.0
199.0
238.0
251.0
165.0
207.0
251.0
217.0
296.0
199.0
237.0
126.0
185.0
166.0
164.0
216.0
188.0
468.0
257.0
134.0
282.0
144.0
176.0
256.0
284.0
209.0
222.0
216.0
328.0
259.0
254.0
153.0
268.0
244.0
172.0
103.0
276.0
235.0
208.0
160.0
221.0
155.0
164.0
180.0
210.0
248.0
168.0
221.0
182.0
549.0
278.0
156.0
195.0
218.0
197.0
76.0
478.0
205.0
194.0
172.0
303.0
254.0
223.0
357.0
309.0
300.0
198.0
144.0
252.0
269.0
220.0
228.0
171.0
185.0
223.0
273.0
200.0
296.0
217.0
233.0
299.0
234.0
284.0
271.0
264.0
172.0
217.0
311.0
164.0
255.0
203.0
323.0
364.0
131.0
294.0
220.0
125.0
232.0
156.0
344.0
271.0
139.0
207.0
128.0
183.0
208.0
284.0
199.0
262.0
284.0
133.0
235.0
214.0
191.0
211.0
278.0
123.0
287.0
343.0
240.0
414.0
241.0
176.0
297.0
258.0
198.0
255.0
183.0
238.0
164.0
221.0
156.0
208.0
193.0
259.0
236.0
208.0
270.0
280.0
171.0
199.0
250.0
184.0
161.0
292.0
172.0
181.0
249.0
133.0
188.0
130.0
222.0
313.0
239.0
185.0
397.0
251.0
235.0
135.0
291.0
200.0
201.0
244.0
324.0
215.0
286.0
220.0
199.0
240.0
288.0
198.0
298.0
194.0
355.0
241.0
355.0
174.0
362.0
252.0
286.0
297.0
249.0
306.0
363.0
162.0
231.0
180.0
186.0
302.0
245.0
190.0
197.0
153.0
153.0
217.0
295.0
166.0
240.0
198.0
330.0
218.0
232.0
141.0
241.0
228.0
131.0
159.0
455.0
190.0
176.0
242.0
280.0
107.0
220.0
273.0
169.0
196.0
147.0
206.0
262.0
288.0
233.0
243.0
242.0
172.0
156.0
238.0
171.0
253.0
210.0
327.0
138.0
177.0
256.0
244.0
223.0
205.0
135.0
283.0
287.0
200.0
283.0
237.0
168.0
148.0
145.0
170.0
232.0
122.0
288.0
179.0
184.0
201.0
175.0
200.0
325.0
166.0
196.0
308.0
398.0
183.0
258.0
158.0
222.0
227.0
207.0
162.0
152.0
220.0
372.0
329.0
232.0
286.0
225.0
221.0
221.0
228.0
265.0
156.0
243.0
299.0
209.0
229.0
123.0
355.0
269.0
261.0
327.0
156.0
120.0
212.0
201.0
334.0
258.0
215.0
150.0
267.0
176.0
160.0
232.0
323.0
196.0
193.0
214.0
342.0
164.0
237.0
212.0
143.0
318.0
287.0
208.0
278.0
272.0
274.0
150.0
191.0
253.0
310.0
276.0
363.0
218.0
279.0
199.0
230.0
221.0
271.0
134.0
142.0
246.0
277.0
185.0
233.0
205.0
147.0
100.0
140.0
267.0
182.0
133.0
384.0
257.0
176.0
321.0
240.0
178.0
176.0
171.0
207.0
321.0
196.0
209.0
286.0
216.0
248.0
202.0
230.0
868.0
308.0
224.0
222.0
147.0
246.0
309.0
237.0
363.0
194.0
134.0
160.0
352.0
319.0
134.0
246.0
278.0
200.0
167.0
167.0
219.0
306.0
235.0
238.0
246.0
245.0
274.0
232.0
290.0
248.0
250.0
204.0
268.0
135.0
213.0
262.0
232.0
293.0
155.0
130.0
202.0
146.0
286.0
134.0
260.0
261.0
243.0
287.0
198.0
219.0
247.0
240.0
227.0
323.0
260.0
185.0
240.0
197.0
128.0
431.0
214.0
282.0
192.0
149.0
277.0
182.0
253.0
293.0
238.0
217.0
192.0
271.0
297.0
370.0
122.0
241.0
262.0
147.0
124.0
208.0
139.0
250.0
122.0
242.0
165.0
213.0
251.0
243.0
190.0
266.0
162.0
209.0
410.0
225.0
218.0
412.0
187.0
371.0
294.0
266.0
312.0
456.0
252.0
200.0
351.0
160.0
174.0
152.0
202.0
176.0
205.0
234.0
155.0
271.0
234.0
183.0
357.0
174.0
215.0
224.0
147.0
177.0
209.0
221.0
220.0
272.0
227.0
218.0
284.0
191.0
234.0
198.0
272.0
165.0
366.0
228.0
160.0
127.0
320.0
139.0
191.0
230.0
257.0
231.0
277.0
116.0
205.0
235.0
257.0
255.0
276.0
165.0
205.0
292.0
248.0
245.0
222.0
142.0
188.0
267.0
197.0
178.0
165.0
226.0
167.0
216.0
260.0
315.0
243.0
244.0
234.0
293.0
226.0
281.0
288.0
180.0
391.0
191.0
177.0
315.0
264.0
164.0
197.0
206.0
276.0
152.0
166.0
139.0
274.0
292.0
165.0
104.0
344.0
199.0
402.0
231.0
275.0
331.0
192.0
166.0
277.0
139.0
227.0
253.0
298.0
233.0
348.0
221.0
131.0
217.0
234.0
228.0
243.0
241.0
354.0
265.0
98.0
135.0
328.0
181.0
275.0
231.0
190.0
133.0
249.0
211.0
217.0
292.0
219.0
265.0
271.0
216.0
190.0
171.0
248.0
316.0
176.0
148.0
227.0
194.0
253.0
358.0
173.0
186.0
311.0
200.0
221.0
191.0
210.0
385.0
231.0
219.0
292.0
293.0
211.0
191.0
192.0
272.0
199.0
204.0
252.0
243.0
206.0
256.0
287.0
244.0
177.0
221.0
190.0
352.0
246.0
325.0
298.0
167.0
367.0
171.0
219.0
665.0
186.0
252.0
258.0
279.0
329.0
116.0
265.0
182.0
242.0
534.0
145.0
177.0
227.0
217.0
246.0
155.0
288.0
133.0
156.0
206.0
204.0
156.0
211.0
247.0
155.0
209.0
232.0
158.0
281.0
244.0
197.0
205.0
276.0
142.0
184.0
161.0
515.0
223.0
268.0
157.0
212.0
306.0
311.0
263.0
345.0
143.0
173.0
139.0
171.0
193.0
209.0
218.0
160.0
179.0
697.0
182.0
244.0
285.0
279.0
225.0
182.0
341.0
222.0
236.0
191.0
197.0
254.0
271.0
189.0
173.0
166.0
164.0
180.0
248.0
211.0
408.0
258.0
224.0
212.0
429.0
451.0
260.0
163.0
187.0
158.0
260.0
176.0
170.0
282.0
117.0
195.0
252.0
238.0
161.0
167.0
254.0
204.0
189.0
214.0
212.0
350.0
188.0
202.0
260.0
297.0
292.0
284.0
230.0
181.0
198.0
183.0
213.0
214.0
205.0
177.0
262.0
199.0
158.0
179.0
223.0
231.0
261.0
223.0
248.0
209.0
242.0
298.0
230.0
202.0
380.0
300.0
132.0
378.0
232.0
229.0
221.0
337.0
134.0
206.0
164.0
243.0
290.0
244.0
206.0
208.0
226.0
320.0
268.0
204.0
167.0
140.0
238.0
186.0
196.0
162.0
259.0
251.0
259.0
156.0
375.0
206.0
199.0
234.0
148.0
212.0
364.0
236.0
198.0
174.0
178.0
266.0
304.0
138.0
195.0
399.0
249.0
203.0
260.0
172.0
159.0
570.0
176.0
306.0
196.0
236.0
184.0
162.0
163.0
257.0
215.0
136.0
177.0
183.0
210.0
158.0
241.0
335.0
182.0
286.0
199.0
259.0
305.0
173.0
310.0
140.0
198.0
184.0
275.0
337.0
220.0
231.0
259.0
366.0
227.0
175.0
187.0
309.0
187.0
209.0
171.0
354.0
236.0
199.0
278.0
338.0
257.0
257.0
113.0
131.0
439.0
251.0
175.0
196.0
1025.0
209.0
291.0
329.0
135.0
267.0
307.0
230.0
285.0
138.0
250.0
270.0
300.0
220.0
345.0
230.0
140.0
291.0
245.0
309.0
330.0
189.0
241.0
209.0
222.0
157.0
228.0
239.0
194.0
181.0
331.0
191.0
290.0
213.0
279.0
209.0
359.0
171.0
230.0
150.0
187.0
283.0
160.0
245.0
213.0
347.0
247.0
187.0
210.0
206.0
237.0
140.0
259.0
314.0
220.0
258.0
192.0
172.0
238.0
213.0
165.0
229.0
298.0
232.0
264.0
177.0
249.0
245.0
250.0
170.0
291.0
184.0
219.0
235.0
221.0
315.0
392.0
175.0
243.0
166.0
201.0
319.0
266.0
205.0
210.0
161.0
269.0
177.0
166.0
173.0
220.0
229.0
243.0
262.0
230.0
231.0
281.0
240.0
280.0
251.0
381.0
357.0
143.0
195.0
188.0
218.0
277.0
247.0
149.0
198.0
208.0
229.0
291.0
178.0
239.0
169.0
193.0
199.0
246.0
282.0
212.0
210.0
235.0
271.0
166.0
239.0
252.0
180.0
228.0
287.0
249.0
271.0
261.0
229.0
151.0
167.0
143.0
192.0
171.0
201.0
227.0
248.0
145.0
303.0
266.0
256.0
212.0
204.0
180.0
341.0
197.0
220.0
213.0
241.0
138.0
296.0
191.0
222.0
198.0
253.0
166.0
193.0
198.0
211.0
206.0
285.0
235.0
190.0
194.0
273.0
265.0
242.0
162.0
274.0
170.0
273.0
354.0
193.0
286.0
343.0
133.0
285.0
169.0
269.0
218.0
243.0
235.0
294.0
262.0
131.0
229.0
228.0
226.0
273.0
174.0
285.0
205.0
229.0
232.0
353.0
202.0
368.0
192.0
254.0
178.0
317.0
199.0
275.0
197.0
204.0
220.0
132.0
388.0
168.0
255.0
184.0
124.0
182.0
148.0
258.0
476.0
172.0
264.0
278.0
130.0
264.0
146.0
102.0
198.0
266.0
136.0
238.0
190.0
186.0
282.0
326.0
257.0
279.0
207.0
233.0
194.0
198.0
189.0
252.0
245.0
159.0
238.0
271.0
170.0
206.0
164.0
366.0
261.0
187.0
327.0
228.0
186.0
210.0
508.0
165.0
118.0
228.0
134.0
165.0
220.0
155.0
154.0
190.0
120.0
207.0
311.0
323.0
233.0
145.0
178.0
174.0
287.0
280.0
172.0
273.0
263.0
162.0
127.0
252.0
262.0
322.0
345.0
370.0
133.0
132.0
331.0
242.0
187.0
348.0
198.0
218.0
240.0
225.0
239.0
395.0
150.0
186.0
233.0
263.0
187.0
125.0
207.0
196.0
322.0
234.0
226.0
212.0
244.0
205.0
222.0
200.0
232.0
138.0
137.0
220.0
171.0
144.0
235.0
381.0
206.0
256.0
490.0
159.0
172.0
178.0
194.0
197.0
293.0
153.0
282.0
453.0
152.0
173.0
293.0
203.0
179.0
278.0
221.0
156.0
212.0
132.0
226.0
210.0
267.0
225.0
309.0
316.0
213.0
249.0
253.0
190.0
263.0
187.0
243.0
167.0
275.0
191.0
157.0
198.0
174.0
113.0
171.0
194.0
199.0
301.0
218.0
280.0
219.0
230.0
149.0
253.0
149.0
312.0
231.0
211.0
189.0
258.0
515.0
241.0
277.0
192.0
253.0
416.0
222.0
266.0
175.0
227.0
108.0
224.0
200.0
292.0
290.0
176.0
308.0
159.0
237.0
291.0
310.0
226.0
259.0
217.0
254.0
209.0
266.0
248.0
185.0
204.0
198.0
233.0
365.0
260.0
236.0
192.0
237.0
232.0
189.0
199.0
312.0
242.0
126.0
314.0
247.0
237.0
214.0
218.0
345.0
156.0
214.0
239.0
376.0
173.0
215.0
305.0
238.0
165.0
236.0
260.0
247.0
362.0
204.0
210.0
224.0
264.0
178.0
279.0
117.0
204.0
165.0
207.0
200.0
101.0
221.0
196.0
282.0
191.0
198.0
179.0
271.0
196.0
184.0
306.0
134.0
222.0
198.0
382.0
241.0
197.0
237.0
227.0
323.0
251.0
197.0
260.0
158.0
246.0
345.0
355.0
217.0
302.0
206.0
167.0
290.0
324.0
208.0
165.0
304.0
241.0
240.0
205.0
316.0
169.0
162.0
284.0
224.0
275.0
226.0
193.0
154.0
179.0
287.0
248.0
214.0
254.0
179.0
258.0
158.0
379.0
167.0
253.0
193.0
235.0
179.0
161.0
272.0
206.0
247.0
212.0
196.0
164.0
264.0
151.0
355.0
174.0
207.0
197.0
156.0
324.0
112.0
218.0
397.0
200.0
265.0
241.0
220.0
241.0
169.0
203.0
277.0
258.0
257.0
366.0
170.0
278.0
174.0
183.0
175.0
167.0
137.0
303.0
244.0
270.0
238.0
223.0
201.0
295.0
228.0
316.0
286.0
178.0
184.0
199.0
340.0
287.0
352.0
148.0
248.0
167.0
182.0
336.0
355.0
217.0
210.0
229.0
214.0
229.0
176.0
238.0
238.0
260.0
242.0
240.0
1070.0
241.0
251.0
267.0
212.0
199.0
242.0
201.0
297.0
239.0
182.0
237.0
209.0
206.0
217.0
280.0
196.0
308.0
253.0
126.0
170.0
287.0
254.0
213.0
284.0
206.0
151.0
230.0
292.0
218.0
274.0
171.0
137.0
287.0
259.0
180.0
421.0
230.0
156.0
162.0
176.0
234.0
138.0
250.0
319.0
140.0
242.0
262.0
253.0
259.0
287.0
276.0
160.0
294.0
162.0
222.0
144.0
296.0
254.0
331.0
274.0
240.0
262.0
159.0
170.0
196.0
163.0
141.0
184.0
295.0
190.0
239.0
249.0
322.0
219.0
174.0
239.0
146.0
165.0
221.0
236.0
161.0
186.0
153.0
244.0
161.0
287.0
198.0
329.0
290.0
241.0
290.0
221.0
237.0
169.0
271.0
278.0
247.0
260.0
248.0
191.0
260.0
259.0
248.0
278.0
241.0
278.0
272.0
210.0
265.0
201.0
226.0
240.0
338.0
228.0
339.0
282.0
167.0
187.0
180.0
157.0
201.0
241.0
265.0
225.0
294.0
173.0
151.0
294.0
321.0
251.0
260.0
159.0
258.0
246.0
256.0
235.0
248.0
194.0
343.0
214.0
203.0
232.0
273.0
188.0
185.0
264.0
174.0
284.0
254.0
260.0
131.0
223.0
285.0
224.0
237.0
216.0
278.0
329.0
141.0
192.0
219.0
271.0
135.0
245.0
142.0
233.0
223.0
274.0
314.0
227.0
213.0
174.0
367.0
282.0
237.0
1015.0
216.0
185.0
374.0
208.0
297.0
181.0
160.0
274.0
160.0
336.0
168.0
265.0
240.0
249.0
198.0
200.0
344.0
190.0
222.0
162.0
257.0
201.0
227.0
177.0
308.0
161.0
164.0
178.0
200.0
212.0
273.0
214.0
227.0
372.0
248.0
301.0
178.0
246.0
227.0
224.0
203.0
187.0
247.0
237.0
239.0
254.0
213.0
298.0
224.0
195.0
136.0
159.0
216.0
123.0
290.0
224.0
335.0
204.0
312.0
215.0
187.0
231.0
205.0
246.0
193.0
191.0
161.0
251.0
310.0
199.0
281.0
202.0
300.0
187.0
245.0
169.0
214.0
313.0
295.0
263.0
233.0
286.0
205.0
190.0
282.0
184.0
137.0
218.0
177.0
222.0
218.0
273.0
168.0
166.0
190.0
129.0
259.0
192.0
303.0
191.0
308.0
174.0
324.0
334.0
304.0
249.0
149.0
333.0
193.0
221.0
144.0
203.0
166.0
255.0
323.0
324.0
185.0
162.0
408.0
351.0
183.0
369.0
236.0
221.0
183.0
214.0
202.0
212.0
324.0
190.0
208.0
247.0
221.0
178.0
248.0
203.0
453.0
196.0
251.0
177.0
176.0
139.0
197.0
212.0
251.0
252.0
131.0
260.0
195.0
185.0
227.0
295.0
188.0
208.0
151.0
236.0
184.0
268.0
320.0
253.0
198.0
241.0
280.0
254.0
358.0
190.0
206.0
281.0
227.0
198.0
208.0
161.0
180.0
187.0
234.0
278.0
176.0
235.0
276.0
550.0
233.0
232.0
353.0
191.0
314.0
225.0
260.0
255.0
220.0
280.0
195.0
245.0
151.0
279.0
220.0
183.0
234.0
194.0
183.0
263.0
339.0
189.0
309.0
273.0
405.0
326.0
378.0
220.0
306.0
183.0
218.0
229.0
185.0
228.0
239.0
254.0
291.0
191.0
351.0
376.0
215.0
228.0
291.0
254.0
190.0
250.0
162.0
249.0
274.0
215.0
245.0
285.0
248.0
326.0
448.0
214.0
300.0
282.0
262.0
264.0
253.0
182.0
175.0
199.0
163.0
195.0
272.0
215.0
205.0
305.0
298.0
209.0
161.0
190.0
302.0
317.0
249.0
185.0
335.0
215.0
276.0
213.0
428.0
170.0
224.0
174.0
340.0
228.0
338.0
248.0
163.0
150.0
265.0
176.0
190.0
201.0
284.0
177.0
150.0
265.0
203.0
296.0
159.0
235.0
301.0
202.0
180.0
181.0
133.0
362.0
266.0
280.0
329.0
174.0
210.0
210.0
261.0
207.0
260.0
236.0
197.0
534.0
219.0
142.0
254.0
177.0
140.0
179.0
360.0
353.0
244.0
228.0
285.0
335.0
182.0
227.0
241.0
219.0
189.0
248.0
304.0
197.0
266.0
247.0
182.0
285.0
178.0
150.0
219.0
177.0
171.0
192.0
201.0
282.0
432.0
165.0
142.0
154.0
262.0
179.0
253.0
212.0
178.0
249.0
233.0
162.0
224.0
245.0
189.0
206.0
250.0
306.0
262.0
157.0
289.0
158.0
110.0
290.0
257.0
259.0
205.0
206.0
256.0
255.0
187.0
303.0
198.0
149.0
255.0
159.0
301.0
198.0
179.0
181.0
246.0
344.0
178.0
211.0
207.0
203.0
261.0
247.0
234.0
249.0
290.0
205.0
217.0
187.0
197.0
341.0
203.0
236.0
236.0
217.0
200.0
265.0
225.0
249.0
286.0
188.0
273.0
216.0
211.0
213.0
324.0
146.0
288.0
209.0
246.0
228.0
381.0
196.0
209.0
251.0
226.0
177.0
200.0
207.0
238.0
223.0
205.0
217.0
196.0
178.0
206.0
181.0
157.0
195.0
149.0
247.0
135.0
227.0
348.0
243.0
235.0
518.0
185.0
117.0
317.0
244.0
225.0
198.0
241.0
160.0
244.0
307.0
227.0
328.0
228.0
226.0
329.0
138.0
192.0
200.0
216.0
358.0
239.0
265.0
247.0
243.0
169.0
215.0
311.0
271.0
157.0
235.0
167.0
192.0
199.0
219.0
213.0
371.0
350.0
214.0
155.0
163.0
238.0
163.0
223.0
193.0
158.0
201.0
251.0
207.0
253.0
215.0
215.0
278.0
226.0
176.0
183.0
260.0
136.0
393.0
258.0
220.0
207.0
339.0
241.0
246.0
203.0
205.0
139.0
235.0
178.0
123.0
348.0
181.0
165.0
220.0
200.0
238.0
280.0
147.0
361.0
219.0
285.0
215.0
183.0
137.0
199.0
253.0
182.0
221.0
251.0
184.0
141.0
180.0
250.0
204.0
240.0
208.0
178.0
303.0
207.0
188.0
366.0
263.0
185.0
220.0
124.0
230.0
127.0
237.0
237.0
228.0
143.0
272.0
369.0
248.0
167.0
193.0
177.0
168.0
314.0
224.0
246.0
189.0
320.0
200.0
304.0
190.0
106.0
256.0
178.0
226.0
206.0
289.0
375.0
184.0
319.0
217.0
252.0
151.0
231.0
168.0
207.0
265.0
335.0
205.0
359.0
245.0
200.0
208.0
212.0
194.0
199.0
307.0
180.0
232.0
247.0
301.0
178.0
333.0
265.0
238.0
169.0
208.0
234.0
245.0
189.0
144.0
172.0
234.0
173.0
249.0
150.0
277.0
221.0
267.0
214.0
309.0
325.0
213.0
170.0
254.0
289.0
209.0
409.0
257.0
351.0
129.0
208.0
213.0
205.0
179.0
240.0
145.0
187.0
194.0
288.0
237.0
220.0
233.0
394.0
274.0
137.0
257.0
232.0
307.0
194.0
241.0
254.0
136.0
172.0
200.0
313.0
241.0
166.0
205.0
195.0
336.0
191.0
196.0
283.0
237.0
241.0
282.0
280.0
204.0
196.0
208.0
180.0
342.0
127.0
273.0
156.0
416.0
352.0
215.0
240.0
298.0
297.0
179.0
249.0
260.0
211.0
200.0
232.0
250.0
220.0
157.0
228.0
274.0
150.0
253.0
204.0
226.0
339.0
170.0
259.0
228.0
257.0
180.0
187.0
213.0
246.0
183.0
321.0
194.0
126.0
233.0
264.0
222.0
333.0
280.0
314.0
213.0
171.0
163.0
220.0
269.0
357.0
132.0
250.0
197.0
277.0
166.0
183.0
317.0
292.0
212.0
228.0
319.0
209.0
239.0
221.0
373.0
179.0
173.0
170.0
245.0
327.0
205.0
184.0
212.0
236.0
181.0
366.0
160.0
175.0
326.0
229.0
255.0
182.0
288.0
263.0
184.0
178.0
219.0
277.0
270.0
99.0
262.0
126.0
259.0
322.0
270.0
226.0
232.0
198.0
392.0
201.0
377.0
180.0
173.0
257.0
290.0
247.0
324.0
193.0
231.0
229.0
224.0
273.0
237.0
193.0
235.0
260.0
225.0
267.0
262.0
255.0
227.0
128.0
221.0
423.0
185.0
328.0
209.0
238.0
151.0
296.0
275.0
217.0
316.0
113.0
341.0
155.0
191.0
222.0
243.0
275.0
265.0
197.0
290.0
321.0
229.0
195.0
227.0
333.0
275.0
201.0
252.0
228.0
246.0
168.0
183.0
351.0
248.0
246.0
792.0
200.0
189.0
301.0
190.0
173.0
211.0
227.0
296.0
123.0
297.0
200.0
126.0
274.0
266.0
242.0
222.0
178.0
153.0
173.0
224.0
357.0
260.0
197.0
246.0
365.0
193.0
240.0
353.0
265.0
184.0
236.0
161.0
171.0
258.0
187.0
229.0
265.0
236.0
273.0
299.0
177.0
206.0
222.0
322.0
245.0
185.0
284.0
215.0
159.0
142.0
224.0
127.0
253.0
188.0
244.0
281.0
249.0
286.0
233.0
216.0
283.0
330.0
280.0
293.0
191.0
251.0
199.0
293.0
185.0
231.0
266.0
173.0
167.0
220.0
335.0
302.0
242.0
132.0
221.0
391.0
205.0
239.0
118.0
244.0
300.0
286.0
222.0
167.0
247.0
224.0
158.0
189.0
333.0
256.0
201.0
245.0
153.0
101.0
217.0
393.0
301.0
270.0
304.0
304.0
312.0
246.0
306.0
162.0
174.0
211.0
265.0
185.0
191.0
234.0
231.0
265.0
189.0
222.0
343.0
369.0
316.0
237.0
192.0
355.0
223.0
204.0
241.0
262.0
217.0
185.0
299.0
213.0
209.0
162.0
252.0
238.0
213.0
173.0
284.0
225.0
121.0
283.0
251.0
283.0
386.0
165.0
318.0
222.0
183.0
164.0
312.0
243.0
226.0
345.0
190.0
194.0
218.0
143.0
230.0
246.0
185.0
194.0
165.0
270.0
164.0
219.0
290.0
292.0
185.0
151.0
215.0
291.0
227.0
267.0
186.0
574.0
185.0
231.0
366.0
203.0
235.0
238.0
259.0
302.0
265.0
306.0
209.0
205.0
201.0
181.0
161.0
213.0
189.0
170.0
201.0
230.0
226.0
290.0
266.0
227.0
187.0
172.0
244.0
384.0
184.0
157.0
157.0
445.0
282.0
206.0
259.0
225.0
183.0
239.0
198.0
168.0
227.0
357.0
216.0
409.0
145.0
268.0
187.0
315.0
169.0
259.0
154.0
232.0
271.0
244.0
317.0
230.0
157.0
189.0
115.0
183.0
214.0
156.0
334.0
256.0
198.0
166.0
218.0
178.0
214.0
229.0
305.0
240.0
277.0
144.0
259.0
223.0
257.0
277.0
266.0
272.0
213.0
161.0
328.0
149.0
193.0
253.0
113.0
216.0
244.0
226.0
373.0
214.0
212.0
175.0
176.0
173.0
221.0
254.0
203.0
355.0
450.0
236.0
220.0
152.0
252.0
168.0
178.0
294.0
229.0
221.0
297.0
221.0
278.0
188.0
294.0
242.0
206.0
246.0
218.0
207.0
214.0
258.0
177.0
294.0
226.0
192.0
176.0
249.0
178.0
230.0
128.0
264.0
170.0
295.0
244.0
287.0
225.0
225.0
225.0
242.0
237.0
225.0
221.0
464.0
214.0
253.0
257.0
158.0
188.0
188.0
255.0
166.0
263.0
189.0
231.0
206.0
212.0
164.0
213.0
173.0
193.0
346.0
194.0
217.0
220.0
210.0
195.0
233.0
264.0
226.0
181.0
245.0
147.0
268.0
203.0
308.0
199.0
202.0
326.0
251.0
290.0
259.0
179.0
249.0
223.0
267.0
218.0
488.0
242.0
220.0
235.0
237.0
173.0
215.0
257.0
206.0
251.0
243.0
240.0
170.0
252.0
278.0
233.0
333.0
396.0
171.0
145.0
299.0
216.0
234.0
259.0
163.0
170.0
209.0
247.0
188.0
272.0
199.0
201.0
319.0
275.0
224.0
161.0
175.0
291.0
156.0
202.0
220.0
235.0
357.0
213.0
193.0
288.0
180.0
273.0
427.0
254.0
208.0
248.0
231.0
194.0
190.0
155.0
149.0
209.0
283.0
210.0
242.0
215.0
281.0
217.0
243.0
221.0
256.0
169.0
313.0
249.0
266.0
222.0
215.0
192.0
176.0
498.0
230.0
201.0
227.0
183.0
210.0
160.0
232.0
239.0
228.0
279.0
258.0
220.0
214.0
258.0
218.0
265.0
191.0
215.0
271.0
188.0
280.0
232.0
329.0
234.0
174.0
165.0
184.0
244.0
282.0
194.0
261.0
352.0
286.0
140.0
238.0
222.0
195.0
237.0
445.0
288.0
296.0
222.0
201.0
144.0
170.0
281.0
265.0
196.0
179.0
186.0
344.0
126.0
252.0
200.0
200.0
232.0
264.0
207.0
218.0
301.0
171.0
373.0
257.0
166.0
356.0
248.0
172.0
234.0
185.0
163.0
244.0
201.0
184.0
248.0
206.0
161.0
261.0
187.0
135.0
249.0
283.0
237.0
202.0
144.0
150.0
252.0
207.0
314.0
245.0
354.0
217.0
247.0
221.0
270.0
255.0
175.0
407.0
175.0
251.0
191.0
405.0
180.0
261.0
215.0
243.0
135.0
282.0
206.0
180.0
325.0
279.0
290.0
232.0
271.0
256.0
252.0
350.0
214.0
269.0
226.0
253.0
255.0
296.0
171.0
168.0
255.0
289.0
151.0
317.0
178.0
324.0
334.0
226.0
308.0
321.0
179.0
131.0
262.0
164.0
176.0
321.0
240.0
250.0
282.0
276.0
327.0
334.0
257.0
207.0
189.0
259.0
160.0
189.0
300.0
237.0
190.0
263.0
201.0
220.0
253.0
246.0
175.0
284.0
195.0
207.0
156.0
232.0
264.0
280.0
222.0
185.0
272.0
401.0
276.0
230.0
135.0
307.0
327.0
250.0
232.0
169.0
167.0
226.0
248.0
134.0
298.0
327.0
323.0
158.0
256.0
189.0
184.0
194.0
305.0
197.0
170.0
305.0
226.0
266.0
171.0
287.0
196.0
239.0
334.0
224.0
194.0
220.0
292.0
277.0
223.0
183.0
230.0
186.0
169.0
193.0
475.0
251.0
173.0
171.0
232.0
293.0
215.0
270.0
179.0
267.0
309.0
183.0
293.0
180.0
126.0
241.0
231.0
220.0
277.0
220.0
209.0
316.0
191.0
162.0
228.0
174.0
158.0
217.0
207.0
231.0
185.0
206.0
236.0
214.0
370.0
249.0
188.0
256.0
260.0
214.0
145.0
275.0
244.0
199.0
329.0
308.0
261.0
281.0
229.0
327.0
174.0
171.0
218.0
246.0
223.0
193.0
213.0
265.0
241.0
182.0
163.0
244.0
231.0
250.0
331.0
201.0
313.0
267.0
141.0
261.0
198.0
250.0
230.0
256.0
200.0
195.0
243.0
356.0
197.0
178.0
285.0
199.0
236.0
209.0
229.0
298.0
199.0
161.0
227.0
280.0
166.0
265.0
198.0
303.0
193.0
218.0
244.0
250.0
194.0
160.0
319.0
212.0
217.0
232.0
329.0
254.0
201.0
197.0
299.0
449.0
271.0
200.0
193.0
238.0
238.0
190.0
221.0
206.0
173.0
234.0
191.0
149.0
155.0
188.0
247.0
253.0
202.0
227.0
173.0
308.0
276.0
277.0
219.0
216.0
223.0
324.0
250.0
220.0
312.0
311.0
190.0
250.0
211.0
297.0
177.0
306.0
162.0
189.0
221.0
316.0
194.0
228.0
169.0
338.0
299.0
237.0
329.0
150.0
319.0
198.0
202.0
230.0
158.0
244.0
288.0
331.0
322.0
240.0
379.0
193.0
307.0
255.0
270.0
189.0
182.0
205.0
196.0
204.0
244.0
220.0
234.0
211.0
201.0
176.0
211.0
335.0
207.0
126.0
301.0
221.0
300.0
223.0
231.0
349.0
169.0
213.0
190.0
310.0
224.0
195.0
239.0
222.0
185.0
255.0
187.0
239.0
283.0
277.0
150.0
197.0
318.0
220.0
213.0
237.0
264.0
171.0
176.0
233.0
220.0
276.0
188.0
275.0
202.0
205.0
206.0
180.0
147.0
308.0
221.0
260.0
213.0
214.0
270.0
254.0
243.0
284.0
296.0
188.0
261.0
248.0
214.0
237.0
163.0
260.0
356.0
240.0
310.0
239.0
203.0
305.0
204.0
267.0
150.0
177.0
231.0
267.0
218.0
276.0
221.0
237.0
320.0
255.0
184.0
237.0
220.0
140.0
195.0
272.0
167.0
256.0
317.0
242.0
240.0
176.0
223.0
235.0
192.0
138.0
220.0
213.0
273.0
315.0
287.0
219.0
197.0
289.0
307.0
173.0
313.0
322.0
201.0
174.0
215.0
262.0
264.0
217.0
283.0
157.0
199.0
247.0
187.0
260.0
342.0
141.0
234.0
156.0
306.0
187.0
243.0
265.0
334.0
281.0
164.0
278.0
253.0
216.0
370.0
242.0
156.0
204.0
236.0
193.0
90.0
222.0
268.0
212.0
133.0
270.0
303.0
134.0
247.0
222.0
190.0
238.0
315.0
253.0
259.0
183.0
209.0
432.0
219.0
216.0
201.0
289.0
213.0
244.0
181.0
241.0
350.0
184.0
185.0
256.0
158.0
227.0
270.0
279.0
128.0
250.0
155.0
225.0
206.0
409.0
179.0
266.0
186.0
261.0
450.0
170.0
234.0
219.0
344.0
292.0
177.0
200.0
354.0
358.0
272.0
253.0
166.0
145.0
153.0
280.0
287.0
281.0
161.0
193.0
227.0
159.0
180.0
230.0
290.0
196.0
215.0
200.0
242.0
223.0
250.0
244.0
268.0
205.0
198.0
304.0
219.0
393.0
180.0
174.0
269.0
160.0
199.0
250.0
225.0
228.0
209.0
285.0
247.0
277.0
207.0
192.0
274.0
339.0
125.0
254.0
192.0
242.0
176.0
305.0
262.0
224.0
206.0
230.0
225.0
265.0
270.0
175.0
153.0
315.0
194.0
319.0
347.0
270.0
148.0
258.0
212.0
310.0
163.0
326.0
182.0
265.0
251.0
173.0
286.0
296.0
202.0
306.0
211.0
242.0
193.0
179.0
176.0
243.0
153.0
264.0
335.0
351.0
316.0
220.0
202.0
255.0
191.0
261.0
189.0
235.0
232.0
314.0
188.0
171.0
298.0
184.0
197.0
164.0
306.0
265.0
269.0
173.0
196.0
250.0
248.0
419.0
221.0
220.0
276.0
245.0
217.0
193.0
150.0
277.0
216.0
201.0
239.0
147.0
190.0
150.0
323.0
252.0
240.0
227.0
194.0
184.0
242.0
265.0
213.0
252.0
164.0
228.0
207.0
213.0
188.0
279.0
260.0
244.0
190.0
263.0
181.0
283.0
346.0
249.0
308.0
202.0
258.0
171.0
181.0
144.0
205.0
187.0
150.0
229.0
240.0
234.0
248.0
153.0
270.0
324.0
281.0
210.0
271.0
179.0
238.0
271.0
295.0
203.0
246.0
209.0
148.0
206.0
237.0
150.0
214.0
210.0
150.0
265.0
224.0
176.0
273.0
217.0
286.0
284.0
174.0
315.0
242.0
174.0
173.0
321.0
177.0
229.0
199.0
278.0
168.0
157.0
182.0
218.0
253.0
386.0
216.0
283.0
261.0
236.0
147.0
325.0
246.0
205.0
220.0
237.0
162.0
235.0
298.0
440.0
299.0
179.0
208.0
255.0
207.0
302.0
134.0
175.0
297.0
231.0
229.0
281.0
236.0
271.0
253.0
166.0
417.0
166.0
253.0
227.0
212.0
187.0
292.0
188.0
153.0
282.0
220.0
242.0
230.0
139.0
253.0
150.0
251.0
239.0
283.0
183.0
308.0
230.0
185.0
215.0
142.0
225.0
273.0
181.0
164.0
274.0
251.0
265.0
219.0
224.0
265.0
274.0
232.0
155.0
388.0
192.0
329.0
196.0
177.0
286.0
275.0
225.0
195.0
183.0
240.0
207.0
203.0
249.0
242.0
220.0
180.0
104.0
265.0
181.0
161.0
192.0
182.0
208.0
303.0
326.0
255.0
208.0
246.0
216.0
243.0
169.0
259.0
238.0
288.0
253.0
292.0
194.0
149.0
244.0
240.0
274.0
259.0
181.0
234.0
302.0
134.0
302.0
217.0
291.0
208.0
381.0
163.0
231.0
216.0
233.0
176.0
247.0
250.0
255.0
243.0
206.0
257.0
228.0
182.0
177.0
171.0
226.0
243.0
199.0
325.0
260.0
153.0
277.0
172.0
240.0
137.0
229.0
248.0
302.0
171.0
210.0
312.0
202.0
179.0
150.0
226.0
330.0
350.0
207.0
300.0
203.0
268.0
249.0
194.0
269.0
340.0
220.0
390.0
190.0
268.0
263.0
228.0
192.0
170.0
220.0
277.0
263.0
139.0
277.0
252.0
266.0
150.0
203.0
165.0
206.0
344.0
283.0
247.0
189.0
154.0
279.0
196.0
196.0
226.0
184.0
345.0
146.0
236.0
262.0
174.0
220.0
287.0
203.0
247.0
188.0
212.0
234.0
257.0
313.0
215.0
181.0
302.0
224.0
145.0
211.0
199.0
312.0
224.0
308.0
122.0
231.0
181.0
307.0
295.0
208.0
172.0
237.0
197.0
278.0
273.0
257.0
342.0
215.0
218.0
204.0
450.0
191.0
221.0
237.0
190.0
259.0
281.0
388.0
330.0
253.0
180.0
172.0
191.0
215.0
265.0
192.0
250.0
268.0
234.0
181.0
298.0
160.0
253.0
123.0
190.0
313.0
281.0
279.0
323.0
193.0
351.0
214.0
215.0
199.0
193.0
246.0
171.0
243.0
238.0
213.0
206.0
261.0
209.0
234.0
202.0
307.0
272.0
210.0
289.0
267.0
160.0
353.0
249.0
222.0
320.0
275.0
222.0
210.0
225.0
301.0
379.0
233.0
278.0
370.0
232.0
260.0
181.0
222.0
329.0
277.0
267.0
169.0
223.0
243.0
199.0
196.0
215.0
166.0
334.0
182.0
283.0
378.0
277.0
301.0
253.0
187.0
238.0
179.0
174.0
231.0
251.0
192.0
285.0
243.0
338.0
240.0
320.0
213.0
247.0
265.0
351.0
246.0
212.0
177.0
187.0
320.0
330.0
209.0
203.0
226.0
255.0
256.0
133.0
200.0
286.0
357.0
202.0
165.0
293.0
246.0
186.0
293.0
145.0
222.0
229.0
239.0
178.0
243.0
203.0
223.0
253.0
313.0
200.0
286.0
191.0
237.0
260.0
224.0
292.0
135.0
265.0
210.0
134.0
243.0
264.0
268.0
437.0
288.0
260.0
291.0
260.0
202.0
197.0
216.0
195.0
210.0
224.0
284.0
169.0
238.0
208.0
271.0
299.0
293.0
168.0
391.0
277.0
225.0
295.0
208.0
213.0
176.0
200.0
242.0
237.0
197.0
147.0
301.0
304.0
183.0
309.0
233.0
256.0
345.0
234.0
135.0
295.0
224.0
308.0
306.0
225.0
247.0
267.0
232.0
195.0
199.0
206.0
147.0
237.0
282.0
284.0
206.0
228.0
232.0
143.0
215.0
176.0
189.0
271.0
198.0
182.0
289.0
245.0
285.0
161.0
244.0
201.0
164.0
215.0
178.0
338.0
155.0
238.0
240.0
234.0
190.0
213.0
261.0
361.0
208.0
159.0
294.0
298.0
196.0
283.0
195.0
160.0
274.0
257.0
244.0
176.0
267.0
206.0
126.0
239.0
161.0
198.0
171.0
238.0
246.0
196.0
241.0
263.0
324.0
259.0
197.0
326.0
211.0
303.0
329.0
268.0
180.0
190.0
209.0
347.0
180.0
218.0
271.0
155.0
349.0
194.0
219.0
255.0
302.0
211.0
259.0
210.0
258.0
256.0
194.0
221.0
188.0
175.0
318.0
263.0
206.0
239.0
264.0
337.0
242.0
244.0
281.0
257.0
174.0
199.0
161.0
176.0
237.0
305.0
159.0
173.0
174.0
203.0
338.0
228.0
144.0
215.0
267.0
274.0
179.0
166.0
239.0
338.0
187.0
239.0
207.0
229.0
224.0
343.0
208.0
184.0
325.0
319.0
138.0
240.0
256.0
161.0
319.0
180.0
287.0
167.0
126.0
290.0
120.0
266.0
183.0
220.0
282.0
276.0
215.0
196.0
214.0
260.0
244.0
194.0
270.0
302.0
217.0
220.0
220.0
178.0
187.0
170.0
213.0
284.0
294.0
251.0
176.0
249.0
242.0
263.0
223.0
202.0
232.0
167.0
196.0
200.0
258.0
256.0
219.0
248.0
186.0
213.0
188.0
341.0
113.0
245.0
269.0
204.0
183.0
216.0
119.0
157.0
254.0
298.0
265.0
278.0
210.0
268.0
483.0
228.0
314.0
213.0
246.0
257.0
280.0
263.0
185.0
165.0
185.0
278.0
169.0
194.0
259.0
261.0
223.0
146.0
221.0
149.0
307.0
277.0
313.0
175.0
386.0
319.0
187.0
223.0
551.0
191.0
284.0
191.0
206.0
363.0
219.0
197.0
187.0
238.0
348.0
227.0
158.0
226.0
276.0
153.0
204.0
192.0
214.0
174.0
249.0
288.0
218.0
215.0
198.0
225.0
256.0
325.0
190.0
246.0
264.0
226.0
196.0
251.0
245.0
205.0
242.0
216.0
265.0
295.0
214.0
257.0
171.0
156.0
204.0
224.0
223.0
324.0
218.0
373.0
234.0
228.0
320.0
231.0
576.0
197.0
193.0
180.0
242.0
188.0
251.0
270.0
123.0
229.0
214.0
133.0
197.0
208.0
351.0
127.0
157.0
294.0
319.0
304.0
254.0
207.0
250.0
233.0
226.0
204.0
281.0
245.0
215.0
273.0
160.0
162.0
228.0
235.0
250.0
154.0
107.0
177.0
215.0
298.0
206.0
249.0
218.0
214.0
185.0
313.0
365.0
373.0
162.0
281.0
216.0
264.0
172.0
226.0
248.0
172.0
251.0
234.0
208.0
180.0
232.0
242.0
260.0
253.0
305.0
190.0
300.0
234.0
156.0
241.0
190.0
176.0
241.0
106.0
174.0
208.0
288.0
202.0
424.0
495.0
188.0
356.0
249.0
277.0
385.0
115.0
242.0
231.0
348.0
264.0
256.0
173.0
194.0
256.0
322.0
285.0
336.0
187.0
135.0
205.0
220.0
288.0
168.0
303.0
297.0
196.0
200.0
190.0
185.0
191.0
232.0
200.0
312.0
211.0
160.0
272.0
173.0
158.0
317.0
247.0
203.0
295.0
128.0
186.0
296.0
216.0
234.0
285.0
185.0
230.0
199.0
199.0
291.0
326.0
164.0
210.0
221.0
137.0
299.0
224.0
235.0
158.0
146.0
350.0
260.0
258.0
263.0
305.0
195.0
229.0
300.0
235.0
273.0
259.0
186.0
308.0
177.0
175.0
220.0
134.0
215.0
178.0
209.0
176.0
425.0
193.0
249.0
184.0
284.0
236.0
228.0
166.0
223.0
178.0
348.0
237.0
245.0
226.0
301.0
311.0
285.0
234.0
217.0
241.0
230.0
216.0
169.0
190.0
341.0
284.0
192.0
243.0
211.0
203.0
215.0
280.0
270.0
319.0
204.0
267.0
319.0
220.0
208.0
244.0
183.0
237.0
287.0
296.0
305.0
157.0
220.0
238.0
140.0
197.0
243.0
187.0
266.0
330.0
210.0
184.0
229.0
242.0
324.0
124.0
221.0
291.0
222.0
227.0
317.0
255.0
211.0
254.0
181.0
211.0
203.0
228.0
247.0
191.0
179.0
201.0
221.0
297.0
212.0
177.0
202.0
226.0
180.0
218.0
289.0
257.0
208.0
188.0
329.0
160.0
139.0
221.0
236.0
186.0
235.0
190.0
197.0
229.0
231.0
191.0
183.0
257.0
213.0
231.0
236.0
181.0
219.0
229.0
345.0
229.0
206.0
263.0
203.0
241.0
290.0
236.0
928.0
268.0
260.0
163.0
261.0
191.0
219.0
292.0
225.0
233.0
133.0
152.0
311.0
221.0
227.0
354.0
190.0
218.0
237.0
242.0
266.0
306.0
124.0
315.0
147.0
280.0
138.0
190.0
147.0
277.0
229.0
325.0
218.0
283.0
208.0
215.0
232.0
207.0
159.0
286.0
181.0
228.0
244.0
115.0
281.0
246.0
438.0
298.0
249.0
202.0
215.0
212.0
328.0
149.0
305.0
192.0
164.0
210.0
290.0
218.0
245.0
275.0
212.0
205.0
188.0
180.0
279.0
152.0
147.0
189.0
149.0
213.0
239.0
304.0
220.0
280.0
173.0
146.0
219.0
308.0
190.0
223.0
338.0
447.0
222.0
185.0
263.0
258.0
237.0
252.0
219.0
223.0
185.0
241.0
298.0
186.0
137.0
202.0
187.0
193.0
167.0
394.0
213.0
170.0
163.0
176.0
312.0
385.0
188.0
238.0
251.0
258.0
165.0
152.0
366.0
198.0
223.0
452.0
239.0
242.0
201.0
148.0
191.0
252.0
332.0
254.0
215.0
214.0
428.0
185.0
283.0
220.0
287.0
325.0
288.0
218.0
204.0
212.0
219.0
247.0
183.0
242.0
171.0
151.0
188.0
234.0
260.0
195.0
220.0
190.0
263.0
231.0
252.0
167.0
167.0
250.0
139.0
169.0
132.0
291.0
203.0
254.0
193.0
214.0
337.0
300.0
258.0
294.0
294.0
276.0
190.0
330.0
171.0
162.0
230.0
219.0
245.0
205.0
372.0
253.0
275.0
169.0
223.0
268.0
176.0
239.0
262.0
223.0
247.0
232.0
230.0
197.0
302.0
201.0
218.0
237.0
254.0
220.0
197.0
341.0
175.0
176.0
262.0
174.0
307.0
254.0
274.0
189.0
233.0
309.0
216.0
255.0
294.0
159.0
203.0
168.0
244.0
205.0
234.0
125.0
237.0
196.0
363.0
130.0
252.0
208.0
274.0
378.0
272.0
263.0
271.0
300.0
278.0
248.0
129.0
335.0
299.0
145.0
246.0
200.0
207.0
191.0
382.0
232.0
356.0
276.0
147.0
190.0
339.0
273.0
170.0
299.0
190.0
181.0
313.0
201.0
222.0
284.0
168.0
269.0
201.0
187.0
252.0
293.0
114.0
268.0
286.0
242.0
334.0
225.0
240.0
307.0
194.0
273.0
254.0
121.0
248.0
229.0
212.0
216.0
266.0
268.0
183.0
317.0
242.0
262.0
183.0
271.0
215.0
275.0
195.0
294.0
192.0
189.0
271.0
196.0
315.0
264.0
194.0
240.0
355.0
232.0
263.0
254.0
345.0
160.0
236.0
235.0
464.0
214.0
193.0
278.0
245.0
257.0
208.0
259.0
214.0
778.0
306.0
158.0
245.0
323.0
162.0
158.0
216.0
200.0
331.0
152.0
239.0
210.0
218.0
220.0
204.0
228.0
257.0
270.0
177.0
248.0
185.0
144.0
193.0
288.0
192.0
277.0
134.0
497.0
152.0
370.0
245.0
202.0
171.0
318.0
236.0
224.0
327.0
153.0
299.0
244.0
224.0
233.0
290.0
221.0
138.0
234.0
191.0
208.0
536.0
226.0
225.0
249.0
151.0
216.0
274.0
226.0
243.0
274.0
198.0
160.0
245.0
309.0
191.0
195.0
252.0
242.0
297.0
240.0
214.0
210.0
310.0
192.0
292.0
321.0
246.0
204.0
225.0
124.0
251.0
210.0
281.0
178.0
221.0
299.0
237.0
248.0
222.0
263.0
206.0
163.0
198.0
212.0
261.0
326.0
251.0
409.0
244.0
238.0
216.0
204.0
425.0
146.0
205.0
204.0
211.0
242.0
161.0
197.0
257.0
207.0
210.0
214.0
384.0
313.0
343.0
213.0
203.0
156.0
238.0
323.0
286.0
179.0
267.0
257.0
216.0
342.0
198.0
168.0
313.0
189.0
267.0
222.0
169.0
403.0
209.0
277.0
260.0
307.0
128.0
383.0
192.0
241.0
199.0
142.0
214.0
178.0
205.0
257.0
249.0
309.0
173.0
246.0
226.0
224.0
311.0
208.0
243.0
233.0
273.0
215.0
270.0
270.0
347.0
200.0
169.0
227.0
137.0
143.0
140.0
227.0
217.0
187.0
294.0
222.0
246.0
310.0
232.0
276.0
244.0
201.0
258.0
230.0
334.0
250.0
345.0
259.0
242.0
256.0
223.0
170.0
299.0
377.0
162.0
261.0
217.0
215.0
248.0
231.0
211.0
249.0
191.0
238.0
228.0
231.0
331.0
192.0
194.0
236.0
206.0
333.0
261.0
300.0
121.0
278.0
298.0
195.0
238.0
207.0
260.0
258.0
299.0
218.0
379.0
271.0
159.0
219.0
292.0
237.0
178.0
218.0
356.0
228.0
250.0
151.0
175.0
200.0
318.0
229.0
222.0
222.0
254.0
230.0
237.0
275.0
250.0
323.0
144.0
148.0
206.0
298.0
143.0
335.0
249.0
229.0
292.0
188.0
211.0
197.0
207.0
200.0
171.0
224.0
297.0
246.0
185.0
193.0
385.0
249.0
260.0
239.0
166.0
232.0
200.0
368.0
191.0
237.0
300.0
284.0
157.0
270.0
203.0
191.0
214.0
234.0
171.0
178.0
179.0
425.0
201.0
288.0
258.0
298.0
220.0
142.0
265.0
183.0
282.0
204.0
224.0
296.0
147.0
246.0
271.0
192.0
276.0
225.0
133.0
460.0
209.0
207.0
171.0
219.0
244.0
212.0
436.0
244.0
208.0
214.0
232.0
344.0
268.0
189.0
206.0
273.0
193.0
226.0
192.0
217.0
225.0
269.0
240.0
1148.0
217.0
221.0
202.0
188.0
322.0
248.0
270.0
176.0
190.0
137.0
353.0
337.0
186.0
181.0
219.0
174.0
190.0
140.0
170.0
234.0
317.0
193.0
229.0
194.0
213.0
295.0
330.0
262.0
165.0
249.0
281.0
223.0
273.0
197.0
189.0
131.0
284.0
253.0
163.0
203.0
148.0
357.0
191.0
242.0
385.0
302.0
204.0
342.0
305.0
152.0
207.0
306.0
275.0
226.0
334.0
160.0
127.0
222.0
215.0
189.0
189.0
192.0
187.0
217.0
178.0
291.0
208.0
140.0
191.0
268.0
232.0
221.0
205.0
267.0
189.0
261.0
205.0
202.0
169.0
282.0
165.0
153.0
456.0
257.0
363.0
194.0
176.0
179.0
235.0
177.0
240.0
206.0
243.0
235.0
193.0
294.0
358.0
265.0
137.0
260.0
189.0
152.0
199.0
202.0
363.0
129.0
254.0
230.0
245.0
176.0
214.0
179.0
392.0
231.0
148.0
226.0
186.0
185.0
195.0
224.0
188.0
194.0
252.0
265.0
126.0
156.0
248.0
290.0
315.0
223.0
240.0
275.0
174.0
183.0
209.0
247.0
271.0
206.0
319.0
292.0
221.0
207.0
265.0
209.0
250.0
164.0
178.0
280.0
415.0
305.0
368.0
425.0
290.0
198.0
247.0
208.0
170.0
170.0
201.0
219.0
198.0
174.0
143.0
242.0
164.0
243.0
196.0
186.0
156.0
190.0
294.0
256.0
270.0
180.0
211.0
171.0
447.0
250.0
325.0
203.0
206.0
224.0
213.0
225.0
164.0
324.0
176.0
341.0
245.0
192.0
184.0
181.0
142.0
276.0
190.0
295.0
249.0
337.0
247.0
233.0
175.0
296.0
182.0
267.0
208.0
196.0
242.0
264.0
308.0
250.0
195.0
169.0
241.0
199.0
158.0
274.0
239.0
175.0
252.0
207.0
252.0
204.0
243.0
229.0
218.0
192.0
296.0
148.0
250.0
249.0
172.0
219.0
161.0
192.0
253.0
219.0
284.0
175.0
201.0
254.0
300.0
181.0
254.0
189.0
212.0
235.0
228.0
189.0
151.0
262.0
317.0
220.0
326.0
187.0
198.0
258.0
232.0
380.0
232.0
261.0
178.0
200.0
282.0
209.0
224.0
257.0
159.0
198.0
207.0
253.0
221.0
196.0
216.0
235.0
171.0
232.0
373.0
363.0
220.0
118.0
220.0
260.0
173.0
139.0
225.0
245.0
215.0
196.0
220.0
168.0
222.0
359.0
211.0
170.0
331.0
123.0
163.0
197.0
277.0
437.0
175.0
269.0
189.0
394.0
184.0
252.0
155.0
263.0
336.0
340.0
156.0
206.0
159.0
356.0
135.0
266.0
263.0
196.0
92.0
257.0
198.0
201.0
213.0
132.0
156.0
212.0
181.0
158.0
123.0
278.0
227.0
232.0
250.0
213.0
667.0
342.0
244.0
351.0
129.0
278.0
233.0
365.0
268.0
245.0
205.0
179.0
151.0
204.0
149.0
304.0
240.0
176.0
219.0
209.0
181.0
191.0
160.0
283.0
248.0
349.0
222.0
161.0
209.0
193.0
224.0
279.0
196.0
184.0
219.0
318.0
577.0
300.0
222.0
161.0
341.0
252.0
235.0
216.0
191.0
123.0
220.0
272.0
196.0
186.0
178.0
208.0
129.0
198.0
176.0
211.0
527.0
242.0
201.0
318.0
167.0
340.0
165.0
159.0
235.0
224.0
167.0
271.0
362.0
292.0
243.0
238.0
311.0
300.0
276.0
323.0
240.0
318.0
168.0
269.0
127.0
273.0
183.0
261.0
231.0
410.0
219.0
259.0
314.0
199.0
227.0
176.0
245.0
169.0
197.0
188.0
199.0
179.0
258.0
309.0
260.0
252.0
249.0
366.0
445.0
171.0
203.0
223.0
176.0
193.0
264.0
233.0
162.0
227.0
213.0
211.0
202.0
268.0
157.0
259.0
324.0
212.0
376.0
428.0
205.0
193.0
202.0
198.0
245.0
240.0
268.0
221.0
338.0
191.0
200.0
197.0
172.0
238.0
223.0
282.0
185.0
298.0
151.0
323.0
201.0
156.0
210.0
365.0
167.0
182.0
277.0
179.0
175.0
180.0
137.0
318.0
244.0
222.0
170.0
175.0
295.0
252.0
244.0
262.0
177.0
158.0
174.0
259.0
201.0
179.0
316.0
229.0
248.0
318.0
348.0
285.0
283.0
326.0
196.0
184.0
166.0
212.0
187.0
327.0
287.0
310.0
454.0
222.0
317.0
98.0
266.0
215.0
221.0
407.0
211.0
188.0
240.0
255.0
163.0
257.0
229.0
263.0
177.0
167.0
257.0
254.0
207.0
361.0
328.0
257.0
111.0
349.0
140.0
159.0
263.0
386.0
262.0
226.0
237.0
307.0
241.0
299.0
138.0
175.0
176.0
176.0
177.0
379.0
265.0
193.0
206.0
249.0
190.0
217.0
225.0
184.0
210.0
468.0
297.0
401.0
292.0
202.0
254.0
209.0
136.0
157.0
209.0
200.0
161.0
237.0
241.0
191.0
227.0
214.0
301.0
291.0
146.0
244.0
275.0
257.0
185.0
158.0
233.0
264.0
239.0
390.0
237.0
179.0
156.0
215.0
178.0
178.0
199.0
134.0
217.0
273.0
237.0
155.0
216.0
414.0
252.0
166.0
153.0
169.0
238.0
321.0
220.0
251.0
330.0
300.0
247.0
191.0
114.0
183.0
312.0
166.0
180.0
267.0
188.0
349.0
235.0
308.0
174.0
308.0
284.0
329.0
185.0
164.0
235.0
314.0
162.0
204.0
202.0
185.0
199.0
822.0
126.0
237.0
224.0
201.0
252.0
200.0
187.0
267.0
312.0
271.0
177.0
244.0
223.0
189.0
204.0
308.0
286.0
149.0
307.0
223.0
232.0
187.0
243.0
233.0
319.0
242.0
198.0
291.0
140.0
141.0
346.0
130.0
134.0
291.0
157.0
263.0
150.0
162.0
394.0
188.0
166.0
144.0
188.0
191.0
193.0
138.0
203.0
122.0
348.0
319.0
311.0
195.0
203.0
397.0
184.0
264.0
217.0
158.0
206.0
217.0
313.0
146.0
173.0
412.0
260.0
291.0
276.0
302.0
252.0
198.0
263.0
275.0
284.0
146.0
155.0
207.0
236.0
293.0
145.0
293.0
295.0
191.0
162.0
212.0
242.0
324.0
150.0
265.0
202.0
252.0
234.0
295.0
302.0
182.0
216.0
247.0
140.0
216.0
327.0
157.0
292.0
271.0
290.0
477.0
227.0
223.0
298.0
234.0
238.0
280.0
315.0
221.0
146.0
185.0
145.0
322.0
179.0
297.0
205.0
285.0
192.0
196.0
159.0
259.0
249.0
307.0
361.0
289.0
236.0
232.0
169.0
248.0
387.0
236.0
210.0
252.0
347.0
384.0
170.0
165.0
206.0
150.0
210.0
369.0
279.0
153.0
312.0
171.0
217.0
190.0
294.0
154.0
146.0
213.0
233.0
183.0
110.0
305.0
348.0
170.0
307.0
206.0
347.0
280.0
232.0
253.0
410.0
376.0
298.0
215.0
271.0
226.0
249.0
569.0
170.0
357.0
243.0
190.0
227.0
209.0
247.0
153.0
183.0
173.0
188.0
212.0
247.0
239.0
161.0
183.0
209.0
241.0
186.0
230.0
279.0
194.0
248.0
327.0
223.0
378.0
258.0
209.0
209.0
282.0
206.0
288.0
221.0
288.0
227.0
314.0
309.0
241.0
169.0
252.0
194.0
251.0
262.0
196.0
219.0
331.0
386.0
153.0
174.0
268.0
235.0
159.0
200.0
309.0
202.0
273.0
303.0
127.0
231.0
286.0
250.0
180.0
452.0
328.0
265.0
160.0
201.0
322.0
159.0
223.0
257.0
204.0
240.0
330.0
219.0
198.0
176.0
288.0
478.0
270.0
114.0
171.0
280.0
209.0
293.0
266.0
270.0
143.0
267.0
166.0
293.0
172.0
224.0
223.0
156.0
379.0
206.0
290.0
227.0
239.0
202.0
167.0
206.0
175.0
155.0
218.0
227.0
204.0
267.0
188.0
200.0
338.0
268.0
219.0
184.0
149.0
172.0
296.0
190.0
234.0
267.0
371.0
273.0
282.0
267.0
261.0
184.0
169.0
259.0
271.0
218.0
212.0
184.0
546.0
281.0
168.0
202.0
203.0
293.0
184.0
351.0
226.0
195.0
156.0
188.0
240.0
289.0
189.0
233.0
266.0
281.0
222.0
187.0
328.0
232.0
264.0
282.0
260.0
923.0
158.0
208.0
305.0
256.0
199.0
191.0
242.0
265.0
186.0
185.0
205.0
254.0
113.0
167.0
215.0
352.0
366.0
155.0
320.0
190.0
214.0
174.0
210.0
166.0
266.0
161.0
266.0
309.0
162.0
207.0
267.0
170.0
383.0
260.0
160.0
230.0
206.0
335.0
276.0
240.0
234.0
294.0
341.0
189.0
190.0
225.0
244.0
182.0
242.0
209.0
282.0
161.0
232.0
184.0
314.0
106.0
200.0
300.0
206.0
238.0
147.0
278.0
177.0
182.0
190.0
250.0
247.0
154.0
142.0
263.0
139.0
365.0
198.0
172.0
186.0
123.0
436.0
263.0
205.0
283.0
236.0
149.0
177.0
194.0
276.0
308.0
325.0
265.0
238.0
285.0
243.0
263.0
270.0
200.0
266.0
169.0
408.0
160.0
246.0
213.0
134.0
253.0
288.0
189.0
207.0
194.0
184.0
237.0
174.0
270.0
243.0
207.0
163.0
183.0
188.0
258.0
178.0
156.0
190.0
185.0
281.0
171.0
206.0
167.0
247.0
277.0
175.0
339.0
197.0
183.0
163.0
192.0
293.0
205.0
157.0
234.0
299.0
351.0
184.0
193.0
270.0
251.0
207.0
257.0
281.0
267.0
200.0
349.0
192.0
321.0
161.0
199.0
204.0
224.0
339.0
277.0
288.0
249.0
219.0
220.0
481.0
168.0
312.0
208.0
160.0
152.0
211.0
178.0
151.0
319.0
151.0
378.0
165.0
242.0
224.0
186.0
256.0
335.0
245.0
234.0
224.0
250.0
283.0
183.0
264.0
250.0
271.0
163.0
239.0
185.0
262.0
248.0
151.0
251.0
265.0
125.0
308.0
156.0
238.0
169.0
181.0
161.0
121.0
231.0
159.0
209.0
225.0
255.0
224.0
337.0
250.0
222.0
141.0
204.0
231.0
364.0
208.0
223.0
218.0
198.0
172.0
282.0
197.0
226.0
207.0
168.0
288.0
311.0
327.0
224.0
268.0
247.0
177.0
149.0
169.0
132.0
178.0
200.0
356.0
162.0
271.0
365.0
186.0
190.0
267.0
210.0
144.0
157.0
292.0
248.0
264.0
182.0
416.0
256.0
228.0
200.0
206.0
318.0
304.0
231.0
245.0
215.0
276.0
238.0
239.0
225.0
196.0
154.0
282.0
175.0
145.0
350.0
271.0
214.0
172.0
249.0
259.0
132.0
258.0
280.0
153.0
251.0
228.0
152.0
285.0
248.0
274.0
223.0
295.0
220.0
218.0
179.0
157.0
309.0
205.0
197.0
362.0
188.0
205.0
246.0
103.0
224.0
311.0
90.0
219.0
250.0
212.0
164.0
208.0
374.0
231.0
278.0
225.0
217.0
198.0
280.0
192.0
229.0
159.0
306.0
237.0
170.0
173.0
216.0
161.0
368.0
231.0
295.0
189.0
230.0
249.0
200.0
171.0
136.0
407.0
197.0
229.0
239.0
285.0
848.0
231.0
261.0
266.0
242.0
425.0
259.0
195.0
426.0
165.0
249.0
237.0
233.0
176.0
209.0
251.0
131.0
394.0
182.0
298.0
144.0
372.0
158.0
162.0
345.0
136.0
146.0
207.0
355.0
212.0
272.0
203.0
316.0
279.0
252.0
219.0
265.0
226.0
209.0
153.0
244.0
287.0
244.0
158.0
246.0
170.0
192.0
206.0
293.0
276.0
269.0
210.0
133.0
161.0
149.0
156.0
209.0
348.0
216.0
254.0
386.0
203.0
351.0
337.0
190.0
283.0
252.0
153.0
330.0
267.0
238.0
384.0
227.0
277.0
329.0
259.0
252.0
226.0
234.0
267.0
173.0
233.0
325.0
219.0
180.0
268.0
180.0
157.0
200.0
143.0
218.0
236.0
386.0
128.0
342.0
206.0
252.0
208.0
194.0
213.0
240.0
224.0
230.0
237.0
255.0
256.0
237.0
127.0
414.0
298.0
218.0
367.0
315.0
291.0
209.0
281.0
204.0
371.0
236.0
162.0
171.0
392.0
249.0
266.0
223.0
274.0
199.0
224.0
259.0
117.0
301.0
271.0
190.0
134.0
304.0
222.0
169.0
190.0
250.0
273.0
263.0
151.0
330.0
209.0
222.0
285.0
255.0
277.0
261.0
182.0
295.0
196.0
201.0
322.0
213.0
226.0
176.0
227.0
196.0
260.0
240.0
249.0
259.0
153.0
256.0
240.0
315.0
182.0
305.0
312.0
234.0
279.0
355.0
161.0
239.0
197.0
182.0
220.0
195.0
219.0
223.0
255.0
261.0
235.0
253.0
283.0
210.0
184.0
180.0
217.0
166.0
243.0
239.0
187.0
280.0
270.0
261.0
197.0
198.0
209.0
293.0
268.0
149.0
215.0
234.0
200.0
214.0
209.0
353.0
147.0
440.0
214.0
172.0
186.0
259.0
188.0
200.0
265.0
271.0
173.0
176.0
284.0
199.0
339.0
324.0
253.0
204.0
193.0
185.0
188.0
209.0
207.0
380.0
180.0
158.0
337.0
166.0
147.0
422.0
176.0
301.0
182.0
160.0
232.0
237.0
245.0
176.0
278.0
211.0
199.0
315.0
200.0
122.0
181.0
272.0
186.0
169.0
247.0
253.0
293.0
216.0
193.0
265.0
108.0
264.0
212.0
255.0
204.0
188.0
170.0
349.0
203.0
223.0
266.0
229.0
174.0
165.0
199.0
308.0
163.0
155.0
340.0
195.0
150.0
243.0
230.0
191.0
188.0
226.0
209.0
305.0
260.0
274.0
351.0
175.0
293.0
203.0
184.0
247.0
155.0
219.0
146.0
243.0
318.0
245.0
647.0
216.0
180.0
249.0
300.0
286.0
226.0
362.0
123.0
270.0
318.0
267.0
244.0
184.0
158.0
217.0
168.0
267.0
211.0
212.0
313.0
240.0
332.0
188.0
235.0
223.0
329.0
132.0
253.0
165.0
226.0
190.0
304.0
215.0
166.0
188.0
193.0
221.0
240.0
231.0
123.0
193.0
177.0
205.0
244.0
257.0
216.0
167.0
174.0
191.0
270.0
216.0
251.0
300.0
135.0
134.0
197.0
168.0
149.0
406.0
157.0
338.0
202.0
260.0
271.0
296.0
310.0
205.0
169.0
208.0
222.0
315.0
212.0
201.0
217.0
198.0
316.0
200.0
252.0
229.0
293.0
425.0
185.0
330.0
210.0
193.0
278.0
244.0
288.0
303.0
175.0
255.0
128.0
272.0
275.0
327.0
199.0
236.0
376.0
167.0
237.0
175.0
179.0
460.0
240.0
355.0
248.0
393.0
278.0
320.0
238.0
304.0
215.0
294.0
245.0
231.0
177.0
116.0
234.0
343.0
372.0
320.0
311.0
266.0
205.0
213.0
359.0
363.0
238.0
281.0
199.0
279.0
183.0
213.0
152.0
190.0
164.0
242.0
204.0
256.0
207.0
309.0
375.0
384.0
306.0
191.0
177.0
423.0
470.0
304.0
197.0
170.0
196.0
190.0
251.0
231.0
346.0
255.0
214.0
206.0
242.0
338.0
179.0
230.0
244.0
320.0
165.0
139.0
351.0
188.0
346.0
172.0
201.0
276.0
204.0
173.0
249.0
209.0
208.0
174.0
432.0
327.0
211.0
166.0
415.0
215.0
361.0
233.0
238.0
232.0
219.0
236.0
259.0
235.0
254.0
197.0
235.0
269.0
191.0
164.0
317.0
194.0
128.0
393.0
349.0
184.0
298.0
159.0
125.0
160.0
260.0
191.0
218.0
308.0
181.0
415.0
212.0
331.0
270.0
295.0
228.0
299.0
144.0
230.0
227.0
263.0
269.0
288.0
280.0
173.0
396.0
240.0
196.0
289.0
195.0
214.0
167.0
152.0
172.0
112.0
196.0
198.0
298.0
270.0
435.0
269.0
317.0
371.0
209.0
190.0
153.0
196.0
204.0
310.0
218.0
162.0
299.0
144.0
350.0
254.0
222.0
380.0
199.0
217.0
288.0
230.0
197.0
199.0
245.0
282.0
141.0
240.0
162.0
119.0
215.0
442.0
307.0
255.0
199.0
187.0
254.0
162.0
285.0
285.0
248.0
181.0
234.0
294.0
315.0
317.0
258.0
430.0
238.0
266.0
234.0
153.0
369.0
227.0
187.0
173.0
174.0
151.0
360.0
200.0
357.0
100.0
183.0
260.0
525.0
209.0
238.0
118.0
119.0
242.0
257.0
160.0
124.0
211.0
258.0
289.0
191.0
272.0
186.0
307.0
207.0
211.0
336.0
207.0
217.0
302.0
274.0
193.0
192.0
193.0
556.0
344.0
262.0
167.0
189.0
272.0
195.0
387.0
233.0
247.0
220.0
211.0
155.0
146.0
257.0
249.0
307.0
199.0
166.0
155.0
194.0
243.0
174.0
206.0
229.0
266.0
207.0
313.0
206.0
107.0
177.0
283.0
459.0
216.0
177.0
260.0
229.0
243.0
304.0
142.0
155.0
174.0
207.0
396.0
217.0
204.0
194.0
456.0
189.0
246.0
301.0
165.0
235.0
206.0
281.0
360.0
211.0
245.0
287.0
253.0
160.0
195.0
285.0
278.0
282.0
224.0
270.0
199.0
219.0
281.0
253.0
231.0
275.0
175.0
264.0
200.0
164.0
228.0
229.0
196.0
273.0
272.0
145.0
490.0
111.0
200.0
132.0
256.0
324.0
239.0
202.0
148.0
224.0
230.0
183.0
188.0
237.0
267.0
180.0
208.0
202.0
178.0
340.0
287.0
298.0
245.0
317.0
154.0
387.0
210.0
334.0
216.0
222.0
248.0
174.0
173.0
210.0
220.0
278.0
175.0
158.0
311.0
202.0
328.0
237.0
260.0
235.0
187.0
185.0
227.0
282.0
263.0
200.0
254.0
198.0
158.0
258.0
750.0
213.0
82.0
399.0
147.0
264.0
253.0
462.0
286.0
232.0
198.0
282.0
151.0
489.0
213.0
133.0
259.0
172.0
231.0
168.0
184.0
263.0
150.0
281.0
236.0
282.0
326.0
161.0
198.0
278.0
227.0
335.0
308.0
363.0
369.0
160.0
141.0
211.0
178.0
216.0
314.0
160.0
188.0
284.0
271.0
173.0
117.0
211.0
152.0
242.0
215.0
176.0
183.0
128.0
259.0
304.0
265.0
243.0
261.0
120.0
202.0
228.0
192.0
161.0
215.0
175.0
245.0
131.0
221.0
262.0
403.0
300.0
376.0
202.0
227.0
314.0
195.0
171.0
165.0
244.0
262.0
234.0
254.0
249.0
219.0
250.0
295.0
187.0
221.0
182.0
218.0
195.0
198.0
158.0
220.0
165.0
224.0
251.0
179.0
198.0
194.0
308.0
288.0
280.0
180.0
213.0
177.0
172.0
238.0
261.0
359.0
231.0
237.0
292.0
132.0
210.0
174.0
160.0
270.0
228.0
168.0
170.0
262.0
323.0
213.0
145.0
211.0
175.0
387.0
256.0
249.0
301.0
328.0
209.0
217.0
227.0
320.0
189.0
249.0
219.0
206.0
168.0
264.0
336.0
184.0
365.0
176.0
239.0
153.0
227.0
213.0
153.0
270.0
161.0
143.0
142.0
247.0
182.0
195.0
738.0
197.0
305.0
263.0
243.0
324.0
220.0
414.0
185.0
291.0
253.0
185.0
289.0
234.0
203.0
278.0
235.0
133.0
219.0
171.0
180.0
217.0
250.0
112.0
318.0
284.0
199.0
289.0
218.0
207.0
213.0
180.0
328.0
193.0
140.0
205.0
255.0
292.0
410.0
158.0
304.0
190.0
424.0
163.0
294.0
173.0
212.0
227.0
186.0
160.0
297.0
341.0
166.0
273.0
208.0
202.0
232.0
167.0
327.0
255.0
181.0
172.0
183.0
271.0
291.0
193.0
194.0
393.0
247.0
231.0
386.0
162.0
285.0
215.0
335.0
227.0
259.0
226.0
246.0
165.0
214.0
251.0
236.0
291.0
219.0
197.0
234.0
272.0
261.0
164.0
286.0
158.0
201.0
184.0
175.0
131.0
191.0
175.0
189.0
254.0
181.0
266.0
203.0
381.0
191.0
249.0
185.0
297.0
278.0
271.0
191.0
196.0
144.0
207.0
231.0
266.0
384.0
293.0
190.0
234.0
224.0
332.0
156.0
250.0
178.0
283.0
288.0
273.0
160.0
168.0
161.0
180.0
150.0
162.0
298.0
312.0
164.0
190.0
228.0
220.0
260.0
361.0
342.0
173.0
244.0
267.0
143.0
324.0
370.0
161.0
234.0
282.0
228.0
232.0
239.0
201.0
347.0
250.0
256.0
202.0
128.0
181.0
452.0
218.0
206.0
316.0
193.0
259.0
163.0
204.0
268.0
250.0
226.0
270.0
199.0
227.0
327.0
210.0
187.0
275.0
99.0
254.0
166.0
199.0
222.0
185.0
204.0
181.0
286.0
196.0
171.0
164.0
142.0
153.0
278.0
293.0
167.0
149.0
145.0
263.0
212.0
354.0
251.0
324.0
214.0
338.0
177.0
424.0
176.0
171.0
150.0
141.0
158.0
180.0
232.0
236.0
223.0
248.0
258.0
146.0
313.0
247.0
318.0
257.0
285.0
221.0
204.0
231.0
239.0
251.0
576.0
228.0
204.0
305.0
158.0
288.0
155.0
225.0
382.0
270.0
196.0
350.0
168.0
189.0
357.0
251.0
126.0
214.0
290.0
224.0
265.0
343.0
213.0
174.0
232.0
285.0
163.0
190.0
146.0
251.0
329.0
247.0
290.0
384.0
210.0
202.0
286.0
245.0
336.0
211.0
158.0
381.0
167.0
261.0
181.0
230.0
169.0
238.0
261.0
166.0
255.0
316.0
167.0
229.0
193.0
298.0
190.0
254.0
225.0
199.0
298.0
186.0
204.0
253.0
259.0
343.0
196.0
244.0
215.0
242.0
233.0
196.0
212.0
136.0
260.0
215.0
212.0
229.0
234.0
152.0
175.0
213.0
228.0
196.0
222.0
234.0
235.0
217.0
198.0
290.0
317.0
165.0
189.0
356.0
211.0
217.0
200.0
179.0
257.0
319.0
249.0
204.0
328.0
224.0
332.0
181.0
199.0
310.0
148.0
198.0
220.0
185.0
239.0
215.0
208.0
213.0
144.0
299.0
562.0
411.0
235.0
196.0
266.0
165.0
349.0
251.0
277.0
227.0
277.0
456.0
197.0
204.0
299.0
212.0
319.0
163.0
180.0
264.0
270.0
138.0
336.0
258.0
188.0
320.0
252.0
181.0
172.0
169.0
184.0
167.0
361.0
209.0
214.0
313.0
208.0
403.0
220.0
150.0
336.0
467.0
168.0
182.0
189.0
276.0
142.0
232.0
205.0
326.0
256.0
209.0
261.0
240.0
212.0
152.0
141.0
167.0
178.0
168.0
133.0
363.0
241.0
349.0
206.0
242.0
230.0
298.0
442.0
375.0
278.0
152.0
241.0
180.0
444.0
112.0
157.0
190.0
188.0
539.0
264.0
328.0
175.0
158.0
344.0
237.0
399.0
244.0
182.0
171.0
188.0
201.0
237.0
269.0
242.0
273.0
301.0
269.0
177.0
303.0
218.0
224.0
211.0
342.0
468.0
233.0
366.0
326.0
333.0
346.0
202.0
261.0
319.0
402.0
211.0
173.0
357.0
229.0
214.0
193.0
181.0
185.0
562.0
220.0
219.0
316.0
388.0
282.0
164.0
224.0
180.0
206.0
369.0
230.0
298.0
187.0
257.0
290.0
214.0
286.0
174.0
258.0
248.0
449.0
296.0
158.0
181.0
178.0
289.0
217.0
256.0
325.0
354.0
307.0
242.0
213.0
206.0
250.0
411.0
130.0
181.0
195.0
158.0
193.0
295.0
189.0
242.0
206.0
273.0
309.0
172.0
239.0
439.0
250.0
136.0
250.0
270.0
255.0
232.0
345.0
220.0
252.0
252.0
296.0
180.0
290.0
322.0
220.0
139.0
245.0
200.0
276.0
213.0
159.0
323.0
219.0
138.0
204.0
242.0
324.0
184.0
309.0
265.0
237.0
163.0
202.0
245.0
217.0
245.0
186.0
353.0
216.0
246.0
261.0
275.0
170.0
266.0
193.0
240.0
188.0
243.0
316.0
224.0
238.0
217.0
192.0
315.0
158.0
263.0
258.0
177.0
264.0
210.0
275.0
164.0
262.0
314.0
243.0
286.0
242.0
173.0
217.0
296.0
216.0
217.0
281.0
170.0
283.0
176.0
232.0
239.0
258.0
214.0
314.0
136.0
148.0
301.0
203.0
283.0
180.0
253.0
210.0
223.0
277.0
284.0
381.0
314.0
182.0
187.0
236.0
303.0
310.0
185.0
231.0
271.0
324.0
257.0
207.0
163.0
263.0
247.0
259.0
247.0
247.0
231.0
201.0
244.0
136.0
179.0
168.0
336.0
169.0
289.0
140.0
148.0
194.0
209.0
366.0
245.0
227.0
202.0
286.0
284.0
301.0
179.0
189.0
293.0
323.0
212.0
281.0
282.0
175.0
330.0
246.0
195.0
207.0
228.0
164.0
211.0
245.0
164.0
179.0
165.0
160.0
223.0
225.0
319.0
184.0
200.0
270.0
186.0
180.0
208.0
256.0
217.0
214.0
279.0
235.0
345.0
346.0
349.0
293.0
294.0
276.0
272.0
181.0
226.0
223.0
219.0
262.0
138.0
284.0
243.0
307.0
224.0
155.0
368.0
328.0
180.0
319.0
386.0
213.0
386.0
359.0
200.0
140.0
265.0
178.0
213.0
168.0
176.0
270.0
313.0
209.0
213.0
142.0
208.0
377.0
226.0
303.0
294.0
217.0
319.0
233.0
339.0
176.0
224.0
218.0
366.0
169.0
168.0
212.0
379.0
294.0
222.0
268.0
182.0
203.0
322.0
191.0
282.0
203.0
197.0
265.0
204.0
331.0
204.0
186.0
209.0
202.0
232.0
155.0
317.0
249.0
224.0
129.0
220.0
264.0
299.0
188.0
220.0
270.0
288.0
135.0
185.0
301.0
226.0
1824.0
386.0
326.0
224.0
311.0
417.0
201.0
234.0
163.0
265.0
208.0
279.0
287.0
226.0
182.0
274.0
268.0
371.0
140.0
200.0
268.0
243.0
318.0
182.0
380.0
131.0
179.0
430.0
216.0
206.0
159.0
204.0
210.0
269.0
308.0
303.0
198.0
264.0
222.0
215.0
315.0
274.0
150.0
177.0
218.0
255.0
264.0
227.0
240.0
236.0
244.0
192.0
332.0
264.0
226.0
355.0
319.0
467.0
166.0
192.0
177.0
316.0
201.0
157.0
331.0
256.0
248.0
277.0
225.0
153.0
200.0
239.0
278.0
423.0
201.0
173.0
296.0
242.0
212.0
224.0
314.0
276.0
176.0
279.0
220.0
171.0
199.0
264.0
236.0
150.0
187.0
237.0
191.0
269.0
339.0
385.0
213.0
355.0
372.0
237.0
216.0
234.0
176.0
196.0
236.0
240.0
232.0
274.0
235.0
231.0
131.0
205.0
236.0
175.0
265.0
239.0
229.0
194.0
183.0
175.0
413.0
322.0
163.0
178.0
218.0
304.0
177.0
238.0
191.0
230.0
240.0
219.0
211.0
145.0
151.0
300.0
183.0
210.0
335.0
203.0
186.0
233.0
278.0
184.0
204.0
265.0
229.0
183.0
193.0
207.0
265.0
212.0
233.0
222.0
232.0
273.0
175.0
381.0
237.0
234.0
526.0
330.0
205.0
196.0
178.0
158.0
185.0
166.0
280.0
212.0
168.0
170.0
196.0
208.0
163.0
255.0
148.0
166.0
212.0
238.0
250.0
289.0
180.0
267.0
262.0
402.0
196.0
153.0
319.0
217.0
214.0
187.0
243.0
192.0
233.0
237.0
171.0
252.0
273.0
194.0
206.0
213.0
163.0
176.0
202.0
274.0
339.0
220.0
181.0
150.0
262.0
208.0
200.0
213.0
156.0
282.0
375.0
213.0
264.0
208.0
156.0
159.0
222.0
316.0
227.0
191.0
182.0
237.0
324.0
313.0
226.0
285.0
287.0
260.0
286.0
195.0
225.0
203.0
245.0
173.0
145.0
591.0
166.0
340.0
239.0
204.0
364.0
201.0
152.0
194.0
189.0
205.0
407.0
219.0
313.0
267.0
211.0
290.0
289.0
203.0
235.0
330.0
226.0
152.0
201.0
177.0
291.0
222.0
183.0
330.0
211.0
130.0
261.0
276.0
224.0
271.0
213.0
179.0
301.0
243.0
174.0
183.0
196.0
202.0
276.0
243.0
211.0
145.0
277.0
234.0
132.0
263.0
223.0
267.0
196.0
171.0
202.0
306.0
233.0
219.0
327.0
244.0
211.0
129.0
234.0
239.0
230.0
163.0
192.0
269.0
142.0
236.0
279.0
214.0
222.0
234.0
297.0
238.0
223.0
334.0
169.0
204.0
203.0
141.0
198.0
238.0
183.0
253.0
199.0
233.0
277.0
311.0
201.0
299.0
168.0
266.0
231.0
310.0
160.0
219.0
189.0
246.0
156.0
238.0
463.0
287.0
251.0
144.0
199.0
175.0
257.0
139.0
257.0
203.0
194.0
229.0
213.0
181.0
224.0
378.0
197.0
153.0
238.0
241.0
217.0
170.0
365.0
240.0
149.0
260.0
262.0
241.0
175.0
247.0
296.0
248.0
170.0
255.0
261.0
200.0
318.0
213.0
162.0
148.0
163.0
189.0
342.0
236.0
264.0
242.0
135.0
288.0
176.0
252.0
247.0
212.0
246.0
189.0
177.0
196.0
221.0
206.0
242.0
227.0
192.0
237.0
268.0
243.0
166.0
232.0
338.0
160.0
134.0
192.0
236.0
173.0
231.0
188.0
162.0
176.0
213.0
175.0
256.0
183.0
324.0
192.0
213.0
355.0
238.0
160.0
161.0
206.0
385.0
232.0
353.0
191.0
223.0
270.0
163.0
186.0
178.0
172.0
95.0
387.0
248.0
149.0
298.0
420.0
201.0
333.0
254.0
283.0
288.0
1060.0
285.0
252.0
195.0
361.0
206.0
374.0
244.0
212.0
198.0
323.0
214.0
242.0
289.0
275.0
191.0
182.0
273.0
238.0
204.0
196.0
152.0
240.0
145.0
238.0
194.0
223.0
212.0
221.0
160.0
233.0
268.0
157.0
242.0
210.0
162.0
191.0
211.0
196.0
304.0
269.0
204.0
207.0
214.0
257.0
184.0
182.0
220.0
172.0
272.0
202.0
177.0
257.0
198.0
214.0
312.0
201.0
260.0
452.0
239.0
229.0
255.0
159.0
179.0
232.0
201.0
378.0
166.0
256.0
285.0
285.0
203.0
319.0
205.0
350.0
219.0
171.0
279.0
348.0
138.0
394.0
247.0
219.0
310.0
221.0
220.0
169.0
186.0
338.0
213.0
268.0
374.0
246.0
403.0
369.0
286.0
167.0
221.0
571.0
201.0
203.0
295.0
131.0
187.0
173.0
229.0
143.0
298.0
363.0
349.0
249.0
270.0
302.0
291.0
281.0
144.0
160.0
205.0
942.0
160.0
324.0
187.0
194.0
158.0
296.0
313.0
160.0
150.0
200.0
244.0
318.0
256.0
191.0
243.0
179.0
210.0
126.0
271.0
262.0
196.0
228.0
160.0
204.0
269.0
116.0
192.0
299.0
289.0
273.0
234.0
193.0
130.0
289.0
334.0
301.0
179.0
181.0
222.0
290.0
195.0
385.0
277.0
204.0
252.0
259.0
242.0
145.0
217.0
241.0
275.0
230.0
270.0
305.0
225.0
239.0
163.0
379.0
182.0
230.0
221.0
160.0
296.0
158.0
248.0
222.0
321.0
340.0
254.0
239.0
225.0
356.0
168.0
401.0
216.0
353.0
419.0
202.0
233.0
205.0
180.0
294.0
327.0
255.0
259.0
277.0
194.0
194.0
167.0
190.0
216.0
402.0
187.0
293.0
176.0
247.0
262.0
212.0
312.0
216.0
227.0
307.0
170.0
377.0
246.0
236.0
258.0
290.0
272.0
207.0
178.0
329.0
230.0
367.0
306.0
450.0
184.0
249.0
287.0
287.0
128.0
157.0
218.0
155.0
191.0
247.0
173.0
262.0
227.0
242.0
264.0
203.0
201.0
211.0
145.0
124.0
154.0
434.0
339.0
207.0
155.0
230.0
335.0
205.0
241.0
169.0
168.0
216.0
209.0
224.0
248.0
235.0
231.0
237.0
296.0
218.0
283.0
201.0
175.0
406.0
159.0
239.0
157.0
211.0
166.0
271.0
256.0
333.0
231.0
238.0
242.0
315.0
200.0
169.0
233.0
340.0
234.0
258.0
260.0
181.0
153.0
210.0
267.0
237.0
174.0
196.0
248.0
358.0
308.0
175.0
328.0
221.0
269.0
181.0
263.0
247.0
234.0
165.0
171.0
231.0
185.0
370.0
184.0
486.0
381.0
210.0
246.0
234.0
202.0
170.0
223.0
137.0
216.0
216.0
236.0
206.0
226.0
263.0
220.0
243.0
265.0
197.0
404.0
194.0
196.0
278.0
148.0
168.0
151.0
195.0
269.0
335.0
390.0
160.0
254.0
243.0
188.0
178.0
312.0
170.0
280.0
233.0
227.0
232.0
192.0
212.0
261.0
268.0
225.0
199.0
221.0
248.0
226.0
238.0
198.0
313.0
179.0
232.0
173.0
270.0
210.0
226.0
233.0
178.0
259.0
289.0
230.0
261.0
481.0
273.0
263.0
256.0
193.0
167.0
216.0
368.0
282.0
215.0
303.0
156.0
209.0
277.0
152.0
238.0
203.0
140.0
207.0
299.0
152.0
197.0
233.0
174.0
170.0
293.0
348.0
165.0
263.0
207.0
159.0
309.0
244.0
258.0
189.0
207.0
292.0
169.0
250.0
307.0
222.0
198.0
191.0
182.0
146.0
233.0
205.0
243.0
176.0
239.0
466.0
171.0
241.0
262.0
208.0
391.0
308.0
170.0
416.0
178.0
184.0
196.0
189.0
153.0
201.0
277.0
316.0
279.0
173.0
272.0
293.0
221.0
384.0
313.0
146.0
246.0
199.0
294.0
185.0
188.0
272.0
215.0
168.0
278.0
285.0
249.0
327.0
287.0
377.0
217.0
273.0
150.0
159.0
189.0
352.0
241.0
188.0
250.0
335.0
288.0
154.0
259.0
156.0
186.0
231.0
179.0
269.0
156.0
298.0
255.0
300.0
263.0
300.0
272.0
209.0
248.0
222.0
295.0
289.0
249.0
281.0
151.0
154.0
209.0
198.0
328.0
196.0
282.0
232.0
279.0
269.0
343.0
265.0
216.0
193.0
234.0
217.0
256.0
188.0
153.0
222.0
184.0
325.0
240.0
230.0
214.0
151.0
217.0
329.0
262.0
258.0
240.0
264.0
317.0
289.0
206.0
235.0
301.0
1149.0
215.0
283.0
298.0
291.0
279.0
174.0
253.0
198.0
194.0
233.0
181.0
250.0
164.0
322.0
208.0
205.0
215.0
266.0
216.0
294.0
234.0
233.0
340.0
267.0
195.0
235.0
333.0
196.0
144.0
287.0
175.0
199.0
160.0
285.0
165.0
262.0
225.0
198.0
296.0
252.0
231.0
260.0
206.0
202.0
205.0
168.0
278.0
241.0
255.0
168.0
264.0
217.0
416.0
169.0
239.0
163.0
178.0
141.0
215.0
279.0
229.0
193.0
193.0
239.0
200.0
292.0
207.0
219.0
221.0
239.0
315.0
234.0
219.0
294.0
263.0
246.0
243.0
252.0
187.0
290.0
162.0
168.0
233.0
136.0
221.0
252.0
260.0
233.0
182.0
317.0
215.0
168.0
235.0
188.0
196.0
257.0
157.0
498.0
245.0
169.0
367.0
253.0
208.0
151.0
373.0
159.0
202.0
186.0
200.0
194.0
293.0
275.0
177.0
160.0
228.0
243.0
304.0
169.0
295.0
308.0
190.0
309.0
227.0
165.0
187.0
215.0
189.0
197.0
162.0
276.0
319.0
220.0
155.0
226.0
278.0
183.0
344.0
186.0
268.0
241.0
175.0
239.0
309.0
268.0
243.0
307.0
257.0
205.0
128.0
172.0
292.0
221.0
217.0
340.0
238.0
350.0
342.0
157.0
224.0
328.0
306.0
162.0
334.0
300.0
161.0
210.0
270.0
225.0
279.0
241.0
204.0
258.0
216.0
134.0
245.0
252.0
118.0
229.0
425.0
273.0
195.0
175.0
140.0
263.0
195.0
266.0
209.0
246.0
262.0
335.0
185.0
217.0
214.0
201.0
190.0
157.0
202.0
376.0
289.0
227.0
295.0
234.0
318.0
213.0
205.0
246.0
360.0
209.0
149.0
318.0
284.0
180.0
162.0
173.0
161.0
225.0
284.0
218.0
212.0
192.0
304.0
182.0
251.0
235.0
257.0
184.0
304.0
257.0
316.0
145.0
229.0
556.0
202.0
276.0
180.0
235.0
232.0
159.0
353.0
183.0
166.0
206.0
275.0
172.0
322.0
203.0
252.0
172.0
264.0
232.0
265.0
343.0
285.0
211.0
338.0
199.0
262.0
153.0
256.0
195.0
204.0
239.0
197.0
296.0
233.0
205.0
264.0
244.0
223.0
206.0
189.0
228.0
359.0
184.0
244.0
161.0
203.0
197.0
284.0
266.0
282.0
235.0
214.0
262.0
319.0
188.0
230.0
269.0
148.0
188.0
245.0
165.0
197.0
478.0
225.0
202.0
227.0
298.0
219.0
257.0
164.0
420.0
205.0
167.0
171.0
175.0
164.0
220.0
255.0
148.0
238.0
186.0
159.0
326.0
182.0
296.0
257.0
222.0
262.0
265.0
243.0
165.0
240.0
177.0
142.0
234.0
214.0
233.0
342.0
153.0
371.0
208.0
231.0
275.0
218.0
212.0
298.0
135.0
244.0
186.0
168.0
241.0
190.0
204.0
202.0
333.0
384.0
208.0
183.0
268.0
246.0
208.0
341.0
246.0
197.0
189.0
235.0
200.0
200.0
195.0
251.0
207.0
179.0
158.0
266.0
165.0
192.0
263.0
293.0
155.0
179.0
250.0
225.0
227.0
280.0
294.0
164.0
169.0
173.0
268.0
134.0
239.0
236.0
236.0
254.0
213.0
296.0
331.0
176.0
184.0
235.0
331.0
261.0
248.0
296.0
238.0
220.0
288.0
187.0
137.0
222.0
224.0
148.0
314.0
177.0
328.0
132.0
199.0
175.0
216.0
188.0
247.0
155.0
186.0
108.0
253.0
212.0
330.0
242.0
309.0
277.0
205.0
198.0
302.0
259.0
262.0
203.0
331.0
340.0
178.0
342.0
264.0
161.0
253.0
143.0
274.0
178.0
424.0
185.0
184.0
257.0
199.0
165.0
255.0
263.0
247.0
266.0
344.0
209.0
214.0
201.0
279.0
186.0
774.0
143.0
160.0
375.0
253.0
180.0
201.0
257.0
280.0
205.0
288.0
210.0
140.0
160.0
216.0
319.0
264.0
155.0
199.0
232.0
150.0
193.0
222.0
315.0
278.0
255.0
289.0
196.0
175.0
196.0
249.0
298.0
349.0
192.0
194.0
263.0
255.0
243.0
228.0
322.0
251.0
260.0
160.0
252.0
195.0
302.0
246.0
202.0
351.0
269.0
238.0
217.0
224.0
292.0
195.0
337.0
251.0
236.0
230.0
228.0
256.0
164.0
220.0
495.0
193.0
253.0
196.0
191.0
327.0
421.0
318.0
210.0
201.0
313.0
206.0
211.0
303.0
325.0
291.0
169.0
285.0
251.0
188.0
158.0
226.0
232.0
256.0
242.0
315.0
144.0
216.0
287.0
191.0
227.0
264.0
204.0
203.0
184.0
223.0
281.0
192.0
194.0
278.0
202.0
186.0
192.0
197.0
167.0
173.0
321.0
205.0
241.0
158.0
287.0
161.0
338.0
156.0
236.0
261.0
216.0
294.0
265.0
254.0
175.0
292.0
215.0
294.0
260.0
232.0
397.0
197.0
208.0
166.0
200.0
274.0
270.0
167.0
209.0
278.0
199.0
166.0
292.0
363.0
330.0
192.0
213.0
251.0
246.0
233.0
264.0
240.0
180.0
276.0
279.0
262.0
376.0
234.0
222.0
268.0
332.0
137.0
239.0
250.0
259.0
266.0
276.0
188.0
406.0
204.0
433.0
191.0
189.0
260.0
268.0
213.0
213.0
199.0
287.0
249.0
230.0
266.0
413.0
169.0
148.0
232.0
200.0
392.0
252.0
116.0
213.0
292.0
172.0
267.0
221.0
205.0
170.0
351.0
223.0
222.0
209.0
187.0
224.0
247.0
328.0
185.0
231.0
353.0
302.0
229.0
240.0
251.0
233.0
239.0
261.0
296.0
188.0
203.0
148.0
237.0
183.0
234.0
199.0
273.0
335.0
222.0
181.0
264.0
221.0
222.0
168.0
227.0
459.0
179.0
199.0
149.0
233.0
269.0
229.0
320.0
221.0
172.0
276.0
274.0
233.0
240.0
262.0
260.0
331.0
115.0
134.0
215.0
248.0
208.0
338.0
338.0
265.0
284.0
151.0
183.0
249.0
203.0
240.0
221.0
224.0
192.0
193.0
216.0
232.0
239.0
411.0
257.0
244.0
324.0
169.0
214.0
217.0
229.0
227.0
459.0
210.0
283.0
232.0
160.0
310.0
263.0
293.0
162.0
390.0
212.0
242.0
386.0
212.0
232.0
245.0
205.0
278.0
274.0
183.0
203.0
162.0
149.0
205.0
183.0
192.0
290.0
319.0
332.0
286.0
236.0
228.0
204.0
280.0
208.0
250.0
319.0
227.0
255.0
190.0
147.0
313.0
365.0
408.0
151.0
277.0
211.0
175.0
160.0
271.0
225.0
147.0
239.0
218.0
261.0
198.0
187.0
239.0
327.0
184.0
284.0
298.0
213.0
177.0
197.0
206.0
218.0
166.0
282.0
168.0
193.0
213.0
318.0
289.0
297.0
203.0
236.0
195.0
225.0
239.0
231.0
332.0
252.0
198.0
256.0
344.0
169.0
186.0
170.0
238.0
166.0
132.0
232.0
243.0
234.0
260.0
287.0
249.0
291.0
240.0
304.0
284.0
190.0
193.0
151.0
223.0
269.0
222.0
239.0
426.0
304.0
207.0
215.0
159.0
368.0
198.0
182.0
267.0
441.0
315.0
257.0
217.0
192.0
164.0
234.0
280.0
222.0
187.0
207.0
238.0
264.0
237.0
215.0
243.0
202.0
183.0
221.0
281.0
179.0
194.0
173.0
174.0
314.0
420.0
204.0
174.0
213.0
302.0
302.0
219.0
174.0
246.0
204.0
213.0
216.0
183.0
264.0
207.0
217.0
367.0
228.0
172.0
309.0
324.0
190.0
351.0
215.0
239.0
266.0
316.0
313.0
239.0
244.0
140.0
159.0
171.0
163.0
208.0
205.0
255.0
232.0
351.0
279.0
270.0
322.0
263.0
218.0
153.0
263.0
264.0
239.0
229.0
324.0
346.0
154.0
152.0
207.0
194.0
248.0
290.0
210.0
183.0
224.0
353.0
218.0
273.0
368.0
267.0
216.0
195.0
217.0
248.0
308.0
251.0
292.0
229.0
167.0
298.0
276.0
256.0
221.0
255.0
259.0
341.0
233.0
297.0
204.0
262.0
232.0
231.0
400.0
182.0
220.0
216.0
203.0
258.0
402.0
275.0
210.0
132.0
277.0
206.0
278.0
230.0
220.0
178.0
276.0
222.0
283.0
191.0
320.0
244.0
274.0
175.0
287.0
230.0
235.0
230.0
206.0
274.0
331.0
341.0
212.0
362.0
307.0
455.0
325.0
332.0
240.0
232.0
139.0
266.0
285.0
155.0
228.0
187.0
226.0
205.0
210.0
240.0
180.0
174.0
142.0
257.0
236.0
227.0
190.0
261.0
228.0
216.0
220.0
242.0
242.0
231.0
118.0
170.0
225.0
242.0
175.0
244.0
275.0
399.0
197.0
178.0
254.0
348.0
292.0
254.0
145.0
147.0
305.0
277.0
193.0
207.0
229.0
234.0
206.0
263.0
209.0
273.0
266.0
224.0
159.0
207.0
283.0
230.0
149.0
281.0
197.0
194.0
256.0
230.0
168.0
334.0
175.0
143.0
267.0
261.0
279.0
283.0
207.0
221.0
187.0
185.0
263.0
245.0
179.0
227.0
284.0
202.0
251.0
271.0
200.0
357.0
360.0
333.0
197.0
175.0
334.0
209.0
284.0
280.0
267.0
282.0
239.0
278.0
209.0
297.0
296.0
185.0
211.0
265.0
210.0
195.0
163.0
209.0
246.0
315.0
228.0
193.0
183.0
225.0
197.0
192.0
235.0
265.0
290.0
281.0
335.0
177.0
254.0
179.0
209.0
241.0
217.0
154.0
316.0
212.0
247.0
295.0
332.0
274.0
230.0
231.0
202.0
266.0
241.0
246.0
164.0
318.0
288.0
203.0
171.0
219.0
348.0
330.0
193.0
225.0
217.0
238.0
315.0
244.0
251.0
187.0
303.0
212.0
156.0
244.0
266.0
230.0
234.0
285.0
255.0
148.0
233.0
229.0
139.0
169.0
311.0
224.0
166.0
283.0
307.0
174.0
401.0
121.0
263.0
322.0
161.0
232.0
214.0
273.0
190.0
291.0
243.0
223.0
257.0
336.0
239.0
201.0
360.0
184.0
198.0
308.0
134.0
350.0
281.0
265.0
372.0
265.0
193.0
294.0
168.0
131.0
252.0
246.0
259.0
191.0
184.0
254.0
327.0
171.0
219.0
230.0
285.0
163.0
323.0
156.0
226.0
427.0
313.0
325.0
287.0
194.0
236.0
232.0
201.0
298.0
256.0
343.0
289.0
269.0
231.0
247.0
213.0
273.0
208.0
237.0
262.0
174.0
186.0
269.0
138.0
320.0
332.0
266.0
264.0
177.0
267.0
158.0
281.0
205.0
251.0
304.0
286.0
159.0
248.0
327.0
237.0
141.0
176.0
202.0
239.0
332.0
278.0
270.0
254.0
248.0
130.0
290.0
301.0
203.0
146.0
232.0
268.0
281.0
193.0
300.0
218.0
267.0
324.0
182.0
165.0
264.0
152.0
215.0
182.0
217.0
216.0
266.0
189.0
350.0
287.0
213.0
237.0
309.0
151.0
179.0
292.0
169.0
301.0
244.0
211.0
255.0
172.0
253.0
220.0
244.0
247.0
194.0
215.0
184.0
279.0
292.0
164.0
256.0
229.0
270.0
320.0
386.0
221.0
236.0
314.0
273.0
236.0
222.0
335.0
261.0
376.0
201.0
184.0
174.0
198.0
249.0
245.0
173.0
129.0
174.0
258.0
220.0
187.0
172.0
221.0
203.0
352.0
133.0
189.0
207.0
283.0
363.0
224.0
232.0
230.0
310.0
235.0
240.0
224.0
238.0
239.0
262.0
329.0
268.0
211.0
389.0
272.0
281.0
290.0
215.0
232.0
241.0
206.0
291.0
157.0
207.0
256.0
364.0
214.0
241.0
214.0
221.0
398.0
253.0
227.0
210.0
279.0
327.0
147.0
256.0
249.0
210.0
223.0
293.0
150.0
260.0
337.0
200.0
238.0
161.0
195.0
223.0
245.0
285.0
292.0
229.0
185.0
210.0
179.0
291.0
239.0
203.0
219.0
256.0
237.0
271.0
229.0
236.0
231.0
331.0
239.0
190.0
237.0
228.0
280.0
194.0
241.0
219.0
326.0
211.0
252.0
218.0
230.0
128.0
224.0
166.0
234.0
228.0
230.0
281.0
169.0
143.0
278.0
181.0
183.0
283.0
253.0
259.0
239.0
165.0
304.0
183.0
213.0
192.0
212.0
347.0
345.0
321.0
255.0
234.0
227.0
198.0
296.0
194.0
244.0
274.0
236.0
211.0
174.0
256.0
163.0
278.0
170.0
272.0
300.0
295.0
314.0
221.0
235.0
246.0
203.0
390.0
264.0
197.0
239.0
231.0
217.0
228.0
269.0
269.0
197.0
210.0
222.0
274.0
313.0
203.0
211.0
243.0
160.0
246.0
262.0
248.0
230.0
200.0
195.0
214.0
287.0
281.0
203.0
235.0
240.0
228.0
329.0
201.0
281.0
108.0
168.0
278.0
275.0
166.0
381.0
223.0
201.0
225.0
277.0
239.0
175.0
200.0
255.0
241.0
137.0
233.0
185.0
198.0
216.0
208.0
302.0
223.0
252.0
222.0
183.0
231.0
298.0
171.0
293.0
311.0
227.0
226.0
266.0
268.0
200.0
200.0
292.0
241.0
215.0
229.0
172.0
177.0
237.0
217.0
147.0
315.0
203.0
347.0
211.0
187.0
252.0
299.0
202.0
236.0
237.0
195.0
302.0
266.0
222.0
202.0
340.0
216.0
293.0
301.0
157.0
198.0
277.0
365.0
228.0
110.0
205.0
346.0
235.0
189.0
194.0
134.0
302.0
192.0
267.0
331.0
198.0
292.0
186.0
232.0
296.0
211.0
321.0
278.0
178.0
276.0
398.0
324.0
282.0
280.0
193.0
337.0
172.0
310.0
176.0
282.0
206.0
229.0
153.0
220.0
206.0
281.0
182.0
297.0
139.0
249.0
247.0
309.0
227.0
217.0
430.0
220.0
220.0
237.0
191.0
248.0
274.0
197.0
407.0
266.0
229.0
324.0
195.0
213.0
192.0
192.0
343.0
266.0
286.0
228.0
211.0
183.0
237.0
319.0
158.0
201.0
318.0
330.0
204.0
177.0
172.0
236.0
295.0
227.0
266.0
226.0
236.0
309.0
216.0
193.0
262.0
359.0
217.0
188.0
141.0
258.0
232.0
226.0
164.0
213.0
211.0
222.0
388.0
211.0
182.0
208.0
174.0
315.0
201.0
277.0
284.0
223.0
193.0
260.0
196.0
254.0
249.0
229.0
254.0
142.0
322.0
144.0
179.0
397.0
193.0
205.0
190.0
328.0
287.0
134.0
114.0
302.0
263.0
186.0
230.0
193.0
186.0
329.0
170.0
211.0
269.0
227.0
214.0
399.0
195.0
222.0
352.0
209.0
274.0
215.0
252.0
246.0
304.0
304.0
301.0
269.0
203.0
252.0
330.0
211.0
356.0
344.0
203.0
193.0
169.0
241.0
201.0
231.0
189.0
378.0
222.0
168.0
183.0
168.0
229.0
205.0
223.0
286.0
393.0
232.0
555.0
218.0
276.0
226.0
254.0
191.0
254.0
210.0
400.0
240.0
281.0
245.0
241.0
159.0
296.0
207.0
249.0
262.0
238.0
210.0
175.0
231.0
242.0
247.0
228.0
313.0
282.0
208.0
237.0
171.0
272.0
218.0
336.0
175.0
186.0
152.0
178.0
284.0
225.0
261.0
218.0
130.0
205.0
247.0
164.0
270.0
188.0
275.0
287.0
237.0
201.0
337.0
308.0
195.0
186.0
217.0
232.0
189.0
184.0
151.0
290.0
358.0
243.0
215.0
341.0
232.0
307.0
271.0
253.0
197.0
332.0
212.0
279.0
204.0
281.0
135.0
210.0
210.0
235.0
210.0
299.0
239.0
430.0
189.0
256.0
220.0
285.0
412.0
287.0
256.0
227.0
177.0
220.0
295.0
338.0
219.0
244.0
214.0
223.0
172.0
271.0
350.0
373.0
216.0
163.0
322.0
207.0
146.0
210.0
163.0
259.0
214.0
255.0
251.0
397.0
354.0
186.0
234.0
165.0
254.0
288.0
355.0
231.0
135.0
229.0
345.0
261.0
209.0
147.0
298.0
301.0
238.0
296.0
173.0
183.0
184.0
305.0
274.0
280.0
222.0
186.0
384.0
266.0
245.0
205.0
120.0
311.0
218.0
231.0
223.0
155.0
387.0
347.0
273.0
278.0
288.0
229.0
246.0
339.0
367.0
208.0
317.0
379.0
197.0
253.0
294.0
155.0
238.0
154.0
205.0
314.0
231.0
200.0
350.0
227.0
195.0
242.0
215.0
404.0
187.0
179.0
372.0
216.0
428.0
247.0
146.0
288.0
255.0
197.0
203.0
201.0
210.0
208.0
178.0
303.0
335.0
148.0
197.0
226.0
204.0
271.0
349.0
229.0
217.0
191.0
309.0
197.0
293.0
354.0
283.0
249.0
235.0
272.0
253.0
214.0
206.0
244.0
278.0
208.0
192.0
207.0
369.0
292.0
165.0
186.0
296.0
200.0
213.0
191.0
295.0
327.0
223.0
173.0
221.0
174.0
223.0
300.0
223.0
423.0
434.0
152.0
231.0
200.0
270.0
257.0
255.0
173.0
158.0
167.0
290.0
185.0
254.0
181.0
281.0
249.0
203.0
262.0
248.0
275.0
214.0
259.0
180.0
152.0
200.0
236.0
245.0
210.0
104.0
252.0
223.0
386.0
343.0
256.0
279.0
324.0
222.0
260.0
193.0
179.0
172.0
278.0
188.0
246.0
184.0
247.0
203.0
227.0
235.0
199.0
179.0
240.0
268.0
389.0
211.0
164.0
274.0
143.0
332.0
310.0
322.0
279.0
353.0
197.0
203.0
158.0
278.0
173.0
222.0
220.0
249.0
298.0
231.0
265.0
162.0
276.0
179.0
256.0
269.0
289.0
309.0
106.0
144.0
233.0
207.0
204.0
352.0
224.0
166.0
179.0
278.0
196.0
228.0
382.0
213.0
284.0
297.0
319.0
131.0
224.0
209.0
245.0
259.0
219.0
368.0
342.0
181.0
243.0
310.0
220.0
167.0
253.0
157.0
172.0
242.0
240.0
156.0
179.0
192.0
209.0
234.0
306.0
230.0
175.0
197.0
241.0
282.0
228.0
479.0
231.0
134.0
210.0
155.0
391.0
225.0
269.0
473.0
333.0
239.0
197.0
224.0
195.0
352.0
185.0
234.0
271.0
214.0
290.0
271.0
234.0
218.0
228.0
258.0
229.0
216.0
246.0
234.0
250.0
142.0
144.0
226.0
194.0
237.0
263.0
408.0
240.0
179.0
122.0
357.0
177.0
295.0
229.0
121.0
219.0
280.0
192.0
272.0
159.0
121.0
205.0
352.0
312.0
260.0
242.0
285.0
218.0
271.0
258.0
194.0
271.0
257.0
147.0
271.0
233.0
256.0
182.0
312.0
230.0
224.0
378.0
252.0
266.0
152.0
295.0
173.0
155.0
352.0
218.0
223.0
269.0
151.0
148.0
183.0
217.0
195.0
234.0
325.0
278.0
156.0
302.0
237.0
263.0
338.0
274.0
283.0
289.0
154.0
222.0
344.0
231.0
260.0
348.0
236.0
339.0
154.0
199.0
232.0
185.0
333.0
287.0
247.0
171.0
294.0
186.0
277.0
378.0
169.0
229.0
246.0
173.0
305.0
319.0
205.0
249.0
184.0
227.0
266.0
278.0
305.0
265.0
333.0
196.0
138.0
235.0
166.0
232.0
505.0
200.0
273.0
242.0
350.0
190.0
226.0
230.0
270.0
104.0
279.0
165.0
294.0
251.0
187.0
227.0
147.0
248.0
267.0
292.0
163.0
289.0
270.0
190.0
212.0
228.0
250.0
370.0
144.0
372.0
263.0
170.0
207.0
298.0
264.0
187.0
174.0
340.0
273.0
205.0
230.0
356.0
195.0
222.0
179.0
193.0
107.0
261.0
283.0
299.0
269.0
230.0
236.0
190.0
265.0
302.0
294.0
213.0
170.0
407.0
245.0
320.0
261.0
257.0
216.0
284.0
284.0
270.0
329.0
247.0
164.0
276.0
262.0
171.0
139.0
229.0
277.0
297.0
237.0
255.0
168.0
254.0
186.0
282.0
357.0
236.0
224.0
237.0
439.0
208.0
210.0
237.0
203.0
314.0
288.0
210.0
230.0
262.0
220.0
199.0
303.0
190.0
222.0
366.0
182.0
244.0
205.0
216.0
240.0
123.0
216.0
292.0
262.0
366.0
212.0
252.0
220.0
167.0
202.0
293.0
177.0
349.0
304.0
230.0
153.0
141.0
194.0
278.0
144.0
324.0
266.0
220.0
340.0
202.0
204.0
249.0
307.0
211.0
238.0
251.0
263.0
260.0
215.0
290.0
332.0
158.0
148.0
164.0
215.0
270.0
284.0
224.0
203.0
270.0
220.0
121.0
235.0
283.0
369.0
255.0
211.0
228.0
252.0
275.0
261.0
233.0
202.0
180.0
265.0
168.0
261.0
260.0
195.0
178.0
304.0
251.0
191.0
213.0
165.0
318.0
277.0
239.0
163.0
292.0
155.0
385.0
195.0
276.0
196.0
206.0
227.0
230.0
249.0
277.0
196.0
181.0
239.0
209.0
225.0
146.0
280.0
328.0
227.0
209.0
158.0
322.0
276.0
196.0
219.0
285.0
298.0
127.0
192.0
271.0
209.0
202.0
244.0
157.0
213.0
254.0
243.0
145.0
342.0
216.0
197.0
249.0
445.0
164.0
182.0
237.0
197.0
218.0
224.0
320.0
202.0
228.0
321.0
231.0
269.0
179.0
258.0
289.0
263.0
183.0
170.0
260.0
173.0
158.0
155.0
168.0
218.0
248.0
232.0
188.0
357.0
222.0
212.0
242.0
171.0
207.0
351.0
163.0
248.0
259.0
203.0
346.0
352.0
142.0
296.0
497.0
185.0
245.0
218.0
258.0
230.0
117.0
249.0
265.0
318.0
216.0
166.0
338.0
302.0
552.0
180.0
198.0
190.0
168.0
233.0
231.0
149.0
288.0
184.0
197.0
260.0
219.0
405.0
321.0
172.0
371.0
203.0
161.0
179.0
252.0
162.0
241.0
176.0
327.0
387.0
234.0
212.0
221.0
246.0
282.0
229.0
243.0
291.0
330.0
323.0
190.0
182.0
306.0
187.0
179.0
205.0
218.0
186.0
137.0
171.0
231.0
157.0
324.0
304.0
234.0
237.0
270.0
214.0
437.0
312.0
266.0
345.0
223.0
418.0
155.0
149.0
217.0
409.0
278.0
242.0
121.0
272.0
278.0
176.0
197.0
265.0
339.0
184.0
246.0
215.0
302.0
244.0
366.0
215.0
186.0
320.0
242.0
183.0
157.0
165.0
242.0
380.0
299.0
165.0
484.0
198.0
207.0
226.0
190.0
300.0
238.0
276.0
291.0
272.0
145.0
139.0
273.0
266.0
286.0
233.0
269.0
162.0
322.0
260.0
262.0
190.0
239.0
233.0
253.0
250.0
270.0
358.0
234.0
308.0
193.0
187.0
233.0
207.0
194.0
319.0
243.0
208.0
289.0
319.0
301.0
237.0
172.0
228.0
259.0
202.0
154.0
209.0
183.0
233.0
212.0
303.0
289.0
125.0
242.0
322.0
200.0
256.0
159.0
375.0
466.0
324.0
310.0
193.0
248.0
220.0
163.0
345.0
170.0
283.0
199.0
119.0
205.0
210.0
219.0
256.0
257.0
238.0
225.0
137.0
322.0
213.0
167.0
196.0
181.0
198.0
279.0
208.0
167.0
243.0
320.0
283.0
265.0
271.0
265.0
213.0
135.0
164.0
214.0
182.0
252.0
282.0
388.0
258.0
184.0
294.0
263.0
319.0
206.0
287.0
378.0
235.0
313.0
260.0
275.0
280.0
295.0
278.0
249.0
290.0
235.0
188.0
181.0
332.0
176.0
240.0
210.0
240.0
243.0
170.0
225.0
215.0
275.0
170.0
208.0
213.0
266.0
257.0
302.0
236.0
344.0
234.0
362.0
278.0
185.0
143.0
356.0
184.0
205.0
212.0
200.0
272.0
269.0
160.0
287.0
272.0
198.0
247.0
280.0
273.0
207.0
260.0
150.0
249.0
217.0
266.0
166.0
224.0
361.0
263.0
243.0
185.0
251.0
272.0
219.0
253.0
193.0
333.0
350.0
296.0
188.0
313.0
222.0
164.0
265.0
176.0
241.0
220.0
235.0
258.0
231.0
194.0
240.0
269.0
341.0
186.0
267.0
225.0
123.0
187.0
277.0
382.0
278.0
174.0
203.0
244.0
203.0
265.0
232.0
513.0
209.0
281.0
261.0
203.0
192.0
277.0
222.0
199.0
276.0
239.0
255.0
245.0
210.0
242.0
241.0
179.0
326.0
415.0
259.0
186.0
199.0
180.0
188.0
257.0
232.0
306.0
268.0
191.0
208.0
209.0
221.0
275.0
312.0
222.0
233.0
404.0
277.0
229.0
258.0
183.0
238.0
283.0
189.0
273.0
203.0
205.0
226.0
210.0
260.0
276.0
225.0
191.0
131.0
255.0
395.0
320.0
222.0
227.0
274.0
290.0
310.0
182.0
258.0
246.0
452.0
244.0
231.0
281.0
176.0
191.0
346.0
199.0
237.0
245.0
211.0
222.0
191.0
174.0
170.0
271.0
206.0
231.0
230.0
407.0
292.0
365.0
231.0
241.0
263.0
336.0
213.0
203.0
238.0
160.0
282.0
237.0
422.0
227.0
339.0
272.0
139.0
261.0
279.0
239.0
180.0
220.0
132.0
245.0
252.0
164.0
243.0
266.0
308.0
231.0
185.0
551.0
283.0
241.0
276.0
304.0
206.0
209.0
276.0
278.0
216.0
174.0
275.0
192.0
260.0
265.0
209.0
328.0
149.0
282.0
256.0
164.0
181.0
301.0
225.0
222.0
217.0
274.0
396.0
278.0
179.0
200.0
222.0
246.0
243.0
242.0
199.0
190.0
233.0
171.0
145.0
245.0
186.0
192.0
312.0
274.0
288.0
230.0
148.0
141.0
252.0
266.0
192.0
170.0
222.0
166.0
264.0
155.0
267.0
193.0
527.0
170.0
339.0
391.0
143.0
277.0
231.0
223.0
209.0
264.0
189.0
175.0
233.0
194.0
228.0
136.0
186.0
340.0
220.0
172.0
213.0
180.0
164.0
176.0
229.0
215.0
257.0
225.0
204.0
197.0
251.0
299.0
315.0
214.0
211.0
911.0
356.0
252.0
186.0
156.0
259.0
176.0
300.0
177.0
288.0
202.0
155.0
220.0
203.0
207.0
215.0
205.0
245.0
254.0
208.0
209.0
302.0
198.0
310.0
215.0
220.0
241.0
273.0
256.0
416.0
210.0
238.0
303.0
235.0
308.0
347.0
267.0
242.0
192.0
278.0
246.0
212.0
203.0
175.0
260.0
272.0
181.0
261.0
292.0
187.0
221.0
234.0
136.0
265.0
313.0
192.0
276.0
237.0
186.0
221.0
177.0
191.0
278.0
199.0
277.0
216.0
251.0
267.0
197.0
284.0
306.0
359.0
243.0
179.0
260.0
345.0
220.0
201.0
388.0
193.0
253.0
128.0
189.0
181.0
334.0
212.0
179.0
283.0
145.0
154.0
154.0
250.0
190.0
272.0
253.0
229.0
325.0
210.0
514.0
134.0
242.0
251.0
179.0
322.0
221.0
201.0
194.0
233.0
112.0
171.0
440.0
326.0
267.0
293.0
269.0
236.0
270.0
233.0
159.0
525.0
269.0
272.0
236.0
158.0
210.0
180.0
192.0
191.0
156.0
224.0
148.0
242.0
245.0
278.0
601.0
248.0
234.0
373.0
219.0
196.0
144.0
253.0
250.0
300.0
190.0
177.0
375.0
256.0
249.0
149.0
208.0
204.0
188.0
213.0
217.0
248.0
213.0
358.0
192.0
359.0
260.0
161.0
331.0
188.0
195.0
149.0
188.0
188.0
242.0
178.0
211.0
182.0
241.0
302.0
136.0
167.0
178.0
167.0
196.0
355.0
273.0
353.0
169.0
228.0
256.0
253.0
245.0
263.0
253.0
164.0
196.0
152.0
261.0
217.0
263.0
325.0
237.0
215.0
351.0
309.0
226.0
189.0
202.0
198.0
193.0
149.0
275.0
219.0
317.0
136.0
349.0
326.0
148.0
277.0
249.0
267.0
134.0
398.0
206.0
231.0
165.0
192.0
187.0
225.0
275.0
180.0
286.0
153.0
269.0
190.0
293.0
365.0
154.0
175.0
379.0
279.0
141.0
145.0
206.0
165.0
231.0
277.0
233.0
217.0
221.0
228.0
248.0
397.0
199.0
214.0
382.0
360.0
228.0
360.0
229.0
194.0
158.0
271.0
228.0
259.0
234.0
202.0
421.0
263.0
137.0
156.0
223.0
233.0
284.0
234.0
205.0
208.0
178.0
202.0
279.0
211.0
176.0
319.0
253.0
264.0
263.0
169.0
180.0
220.0
283.0
187.0
198.0
254.0
234.0
163.0
383.0
198.0
257.0
235.0
311.0
124.0
202.0
228.0
309.0
190.0
252.0
329.0
379.0
233.0
285.0
171.0
192.0
186.0
165.0
177.0
261.0
243.0
311.0
354.0
169.0
212.0
202.0
248.0
212.0
199.0
164.0
202.0
384.0
298.0
206.0
296.0
227.0
348.0
217.0
162.0
192.0
215.0
289.0
277.0
231.0
434.0
174.0
245.0
217.0
167.0
241.0
193.0
223.0
255.0
268.0
294.0
244.0
293.0
229.0
191.0
298.0
176.0
180.0
150.0
261.0
339.0
269.0
353.0
147.0
185.0
180.0
250.0
201.0
218.0
261.0
249.0
186.0
182.0
225.0
157.0
212.0
122.0
230.0
159.0
177.0
212.0
166.0
228.0
371.0
196.0
284.0
282.0
227.0
205.0
228.0
205.0
212.0
390.0
536.0
427.0
159.0
241.0
283.0
295.0
448.0
158.0
260.0
224.0
186.0
184.0
219.0
288.0
213.0
280.0
192.0
270.0
194.0
158.0
247.0
194.0
248.0
184.0
396.0
253.0
243.0
268.0
208.0
217.0
175.0
318.0
305.0
265.0
194.0
133.0
200.0
286.0
174.0
302.0
316.0
235.0
298.0
329.0
188.0
260.0
258.0
207.0
252.0
150.0
220.0
169.0
403.0
274.0
357.0
174.0
325.0
245.0
240.0
321.0
300.0
102.0
246.0
214.0
192.0
338.0
371.0
165.0
289.0
190.0
302.0
186.0
363.0
241.0
293.0
271.0
170.0
303.0
205.0
230.0
371.0
198.0
149.0
224.0
199.0
187.0
188.0
192.0
163.0
1285.0
221.0
199.0
131.0
164.0
234.0
433.0
196.0
218.0
280.0
244.0
270.0
251.0
275.0
270.0
201.0
359.0
220.0
273.0
306.0
106.0
204.0
200.0
230.0
208.0
173.0
247.0
256.0
249.0
261.0
293.0
242.0
152.0
185.0
260.0
214.0
211.0
147.0
163.0
421.0
336.0
115.0
331.0
163.0
228.0
193.0
292.0
312.0
869.0
207.0
164.0
199.0
322.0
231.0
310.0
204.0
299.0
235.0
281.0
255.0
211.0
254.0
294.0
332.0
191.0
253.0
258.0
232.0
229.0
280.0
256.0
204.0
288.0
268.0
163.0
145.0
196.0
288.0
258.0
253.0
321.0
264.0
380.0
220.0
214.0
261.0
534.0
213.0
232.0
296.0
263.0
306.0
239.0
240.0
275.0
309.0
266.0
150.0
151.0
191.0
223.0
192.0
185.0
317.0
218.0
256.0
217.0
173.0
147.0
186.0
270.0
246.0
312.0
189.0
180.0
222.0
207.0
612.0
232.0
191.0
207.0
243.0
316.0
330.0
269.0
198.0
237.0
223.0
288.0
242.0
358.0
274.0
185.0
150.0
220.0
174.0
216.0
362.0
313.0
184.0
112.0
308.0
187.0
275.0
233.0
526.0
179.0
214.0
204.0
264.0
178.0
206.0
205.0
183.0
252.0
211.0
234.0
210.0
335.0
166.0
194.0
312.0
180.0
182.0
180.0
208.0
259.0
225.0
260.0
262.0
217.0
131.0
288.0
319.0
207.0
261.0
156.0
267.0
185.0
149.0
210.0
220.0
186.0
286.0
290.0
359.0
272.0
217.0
181.0
320.0
218.0
219.0
276.0
187.0
167.0
221.0
306.0
269.0
138.0
235.0
204.0
240.0
360.0
307.0
277.0
290.0
145.0
224.0
196.0
243.0
170.0
235.0
134.0
290.0
230.0
374.0
227.0
259.0
193.0
331.0
175.0
243.0
273.0
250.0
264.0
225.0
333.0
182.0
164.0
181.0
169.0
205.0
320.0
237.0
165.0
343.0
337.0
252.0
227.0
227.0
323.0
186.0
224.0
192.0
384.0
184.0
281.0
411.0
288.0
302.0
189.0
152.0
187.0
179.0
271.0
166.0
217.0
211.0
314.0
169.0
233.0
274.0
340.0
206.0
259.0
221.0
281.0
236.0
255.0
307.0
308.0
197.0
221.0
168.0
174.0
200.0
307.0
226.0
152.0
274.0
376.0
221.0
249.0
178.0
306.0
258.0
300.0
295.0
306.0
135.0
145.0
200.0
265.0
268.0
212.0
287.0
351.0
218.0
201.0
285.0
329.0
179.0
203.0
186.0
214.0
274.0
187.0
228.0
210.0
269.0
206.0
219.0
167.0
197.0
247.0
242.0
230.0
254.0
270.0
183.0
220.0
228.0
221.0
360.0
382.0
206.0
270.0
129.0
227.0
392.0
139.0
192.0
186.0
237.0
205.0
195.0
359.0
247.0
270.0
227.0
156.0
334.0
543.0
212.0
209.0
205.0
207.0
331.0
299.0
213.0
212.0
97.0
277.0
160.0
326.0
292.0
267.0
307.0
141.0
180.0
293.0
247.0
144.0
262.0
215.0
250.0
271.0
200.0
217.0
248.0
228.0
244.0
155.0
342.0
237.0
329.0
198.0
240.0
168.0
240.0
174.0
336.0
205.0
364.0
115.0
162.0
242.0
307.0
291.0
205.0
263.0
179.0
243.0
213.0
264.0
217.0
209.0
361.0
197.0
226.0
268.0
245.0
287.0
192.0
195.0
177.0
126.0
150.0
215.0
189.0
312.0
267.0
217.0
146.0
193.0
250.0
202.0
217.0
233.0
229.0
258.0
131.0
181.0
337.0
376.0
382.0
283.0
132.0
316.0
210.0
392.0
258.0
199.0
279.0
227.0
190.0
218.0
186.0
273.0
248.0
190.0
154.0
310.0
197.0
177.0
310.0
202.0
264.0
191.0
248.0
296.0
206.0
216.0
223.0
89.0
255.0
163.0
195.0
282.0
213.0
288.0
313.0
219.0
229.0
269.0
272.0
300.0
275.0
224.0
333.0
201.0
141.0
217.0
182.0
123.0
132.0
191.0
213.0
172.0
218.0
376.0
365.0
235.0
211.0
258.0
150.0
205.0
304.0
436.0
201.0
212.0
207.0
232.0
279.0
223.0
265.0
150.0
210.0
209.0
216.0
217.0
293.0
151.0
263.0
247.0
195.0
326.0
129.0
167.0
182.0
238.0
174.0
306.0
224.0
182.0
406.0
315.0
147.0
200.0
194.0
212.0
216.0
1181.0
233.0
396.0
224.0
243.0
372.0
260.0
307.0
360.0
172.0
161.0
369.0
352.0
180.0
119.0
183.0
273.0
194.0
151.0
203.0
180.0
367.0
282.0
163.0
221.0
259.0
152.0
374.0
145.0
197.0
361.0
247.0
159.0
334.0
227.0
336.0
299.0
212.0
235.0
214.0
252.0
305.0
131.0
298.0
260.0
175.0
362.0
237.0
210.0
252.0
174.0
237.0
288.0
119.0
236.0
326.0
158.0
236.0
180.0
205.0
266.0
284.0
272.0
441.0
170.0
244.0
252.0
229.0
223.0
178.0
244.0
206.0
244.0
155.0
261.0
274.0
199.0
271.0
191.0
364.0
174.0
277.0
145.0
221.0
257.0
216.0
300.0
398.0
228.0
204.0
207.0
184.0
224.0
215.0
218.0
191.0
426.0
265.0
257.0
251.0
202.0
290.0
226.0
222.0
279.0
290.0
404.0
297.0
259.0
202.0
176.0
263.0
346.0
203.0
180.0
272.0
218.0
263.0
215.0
265.0
214.0
155.0
233.0
187.0
169.0
263.0
230.0
166.0
286.0
1385.0
329.0
239.0
190.0
256.0
277.0
207.0
234.0
272.0
236.0
176.0
272.0
187.0
232.0
266.0
255.0
283.0
291.0
299.0
182.0
231.0
269.0
188.0
211.0
349.0
354.0
210.0
208.0
274.0
338.0
199.0
225.0
181.0
174.0
281.0
234.0
290.0
114.0
252.0
186.0
138.0
233.0
206.0
353.0
408.0
206.0
212.0
370.0
233.0
179.0
163.0
168.0
213.0
183.0
317.0
190.0
241.0
209.0
277.0
288.0
380.0
159.0
461.0
320.0
191.0
202.0
256.0
139.0
498.0
232.0
215.0
354.0
246.0
226.0
234.0
194.0
195.0
188.0
244.0
219.0
167.0
367.0
141.0
327.0
313.0
223.0
249.0
263.0
235.0
233.0
212.0
202.0
299.0
289.0
285.0
237.0
190.0
259.0
105.0
222.0
163.0
249.0
201.0
286.0
288.0
221.0
174.0
389.0
203.0
342.0
103.0
240.0
229.0
245.0
256.0
212.0
617.0
215.0
220.0
278.0
286.0
195.0
274.0
297.0
258.0
154.0
193.0
223.0
310.0
131.0
255.0
177.0
105.0
207.0
327.0
225.0
183.0
288.0
240.0
271.0
358.0
261.0
278.0
204.0
212.0
185.0
247.0
188.0
211.0
274.0
231.0
186.0
210.0
227.0
149.0
273.0
318.0
216.0
177.0
189.0
188.0
234.0
438.0
345.0
238.0
206.0
337.0
295.0
213.0
287.0
157.0
160.0
317.0
519.0
179.0
282.0
454.0
227.0
235.0
167.0
273.0
194.0
222.0
158.0
157.0
282.0
291.0
252.0
198.0
230.0
219.0
207.0
168.0
279.0
231.0
251.0
260.0
201.0
296.0
246.0
188.0
290.0
277.0
157.0
223.0
402.0
239.0
115.0
377.0
251.0
192.0
232.0
217.0
190.0
199.0
122.0
320.0
302.0
290.0
278.0
182.0
381.0
181.0
172.0
302.0
209.0
308.0
182.0
182.0
187.0
236.0
379.0
174.0
229.0
266.0
448.0
171.0
190.0
269.0
226.0
199.0
280.0
187.0
263.0
257.0
236.0
254.0
223.0
223.0
337.0
236.0
222.0
430.0
269.0
209.0
129.0
170.0
300.0
265.0
232.0
226.0
220.0
204.0
287.0
186.0
309.0
181.0
260.0
149.0
226.0
154.0
219.0
321.0
208.0
320.0
253.0
230.0
234.0
274.0
317.0
191.0
216.0
275.0
167.0
203.0
251.0
120.0
360.0
235.0
289.0
459.0
177.0
236.0
166.0
217.0
210.0
253.0
159.0
397.0
165.0
255.0
316.0
268.0
181.0
284.0
120.0
235.0
272.0
270.0
394.0
290.0
242.0
151.0
142.0
238.0
255.0
250.0
302.0
244.0
271.0
283.0
218.0
163.0
342.0
218.0
193.0
168.0
254.0
263.0
124.0
276.0
213.0
523.0
285.0
186.0
320.0
105.0
246.0
153.0
304.0
287.0
295.0
180.0
231.0
239.0
240.0
289.0
214.0
210.0
159.0
223.0
206.0
233.0
401.0
195.0
385.0
156.0
261.0
182.0
181.0
336.0
303.0
124.0
267.0
167.0
222.0
300.0
263.0
159.0
184.0
407.0
346.0
279.0
196.0
275.0
186.0
290.0
364.0
117.0
194.0
282.0
459.0
216.0
220.0
172.0
144.0
464.0
198.0
210.0
308.0
157.0
269.0
170.0
162.0
218.0
220.0
196.0
161.0
207.0
268.0
230.0
167.0
216.0
218.0
171.0
175.0
224.0
292.0
171.0
135.0
175.0
218.0
452.0
229.0
303.0
243.0
361.0
322.0
367.0
172.0
189.0
278.0
230.0
166.0
376.0
246.0
224.0
242.0
187.0
198.0
139.0
230.0
163.0
237.0
229.0
182.0
179.0
212.0
206.0
250.0
271.0
191.0
296.0
206.0
160.0
245.0
264.0
194.0
151.0
367.0
184.0
215.0
201.0
220.0
368.0
310.0
333.0
253.0
256.0
292.0
623.0
239.0
115.0
206.0
329.0
270.0
225.0
234.0
356.0
271.0
199.0
230.0
198.0
249.0
296.0
217.0
166.0
262.0
259.0
200.0
176.0
247.0
222.0
195.0
222.0
265.0
342.0
172.0
186.0
154.0
203.0
139.0
216.0
288.0
231.0
242.0
150.0
175.0
262.0
236.0
138.0
160.0
343.0
253.0
338.0
206.0
248.0
198.0
210.0
310.0
321.0
177.0
217.0
160.0
296.0
193.0
357.0
297.0
358.0
217.0
146.0
486.0
227.0
140.0
254.0
224.0
215.0
246.0
211.0
338.0
258.0
218.0
227.0
161.0
199.0
190.0
243.0
268.0
300.0
242.0
195.0
217.0
179.0
271.0
208.0
227.0
271.0
206.0
247.0
201.0
208.0
278.0
250.0
282.0
203.0
152.0
164.0
302.0
288.0
224.0
269.0
217.0
252.0
134.0
239.0
336.0
187.0
181.0
257.0
229.0
283.0
179.0
219.0
183.0
186.0
243.0
231.0
228.0
193.0
159.0
201.0
255.0
252.0
234.0
411.0
179.0
227.0
169.0
192.0
340.0
272.0
227.0
326.0
285.0
195.0
158.0
158.0
201.0
242.0
299.0
227.0
282.0
210.0
207.0
256.0
203.0
359.0
248.0
241.0
219.0
271.0
199.0
280.0
229.0
258.0
172.0
186.0
183.0
284.0
300.0
205.0
176.0
181.0
132.0
315.0
249.0
245.0
261.0
198.0
148.0
138.0
290.0
164.0
314.0
229.0
353.0
205.0
177.0
236.0
254.0
223.0
298.0
206.0
425.0
265.0
233.0
247.0
247.0
316.0
213.0
186.0
246.0
218.0
201.0
243.0
185.0
164.0
175.0
142.0
172.0
212.0
269.0
317.0
329.0
262.0
281.0
280.0
249.0
254.0
254.0
169.0
227.0
140.0
426.0
258.0
209.0
319.0
250.0
194.0
391.0
238.0
244.0
175.0
253.0
148.0
218.0
226.0
115.0
231.0
280.0
263.0
132.0
216.0
216.0
243.0
319.0
170.0
449.0
183.0
98.0
216.0
220.0
377.0
240.0
170.0
265.0
293.0
201.0
220.0
252.0
226.0
170.0
207.0
115.0
280.0
250.0
247.0
269.0
228.0
220.0
308.0
326.0
169.0
279.0
310.0
182.0
187.0
171.0
232.0
251.0
330.0
376.0
131.0
254.0
196.0
181.0
244.0
192.0
185.0
146.0
234.0
160.0
189.0
320.0
149.0
371.0
179.0
425.0
139.0
263.0
202.0
229.0
210.0
165.0
282.0
342.0
234.0
256.0
344.0
125.0
236.0
254.0
201.0
248.0
361.0
285.0
306.0
265.0
148.0
310.0
145.0
172.0
225.0
265.0
382.0
239.0
257.0
230.0
287.0
347.0
259.0
230.0
157.0
236.0
225.0
235.0
248.0
188.0
235.0
187.0
243.0
208.0
264.0
137.0
142.0
255.0
192.0
253.0
356.0
139.0
298.0
245.0
245.0
246.0
440.0
177.0
272.0
250.0
589.0
405.0
184.0
129.0
308.0
237.0
216.0
207.0
161.0
192.0
365.0
173.0
285.0
161.0
479.0
322.0
167.0
308.0
204.0
306.0
226.0
217.0
154.0
168.0
229.0
327.0
189.0
205.0
255.0
194.0
210.0
164.0
208.0
400.0
279.0
260.0
442.0
194.0
281.0
327.0
198.0
181.0
235.0
270.0
280.0
212.0
264.0
402.0
386.0
186.0
177.0
276.0
327.0
205.0
269.0
253.0
195.0
231.0
2465.0
298.0
350.0
270.0
278.0
289.0
291.0
221.0
281.0
261.0
215.0
216.0
251.0
224.0
269.0
333.0
197.0
181.0
301.0
221.0
279.0
215.0
204.0
131.0
242.0
148.0
235.0
207.0
324.0
225.0
281.0
280.0
302.0
196.0
258.0
226.0
189.0
118.0
380.0
283.0
292.0
219.0
535.0
189.0
245.0
361.0
301.0
217.0
205.0
156.0
139.0
304.0
185.0
306.0
207.0
211.0
167.0
274.0
254.0
134.0
193.0
301.0
207.0
281.0
130.0
233.0
203.0
294.0
375.0
211.0
357.0
346.0
247.0
210.0
200.0
232.0
345.0
303.0
229.0
273.0
199.0
183.0
411.0
333.0
178.0
346.0
290.0
298.0
218.0
290.0
462.0
216.0
165.0
373.0
248.0
220.0
291.0
199.0
290.0
200.0
271.0
160.0
361.0
140.0
289.0
589.0
264.0
251.0
217.0
229.0
287.0
232.0
261.0
224.0
220.0
188.0
249.0
766.0
239.0
140.0
212.0
222.0
258.0
200.0
203.0
191.0
266.0
121.0
234.0
297.0
426.0
358.0
233.0
230.0
170.0
181.0
315.0
178.0
220.0
300.0
176.0
255.0
209.0
234.0
154.0
367.0
344.0
185.0
229.0
379.0
226.0
261.0
238.0
233.0
268.0
206.0
303.0
181.0
130.0
244.0
260.0
503.0
267.0
177.0
447.0
168.0
168.0
298.0
276.0
266.0
325.0
323.0
200.0
251.0
205.0
157.0
280.0
257.0
183.0
214.0
306.0
211.0
151.0
331.0
230.0
199.0
320.0
187.0
381.0
244.0
244.0
152.0
325.0
183.0
273.0
308.0
217.0
146.0
206.0
185.0
257.0
263.0
178.0
187.0
161.0
164.0
120.0
252.0
193.0
1429.0
223.0
244.0
281.0
241.0
275.0
256.0
234.0
228.0
225.0
149.0
237.0
307.0
198.0
297.0
122.0
220.0
265.0
323.0
307.0
153.0
306.0
179.0
222.0
300.0
182.0
258.0
169.0
272.0
197.0
286.0
201.0
189.0
220.0
251.0
338.0
180.0
250.0
209.0
186.0
290.0
326.0
216.0
202.0
197.0
279.0
224.0
163.0
249.0
383.0
249.0
263.0
216.0
262.0
264.0
221.0
259.0
251.0
203.0
290.0
250.0
241.0
278.0
275.0
273.0
251.0
227.0
217.0
277.0
174.0
176.0
177.0
259.0
318.0
248.0
156.0
455.0
254.0
266.0
125.0
261.0
311.0
199.0
240.0
252.0
302.0
295.0
229.0
262.0
255.0
226.0
313.0
257.0
208.0
271.0
225.0
212.0
264.0
272.0
261.0
155.0
256.0
205.0
275.0
361.0
371.0
145.0
191.0
276.0
223.0
268.0
206.0
205.0
302.0
229.0
305.0
160.0
253.0
210.0
302.0
177.0
205.0
154.0
362.0
211.0
249.0
121.0
267.0
264.0
130.0
254.0
250.0
264.0
110.0
235.0
282.0
281.0
196.0
281.0
201.0
203.0
305.0
293.0
253.0
451.0
129.0
231.0
200.0
309.0
203.0
298.0
266.0
265.0
202.0
181.0
178.0
265.0
238.0
161.0
187.0
461.0
160.0
285.0
202.0
285.0
209.0
336.0
208.0
212.0
266.0
214.0
335.0
274.0
180.0
222.0
193.0
118.0
187.0
288.0
161.0
154.0
328.0
205.0
162.0
169.0
259.0
198.0
305.0
329.0
399.0
186.0
176.0
302.0
329.0
189.0
185.0
249.0
200.0
239.0
373.0
234.0
229.0
200.0
218.0
145.0
178.0
237.0
280.0
277.0
216.0
204.0
112.0
253.0
264.0
473.0
152.0
322.0
275.0
286.0
325.0
272.0
281.0
225.0
202.0
213.0
155.0
197.0
238.0
235.0
212.0
258.0
257.0
180.0
352.0
226.0
199.0
227.0
172.0
286.0
179.0
245.0
330.0
333.0
305.0
250.0
211.0
196.0
285.0
166.0
275.0
263.0
202.0
255.0
235.0
201.0
288.0
134.0
159.0
199.0
150.0
158.0
412.0
214.0
117.0
232.0
203.0
258.0
249.0
215.0
257.0
303.0
196.0
422.0
170.0
204.0
261.0
186.0
158.0
272.0
141.0
348.0
221.0
225.0
252.0
275.0
179.0
211.0
136.0
235.0
432.0
234.0
332.0
167.0
222.0
198.0
253.0
185.0
266.0
307.0
217.0
241.0
309.0
294.0
220.0
267.0
308.0
248.0
293.0
213.0
157.0
129.0
209.0
351.0
268.0
239.0
191.0
195.0
226.0
286.0
196.0
188.0
217.0
235.0
189.0
245.0
270.0
258.0
235.0
318.0
192.0
197.0
189.0
320.0
289.0
223.0
378.0
225.0
370.0
250.0
242.0
196.0
154.0
287.0
206.0
308.0
284.0
131.0
217.0
168.0
350.0
209.0
202.0
202.0
157.0
259.0
124.0
127.0
161.0
214.0
299.0
158.0
201.0
208.0
163.0
287.0
281.0
193.0
391.0
248.0
156.0
215.0
301.0
219.0
247.0
260.0
324.0
269.0
190.0
289.0
255.0
342.0
177.0
257.0
166.0
276.0
265.0
265.0
132.0
237.0
324.0
146.0
312.0
121.0
270.0
231.0
230.0
411.0
223.0
135.0
257.0
256.0
227.0
189.0
175.0
271.0
182.0
206.0
332.0
213.0
204.0
256.0
218.0
148.0
117.0
302.0
204.0
277.0
224.0
132.0
318.0
169.0
310.0
212.0
262.0
212.0
258.0
313.0
215.0
207.0
467.0
252.0
185.0
175.0
172.0
204.0
210.0
244.0
209.0
248.0
218.0
351.0
338.0
170.0
250.0
244.0
220.0
114.0
417.0
180.0
276.0
317.0
188.0
194.0
226.0
183.0
366.0
231.0
456.0
253.0
326.0
261.0
239.0
240.0
188.0
238.0
351.0
143.0
196.0
372.0
248.0
156.0
151.0
372.0
244.0
255.0
198.0
289.0
166.0
264.0
101.0
291.0
225.0
153.0
146.0
352.0
191.0
304.0
298.0
252.0
375.0
139.0
185.0
252.0
183.0
273.0
197.0
216.0
192.0
176.0
212.0
148.0
187.0
314.0
229.0
251.0
171.0
319.0
189.0
175.0
355.0
236.0
259.0
213.0
293.0
267.0
237.0
262.0
265.0
300.0
217.0
295.0
175.0
203.0
226.0
369.0
173.0
283.0
228.0
199.0
243.0
164.0
265.0
140.0
289.0
233.0
798.0
239.0
214.0
204.0
181.0
252.0
204.0
192.0
327.0
257.0
296.0
118.0
173.0
277.0
241.0
245.0
261.0
132.0
238.0
235.0
270.0
203.0
306.0
162.0
294.0
235.0
167.0
208.0
306.0
184.0
325.0
144.0
312.0
320.0
274.0
145.0
183.0
246.0
298.0
201.0
229.0
239.0
327.0
183.0
299.0
322.0
206.0
335.0
282.0
215.0
121.0
242.0
239.0
218.0
169.0
130.0
246.0
225.0
189.0
227.0
206.0
296.0
202.0
264.0
285.0
288.0
185.0
219.0
221.0
189.0
131.0
260.0
361.0
373.0
281.0
408.0
177.0
347.0
288.0
172.0
221.0
235.0
282.0
227.0
268.0
193.0
224.0
261.0
242.0
214.0
203.0
309.0
211.0
219.0
192.0
246.0
197.0
184.0
184.0
250.0
279.0
147.0
155.0
202.0
267.0
205.0
253.0
246.0
280.0
411.0
371.0
171.0
296.0
213.0
206.0
209.0
334.0
190.0
189.0
264.0
242.0
251.0
151.0
262.0
190.0
212.0
193.0
363.0
193.0
206.0
120.0
176.0
281.0
148.0
219.0
337.0
276.0
253.0
264.0
309.0
185.0
251.0
200.0
198.0
243.0
155.0
428.0
393.0
211.0
213.0
412.0
260.0
312.0
249.0
172.0
139.0
222.0
286.0
248.0
322.0
203.0
305.0
385.0
237.0
363.0
285.0
334.0
176.0
290.0
404.0
197.0
305.0
189.0
366.0
119.0
160.0
240.0
220.0
296.0
137.0
239.0
160.0
317.0
210.0
199.0
169.0
251.0
133.0
223.0
439.0
234.0
204.0
235.0
169.0
292.0
167.0
248.0
346.0
278.0
242.0
130.0
176.0
245.0
376.0
234.0
228.0
337.0
1456.0
350.0
140.0
290.0
464.0
160.0
306.0
261.0
144.0
186.0
290.0
272.0
193.0
140.0
213.0
178.0
271.0
308.0
246.0
212.0
265.0
140.0
474.0
150.0
444.0
195.0
217.0
138.0
198.0
350.0
521.0
164.0
246.0
172.0
204.0
191.0
308.0
184.0
312.0
239.0
174.0
234.0
264.0
354.0
315.0
170.0
335.0
150.0
319.0
252.0
236.0
191.0
165.0
198.0
212.0
302.0
223.0
268.0
209.0
268.0
334.0
166.0
157.0
201.0
141.0
413.0
282.0
269.0
172.0
237.0
420.0
145.0
176.0
215.0
225.0
262.0
186.0
196.0
335.0
235.0
205.0
267.0
236.0
208.0
133.0
222.0
290.0
229.0
230.0
202.0
197.0
226.0
173.0
353.0
304.0
177.0
300.0
299.0
215.0
298.0
251.0
258.0
330.0
209.0
310.0
343.0
429.0
289.0
282.0
251.0
374.0
217.0
218.0
385.0
172.0
220.0
181.0
177.0
309.0
173.0
171.0
144.0
216.0
260.0
153.0
142.0
401.0
309.0
255.0
273.0
195.0
252.0
281.0
200.0
228.0
183.0
274.0
285.0
254.0
410.0
183.0
218.0
227.0
297.0
296.0
275.0
227.0
269.0
191.0
348.0
247.0
174.0
367.0
233.0
269.0
520.0
215.0
113.0
348.0
345.0
200.0
174.0
274.0
258.0
268.0
244.0
277.0
215.0
253.0
169.0
296.0
322.0
211.0
199.0
247.0
186.0
164.0
251.0
135.0
162.0
391.0
217.0
254.0
251.0
188.0
173.0
219.0
139.0
266.0
244.0
125.0
199.0
221.0
189.0
160.0
205.0
364.0
256.0
261.0
199.0
269.0
204.0
134.0
271.0
254.0
164.0
164.0
174.0
337.0
453.0
294.0
542.0
378.0
352.0
172.0
183.0
190.0
186.0
312.0
174.0
163.0
286.0
301.0
294.0
200.0
193.0
244.0
314.0
199.0
312.0
307.0
231.0
396.0
276.0
102.0
192.0
272.0
233.0
279.0
205.0
344.0
348.0
167.0
198.0
213.0
293.0
337.0
269.0
167.0
274.0
612.0
410.0
278.0
348.0
205.0
162.0
252.0
289.0
282.0
226.0
258.0
221.0
242.0
155.0
198.0
316.0
259.0
285.0
262.0
240.0
224.0
267.0
220.0
281.0
156.0
446.0
244.0
298.0
265.0
157.0
156.0
166.0
389.0
203.0
149.0
285.0
198.0
209.0
209.0
160.0
273.0
213.0
176.0
236.0
311.0
213.0
177.0
190.0
291.0
310.0
283.0
197.0
270.0
206.0
211.0
183.0
209.0
304.0
201.0
285.0
295.0
250.0
225.0
348.0
272.0
246.0
306.0
284.0
225.0
286.0
225.0
222.0
137.0
205.0
232.0
288.0
278.0
298.0
308.0
276.0
246.0
258.0
348.0
178.0
174.0
233.0
239.0
247.0
197.0
250.0
174.0
256.0
187.0
162.0
224.0
277.0
330.0
291.0
314.0
107.0
201.0
335.0
258.0
223.0
251.0
264.0
329.0
260.0
294.0
179.0
261.0
290.0
290.0
218.0
135.0
292.0
214.0
187.0
216.0
223.0
204.0
164.0
399.0
310.0
269.0
242.0
200.0
261.0
498.0
133.0
225.0
261.0
232.0
293.0
233.0
146.0
254.0
154.0
174.0
359.0
176.0
260.0
207.0
416.0
153.0
317.0
231.0
308.0
412.0
197.0
206.0
294.0
160.0
162.0
222.0
654.0
227.0
224.0
244.0
198.0
259.0
304.0
311.0
308.0
343.0
116.0
156.0
282.0
250.0
295.0
250.0
184.0
171.0
148.0
196.0
122.0
243.0
260.0
186.0
180.0
215.0
238.0
226.0
241.0
270.0
270.0
300.0
279.0
276.0
180.0
118.0
264.0
268.0
239.0
286.0
207.0
214.0
272.0
210.0
235.0
169.0
148.0
262.0
204.0
346.0
374.0
201.0
269.0
253.0
442.0
258.0
221.0
224.0
293.0
212.0
220.0
179.0
169.0
171.0
212.0
186.0
377.0
239.0
183.0
199.0
279.0
228.0
432.0
322.0
303.0
287.0
353.0
240.0
229.0
193.0
160.0
210.0
133.0
195.0
272.0
194.0
194.0
222.0
211.0
325.0
223.0
231.0
148.0
311.0
317.0
210.0
268.0
176.0
212.0
208.0
165.0
245.0
171.0
234.0
255.0
211.0
184.0
333.0
207.0
441.0
353.0
280.0
290.0
212.0
278.0
207.0
161.0
183.0
209.0
185.0
268.0
220.0
150.0
267.0
368.0
383.0
166.0
183.0
209.0
164.0
301.0
243.0
265.0
213.0
179.0
181.0
320.0
274.0
156.0
256.0
324.0
272.0
281.0
212.0
181.0
270.0
243.0
232.0
255.0
253.0
300.0
206.0
230.0
174.0
214.0
318.0
179.0
359.0
202.0
308.0
273.0
207.0
155.0
217.0
333.0
250.0
190.0
256.0
191.0
213.0
297.0
279.0
257.0
240.0
227.0
176.0
292.0
117.0
270.0
153.0
199.0
195.0
168.0
262.0
208.0
398.0
225.0
171.0
260.0
201.0
261.0
329.0
152.0
246.0
232.0
169.0
150.0
217.0
249.0
295.0
285.0
261.0
173.0
124.0
226.0
146.0
343.0
223.0
216.0
242.0
296.0
272.0
196.0
273.0
177.0
178.0
211.0
263.0
187.0
243.0
252.0
335.0
272.0
331.0
304.0
125.0
186.0
302.0
371.0
151.0
164.0
244.0
239.0
178.0
204.0
247.0
251.0
177.0
259.0
263.0
351.0
216.0
224.0
413.0
268.0
218.0
238.0
145.0
308.0
351.0
209.0
209.0
295.0
175.0
350.0
315.0
209.0
324.0
311.0
240.0
278.0
371.0
233.0
167.0
241.0
181.0
195.0
152.0
244.0
286.0
138.0
263.0
197.0
296.0
350.0
145.0
157.0
198.0
241.0
155.0
263.0
219.0
196.0
146.0
224.0
251.0
238.0
212.0
189.0
270.0
185.0
211.0
171.0
181.0
210.0
350.0
332.0
289.0
155.0
212.0
212.0
335.0
247.0
330.0
226.0
309.0
198.0
280.0
267.0
212.0
273.0
187.0
287.0
208.0
140.0
171.0
322.0
261.0
318.0
206.0
184.0
146.0
257.0
355.0
393.0
265.0
276.0
187.0
404.0
129.0
149.0
188.0
203.0
244.0
284.0
239.0
188.0
124.0
642.0
269.0
600.0
207.0
371.0
246.0
259.0
229.0
133.0
205.0
228.0
293.0
416.0
348.0
183.0
269.0
298.0
245.0
222.0
218.0
258.0
240.0
237.0
266.0
236.0
144.0
223.0
171.0
208.0
196.0
141.0
196.0
206.0
183.0
257.0
310.0
171.0
190.0
152.0
432.0
191.0
198.0
230.0
234.0
249.0
210.0
293.0
158.0
173.0
192.0
315.0
216.0
429.0
219.0
186.0
196.0
332.0
248.0
295.0
228.0
234.0
132.0
342.0
288.0
206.0
253.0
190.0
130.0
206.0
347.0
336.0
236.0
272.0
204.0
246.0
255.0
186.0
338.0
255.0
202.0
240.0
231.0
216.0
218.0
203.0
369.0
188.0
209.0
238.0
198.0
234.0
284.0
453.0
191.0
195.0
370.0
223.0
158.0
222.0
218.0
217.0
199.0
162.0
333.0
378.0
241.0
223.0
190.0
192.0
291.0
275.0
316.0
247.0
338.0
196.0
307.0
153.0
178.0
239.0
443.0
165.0
165.0
224.0
377.0
254.0
263.0
204.0
295.0
253.0
196.0
226.0
247.0
213.0
113.0
196.0
168.0
207.0
478.0
371.0
272.0
171.0
199.0
262.0
156.0
341.0
205.0
284.0
200.0
278.0
265.0
191.0
197.0
302.0
226.0
330.0
220.0
195.0
244.0
334.0
142.0
189.0
163.0
147.0
222.0
190.0
245.0
228.0
149.0
294.0
184.0
271.0
130.0
217.0
228.0
396.0
241.0
297.0
256.0
213.0
217.0
258.0
231.0
171.0
428.0
339.0
226.0
273.0
357.0
188.0
212.0
155.0
173.0
237.0
220.0
256.0
326.0
287.0
175.0
226.0
254.0
229.0
229.0
247.0
254.0
188.0
142.0
279.0
182.0
704.0
364.0
151.0
401.0
211.0
344.0
264.0
271.0
173.0
195.0
247.0
222.0
231.0
304.0
183.0
227.0
141.0
355.0
294.0
188.0
322.0
254.0
214.0
230.0
328.0
263.0
250.0
219.0
253.0
178.0
194.0
211.0
195.0
195.0
247.0
165.0
275.0
250.0
229.0
558.0
179.0
196.0
235.0
256.0
395.0
338.0
183.0
123.0
365.0
179.0
173.0
247.0
213.0
211.0
162.0
250.0
188.0
174.0
207.0
298.0
292.0
187.0
121.0
219.0
347.0
153.0
321.0
461.0
367.0
361.0
225.0
192.0
233.0
264.0
320.0
248.0
293.0
168.0
118.0
182.0
227.0
218.0
275.0
257.0
254.0
162.0
208.0
187.0
163.0
345.0
227.0
256.0
167.0
213.0
158.0
200.0
262.0
178.0
163.0
218.0
284.0
180.0
182.0
227.0
187.0
318.0
253.0
245.0
171.0
193.0
226.0
177.0
207.0
200.0
278.0
265.0
333.0
166.0
186.0
227.0
247.0
193.0
275.0
242.0
355.0
176.0
268.0
181.0
258.0
278.0
260.0
262.0
178.0
228.0
206.0
288.0
293.0
221.0
319.0
174.0
197.0
259.0
252.0
229.0
180.0
226.0
166.0
248.0
405.0
308.0
215.0
260.0
382.0
218.0
313.0
140.0
206.0
329.0
286.0
261.0
162.0
302.0
373.0
165.0
168.0
176.0
210.0
281.0
181.0
287.0
285.0
398.0
272.0
289.0
262.0
176.0
285.0
186.0
208.0
205.0
300.0
191.0
289.0
252.0
287.0
268.0
282.0
246.0
154.0
231.0
246.0
241.0
215.0
234.0
187.0
263.0
175.0
232.0
230.0
176.0
208.0
304.0
142.0
202.0
261.0
208.0
239.0
345.0
231.0
399.0
295.0
150.0
457.0
237.0
237.0
242.0
204.0
268.0
223.0
200.0
233.0
402.0
194.0
235.0
252.0
175.0
171.0
299.0
276.0
164.0
216.0
264.0
1214.0
190.0
241.0
293.0
289.0
173.0
349.0
218.0
183.0
230.0
174.0
171.0
222.0
175.0
337.0
237.0
258.0
201.0
312.0
385.0
260.0
195.0
218.0
338.0
244.0
212.0
211.0
281.0
258.0
245.0
323.0
224.0
315.0
258.0
342.0
221.0
225.0
213.0
224.0
338.0
173.0
294.0
266.0
281.0
355.0
291.0
249.0
226.0
291.0
248.0
221.0
217.0
157.0
180.0
204.0
265.0
408.0
416.0
298.0
175.0
240.0
259.0
211.0
446.0
166.0
214.0
466.0
235.0
469.0
288.0
281.0
202.0
198.0
228.0
152.0
178.0
347.0
204.0
230.0
215.0
243.0
317.0
241.0
311.0
223.0
328.0
224.0
184.0
233.0
363.0
215.0
279.0
289.0
163.0
194.0
171.0
231.0
227.0
288.0
339.0
245.0
248.0
199.0
215.0
278.0
184.0
302.0
240.0
149.0
217.0
288.0
154.0
298.0
321.0
217.0
211.0
246.0
160.0
264.0
234.0
276.0
291.0
254.0
255.0
294.0
199.0
236.0
225.0
204.0
224.0
217.0
262.0
272.0
185.0
433.0
322.0
207.0
179.0
202.0
270.0
556.0
276.0
228.0
213.0
223.0
270.0
278.0
177.0
310.0
349.0
265.0
206.0
191.0
193.0
266.0
253.0
384.0
135.0
324.0
318.0
147.0
317.0
369.0
134.0
261.0
293.0
220.0
334.0
295.0
258.0
274.0
290.0
265.0
191.0
223.0
199.0
192.0
234.0
317.0
232.0
327.0
330.0
188.0
296.0
195.0
230.0
258.0
231.0
222.0
273.0
288.0
140.0
227.0
443.0
224.0
276.0
194.0
185.0
258.0
280.0
248.0
204.0
439.0
200.0
157.0
383.0
198.0
276.0
247.0
349.0
276.0
232.0
180.0
450.0
256.0
324.0
191.0
183.0
205.0
185.0
218.0
429.0
275.0
168.0
284.0
153.0
195.0
180.0
357.0
141.0
210.0
239.0
225.0
219.0
241.0
175.0
232.0
281.0
292.0
240.0
303.0
206.0
163.0
230.0
218.0
285.0
223.0
267.0
246.0
264.0
247.0
308.0
254.0
330.0
235.0
177.0
211.0
388.0
281.0
245.0
298.0
207.0
239.0
469.0
275.0
189.0
349.0
206.0
209.0
257.0
373.0
402.0
234.0
308.0
159.0
212.0
250.0
247.0
157.0
395.0
171.0
138.0
300.0
229.0
251.0
170.0
286.0
288.0
248.0
218.0
177.0
403.0
211.0
192.0
285.0
328.0
313.0
180.0
209.0
292.0
246.0
177.0
224.0
224.0
166.0
222.0
214.0
269.0
257.0
320.0
230.0
421.0
271.0
244.0
273.0
237.0
388.0
226.0
172.0
226.0
246.0
184.0
242.0
219.0
185.0
231.0
242.0
206.0
293.0
280.0
273.0
296.0
195.0
222.0
240.0
169.0
377.0
197.0
124.0
212.0
199.0
305.0
219.0
218.0
205.0
249.0
230.0
244.0
193.0
167.0
323.0
307.0
234.0
176.0
330.0
233.0
159.0
373.0
268.0
264.0
288.0
270.0
288.0
203.0
277.0
223.0
186.0
233.0
301.0
231.0
186.0
257.0
196.0
271.0
312.0
283.0
307.0
277.0
355.0
274.0
232.0
235.0
363.0
189.0
231.0
170.0
172.0
340.0
311.0
192.0
208.0
250.0
289.0
263.0
198.0
174.0
193.0
152.0
214.0
203.0
208.0
339.0
196.0
142.0
328.0
243.0
207.0
220.0
221.0
381.0
162.0
233.0
282.0
172.0
203.0
214.0
163.0
209.0
227.0
303.0
187.0
252.0
214.0
139.0
188.0
255.0
163.0
325.0
205.0
265.0
240.0
216.0
303.0
180.0
209.0
146.0
278.0
223.0
186.0
271.0
288.0
173.0
215.0
264.0
331.0
311.0
273.0
160.0
178.0
279.0
211.0
499.0
209.0
241.0
345.0
239.0
298.0
186.0
218.0
176.0
347.0
431.0
199.0
257.0
247.0
240.0
230.0
148.0
229.0
218.0
280.0
213.0
210.0
171.0
197.0
244.0
190.0
197.0
218.0
256.0
261.0
275.0
290.0
265.0
253.0
194.0
189.0
135.0
272.0
225.0
227.0
160.0
303.0
247.0
188.0
259.0
250.0
336.0
188.0
291.0
186.0
341.0
258.0
226.0
167.0
218.0
365.0
131.0
335.0
215.0
225.0
216.0
353.0
241.0
193.0
226.0
239.0
221.0
277.0
179.0
255.0
235.0
214.0
133.0
201.0
313.0
246.0
155.0
207.0
270.0
134.0
592.0
234.0
243.0
256.0
263.0
227.0
245.0
232.0
257.0
201.0
215.0
217.0
343.0
889.0
388.0
222.0
317.0
221.0
249.0
342.0
115.0
245.0
232.0
164.0
274.0
205.0
313.0
166.0
343.0
187.0
246.0
230.0
225.0
125.0
183.0
245.0
157.0
185.0
217.0
305.0
246.0
170.0
299.0
243.0
195.0
320.0
297.0
241.0
181.0
241.0
278.0
209.0
180.0
201.0
240.0
186.0
254.0
225.0
307.0
201.0
208.0
169.0
206.0
163.0
219.0
235.0
290.0
196.0
260.0
190.0
198.0
227.0
246.0
142.0
228.0
174.0
282.0
168.0
429.0
349.0
311.0
292.0
231.0
162.0
191.0
224.0
302.0
208.0
237.0
305.0
222.0
264.0
145.0
333.0
242.0
199.0
193.0
230.0
326.0
208.0
230.0
194.0
219.0
239.0
256.0
246.0
236.0
285.0
150.0
256.0
190.0
275.0
234.0
221.0
192.0
227.0
259.0
211.0
274.0
349.0
223.0
160.0
189.0
337.0
152.0
162.0
218.0
168.0
210.0
240.0
125.0
229.0
380.0
268.0
248.0
249.0
163.0
153.0
175.0
222.0
365.0
279.0
372.0
179.0
227.0
267.0
249.0
232.0
140.0
104.0
348.0
320.0
226.0
266.0
273.0
256.0
280.0
251.0
195.0
235.0
229.0
252.0
185.0
221.0
222.0
285.0
224.0
202.0
220.0
184.0
276.0
236.0
468.0
211.0
259.0
277.0
259.0
221.0
198.0
160.0
217.0
268.0
160.0
338.0
189.0
225.0
242.0
292.0
182.0
280.0
167.0
259.0
298.0
297.0
201.0
165.0
250.0
197.0
342.0
242.0
204.0
287.0
243.0
241.0
230.0
265.0
193.0
225.0
269.0
325.0
245.0
263.0
246.0
192.0
223.0
194.0
196.0
140.0
265.0
168.0
214.0
192.0
278.0
174.0
226.0
294.0
299.0
205.0
317.0
258.0
233.0
260.0
375.0
186.0
207.0
515.0
210.0
145.0
220.0
245.0
388.0
243.0
333.0
159.0
282.0
273.0
212.0
212.0
211.0
267.0
170.0
227.0
100.0
179.0
355.0
212.0
256.0
270.0
185.0
168.0
206.0
162.0
192.0
193.0
307.0
133.0
302.0
214.0
191.0
300.0
262.0
147.0
332.0
437.0
314.0
288.0
201.0
196.0
238.0
291.0
195.0
210.0
202.0
263.0
253.0
347.0
185.0
203.0
187.0
242.0
325.0
267.0
268.0
180.0
237.0
201.0
280.0
237.0
239.0
318.0
255.0
160.0
189.0
388.0
353.0
213.0
263.0
290.0
185.0
244.0
352.0
162.0
275.0
272.0
192.0
249.0
239.0
284.0
234.0
111.0
165.0
176.0
297.0
226.0
183.0
251.0
192.0
260.0
222.0
196.0
166.0
257.0
340.0
317.0
277.0
272.0
190.0
273.0
272.0
219.0
203.0
240.0
264.0
345.0
193.0
211.0
192.0
236.0
224.0
244.0
415.0
175.0
194.0
240.0
253.0
254.0
271.0
247.0
266.0
323.0
235.0
395.0
204.0
142.0
369.0
274.0
152.0
225.0
232.0
192.0
198.0
308.0
212.0
256.0
209.0
162.0
318.0
174.0
108.0
440.0
241.0
192.0
162.0
245.0
265.0
194.0
365.0
198.0
223.0
202.0
261.0
276.0
272.0
233.0
245.0
293.0
326.0
223.0
174.0
391.0
254.0
110.0
174.0
272.0
326.0
253.0
223.0
264.0
223.0
276.0
198.0
225.0
217.0
158.0
175.0
224.0
301.0
159.0
211.0
296.0
173.0
227.0
288.0
286.0
344.0
293.0
306.0
178.0
311.0
141.0
217.0
199.0
423.0
201.0
193.0
375.0
385.0
234.0
199.0
214.0
266.0
220.0
244.0
291.0
211.0
216.0
240.0
208.0
171.0
270.0
158.0
256.0
438.0
291.0
277.0
219.0
500.0
239.0
227.0
218.0
241.0
177.0
290.0
234.0
220.0
254.0
250.0
167.0
725.0
159.0
310.0
318.0
244.0
216.0
277.0
401.0
232.0
264.0
226.0
208.0
208.0
233.0
203.0
255.0
208.0
215.0
249.0
255.0
291.0
157.0
258.0
242.0
269.0
296.0
342.0
266.0
199.0
260.0
245.0
276.0
248.0
200.0
239.0
200.0
326.0
227.0
263.0
163.0
302.0
225.0
213.0
428.0
301.0
233.0
248.0
169.0
264.0
254.0
305.0
151.0
141.0
219.0
244.0
221.0
399.0
272.0
256.0
214.0
277.0
357.0
139.0
272.0
271.0
236.0
291.0
237.0
252.0
267.0
330.0
267.0
236.0
273.0
305.0
277.0
286.0
346.0
203.0
297.0
254.0
208.0
267.0
203.0
220.0
176.0
217.0
144.0
311.0
262.0
218.0
341.0
220.0
254.0
191.0
241.0
193.0
195.0
342.0
491.0
242.0
268.0
257.0
219.0
238.0
176.0
278.0
260.0
313.0
296.0
252.0
202.0
145.0
232.0
249.0
251.0
193.0
234.0
245.0
281.0
291.0
250.0
146.0
228.0
235.0
354.0
272.0
218.0
188.0
135.0
266.0
325.0
173.0
278.0
223.0
178.0
242.0
238.0
349.0
204.0
260.0
277.0
337.0
309.0
378.0
196.0
197.0
189.0
311.0
349.0
257.0
199.0
249.0
266.0
220.0
374.0
246.0
328.0
221.0
366.0
246.0
212.0
441.0
236.0
282.0
351.0
190.0
128.0
239.0
241.0
211.0
318.0
286.0
196.0
384.0
329.0
181.0
208.0
268.0
195.0
231.0
306.0
191.0
278.0
257.0
144.0
287.0
265.0
172.0
259.0
202.0
229.0
261.0
250.0
363.0
205.0
210.0
221.0
378.0
271.0
237.0
250.0
228.0
362.0
269.0
279.0
259.0
209.0
401.0
266.0
181.0
218.0
278.0
346.0
231.0
233.0
227.0
254.0
352.0
268.0
317.0
269.0
167.0
307.0
268.0
231.0
167.0
224.0
284.0
319.0
270.0
277.0
275.0
184.0
323.0
261.0
298.0
204.0
378.0
216.0
280.0
217.0
193.0
292.0
328.0
404.0
332.0
252.0
205.0
368.0
273.0
212.0
154.0
292.0
252.0
291.0
316.0
180.0
276.0
261.0
216.0
253.0
295.0
222.0
143.0
235.0
207.0
203.0
189.0
221.0
145.0
235.0
340.0
153.0
268.0
186.0
257.0
200.0
345.0
280.0
305.0
242.0
221.0
242.0
184.0
321.0
169.0
257.0
245.0
222.0
193.0
276.0
220.0
346.0
271.0
246.0
325.0
221.0
265.0
289.0
190.0
234.0
265.0
224.0
221.0
236.0
296.0
231.0
191.0
275.0
290.0
196.0
252.0
220.0
234.0
315.0
310.0
224.0
314.0
193.0
273.0
249.0
251.0
228.0
175.0
202.0
295.0
168.0
282.0
130.0
268.0
295.0
196.0
165.0
321.0
221.0
292.0
411.0
178.0
381.0
180.0
230.0
179.0
251.0
244.0
226.0
261.0
245.0
304.0
274.0
288.0
264.0
270.0
290.0
290.0
205.0
171.0
224.0
206.0
236.0
270.0
225.0
203.0
223.0
171.0
165.0
272.0
197.0
302.0
225.0
231.0
272.0
259.0
228.0
296.0
160.0
365.0
227.0
185.0
214.0
310.0
277.0
262.0
186.0
158.0
434.0
226.0
189.0
294.0
259.0
256.0
144.0
193.0
190.0
205.0
241.0
235.0
201.0
246.0
248.0
338.0
219.0
187.0
285.0
318.0
305.0
203.0
213.0
225.0
298.0
146.0
278.0
199.0
174.0
373.0
244.0
184.0
231.0
215.0
204.0
192.0
177.0
244.0
220.0
226.0
240.0
253.0
239.0
254.0
257.0
283.0
200.0
245.0
319.0
243.0
238.0
250.0
211.0
251.0
260.0
392.0
229.0
107.0
292.0
311.0
217.0
381.0
200.0
209.0
339.0
288.0
224.0
269.0
396.0
266.0
156.0
214.0
243.0
147.0
131.0
217.0
247.0
216.0
266.0
188.0
314.0
173.0
194.0
198.0
195.0
298.0
232.0
195.0
290.0
172.0
392.0
199.0
235.0
169.0
207.0
280.0
236.0
223.0
197.0
236.0
258.0
273.0
172.0
201.0
179.0
340.0
265.0
197.0
198.0
220.0
226.0
358.0
255.0
224.0
225.0
370.0
243.0
269.0
255.0
212.0
218.0
295.0
383.0
227.0
332.0
188.0
295.0
242.0
218.0
290.0
233.0
206.0
208.0
164.0
262.0
226.0
168.0
281.0
399.0
195.0
225.0
422.0
354.0
310.0
506.0
320.0
233.0
179.0
209.0
268.0
239.0
219.0
180.0
395.0
170.0
196.0
200.0
149.0
155.0
810.0
307.0
232.0
209.0
189.0
269.0
222.0
291.0
285.0
153.0
240.0
222.0
208.0
285.0
249.0
171.0
170.0
181.0
171.0
260.0
193.0
257.0
271.0
263.0
294.0
170.0
187.0
371.0
236.0
311.0
256.0
255.0
193.0
166.0
177.0
221.0
165.0
316.0
161.0
258.0
219.0
295.0
234.0
218.0
198.0
259.0
215.0
148.0
203.0
326.0
355.0
187.0
204.0
301.0
202.0
275.0
185.0
176.0
370.0
316.0
184.0
288.0
233.0
177.0
226.0
314.0
207.0
198.0
216.0
294.0
230.0
239.0
281.0
232.0
168.0
245.0
241.0
186.0
178.0
231.0
288.0
264.0
437.0
109.0
263.0
162.0
290.0
249.0
204.0
337.0
215.0
213.0
162.0
290.0
177.0
311.0
234.0
377.0
187.0
195.0
249.0
177.0
299.0
206.0
134.0
311.0
209.0
238.0
165.0
213.0
183.0
262.0
219.0
172.0
260.0
315.0
150.0
338.0
162.0
320.0
188.0
238.0
273.0
238.0
279.0
209.0
145.0
205.0
321.0
204.0
247.0
277.0
201.0
290.0
215.0
153.0
141.0
217.0
341.0
331.0
216.0
259.0
316.0
316.0
241.0
257.0
240.0
229.0
184.0
161.0
199.0
326.0
266.0
224.0
194.0
146.0
319.0
220.0
351.0
226.0
400.0
330.0
187.0
367.0
194.0
249.0
343.0
245.0
341.0
212.0
180.0
282.0
229.0
302.0
146.0
370.0
197.0
226.0
255.0
256.0
196.0
200.0
209.0
255.0
243.0
372.0
171.0
216.0
304.0
311.0
362.0
253.0
232.0
314.0
287.0
291.0
199.0
170.0
191.0
349.0
249.0
240.0
250.0
304.0
287.0
308.0
302.0
269.0
228.0
159.0
200.0
235.0
337.0
147.0
204.0
218.0
209.0
200.0
180.0
225.0
227.0
205.0
256.0
213.0
312.0
162.0
311.0
280.0
321.0
171.0
349.0
170.0
186.0
317.0
185.0
324.0
228.0
224.0
227.0
186.0
276.0
263.0
267.0
208.0
348.0
312.0
208.0
199.0
191.0
325.0
152.0
268.0
231.0
212.0
263.0
371.0
296.0
337.0
227.0
227.0
460.0
170.0
142.0
341.0
286.0
200.0
236.0
214.0
308.0
245.0
216.0
257.0
172.0
220.0
191.0
249.0
156.0
324.0
217.0
221.0
141.0
215.0
302.0
250.0
263.0
208.0
298.0
205.0
312.0
256.0
275.0
220.0
201.0
190.0
362.0
227.0
309.0
261.0
303.0
284.0
272.0
331.0
244.0
235.0
113.0
231.0
203.0
231.0
135.0
275.0
201.0
136.0
192.0
311.0
197.0
370.0
291.0
163.0
267.0
318.0
215.0
318.0
382.0
265.0
299.0
257.0
192.0
155.0
234.0
336.0
276.0
289.0
362.0
183.0
205.0
252.0
159.0
285.0
253.0
169.0
337.0
220.0
221.0
239.0
252.0
207.0
254.0
424.0
325.0
282.0
230.0
213.0
220.0
229.0
112.0
264.0
230.0
344.0
305.0
328.0
250.0
201.0
258.0
199.0
201.0
163.0
223.0
265.0
230.0
174.0
228.0
286.0
221.0
224.0
170.0
259.0
149.0
183.0
161.0
303.0
186.0
280.0
308.0
266.0
345.0
383.0
255.0
265.0
182.0
234.0
206.0
318.0
228.0
191.0
229.0
254.0
246.0
263.0
249.0
208.0
351.0
273.0
270.0
161.0
270.0
338.0
215.0
304.0
229.0
227.0
236.0
245.0
228.0
232.0
239.0
264.0
222.0
407.0
223.0
241.0
228.0
226.0
306.0
240.0
242.0
204.0
311.0
214.0
255.0
260.0
202.0
243.0
199.0
275.0
264.0
336.0
289.0
346.0
285.0
268.0
261.0
276.0
249.0
352.0
183.0
302.0
183.0
250.0
256.0
269.0
292.0
215.0
191.0
318.0
240.0
258.0
187.0
184.0
275.0
291.0
334.0
242.0
267.0
261.0
250.0
178.0
149.0
304.0
188.0
263.0
255.0
267.0
265.0
224.0
159.0
105.0
168.0
195.0
287.0
302.0
278.0
261.0
261.0
151.0
268.0
357.0
330.0
211.0
213.0
298.0
231.0
197.0
171.0
156.0
197.0
234.0
286.0
329.0
281.0
595.0
259.0
163.0
187.0
194.0
256.0
298.0
193.0
211.0
188.0
370.0
162.0
297.0
230.0
293.0
257.0
271.0
233.0
282.0
203.0
214.0
257.0
309.0
310.0
314.0
213.0
371.0
180.0
263.0
305.0
234.0
219.0
365.0
244.0
283.0
199.0
195.0
309.0
176.0
269.0
181.0
201.0
270.0
279.0
242.0
227.0
243.0
267.0
247.0
263.0
256.0
280.0
171.0
628.0
147.0
209.0
262.0
153.0
175.0
192.0
318.0
302.0
217.0
214.0
140.0
305.0
488.0
302.0
163.0
240.0
229.0
213.0
199.0
354.0
205.0
202.0
327.0
180.0
292.0
203.0
164.0
231.0
396.0
170.0
263.0
210.0
133.0
193.0
215.0
220.0
235.0
205.0
357.0
209.0
296.0
427.0
256.0
295.0
413.0
182.0
219.0
332.0
224.0
215.0
229.0
275.0
334.0
275.0
230.0
256.0
235.0
243.0
310.0
385.0
325.0
215.0
284.0
266.0
351.0
234.0
192.0
290.0
210.0
191.0
162.0
249.0
259.0
247.0
218.0
178.0
264.0
219.0
298.0
211.0
240.0
295.0
222.0
196.0
232.0
212.0
208.0
251.0
223.0
237.0
264.0
239.0
311.0
391.0
251.0
281.0
386.0
314.0
333.0
222.0
229.0
269.0
206.0
275.0
333.0
324.0
230.0
269.0
197.0
299.0
257.0
184.0
283.0
246.0
259.0
348.0
241.0
208.0
310.0
190.0
226.0
303.0
190.0
318.0
279.0
248.0
306.0
154.0
252.0
169.0
199.0
148.0
236.0
435.0
245.0
283.0
179.0
259.0
365.0
239.0
197.0
301.0
272.0
194.0
293.0
204.0
218.0
253.0
157.0
301.0
222.0
249.0
189.0
281.0
159.0
225.0
298.0
431.0
258.0
303.0
221.0
294.0
177.0
167.0
202.0
263.0
260.0
166.0
296.0
274.0
138.0
202.0
226.0
137.0
247.0
141.0
308.0
216.0
391.0
238.0
282.0
316.0
253.0
228.0
206.0
484.0
283.0
264.0
344.0
262.0
245.0
183.0
203.0
303.0
232.0
264.0
214.0
372.0
164.0
191.0
320.0
200.0
255.0
291.0
261.0
253.0
174.0
303.0
273.0
206.0
242.0
194.0
218.0
284.0
217.0
217.0
217.0
280.0
307.0
267.0
330.0
262.0
246.0
256.0
192.0
165.0
172.0
266.0
179.0
244.0
253.0
200.0
241.0
302.0
270.0
251.0
313.0
189.0
454.0
219.0
263.0
286.0
275.0
211.0
342.0
234.0
220.0
252.0
245.0
259.0
364.0
209.0
207.0
150.0
211.0
168.0
298.0
208.0
273.0
203.0
248.0
193.0
355.0
194.0
186.0
198.0
301.0
325.0
241.0
211.0
275.0
163.0
227.0
205.0
306.0
259.0
262.0
220.0
247.0
227.0
179.0
300.0
288.0
225.0
196.0
393.0
327.0
215.0
371.0
421.0
245.0
199.0
219.0
377.0
192.0
251.0
243.0
216.0
278.0
140.0
206.0
198.0
204.0
281.0
163.0
179.0
194.0
102.0
202.0
226.0
287.0
348.0
151.0
210.0
241.0
207.0
192.0
192.0
244.0
247.0
265.0
227.0
336.0
214.0
200.0
571.0
142.0
295.0
284.0
247.0
285.0
195.0
210.0
277.0
255.0
230.0
196.0
455.0
483.0
293.0
231.0
231.0
150.0
264.0
308.0
278.0
291.0
280.0
201.0
243.0
236.0
269.0
237.0
186.0
308.0
157.0
206.0
290.0
174.0
147.0
222.0
216.0
351.0
199.0
264.0
196.0
328.0
240.0
134.0
293.0
201.0
272.0
236.0
184.0
322.0
284.0
218.0
347.0
247.0
248.0
343.0
326.0
185.0
281.0
196.0
336.0
271.0
246.0
257.0
226.0
191.0
254.0
242.0
403.0
272.0
216.0
210.0
200.0
243.0
305.0
180.0
260.0
216.0
192.0
208.0
319.0
229.0
238.0
239.0
198.0
282.0
132.0
196.0
323.0
162.0
408.0
229.0
198.0
333.0
216.0
321.0
218.0
283.0
210.0
222.0
191.0
236.0
338.0
237.0
382.0
239.0
150.0
185.0
169.0
297.0
223.0
312.0
312.0
281.0
323.0
195.0
223.0
175.0
305.0
184.0
277.0
185.0
176.0
287.0
205.0
302.0
193.0
263.0
312.0
142.0
172.0
192.0
270.0
290.0
340.0
162.0
248.0
216.0
163.0
200.0
217.0
213.0
186.0
266.0
359.0
233.0
188.0
191.0
338.0
210.0
366.0
186.0
284.0
176.0
237.0
302.0
152.0
175.0
177.0
220.0
247.0
220.0
197.0
260.0
214.0
215.0
255.0
268.0
281.0
156.0
277.0
289.0
240.0
301.0
242.0
272.0
196.0
233.0
216.0
231.0
204.0
262.0
173.0
224.0
355.0
197.0
381.0
247.0
220.0
228.0
238.0
293.0
277.0
215.0
192.0
270.0
343.0
243.0
349.0
282.0
143.0
191.0
404.0
367.0
207.0
372.0
385.0
305.0
295.0
181.0
233.0
243.0
224.0
185.0
195.0
361.0
153.0
181.0
231.0
225.0
197.0
201.0
259.0
224.0
191.0
239.0
304.0
449.0
317.0
154.0
281.0
160.0
217.0
270.0
276.0
343.0
225.0
143.0
269.0
294.0
242.0
182.0
281.0
226.0
211.0
380.0
313.0
276.0
306.0
262.0
288.0
213.0
230.0
259.0
193.0
205.0
171.0
156.0
229.0
214.0
309.0
256.0
86.0
292.0
304.0
233.0
263.0
261.0
300.0
232.0
123.0
236.0
194.0
260.0
316.0
335.0
276.0
293.0
236.0
343.0
266.0
177.0
292.0
297.0
188.0
193.0
277.0
238.0
235.0
270.0
155.0
206.0
223.0
251.0
330.0
188.0
232.0
271.0
234.0
222.0
320.0
210.0
397.0
153.0
325.0
216.0
408.0
297.0
422.0
300.0
244.0
340.0
183.0
172.0
233.0
222.0
128.0
239.0
266.0
197.0
142.0
283.0
250.0
215.0
189.0
208.0
325.0
265.0
187.0
297.0
195.0
219.0
143.0
279.0
215.0
241.0
205.0
202.0
196.0
174.0
244.0
221.0
265.0
192.0
253.0
274.0
311.0
328.0
325.0
202.0
212.0
249.0
180.0
367.0
236.0
370.0
186.0
276.0
263.0
333.0
178.0
191.0
247.0
240.0
276.0
244.0
224.0
260.0
349.0
319.0
343.0
215.0
363.0
192.0
194.0
259.0
255.0
242.0
331.0
303.0
343.0
200.0
314.0
270.0
130.0
235.0
267.0
264.0
300.0
170.0
263.0
240.0
180.0
227.0
167.0
278.0
271.0
133.0
174.0
190.0
200.0
246.0
221.0
287.0
226.0
281.0
302.0
313.0
224.0
276.0
228.0
226.0
230.0
323.0
284.0
239.0
196.0
269.0
185.0
184.0
275.0
191.0
251.0
334.0
225.0
274.0
149.0
251.0
185.0
253.0
403.0
200.0
180.0
226.0
308.0
211.0
282.0
345.0
285.0
195.0
177.0
214.0
262.0
229.0
293.0
107.0
328.0
302.0
254.0
266.0
198.0
246.0
254.0
257.0
212.0
200.0
189.0
423.0
266.0
248.0
277.0
386.0
191.0
401.0
198.0
192.0
275.0
199.0
207.0
232.0
213.0
168.0
248.0
182.0
297.0
145.0
233.0
283.0
284.0
280.0
259.0
266.0
324.0
207.0
299.0
180.0
205.0
342.0
179.0
321.0
219.0
311.0
154.0
215.0
158.0
325.0
194.0
212.0
308.0
324.0
206.0
297.0
226.0
264.0
354.0
182.0
314.0
231.0
175.0
299.0
193.0
166.0
235.0
261.0
236.0
270.0
287.0
183.0
159.0
269.0
326.0
259.0
243.0
365.0
155.0
156.0
413.0
234.0
163.0
244.0
264.0
254.0
158.0
168.0
166.0
290.0
258.0
289.0
364.0
468.0
188.0
305.0
322.0
209.0
200.0
193.0
256.0
295.0
203.0
239.0
331.0
226.0
253.0
300.0
275.0
186.0
221.0
195.0
212.0
243.0
195.0
255.0
181.0
313.0
385.0
285.0
336.0
223.0
207.0
245.0
236.0
141.0
231.0
252.0
267.0
198.0
175.0
247.0
229.0
235.0
300.0
232.0
269.0
310.0
258.0
176.0
198.0
203.0
280.0
199.0
160.0
168.0
168.0
184.0
279.0
179.0
345.0
198.0
175.0
250.0
312.0
248.0
302.0
279.0
284.0
255.0
139.0
391.0
265.0
197.0
173.0
265.0
213.0
181.0
292.0
266.0
231.0
427.0
236.0
302.0
399.0
247.0
169.0
221.0
142.0
248.0
369.0
380.0
190.0
224.0
308.0
260.0
252.0
227.0
302.0
302.0
278.0
324.0
260.0
288.0
348.0
282.0
185.0
170.0
212.0
193.0
287.0
373.0
232.0
234.0
182.0
264.0
250.0
324.0
336.0
195.0
213.0
148.0
229.0
209.0
169.0
259.0
310.0
265.0
273.0
206.0
495.0
168.0
297.0
248.0
287.0
234.0
133.0
278.0
177.0
194.0
304.0
281.0
344.0
258.0
278.0
312.0
198.0
177.0
262.0
141.0
224.0
216.0
197.0
230.0
286.0
245.0
252.0
302.0
245.0
217.0
262.0
207.0
355.0
229.0
224.0
267.0
247.0
224.0
341.0
501.0
293.0
204.0
241.0
257.0
276.0
317.0
252.0
235.0
240.0
355.0
195.0
146.0
352.0
306.0
239.0
182.0
232.0
306.0
210.0
310.0
163.0
316.0
279.0
225.0
264.0
208.0
192.0
196.0
298.0
261.0
215.0
352.0
217.0
211.0
295.0
276.0
143.0
217.0
167.0
259.0
260.0
189.0
186.0
303.0
276.0
194.0
328.0
242.0
231.0
326.0
349.0
312.0
212.0
199.0
391.0
258.0
345.0
258.0
269.0
242.0
265.0
228.0
196.0
282.0
307.0
337.0
221.0
187.0
276.0
271.0
167.0
232.0
198.0
236.0
208.0
308.0
206.0
316.0
172.0
243.0
351.0
224.0
166.0
333.0
183.0
238.0
354.0
200.0
183.0
248.0
297.0
259.0
245.0
220.0
216.0
250.0
252.0
276.0
539.0
260.0
304.0
254.0
151.0
201.0
331.0
239.0
207.0
353.0
332.0
269.0
170.0
211.0
305.0
213.0
218.0
138.0
184.0
225.0
255.0
227.0
244.0
257.0
465.0
240.0
317.0
235.0
272.0
218.0
260.0
316.0
276.0
181.0
342.0
320.0
208.0
219.0
232.0
198.0
179.0
218.0
259.0
405.0
184.0
300.0
167.0
360.0
311.0
255.0
185.0
244.0
271.0
335.0
200.0
306.0
383.0
281.0
230.0
252.0
186.0
261.0
348.0
196.0
244.0
248.0
228.0
214.0
178.0
225.0
207.0
221.0
261.0
252.0
204.0
333.0
139.0
337.0
244.0
294.0
247.0
263.0
311.0
197.0
246.0
215.0
384.0
274.0
235.0
300.0
268.0
292.0
294.0
195.0
162.0
231.0
332.0
266.0
317.0
163.0
386.0
192.0
331.0
172.0
180.0
545.0
138.0
348.0
185.0
188.0
232.0
276.0
285.0
232.0
280.0
199.0
180.0
177.0
314.0
175.0
193.0
288.0
262.0
170.0
233.0
216.0
183.0
246.0
293.0
271.0
175.0
190.0
298.0
239.0
285.0
331.0
155.0
174.0
268.0
258.0
211.0
295.0
230.0
278.0
225.0
257.0
294.0
259.0
232.0
245.0
301.0
308.0
184.0
202.0
268.0
245.0
309.0
321.0
274.0
243.0
231.0
258.0
189.0
185.0
207.0
306.0
281.0
189.0
247.0
291.0
302.0
182.0
206.0
172.0
243.0
199.0
184.0
225.0
186.0
320.0
221.0
250.0
342.0
226.0
207.0
196.0
339.0
219.0
223.0
342.0
277.0
216.0
292.0
295.0
247.0
182.0
388.0
246.0
302.0
157.0
292.0
286.0
323.0
189.0
227.0
249.0
274.0
357.0
255.0
246.0
223.0
226.0
223.0
288.0
332.0
264.0
245.0
265.0
205.0
221.0
216.0
224.0
303.0
216.0
316.0
370.0
269.0
297.0
101.0
229.0
302.0
280.0
216.0
300.0
320.0
274.0
289.0
359.0
205.0
175.0
202.0
223.0
328.0
298.0
368.0
275.0
284.0
199.0
421.0
215.0
225.0
282.0
214.0
149.0
244.0
133.0
258.0
221.0
136.0
342.0
233.0
219.0
260.0
206.0
227.0
192.0
268.0
201.0
142.0
218.0
260.0
227.0
213.0
241.0
212.0
221.0
296.0
242.0
222.0
308.0
187.0
202.0
163.0
234.0
244.0
404.0
291.0
218.0
239.0
220.0
236.0
165.0
185.0
320.0
259.0
323.0
150.0
217.0
158.0
262.0
243.0
246.0
264.0
267.0
202.0
271.0
164.0
227.0
187.0
241.0
213.0
191.0
179.0
293.0
224.0
297.0
218.0
230.0
218.0
184.0
217.0
259.0
184.0
413.0
456.0
294.0
255.0
246.0
393.0
388.0
222.0
201.0
234.0
225.0
140.0
208.0
206.0
275.0
216.0
154.0
235.0
314.0
173.0
297.0
234.0
269.0
245.0
196.0
283.0
253.0
222.0
175.0
253.0
253.0
165.0
231.0
192.0
193.0
180.0
330.0
115.0
280.0
268.0
213.0
243.0
211.0
285.0
145.0
301.0
195.0
216.0
200.0
347.0
347.0
286.0
327.0
280.0
245.0
261.0
249.0
216.0
308.0
229.0
257.0
165.0
259.0
231.0
381.0
193.0
241.0
379.0
204.0
209.0
307.0
313.0
269.0
371.0
263.0
299.0
209.0
181.0
301.0
154.0
247.0
184.0
217.0
406.0
292.0
307.0
206.0
209.0
287.0
172.0
376.0
342.0
396.0
296.0
189.0
299.0
294.0
240.0
234.0
278.0
129.0
242.0
228.0
315.0
223.0
356.0
196.0
172.0
336.0
192.0
189.0
267.0
256.0
210.0
426.0
345.0
166.0
261.0
273.0
368.0
158.0
177.0
170.0
206.0
147.0
165.0
266.0
203.0
302.0
191.0
251.0
299.0
227.0
136.0
354.0
226.0
285.0
218.0
276.0
127.0
208.0
328.0
487.0
249.0
195.0
292.0
334.0
161.0
200.0
176.0
202.0
279.0
273.0
214.0
241.0
237.0
164.0
331.0
347.0
221.0
223.0
294.0
167.0
184.0
201.0
182.0
349.0
192.0
179.0
325.0
172.0
376.0
189.0
181.0
333.0
238.0
273.0
173.0
286.0
278.0
255.0
260.0
196.0
198.0
242.0
223.0
264.0
195.0
226.0
300.0
188.0
272.0
122.0
235.0
305.0
262.0
277.0
246.0
256.0
217.0
253.0
219.0
255.0
236.0
196.0
181.0
386.0
205.0
317.0
267.0
212.0
122.0
282.0
218.0
276.0
202.0
258.0
364.0
362.0
151.0
162.0
212.0
274.0
428.0
223.0
207.0
204.0
202.0
227.0
192.0
366.0
242.0
224.0
267.0
300.0
178.0
215.0
447.0
243.0
273.0
182.0
219.0
357.0
192.0
309.0
156.0
286.0
319.0
258.0
296.0
309.0
291.0
212.0
308.0
185.0
163.0
263.0
273.0
175.0
154.0
297.0
212.0
247.0
210.0
174.0
225.0
245.0
223.0
485.0
242.0
156.0
215.0
238.0
205.0
220.0
271.0
327.0
245.0
328.0
271.0
190.0
261.0
263.0
294.0
302.0
215.0
277.0
155.0
192.0
158.0
287.0
213.0
322.0
270.0
201.0
226.0
216.0
157.0
236.0
306.0
147.0
298.0
217.0
182.0
358.0
322.0
352.0
182.0
274.0
351.0
242.0
270.0
216.0
285.0
282.0
207.0
285.0
318.0
156.0
310.0
197.0
371.0
275.0
296.0
238.0
156.0
222.0
392.0
196.0
293.0
167.0
254.0
291.0
306.0
307.0
283.0
334.0
236.0
289.0
217.0
148.0
284.0
160.0
202.0
183.0
184.0
175.0
225.0
245.0
349.0
252.0
190.0
297.0
217.0
310.0
171.0
158.0
316.0
191.0
355.0
170.0
233.0
169.0
322.0
219.0
334.0
200.0
227.0
162.0
192.0
207.0
274.0
768.0
260.0
212.0
170.0
265.0
215.0
243.0
310.0
214.0
189.0
323.0
259.0
278.0
237.0
179.0
143.0
253.0
306.0
182.0
262.0
319.0
210.0
210.0
163.0
292.0
199.0
230.0
285.0
160.0
216.0
294.0
468.0
331.0
266.0
180.0
275.0
332.0
187.0
191.0
249.0
466.0
196.0
233.0
225.0
326.0
266.0
141.0
248.0
270.0
155.0
189.0
191.0
181.0
385.0
293.0
200.0
266.0
201.0
173.0
192.0
366.0
316.0
230.0
353.0
178.0
301.0
312.0
166.0
247.0
195.0
219.0
359.0
168.0
249.0
208.0
232.0
235.0
142.0
185.0
323.0
156.0
163.0
397.0
399.0
334.0
177.0
156.0
217.0
284.0
184.0
208.0
246.0
179.0
248.0
357.0
305.0
300.0
274.0
261.0
275.0
201.0
191.0
235.0
246.0
247.0
162.0
414.0
197.0
332.0
175.0
309.0
221.0
141.0
206.0
241.0
314.0
223.0
213.0
169.0
226.0
279.0
207.0
330.0
318.0
269.0
214.0
212.0
241.0
264.0
416.0
220.0
371.0
255.0
208.0
211.0
183.0
192.0
219.0
339.0
132.0
192.0
273.0
171.0
381.0
193.0
307.0
253.0
232.0
286.0
238.0
236.0
248.0
243.0
205.0
178.0
275.0
246.0
173.0
243.0
171.0
276.0
174.0
285.0
250.0
208.0
245.0
340.0
242.0
273.0
312.0
147.0
301.0
179.0
142.0
377.0
262.0
346.0
185.0
331.0
380.0
129.0
131.0
223.0
249.0
293.0
344.0
293.0
159.0
237.0
187.0
419.0
199.0
328.0
329.0
246.0
280.0
302.0
356.0
192.0
213.0
212.0
246.0
260.0
211.0
201.0
169.0
360.0
169.0
216.0
217.0
300.0
230.0
316.0
237.0
190.0
265.0
177.0
234.0
292.0
300.0
181.0
354.0
292.0
354.0
290.0
230.0
304.0
272.0
262.0
197.0
250.0
255.0
278.0
287.0
464.0
307.0
225.0
270.0
217.0
133.0
222.0
229.0
221.0
195.0
254.0
261.0
291.0
241.0
261.0
237.0
209.0
205.0
286.0
374.0
211.0
287.0
315.0
293.0
136.0
238.0
246.0
241.0
284.0
252.0
365.0
293.0
261.0
413.0
321.0
248.0
167.0
287.0
299.0
241.0
171.0
267.0
262.0
149.0
227.0
209.0
276.0
228.0
221.0
275.0
276.0
237.0
283.0
631.0
221.0
208.0
179.0
209.0
225.0
255.0
176.0
229.0
266.0
171.0
460.0
364.0
256.0
218.0
229.0
243.0
269.0
272.0
267.0
197.0
238.0
185.0
257.0
244.0
273.0
343.0
448.0
150.0
236.0
233.0
271.0
174.0
231.0
121.0
227.0
444.0
256.0
299.0
254.0
236.0
227.0
229.0
237.0
324.0
203.0
334.0
518.0
122.0
180.0
294.0
176.0
196.0
251.0
218.0
245.0
285.0
326.0
205.0
456.0
325.0
137.0
234.0
176.0
267.0
301.0
195.0
208.0
305.0
309.0
270.0
195.0
229.0
219.0
328.0
305.0
175.0
206.0
219.0
219.0
228.0
244.0
247.0
289.0
236.0
628.0
110.0
201.0
249.0
220.0
375.0
300.0
281.0
223.0
216.0
234.0
267.0
240.0
185.0
197.0
283.0
250.0
291.0
239.0
232.0
345.0
270.0
230.0
275.0
278.0
232.0
235.0
183.0
191.0
371.0
194.0
400.0
400.0
178.0
237.0
232.0
162.0
165.0
167.0
193.0
230.0
213.0
277.0
285.0
228.0
275.0
208.0
248.0
201.0
278.0
188.0
258.0
369.0
237.0
243.0
230.0
294.0
326.0
240.0
239.0
252.0
234.0
198.0
251.0
128.0
213.0
270.0
142.0
205.0
205.0
182.0
149.0
298.0
311.0
172.0
298.0
333.0
216.0
270.0
194.0
158.0
217.0
370.0
335.0
295.0
274.0
273.0
254.0
400.0
160.0
279.0
296.0
381.0
271.0
416.0
353.0
221.0
233.0
224.0
280.0
200.0
299.0
246.0
199.0
281.0
117.0
285.0
187.0
355.0
284.0
245.0
222.0
235.0
231.0
203.0
227.0
316.0
248.0
153.0
218.0
170.0
247.0
355.0
157.0
188.0
240.0
546.0
264.0
211.0
190.0
161.0
181.0
159.0
198.0
150.0
190.0
136.0
188.0
293.0
294.0
258.0
211.0
269.0
178.0
426.0
353.0
206.0
166.0
337.0
148.0
295.0
272.0
228.0
194.0
257.0
273.0
283.0
249.0
278.0
281.0
227.0
215.0
186.0
336.0
213.0
305.0
199.0
281.0
239.0
200.0
154.0
193.0
218.0
225.0
165.0
353.0
162.0
309.0
230.0
225.0
197.0
236.0
189.0
203.0
181.0
254.0
130.0
242.0
244.0
214.0
219.0
248.0
391.0
188.0
526.0
137.0
248.0
207.0
199.0
241.0
202.0
198.0
159.0
237.0
170.0
214.0
266.0
394.0
297.0
445.0
311.0
166.0
251.0
207.0
170.0
271.0
267.0
192.0
195.0
289.0
239.0
236.0
292.0
218.0
282.0
281.0
318.0
241.0
148.0
294.0
193.0
191.0
257.0
165.0
165.0
259.0
177.0
293.0
259.0
357.0
318.0
210.0
189.0
196.0
179.0
282.0
287.0
280.0
153.0
219.0
222.0
217.0
200.0
324.0
173.0
196.0
294.0
154.0
280.0
317.0
210.0
189.0
248.0
229.0
191.0
185.0
397.0
261.0
234.0
259.0
255.0
153.0
344.0
214.0
234.0
299.0
313.0
343.0
310.0
151.0
453.0
205.0
231.0
216.0
299.0
238.0
166.0
279.0
286.0
304.0
267.0
170.0
348.0
181.0
269.0
186.0
285.0
209.0
286.0
265.0
196.0
178.0
537.0
266.0
214.0
214.0
297.0
223.0
275.0
322.0
279.0
270.0
447.0
267.0
135.0
184.0
1575.0
231.0
212.0
255.0
306.0
196.0
156.0
203.0
177.0
246.0
270.0
220.0
326.0
280.0
258.0
211.0
267.0
203.0
238.0
250.0
267.0
231.0
203.0
192.0
441.0
186.0
202.0
194.0
267.0
284.0
194.0
294.0
236.0
253.0
204.0
227.0
202.0
205.0
284.0
183.0
166.0
295.0
194.0
263.0
185.0
311.0
161.0
290.0
356.0
238.0
253.0
109.0
242.0
175.0
251.0
306.0
211.0
285.0
252.0
286.0
354.0
189.0
218.0
312.0
244.0
242.0
209.0
277.0
404.0
265.0
219.0
234.0
351.0
271.0
154.0
129.0
272.0
206.0
243.0
328.0
195.0
222.0
327.0
196.0
189.0
260.0
165.0
233.0
198.0
387.0
229.0
272.0
220.0
228.0
241.0
251.0
285.0
280.0
245.0
242.0
256.0
238.0
255.0
226.0
304.0
362.0
232.0
228.0
236.0
253.0
343.0
206.0
230.0
251.0
194.0
191.0
143.0
214.0
212.0
214.0
184.0
285.0
305.0
312.0
204.0
262.0
196.0
159.0
151.0
238.0
168.0
315.0
267.0
529.0
129.0
352.0
341.0
246.0
269.0
266.0
288.0
157.0
160.0
201.0
308.0
271.0
320.0
140.0
233.0
394.0
169.0
406.0
261.0
194.0
177.0
222.0
216.0
127.0
313.0
259.0
275.0
249.0
427.0
225.0
206.0
261.0
198.0
328.0
209.0
254.0
347.0
191.0
266.0
227.0
335.0
253.0
314.0
214.0
184.0
176.0
183.0
302.0
272.0
216.0
219.0
189.0
209.0
118.0
285.0
256.0
298.0
278.0
274.0
198.0
208.0
139.0
163.0
272.0
239.0
306.0
318.0
326.0
349.0
177.0
299.0
301.0
254.0
238.0
329.0
278.0
157.0
283.0
392.0
222.0
284.0
133.0
301.0
206.0
231.0
183.0
258.0
219.0
216.0
186.0
308.0
216.0
215.0
315.0
228.0
212.0
179.0
208.0
310.0
213.0
289.0
512.0
305.0
222.0
302.0
439.0
223.0
220.0
279.0
238.0
200.0
424.0
104.0
298.0
228.0
300.0
197.0
161.0
192.0
368.0
280.0
308.0
303.0
280.0
148.0
175.0
130.0
294.0
197.0
216.0
217.0
154.0
254.0
225.0
239.0
305.0
158.0
235.0
259.0
274.0
236.0
228.0
296.0
175.0
299.0
274.0
358.0
199.0
236.0
225.0
130.0
609.0
180.0
276.0
231.0
235.0
222.0
216.0
180.0
169.0
155.0
466.0
223.0
191.0
195.0
304.0
325.0
222.0
187.0
312.0
201.0
283.0
233.0
204.0
280.0
284.0
274.0
255.0
285.0
213.0
208.0
298.0
200.0
241.0
209.0
313.0
297.0
307.0
143.0
202.0
153.0
236.0
255.0
352.0
303.0
199.0
179.0
150.0
213.0
239.0
258.0
209.0
588.0
250.0
213.0
300.0
280.0
325.0
203.0
192.0
235.0
274.0
148.0
149.0
263.0
304.0
285.0
279.0
191.0
209.0
160.0
263.0
303.0
215.0
172.0
226.0
323.0
247.0
285.0
214.0
210.0
313.0
146.0
313.0
319.0
308.0
195.0
137.0
320.0
243.0
244.0
400.0
239.0
285.0
287.0
144.0
343.0
419.0
219.0
300.0
206.0
166.0
162.0
139.0
176.0
244.0
251.0
271.0
190.0
294.0
208.0
243.0
155.0
278.0
157.0
197.0
233.0
229.0
246.0
307.0
187.0
321.0
206.0
300.0
283.0
230.0
221.0
233.0
230.0
164.0
210.0
380.0
158.0
184.0
307.0
198.0
186.0
136.0
170.0
363.0
246.0
185.0
360.0
234.0
141.0
326.0
458.0
179.0
300.0
211.0
310.0
215.0
185.0
145.0
253.0
266.0
303.0
252.0
227.0
299.0
251.0
245.0
230.0
180.0
168.0
230.0
380.0
236.0
392.0
237.0
159.0
290.0
258.0
228.0
155.0
220.0
205.0
294.0
344.0
163.0
308.0
255.0
233.0
237.0
327.0
169.0
326.0
201.0
381.0
198.0
352.0
251.0
265.0
237.0
311.0
191.0
239.0
232.0
238.0
215.0
300.0
225.0
355.0
270.0
290.0
214.0
248.0
248.0
166.0
151.0
247.0
318.0
216.0
301.0
276.0
259.0
297.0
135.0
249.0
330.0
399.0
238.0
293.0
244.0
268.0
184.0
268.0
277.0
238.0
365.0
235.0
184.0
264.0
175.0
195.0
238.0
210.0
264.0
256.0
175.0
251.0
193.0
241.0
283.0
214.0
299.0
425.0
245.0
157.0
307.0
293.0
291.0
214.0
179.0
250.0
317.0
258.0
214.0
279.0
266.0
221.0
291.0
387.0
244.0
256.0
260.0
185.0
161.0
143.0
194.0
324.0
322.0
211.0
180.0
368.0
180.0
166.0
222.0
190.0
199.0
497.0
183.0
596.0
273.0
217.0
286.0
216.0
229.0
340.0
274.0
204.0
210.0
250.0
322.0
202.0
201.0
283.0
207.0
353.0
189.0
184.0
219.0
269.0
343.0
360.0
176.0
334.0
277.0
305.0
189.0
250.0
262.0
178.0
219.0
217.0
196.0
348.0
226.0
272.0
403.0
349.0
248.0
240.0
180.0
262.0
206.0
181.0
169.0
153.0
177.0
149.0
340.0
152.0
351.0
436.0
232.0
178.0
280.0
225.0
132.0
244.0
194.0
321.0
174.0
351.0
524.0
269.0
326.0
242.0
279.0
241.0
206.0
210.0
169.0
211.0
177.0
284.0
190.0
401.0
280.0
121.0
267.0
276.0
228.0
282.0
218.0
265.0
227.0
202.0
329.0
291.0
281.0
306.0
210.0
187.0
255.0
184.0
287.0
262.0
144.0
282.0
205.0
257.0
254.0
206.0
440.0
306.0
365.0
181.0
188.0
183.0
391.0
304.0
261.0
322.0
239.0
153.0
273.0
223.0
149.0
247.0
174.0
206.0
205.0
224.0
225.0
183.0
272.0
277.0
227.0
204.0
318.0
326.0
200.0
243.0
258.0
340.0
147.0
218.0
160.0
268.0
235.0
214.0
185.0
181.0
288.0
416.0
165.0
215.0
163.0
236.0
228.0
181.0
259.0
303.0
434.0
190.0
417.0
321.0
206.0
246.0
179.0
289.0
252.0
236.0
204.0
184.0
248.0
214.0
531.0
138.0
216.0
375.0
274.0
170.0
287.0
182.0
338.0
348.0
259.0
173.0
380.0
213.0
253.0
182.0
264.0
164.0
239.0
248.0
254.0
305.0
235.0
190.0
416.0
241.0
290.0
185.0
325.0
324.0
251.0
301.0
185.0
279.0
366.0
172.0
235.0
147.0
232.0
278.0
343.0
340.0
232.0
247.0
236.0
189.0
198.0
235.0
229.0
137.0
461.0
225.0
250.0
240.0
154.0
193.0
201.0
357.0
211.0
272.0
200.0
202.0
176.0
394.0
301.0
171.0
213.0
378.0
240.0
236.0
177.0
243.0
273.0
192.0
148.0
176.0
477.0
303.0
279.0
251.0
221.0
159.0
315.0
227.0
338.0
240.0
219.0
294.0
209.0
275.0
312.0
319.0
333.0
246.0
251.0
354.0
284.0
286.0
198.0
184.0
211.0
222.0
228.0
281.0
223.0
268.0
201.0
227.0
206.0
221.0
246.0
247.0
532.0
166.0
246.0
182.0
148.0
190.0
331.0
288.0
243.0
197.0
210.0
342.0
220.0
599.0
208.0
327.0
348.0
220.0
221.0
248.0
189.0
212.0
229.0
238.0
178.0
133.0
271.0
230.0
164.0
220.0
262.0
319.0
170.0
415.0
195.0
210.0
253.0
214.0
228.0
280.0
228.0
250.0
283.0
204.0
269.0
155.0
226.0
312.0
237.0
326.0
316.0
237.0
178.0
235.0
305.0
192.0
252.0
232.0
415.0
246.0
163.0
161.0
257.0
230.0
382.0
243.0
222.0
182.0
451.0
204.0
315.0
215.0
301.0
220.0
122.0
204.0
338.0
316.0
256.0
130.0
296.0
287.0
253.0
298.0
221.0
202.0
212.0
184.0
260.0
231.0
182.0
151.0
341.0
163.0
180.0
298.0
294.0
241.0
231.0
220.0
371.0
234.0
180.0
253.0
303.0
343.0
225.0
168.0
297.0
224.0
309.0
476.0
179.0
287.0
256.0
213.0
275.0
278.0
217.0
197.0
195.0
156.0
283.0
168.0
168.0
247.0
229.0
326.0
222.0
160.0
332.0
139.0
238.0
300.0
365.0
307.0
168.0
241.0
495.0
579.0
264.0
220.0
204.0
442.0
122.0
269.0
351.0
325.0
277.0
260.0
467.0
238.0
143.0
302.0
155.0
213.0
160.0
275.0
249.0
233.0
191.0
209.0
308.0
185.0
323.0
178.0
217.0
382.0
259.0
267.0
276.0
172.0
202.0
211.0
272.0
275.0
237.0
226.0
221.0
368.0
266.0
316.0
211.0
256.0
324.0
189.0
145.0
233.0
152.0
227.0
203.0
167.0
186.0
321.0
239.0
279.0
256.0
213.0
315.0
211.0
152.0
208.0
239.0
224.0
281.0
251.0
261.0
194.0
240.0
242.0
325.0
156.0
347.0
247.0
252.0
210.0
244.0
348.0
227.0
341.0
179.0
270.0
284.0
157.0
229.0
237.0
185.0
179.0
252.0
281.0
270.0
234.0
229.0
334.0
203.0
315.0
199.0
322.0
272.0
226.0
151.0
214.0
253.0
288.0
291.0
208.0
271.0
256.0
254.0
235.0
266.0
294.0
207.0
299.0
259.0
232.0
171.0
293.0
221.0
133.0
211.0
266.0
300.0
257.0
271.0
251.0
276.0
341.0
184.0
161.0
152.0
344.0
418.0
257.0
219.0
253.0
276.0
192.0
173.0
354.0
279.0
325.0
206.0
250.0
269.0
209.0
319.0
224.0
179.0
234.0
266.0
215.0
217.0
180.0
118.0
299.0
205.0
183.0
311.0
293.0
179.0
259.0
326.0
217.0
341.0
216.0
299.0
259.0
183.0
209.0
325.0
253.0
197.0
198.0
231.0
305.0
240.0
256.0
227.0
192.0
345.0
195.0
206.0
282.0
245.0
224.0
327.0
228.0
311.0
226.0
176.0
222.0
182.0
312.0
315.0
264.0
273.0
232.0
222.0
226.0
391.0
226.0
185.0
357.0
282.0
183.0
214.0
375.0
236.0
237.0
249.0
170.0
161.0
215.0
250.0
305.0
269.0
319.0
302.0
216.0
330.0
242.0
201.0
171.0
191.0
252.0
163.0
330.0
263.0
247.0
243.0
165.0
232.0
157.0
402.0
271.0
183.0
276.0
269.0
142.0
248.0
153.0
331.0
320.0
183.0
211.0
263.0
257.0
283.0
308.0
240.0
217.0
294.0
237.0
170.0
128.0
263.0
199.0
202.0
291.0
273.0
230.0
156.0
360.0
227.0
179.0
303.0
350.0
188.0
292.0
193.0
250.0
289.0
157.0
138.0
198.0
165.0
222.0
258.0
320.0
272.0
389.0
235.0
451.0
260.0
243.0
153.0
166.0
321.0
222.0
230.0
245.0
185.0
242.0
209.0
194.0
203.0
424.0
207.0
267.0
310.0
259.0
212.0
215.0
393.0
173.0
257.0
317.0
243.0
217.0
221.0
271.0
193.0
309.0
271.0
140.0
267.0
247.0
222.0
311.0
185.0
273.0
189.0
216.0
260.0
141.0
309.0
235.0
222.0
194.0
385.0
320.0
188.0
156.0
254.0
589.0
292.0
285.0
144.0
273.0
190.0
289.0
218.0
344.0
164.0
172.0
241.0
332.0
222.0
211.0
151.0
272.0
271.0
234.0
251.0
249.0
263.0
189.0
207.0
193.0
204.0
241.0
136.0
183.0
225.0
270.0
195.0
253.0
276.0
329.0
383.0
333.0
218.0
274.0
247.0
296.0
243.0
300.0
251.0
402.0
226.0
320.0
434.0
207.0
282.0
280.0
206.0
242.0
234.0
337.0
262.0
268.0
177.0
282.0
224.0
191.0
232.0
213.0
306.0
358.0
181.0
216.0
193.0
359.0
156.0
244.0
285.0
236.0
263.0
235.0
300.0
186.0
171.0
218.0
290.0
163.0
216.0
347.0
242.0
258.0
225.0
262.0
221.0
212.0
346.0
177.0
117.0
232.0
209.0
233.0
210.0
324.0
340.0
246.0
203.0
256.0
183.0
322.0
328.0
183.0
345.0
242.0
201.0
309.0
163.0
215.0
324.0
195.0
184.0
363.0
206.0
187.0
336.0
201.0
160.0
283.0
114.0
271.0
449.0
206.0
241.0
246.0
233.0
296.0
248.0
329.0
278.0
274.0
325.0
213.0
209.0
155.0
566.0
204.0
324.0
189.0
271.0
254.0
244.0
408.0
189.0
186.0
398.0
175.0
329.0
194.0
435.0
264.0
153.0
182.0
211.0
189.0
249.0
386.0
349.0
187.0
227.0
248.0
232.0
206.0
154.0
291.0
261.0
261.0
320.0
226.0
195.0
269.0
281.0
230.0
309.0
154.0
215.0
217.0
221.0
265.0
211.0
360.0
287.0
374.0
292.0
224.0
183.0
224.0
173.0
352.0
214.0
257.0
208.0
287.0
308.0
174.0
225.0
331.0
189.0
285.0
370.0
203.0
321.0
440.0
135.0
274.0
233.0
217.0
195.0
238.0
392.0
190.0
297.0
300.0
262.0
211.0
191.0
254.0
190.0
261.0
235.0
196.0
503.0
162.0
167.0
292.0
264.0
247.0
272.0
355.0
312.0
288.0
278.0
218.0
205.0
241.0
439.0
149.0
422.0
242.0
225.0
207.0
183.0
432.0
218.0
248.0
139.0
232.0
200.0
193.0
236.0
264.0
290.0
197.0
155.0
260.0
188.0
164.0
195.0
188.0
193.0
602.0
370.0
279.0
166.0
209.0
172.0
348.0
280.0
184.0
325.0
276.0
211.0
114.0
162.0
155.0
368.0
293.0
181.0
210.0
364.0
278.0
311.0
288.0
292.0
275.0
171.0
312.0
288.0
243.0
261.0
368.0
210.0
336.0
311.0
194.0
343.0
282.0
199.0
181.0
198.0
207.0
234.0
182.0
196.0
222.0
275.0
242.0
211.0
154.0
307.0
206.0
246.0
202.0
277.0
279.0
155.0
311.0
252.0
332.0
216.0
181.0
210.0
195.0
290.0
199.0
387.0
270.0
180.0
200.0
220.0
199.0
327.0
281.0
231.0
242.0
222.0
268.0
181.0
276.0
253.0
438.0
217.0
135.0
458.0
215.0
195.0
323.0
319.0
231.0
140.0
202.0
230.0
160.0
373.0
203.0
199.0
194.0
276.0
184.0
220.0
209.0
208.0
170.0
144.0
375.0
326.0
562.0
273.0
176.0
200.0
226.0
274.0
171.0
345.0
181.0
188.0
203.0
181.0
221.0
210.0
180.0
271.0
167.0
297.0
187.0
294.0
174.0
318.0
278.0
318.0
199.0
236.0
343.0
285.0
332.0
261.0
127.0
286.0
199.0
154.0
286.0
226.0
240.0
309.0
221.0
186.0
232.0
283.0
290.0
214.0
231.0
206.0
227.0
355.0
236.0
284.0
254.0
248.0
274.0
179.0
260.0
268.0
208.0
177.0
263.0
192.0
210.0
474.0
312.0
297.0
467.0
189.0
286.0
262.0
166.0
158.0
327.0
392.0
186.0
254.0
203.0
182.0
288.0
397.0
136.0
238.0
197.0
187.0
241.0
252.0
203.0
209.0
254.0
185.0
239.0
246.0
223.0
252.0
242.0
197.0
132.0
254.0
229.0
304.0
173.0
265.0
288.0
218.0
260.0
226.0
233.0
221.0
286.0
198.0
227.0
286.0
256.0
261.0
323.0
227.0
260.0
338.0
197.0
233.0
292.0
160.0
348.0
292.0
181.0
174.0
275.0
379.0
261.0
190.0
243.0
300.0
211.0
286.0
270.0
308.0
188.0
268.0
265.0
359.0
427.0
249.0
327.0
274.0
160.0
196.0
196.0
349.0
363.0
264.0
176.0
231.0
148.0
250.0
174.0
211.0
206.0
225.0
317.0
177.0
242.0
150.0
253.0
247.0
210.0
190.0
375.0
293.0
287.0
368.0
326.0
274.0
286.0
278.0
260.0
253.0
282.0
286.0
509.0
509.0
253.0
208.0
372.0
232.0
137.0
157.0
142.0
174.0
233.0
257.0
196.0
292.0
132.0
214.0
206.0
239.0
257.0
369.0
171.0
221.0
399.0
181.0
283.0
352.0
210.0
375.0
210.0
275.0
187.0
246.0
313.0
324.0
180.0
377.0
253.0
232.0
456.0
446.0
250.0
160.0
189.0
223.0
226.0
244.0
168.0
324.0
202.0
357.0
155.0
368.0
222.0
231.0
458.0
225.0
220.0
293.0
280.0
210.0
249.0
250.0
220.0
115.0
198.0
337.0
259.0
165.0
188.0
344.0
195.0
247.0
296.0
197.0
214.0
192.0
164.0
219.0
241.0
249.0
227.0
190.0
230.0
333.0
211.0
288.0
232.0
408.0
206.0
241.0
258.0
279.0
408.0
244.0
287.0
283.0
230.0
153.0
173.0
198.0
395.0
206.0
203.0
231.0
239.0
277.0
291.0
217.0
234.0
235.0
187.0
216.0
268.0
154.0
181.0
170.0
345.0
238.0
182.0
428.0
203.0
287.0
230.0
397.0
256.0
197.0
334.0
256.0
202.0
213.0
364.0
190.0
225.0
198.0
270.0
215.0
296.0
210.0
258.0
192.0
158.0
322.0
243.0
174.0
130.0
231.0
251.0
330.0
174.0
447.0
256.0
172.0
319.0
237.0
251.0
270.0
247.0
214.0
246.0
165.0
221.0
176.0
236.0
472.0
229.0
179.0
180.0
288.0
194.0
355.0
228.0
266.0
242.0
327.0
190.0
248.0
171.0
172.0
183.0
348.0
210.0
162.0
282.0
280.0
312.0
161.0
259.0
212.0
318.0
208.0
262.0
163.0
186.0
246.0
295.0
182.0
175.0
259.0
269.0
205.0
164.0
204.0
208.0
175.0
271.0
214.0
175.0
197.0
286.0
372.0
269.0
313.0
359.0
245.0
169.0
390.0
206.0
204.0
245.0
206.0
301.0
224.0
347.0
280.0
195.0
267.0
224.0
193.0
357.0
232.0
234.0
178.0
152.0
259.0
201.0
229.0
240.0
240.0
307.0
198.0
293.0
186.0
262.0
264.0
207.0
373.0
278.0
251.0
340.0
219.0
358.0
272.0
206.0
342.0
294.0
163.0
256.0
307.0
219.0
189.0
206.0
267.0
420.0
146.0
197.0
203.0
308.0
285.0
221.0
248.0
178.0
232.0
189.0
343.0
264.0
264.0
236.0
318.0
176.0
179.0
250.0
208.0
386.0
270.0
273.0
252.0
170.0
291.0
285.0
244.0
313.0
227.0
243.0
211.0
267.0
227.0
294.0
231.0
186.0
290.0
217.0
212.0
228.0
321.0
261.0
295.0
292.0
361.0
357.0
159.0
256.0
428.0
288.0
196.0
245.0
214.0
277.0
346.0
240.0
241.0
161.0
165.0
216.0
251.0
224.0
410.0
262.0
218.0
358.0
140.0
252.0
101.0
222.0
376.0
269.0
176.0
239.0
265.0
181.0
229.0
307.0
291.0
297.0
224.0
332.0
280.0
250.0
259.0
254.0
258.0
292.0
281.0
138.0
235.0
241.0
259.0
243.0
316.0
235.0
295.0
225.0
311.0
203.0
132.0
201.0
275.0
188.0
187.0
219.0
208.0
178.0
249.0
249.0
271.0
267.0
205.0
191.0
359.0
265.0
238.0
234.0
341.0
279.0
254.0
140.0
309.0
394.0
217.0
177.0
320.0
337.0
211.0
303.0
379.0
257.0
231.0
255.0
239.0
190.0
375.0
394.0
311.0
193.0
258.0
210.0
157.0
313.0
229.0
330.0
225.0
329.0
170.0
205.0
278.0
230.0
272.0
125.0
151.0
156.0
187.0
292.0
305.0
332.0
198.0
170.0
387.0
244.0
265.0
362.0
166.0
253.0
186.0
155.0
249.0
239.0
271.0
238.0
217.0
318.0
201.0
235.0
219.0
213.0
211.0
376.0
231.0
190.0
250.0
235.0
247.0
371.0
229.0
435.0
254.0
261.0
299.0
338.0
201.0
251.0
288.0
248.0
169.0
220.0
303.0
400.0
168.0
244.0
231.0
225.0
219.0
218.0
291.0
247.0
353.0
228.0
361.0
207.0
280.0
242.0
206.0
173.0
324.0
357.0
293.0
236.0
318.0
316.0
225.0
326.0
195.0
159.0
205.0
384.0
245.0
210.0
190.0
220.0
306.0
284.0
160.0
287.0
164.0
166.0
303.0
240.0
286.0
249.0
176.0
240.0
223.0
297.0
205.0
307.0
170.0
216.0
332.0
233.0
224.0
218.0
192.0
437.0
174.0
292.0
358.0
193.0
207.0
288.0
168.0
221.0
223.0
245.0
146.0
200.0
280.0
191.0
211.0
317.0
236.0
299.0
171.0
310.0
211.0
375.0
225.0
192.0
358.0
314.0
205.0
385.0
293.0
243.0
182.0
228.0
203.0
304.0
184.0
324.0
223.0
280.0
483.0
310.0
168.0
326.0
312.0
261.0
265.0
287.0
194.0
327.0
237.0
234.0
207.0
249.0
240.0
208.0
312.0
224.0
243.0
289.0
290.0
364.0
231.0
226.0
259.0
153.0
221.0
339.0
305.0
227.0
249.0
173.0
159.0
203.0
250.0
239.0
482.0
230.0
261.0
212.0
184.0
292.0
198.0
235.0
218.0
173.0
359.0
282.0
236.0
254.0
211.0
266.0
262.0
267.0
194.0
274.0
215.0
154.0
276.0
187.0
319.0
262.0
190.0
356.0
223.0
212.0
274.0
297.0
184.0
222.0
331.0
408.0
198.0
244.0
235.0
204.0
159.0
333.0
345.0
285.0
204.0
296.0
200.0
197.0
243.0
228.0
254.0
238.0
238.0
126.0
199.0
247.0
164.0
159.0
266.0
312.0
200.0
282.0
353.0
173.0
330.0
411.0
277.0
305.0
189.0
186.0
238.0
292.0
242.0
175.0
347.0
237.0
192.0
484.0
248.0
229.0
202.0
236.0
323.0
340.0
222.0
288.0
260.0
257.0
412.0
183.0
169.0
290.0
239.0
195.0
269.0
164.0
175.0
322.0
178.0
257.0
195.0
224.0
203.0
368.0
180.0
238.0
211.0
293.0
271.0
292.0
365.0
171.0
268.0
213.0
332.0
222.0
192.0
243.0
248.0
162.0
420.0
195.0
380.0
159.0
248.0
185.0
211.0
291.0
360.0
177.0
231.0
196.0
294.0
147.0
148.0
315.0
310.0
266.0
245.0
394.0
152.0
285.0
219.0
379.0
253.0
265.0
249.0
286.0
207.0
166.0
227.0
233.0
200.0
304.0
277.0
247.0
218.0
218.0
158.0
233.0
234.0
347.0
198.0
280.0
164.0
600.0
334.0
282.0
309.0
246.0
334.0
166.0
173.0
143.0
328.0
215.0
185.0
290.0
357.0
219.0
183.0
350.0
272.0
177.0
304.0
257.0
406.0
312.0
126.0
309.0
182.0
271.0
317.0
215.0
148.0
174.0
308.0
222.0
357.0
238.0
291.0
314.0
320.0
175.0
174.0
197.0
177.0
157.0
217.0
372.0
225.0
182.0
197.0
240.0
253.0
201.0
232.0
196.0
231.0
232.0
241.0
204.0
295.0
175.0
147.0
357.0
321.0
348.0
223.0
225.0
291.0
222.0
137.0
220.0
200.0
235.0
157.0
249.0
436.0
217.0
288.0
211.0
272.0
440.0
301.0
256.0
363.0
360.0
267.0
257.0
503.0
206.0
251.0
271.0
200.0
315.0
216.0
271.0
357.0
310.0
357.0
225.0
208.0
247.0
298.0
315.0
222.0
224.0
237.0
291.0
245.0
261.0
256.0
327.0
236.0
180.0
263.0
172.0
348.0
135.0
214.0
254.0
252.0
136.0
348.0
264.0
181.0
223.0
349.0
252.0
920.0
223.0
212.0
365.0
240.0
207.0
169.0
266.0
170.0
219.0
336.0
175.0
246.0
198.0
224.0
293.0
237.0
260.0
269.0
275.0
226.0
229.0
136.0
164.0
196.0
204.0
345.0
194.0
269.0
206.0
178.0
254.0
268.0
313.0
268.0
166.0
196.0
239.0
192.0
268.0
1624.0
540.0
210.0
213.0
321.0
173.0
270.0
180.0
161.0
351.0
271.0
173.0
266.0
276.0
295.0
263.0
238.0
230.0
306.0
313.0
308.0
321.0
181.0
227.0
170.0
221.0
322.0
189.0
184.0
343.0
282.0
256.0
214.0
194.0
311.0
489.0
342.0
187.0
217.0
234.0
314.0
185.0
194.0
260.0
265.0
159.0
241.0
180.0
264.0
241.0
227.0
216.0
224.0
216.0
233.0
217.0
312.0
244.0
261.0
240.0
278.0
323.0
240.0
252.0
296.0
334.0
252.0
254.0
236.0
235.0
254.0
176.0
271.0
216.0
353.0
205.0
189.0
228.0
329.0
206.0
228.0
175.0
178.0
315.0
252.0
167.0
183.0
283.0
308.0
326.0
263.0
245.0
232.0
305.0
302.0
256.0
301.0
280.0
233.0
247.0
243.0
254.0
291.0
192.0
393.0
130.0
171.0
150.0
163.0
183.0
306.0
222.0
596.0
291.0
429.0
187.0
168.0
209.0
433.0
289.0
169.0
174.0
217.0
239.0
209.0
185.0
303.0
235.0
248.0
209.0
274.0
183.0
288.0
196.0
287.0
178.0
231.0
170.0
188.0
275.0
288.0
290.0
162.0
260.0
211.0
226.0
278.0
311.0
290.0
232.0
145.0
271.0
141.0
215.0
257.0
450.0
147.0
279.0
192.0
229.0
195.0
164.0
230.0
232.0
255.0
239.0
294.0
157.0
198.0
183.0
312.0
226.0
270.0
214.0
186.0
284.0
235.0
292.0
213.0
194.0
281.0
189.0
343.0
221.0
217.0
196.0
217.0
265.0
152.0
246.0
294.0
342.0
269.0
174.0
243.0
202.0
202.0
287.0
284.0
270.0
284.0
315.0
236.0
289.0
213.0
207.0
171.0
362.0
215.0
307.0
151.0
187.0
179.0
268.0
242.0
208.0
218.0
247.0
214.0
226.0
220.0
321.0
263.0
268.0
350.0
155.0
241.0
201.0
397.0
333.0
185.0
169.0
390.0
222.0
276.0
143.0
276.0
249.0
263.0
240.0
397.0
252.0
329.0
256.0
234.0
196.0
157.0
281.0
226.0
367.0
195.0
338.0
237.0
171.0
174.0
295.0
288.0
277.0
150.0
382.0
266.0
279.0
217.0
225.0
244.0
234.0
215.0
214.0
239.0
208.0
105.0
266.0
219.0
159.0
263.0
206.0
276.0
242.0
184.0
260.0
195.0
275.0
197.0
134.0
381.0
249.0
414.0
226.0
306.0
273.0
188.0
256.0
271.0
247.0
302.0
219.0
260.0
179.0
291.0
288.0
229.0
249.0
253.0
295.0
178.0
237.0
243.0
222.0
258.0
162.0
285.0
209.0
163.0
297.0
489.0
175.0
352.0
179.0
194.0
179.0
436.0
339.0
195.0
234.0
263.0
275.0
390.0
254.0
406.0
278.0
182.0
278.0
228.0
227.0
228.0
159.0
258.0
260.0
233.0
279.0
252.0
323.0
345.0
204.0
263.0
350.0
294.0
289.0
297.0
414.0
184.0
272.0
275.0
200.0
170.0
196.0
248.0
313.0
364.0
347.0
156.0
251.0
254.0
268.0
323.0
242.0
208.0
251.0
210.0
263.0
189.0
202.0
412.0
182.0
233.0
215.0
244.0
205.0
352.0
278.0
310.0
323.0
195.0
262.0
224.0
301.0
185.0
400.0
329.0
219.0
203.0
166.0
241.0
250.0
245.0
243.0
369.0
263.0
367.0
205.0
302.0
264.0
176.0
314.0
236.0
230.0
306.0
287.0
225.0
216.0
182.0
266.0
169.0
360.0
235.0
204.0
267.0
212.0
246.0
237.0
417.0
235.0
237.0
228.0
237.0
377.0
290.0
245.0
210.0
255.0
229.0
207.0
260.0
187.0
269.0
246.0
237.0
165.0
237.0
251.0
262.0
219.0
223.0
361.0
252.0
301.0
280.0
311.0
323.0
240.0
195.0
223.0
291.0
192.0
256.0
184.0
226.0
255.0
215.0
188.0
240.0
194.0
328.0
297.0
231.0
224.0
171.0
226.0
303.0
244.0
267.0
205.0
195.0
304.0
210.0
298.0
194.0
176.0
186.0
228.0
251.0
249.0
297.0
209.0
246.0
292.0
188.0
215.0
257.0
245.0
235.0
304.0
220.0
255.0
310.0
186.0
230.0
259.0
304.0
252.0
372.0
171.0
286.0
160.0
207.0
212.0
261.0
334.0
249.0
254.0
298.0
339.0
292.0
221.0
230.0
352.0
379.0
777.0
231.0
186.0
215.0
215.0
273.0
222.0
269.0
331.0
207.0
323.0
326.0
248.0
207.0
181.0
182.0
227.0
246.0
340.0
328.0
253.0
277.0
162.0
179.0
326.0
240.0
250.0
180.0
200.0
334.0
287.0
236.0
316.0
246.0
200.0
233.0
322.0
212.0
1053.0
196.0
188.0
284.0
296.0
205.0
222.0
283.0
352.0
113.0
217.0
226.0
235.0
264.0
156.0
346.0
200.0
330.0
245.0
256.0
239.0
199.0
165.0
235.0
184.0
304.0
245.0
203.0
352.0
320.0
213.0
298.0
262.0
178.0
177.0
223.0
287.0
327.0
219.0
240.0
204.0
214.0
267.0
269.0
210.0
232.0
233.0
278.0
269.0
220.0
200.0
204.0
226.0
233.0
380.0
265.0
316.0
156.0
214.0
366.0
283.0
263.0
256.0
305.0
307.0
244.0
324.0
237.0
339.0
238.0
257.0
291.0
253.0
248.0
333.0
204.0
325.0
284.0
239.0
213.0
274.0
237.0
263.0
277.0
258.0
168.0
245.0
188.0
166.0
194.0
286.0
173.0
254.0
297.0
324.0
214.0
197.0
217.0
235.0
282.0
277.0
278.0
219.0
237.0
274.0
261.0
225.0
209.0
177.0
210.0
153.0
221.0
257.0
351.0
249.0
223.0
231.0
272.0
211.0
274.0
260.0
258.0
262.0
383.0
255.0
182.0
153.0
270.0
214.0
325.0
184.0
171.0
332.0
389.0
230.0
271.0
206.0
268.0
207.0
187.0
259.0
355.0
407.0
151.0
237.0
382.0
267.0
276.0
245.0
262.0
228.0
180.0
262.0
243.0
257.0
226.0
312.0
239.0
228.0
244.0
244.0
237.0
247.0
263.0
238.0
247.0
345.0
294.0
195.0
127.0
200.0
259.0
218.0
310.0
313.0
248.0
212.0
181.0
375.0
222.0
200.0
218.0
262.0
173.0
350.0
259.0
326.0
179.0
222.0
266.0
240.0
104.0
246.0
273.0
277.0
188.0
185.0
270.0
326.0
229.0
200.0
226.0
253.0
235.0
220.0
206.0
252.0
222.0
165.0
234.0
298.0
247.0
250.0
218.0
259.0
250.0
312.0
515.0
159.0
231.0
369.0
228.0
314.0
289.0
283.0
360.0
210.0
202.0
286.0
362.0
289.0
232.0
253.0
247.0
162.0
245.0
389.0
300.0
171.0
177.0
143.0
263.0
314.0
188.0
200.0
276.0
278.0
196.0
183.0
277.0
208.0
453.0
222.0
285.0
228.0
259.0
213.0
219.0
267.0
319.0
185.0
222.0
198.0
289.0
323.0
221.0
333.0
270.0
155.0
359.0
315.0
286.0
176.0
233.0
229.0
247.0
284.0
281.0
218.0
328.0
231.0
235.0
260.0
286.0
241.0
198.0
223.0
297.0
245.0
296.0
621.0
155.0
259.0
220.0
216.0
270.0
217.0
231.0
232.0
401.0
251.0
246.0
225.0
148.0
177.0
223.0
261.0
201.0
349.0
300.0
290.0
300.0
340.0
220.0
327.0
284.0
335.0
211.0
179.0
239.0
230.0
281.0
287.0
204.0
237.0
171.0
273.0
177.0
326.0
224.0
246.0
234.0
300.0
163.0
241.0
350.0
372.0
412.0
211.0
200.0
347.0
279.0
332.0
225.0
300.0
162.0
171.0
236.0
213.0
324.0
267.0
241.0
270.0
332.0
302.0
261.0
133.0
188.0
277.0
288.0
380.0
256.0
240.0
332.0
227.0
280.0
235.0
257.0
254.0
276.0
242.0
350.0
215.0
286.0
209.0
144.0
320.0
170.0
199.0
276.0
298.0
276.0
253.0
157.0
251.0
314.0
306.0
174.0
289.0
217.0
178.0
226.0
186.0
162.0
198.0
238.0
294.0
213.0
163.0
251.0
336.0
168.0
224.0
706.0
195.0
188.0
193.0
373.0
211.0
245.0
166.0
176.0
274.0
376.0
412.0
166.0
181.0
218.0
223.0
404.0
309.0
219.0
250.0
148.0
230.0
294.0
253.0
233.0
304.0
182.0
344.0
231.0
267.0
222.0
167.0
324.0
328.0
207.0
277.0
265.0
165.0
151.0
263.0
929.0
261.0
319.0
295.0
203.0
248.0
243.0
193.0
309.0
263.0
216.0
196.0
234.0
235.0
246.0
226.0
267.0
274.0
203.0
210.0
315.0
251.0
153.0
170.0
243.0
174.0
298.0
264.0
232.0
167.0
296.0
323.0
264.0
251.0
197.0
316.0
285.0
329.0
397.0
331.0
222.0
198.0
231.0
252.0
240.0
167.0
280.0
276.0
242.0
196.0
237.0
188.0
289.0
190.0
264.0
217.0
202.0
312.0
236.0
241.0
273.0
197.0
291.0
419.0
183.0
301.0
234.0
221.0
259.0
240.0
123.0
185.0
204.0
208.0
349.0
176.0
213.0
192.0
371.0
300.0
404.0
265.0
203.0
155.0
246.0
328.0
235.0
222.0
290.0
325.0
276.0
317.0
369.0
344.0
190.0
193.0
198.0
207.0
350.0
324.0
338.0
177.0
237.0
270.0
351.0
184.0
142.0
124.0
273.0
353.0
214.0
223.0
249.0
404.0
224.0
207.0
290.0
203.0
223.0
277.0
331.0
214.0
200.0
263.0
246.0
242.0
274.0
253.0
185.0
181.0
202.0
355.0
240.0
249.0
226.0
223.0
320.0
236.0
259.0
313.0
181.0
254.0
289.0
419.0
235.0
224.0
233.0
244.0
320.0
274.0
250.0
332.0
228.0
281.0
204.0
230.0
330.0
289.0
141.0
174.0
216.0
234.0
192.0
214.0
183.0
207.0
180.0
251.0
205.0
283.0
219.0
325.0
205.0
306.0
269.0
173.0
233.0
519.0
231.0
152.0
243.0
190.0
214.0
244.0
236.0
194.0
220.0
248.0
356.0
217.0
239.0
304.0
238.0
220.0
351.0
187.0
332.0
327.0
253.0
198.0
197.0
211.0
291.0
316.0
147.0
188.0
269.0
251.0
284.0
296.0
298.0
278.0
228.0
483.0
192.0
280.0
310.0
312.0
308.0
229.0
373.0
160.0
244.0
177.0
249.0
206.0
284.0
135.0
249.0
333.0
156.0
366.0
330.0
246.0
227.0
203.0
241.0
340.0
194.0
215.0
557.0
176.0
232.0
156.0
314.0
182.0
239.0
196.0
179.0
258.0
287.0
407.0
211.0
206.0
328.0
195.0
128.0
254.0
219.0
228.0
197.0
212.0
195.0
395.0
293.0
214.0
270.0
239.0
251.0
215.0
200.0
221.0
193.0
252.0
271.0
316.0
285.0
192.0
287.0
301.0
254.0
204.0
233.0
272.0
236.0
188.0
413.0
239.0
230.0
150.0
249.0
261.0
152.0
399.0
261.0
346.0
267.0
283.0
211.0
214.0
230.0
309.0
224.0
304.0
197.0
294.0
218.0
224.0
229.0
229.0
522.0
217.0
252.0
176.0
209.0
306.0
373.0
207.0
224.0
262.0
247.0
243.0
262.0
214.0
278.0
477.0
328.0
241.0
296.0
244.0
404.0
278.0
348.0
217.0
180.0
194.0
176.0
250.0
303.0
388.0
255.0
241.0
128.0
179.0
294.0
205.0
196.0
213.0
251.0
248.0
328.0
182.0
328.0
242.0
197.0
264.0
348.0
180.0
169.0
262.0
288.0
245.0
227.0
151.0
226.0
147.0
196.0
442.0
212.0
250.0
269.0
198.0
198.0
357.0
330.0
227.0
257.0
222.0
284.0
202.0
305.0
291.0
280.0
154.0
224.0
225.0
344.0
468.0
167.0
352.0
348.0
195.0
199.0
280.0
237.0
270.0
169.0
319.0
261.0
310.0
313.0
316.0
241.0
513.0
201.0
274.0
202.0
210.0
350.0
262.0
275.0
231.0
205.0
234.0
293.0
253.0
243.0
288.0
299.0
174.0
248.0
219.0
224.0
283.0
202.0
251.0
332.0
269.0
254.0
190.0
199.0
257.0
240.0
265.0
103.0
266.0
181.0
243.0
267.0
234.0
229.0
227.0
214.0
200.0
290.0
195.0
306.0
236.0
240.0
207.0
158.0
205.0
169.0
232.0
305.0
245.0
217.0
225.0
291.0
356.0
150.0
288.0
412.0
233.0
268.0
280.0
268.0
275.0
315.0
341.0
253.0
217.0
195.0
205.0
218.0
215.0
224.0
252.0
198.0
318.0
359.0
310.0
277.0
259.0
219.0
125.0
235.0
220.0
308.0
285.0
372.0
387.0
305.0
189.0
175.0
433.0
259.0
362.0
186.0
370.0
266.0
274.0
352.0
226.0
225.0
189.0
239.0
159.0
399.0
351.0
243.0
267.0
218.0
288.0
310.0
264.0
294.0
640.0
205.0
193.0
248.0
235.0
215.0
312.0
262.0
275.0
202.0
288.0
239.0
202.0
207.0
128.0
325.0
167.0
243.0
273.0
276.0
258.0
203.0
238.0
184.0
240.0
211.0
368.0
234.0
291.0
306.0
202.0
341.0
161.0
184.0
291.0
180.0
205.0
887.0
207.0
310.0
137.0
219.0
223.0
255.0
269.0
180.0
282.0
132.0
138.0
187.0
180.0
209.0
182.0
261.0
305.0
280.0
241.0
257.0
290.0
223.0
220.0
212.0
195.0
337.0
242.0
261.0
220.0
307.0
190.0
283.0
202.0
234.0
284.0
368.0
257.0
291.0
370.0
224.0
292.0
276.0
349.0
261.0
285.0
320.0
189.0
259.0
377.0
285.0
229.0
197.0
341.0
318.0
384.0
214.0
326.0
206.0
287.0
174.0
349.0
271.0
353.0
226.0
250.0
293.0
231.0
217.0
301.0
270.0
173.0
244.0
222.0
237.0
285.0
184.0
229.0
313.0
215.0
203.0
261.0
284.0
234.0
217.0
294.0
160.0
186.0
182.0
252.0
171.0
261.0
271.0
361.0
154.0
202.0
264.0
262.0
162.0
308.0
276.0
198.0
205.0
142.0
272.0
237.0
258.0
233.0
291.0
210.0
346.0
157.0
156.0
222.0
200.0
200.0
331.0
336.0
294.0
187.0
218.0
308.0
204.0
237.0
240.0
199.0
221.0
285.0
220.0
320.0
165.0
309.0
243.0
429.0
133.0
291.0
219.0
143.0
290.0
259.0
206.0
231.0
277.0
327.0
182.0
339.0
233.0
247.0
322.0
233.0
391.0
217.0
333.0
229.0
302.0
264.0
198.0
183.0
230.0
198.0
319.0
232.0
280.0
169.0
261.0
327.0
211.0
224.0
194.0
371.0
328.0
240.0
246.0
315.0
283.0
279.0
119.0
199.0
212.0
291.0
224.0
240.0
228.0
255.0
164.0
203.0
169.0
188.0
335.0
222.0
200.0
250.0
360.0
221.0
211.0
206.0
220.0
181.0
197.0
194.0
292.0
143.0
191.0
189.0
203.0
426.0
195.0
257.0
305.0
188.0
238.0
336.0
208.0
341.0
314.0
146.0
175.0
204.0
338.0
264.0
260.0
402.0
223.0
292.0
226.0
265.0
212.0
245.0
274.0
188.0
322.0
304.0
239.0
186.0
241.0
229.0
276.0
204.0
440.0
268.0
258.0
175.0
230.0
248.0
255.0
213.0
197.0
263.0
276.0
248.0
226.0
294.0
389.0
221.0
284.0
234.0
283.0
261.0
341.0
174.0
309.0
276.0
308.0
172.0
206.0
289.0
316.0
248.0
270.0
230.0
232.0
227.0
321.0
275.0
238.0
268.0
248.0
224.0
198.0
334.0
298.0
245.0
360.0
262.0
286.0
266.0
217.0
208.0
219.0
180.0
347.0
503.0
162.0
203.0
133.0
193.0
205.0
228.0
171.0
232.0
182.0
337.0
203.0
353.0
199.0
241.0
185.0
276.0
283.0
214.0
315.0
335.0
342.0
318.0
205.0
305.0
262.0
314.0
278.0
221.0
229.0
273.0
264.0
219.0
199.0
386.0
361.0
225.0
296.0
273.0
261.0
360.0
220.0
227.0
219.0
215.0
216.0
345.0
282.0
359.0
206.0
224.0
512.0
158.0
241.0
157.0
294.0
182.0
166.0
180.0
229.0
257.0
245.0
380.0
235.0
149.0
207.0
252.0
223.0
166.0
184.0
186.0
270.0
190.0
236.0
231.0
199.0
206.0
202.0
206.0
469.0
381.0
269.0
202.0
192.0
205.0
196.0
170.0
225.0
204.0
247.0
207.0
228.0
298.0
217.0
277.0
268.0
283.0
237.0
243.0
367.0
219.0
230.0
194.0
207.0
252.0
175.0
266.0
200.0
223.0
191.0
199.0
277.0
257.0
267.0
456.0
352.0
206.0
234.0
323.0
348.0
187.0
205.0
167.0
251.0
337.0
255.0
194.0
225.0
189.0
275.0
177.0
433.0
188.0
225.0
254.0
195.0
197.0
214.0
243.0
282.0
229.0
236.0
334.0
402.0
284.0
238.0
184.0
189.0
229.0
289.0
304.0
228.0
265.0
265.0
126.0
340.0
276.0
235.0
324.0
315.0
267.0
276.0
314.0
231.0
219.0
210.0
198.0
230.0
230.0
242.0
348.0
192.0
268.0
247.0
184.0
297.0
224.0
159.0
206.0
186.0
259.0
210.0
256.0
258.0
306.0
253.0
169.0
293.0
171.0
290.0
268.0
173.0
218.0
283.0
246.0
188.0
400.0
268.0
243.0
343.0
260.0
181.0
327.0
313.0
316.0
203.0
223.0
273.0
255.0
252.0
257.0
226.0
221.0
229.0
339.0
273.0
430.0
253.0
262.0
206.0
295.0
265.0
305.0
228.0
231.0
196.0
245.0
189.0
242.0
388.0
268.0
206.0
219.0
286.0
254.0
318.0
215.0
222.0
203.0
248.0
289.0
382.0
286.0
371.0
201.0
279.0
336.0
199.0
353.0
173.0
261.0
261.0
247.0
211.0
217.0
403.0
265.0
329.0
335.0
316.0
217.0
185.0
188.0
202.0
214.0
257.0
276.0
212.0
234.0
261.0
255.0
253.0
257.0
256.0
223.0
280.0
208.0
207.0
219.0
245.0
167.0
246.0
269.0
196.0
181.0
358.0
276.0
258.0
275.0
332.0
240.0
307.0
261.0
261.0
152.0
266.0
207.0
382.0
187.0
166.0
208.0
202.0
265.0
263.0
313.0
154.0
323.0
268.0
196.0
203.0
192.0
205.0
237.0
243.0
357.0
182.0
248.0
183.0
284.0
326.0
307.0
247.0
184.0
200.0
309.0
257.0
352.0
360.0
199.0
257.0
283.0
253.0
252.0
187.0
205.0
416.0
244.0
186.0
266.0
363.0
245.0
322.0
288.0
294.0
212.0
305.0
247.0
324.0
282.0
178.0
286.0
192.0
264.0
238.0
166.0
232.0
324.0
447.0
299.0
278.0
199.0
372.0
241.0
173.0
230.0
202.0
286.0
267.0
339.0
330.0
316.0
264.0
239.0
182.0
175.0
198.0
221.0
322.0
211.0
266.0
322.0
255.0
219.0
273.0
200.0
277.0
355.0
254.0
132.0
309.0
275.0
324.0
414.0
218.0
164.0
259.0
252.0
174.0
238.0
243.0
222.0
302.0
303.0
237.0
169.0
330.0
175.0
216.0
191.0
301.0
248.0
297.0
387.0
245.0
195.0
296.0
188.0
234.0
245.0
171.0
219.0
289.0
238.0
221.0
305.0
324.0
212.0
316.0
221.0
300.0
230.0
180.0
287.0
280.0
117.0
189.0
263.0
295.0
253.0
368.0
296.0
261.0
210.0
300.0
274.0
227.0
264.0
274.0
386.0
170.0
346.0
269.0
318.0
279.0
187.0
415.0
247.0
239.0
222.0
417.0
258.0
187.0
428.0
200.0
216.0
310.0
225.0
236.0
336.0
237.0
295.0
235.0
203.0
322.0
294.0
248.0
276.0
235.0
268.0
369.0
253.0
205.0
270.0
403.0
308.0
239.0
208.0
213.0
284.0
238.0
261.0
385.0
188.0
229.0
294.0
232.0
174.0
179.0
182.0
175.0
200.0
386.0
184.0
151.0
321.0
244.0
311.0
299.0
394.0
278.0
297.0
189.0
207.0
219.0
177.0
296.0
317.0
229.0
280.0
450.0
286.0
198.0
268.0
328.0
237.0
296.0
269.0
245.0
171.0
286.0
242.0
249.0
210.0
282.0
241.0
238.0
195.0
284.0
315.0
184.0
220.0
533.0
232.0
300.0
322.0
403.0
220.0
234.0
152.0
219.0
362.0
286.0
186.0
234.0
301.0
214.0
346.0
279.0
164.0
152.0
197.0
258.0
211.0
337.0
244.0
448.0
282.0
210.0
227.0
352.0
159.0
300.0
254.0
274.0
148.0
220.0
196.0
211.0
308.0
451.0
220.0
241.0
265.0
156.0
217.0
151.0
264.0
254.0
220.0
316.0
345.0
221.0
191.0
172.0
199.0
206.0
206.0
300.0
276.0
303.0
322.0
190.0
416.0
263.0
188.0
236.0
191.0
195.0
256.0
210.0
244.0
365.0
359.0
311.0
192.0
266.0
201.0
187.0
287.0
380.0
306.0
278.0
193.0
312.0
280.0
261.0
221.0
284.0
209.0
237.0
290.0
232.0
206.0
247.0
340.0
285.0
271.0
249.0
297.0
178.0
245.0
205.0
278.0
377.0
233.0
228.0
203.0
273.0
210.0
298.0
237.0
222.0
198.0
253.0
227.0
298.0
208.0
144.0
173.0
294.0
198.0
246.0
279.0
262.0
352.0
281.0
230.0
202.0
307.0
168.0
284.0
206.0
236.0
291.0
329.0
213.0
166.0
250.0
332.0
167.0
208.0
217.0
199.0
162.0
260.0
220.0
236.0
294.0
276.0
224.0
275.0
166.0
317.0
293.0
197.0
197.0
334.0
222.0
203.0
357.0
211.0
184.0
222.0
201.0
119.0
154.0
284.0
298.0
221.0
248.0
406.0
237.0
188.0
189.0
248.0
199.0
271.0
235.0
159.0
218.0
178.0
307.0
267.0
217.0
228.0
211.0
280.0
302.0
177.0
284.0
268.0
237.0
307.0
193.0
187.0
235.0
264.0
204.0
244.0
456.0
250.0
196.0
202.0
276.0
240.0
195.0
190.0
312.0
216.0
271.0
324.0
254.0
642.0
144.0
267.0
201.0
246.0
206.0
245.0
261.0
238.0
243.0
254.0
214.0
248.0
225.0
205.0
367.0
223.0
201.0
230.0
212.0
272.0
292.0
224.0
309.0
228.0
414.0
161.0
193.0
169.0
307.0
286.0
174.0
189.0
173.0
226.0
332.0
302.0
266.0
339.0
279.0
220.0
163.0
259.0
305.0
230.0
207.0
332.0
251.0
248.0
291.0
180.0
279.0
218.0
229.0
193.0
242.0
319.0
158.0
239.0
300.0
270.0
234.0
274.0
312.0
138.0
312.0
330.0
219.0
170.0
257.0
274.0
223.0
264.0
223.0
361.0
230.0
255.0
309.0
379.0
336.0
183.0
363.0
198.0
295.0
265.0
245.0
229.0
246.0
245.0
292.0
220.0
228.0
233.0
191.0
154.0
410.0
217.0
241.0
267.0
219.0
266.0
335.0
237.0
193.0
352.0
198.0
259.0
155.0
220.0
251.0
196.0
216.0
513.0
170.0
194.0
171.0
187.0
306.0
320.0
200.0
184.0
249.0
298.0
243.0
212.0
240.0
243.0
278.0
292.0
319.0
206.0
173.0
285.0
270.0
232.0
160.0
168.0
280.0
217.0
278.0
147.0
305.0
331.0
238.0
260.0
242.0
278.0
369.0
235.0
363.0
190.0
170.0
223.0
360.0
281.0
227.0
245.0
235.0
317.0
225.0
254.0
328.0
194.0
209.0
212.0
414.0
150.0
287.0
187.0
157.0
275.0
254.0
319.0
251.0
231.0
227.0
278.0
454.0
264.0
243.0
295.0
320.0
258.0
186.0
211.0
193.0
206.0
217.0
151.0
265.0
290.0
262.0
246.0
216.0
352.0
243.0
311.0
232.0
202.0
297.0
185.0
246.0
331.0
306.0
307.0
233.0
165.0
288.0
272.0
220.0
180.0
275.0
253.0
308.0
272.0
213.0
359.0
227.0
278.0
212.0
246.0
249.0
187.0
173.0
160.0
308.0
168.0
302.0
258.0
415.0
206.0
328.0
274.0
228.0
112.0
300.0
334.0
199.0
276.0
200.0
181.0
310.0
253.0
224.0
323.0
409.0
260.0
251.0
199.0
304.0
244.0
210.0
273.0
273.0
139.0
209.0
237.0
361.0
218.0
488.0
178.0
233.0
293.0
235.0
358.0
248.0
188.0
426.0
211.0
283.0
153.0
227.0
159.0
219.0
294.0
191.0
377.0
189.0
229.0
285.0
259.0
238.0
202.0
202.0
362.0
339.0
232.0
250.0
168.0
251.0
218.0
194.0
224.0
291.0
307.0
362.0
256.0
217.0
148.0
227.0
272.0
200.0
209.0
295.0
213.0
270.0
220.0
231.0
351.0
199.0
185.0
380.0
226.0
188.0
240.0
159.0
252.0
152.0
329.0
335.0
246.0
285.0
254.0
247.0
178.0
170.0
234.0
221.0
235.0
258.0
287.0
295.0
520.0
309.0
201.0
335.0
237.0
194.0
263.0
231.0
192.0
333.0
306.0
192.0
248.0
248.0
260.0
284.0
245.0
379.0
197.0
256.0
269.0
315.0
251.0
230.0
175.0
239.0
235.0
182.0
165.0
291.0
202.0
247.0
176.0
270.0
204.0
322.0
210.0
165.0
190.0
254.0
201.0
198.0
209.0
223.0
298.0
303.0
286.0
150.0
279.0
399.0
276.0
202.0
275.0
322.0
203.0
268.0
245.0
317.0
287.0
262.0
222.0
216.0
278.0
344.0
238.0
260.0
223.0
273.0
325.0
219.0
252.0
334.0
312.0
338.0
232.0
318.0
337.0
161.0
250.0
257.0
208.0
346.0
340.0
193.0
124.0
178.0
194.0
186.0
200.0
307.0
362.0
275.0
271.0
309.0
245.0
299.0
234.0
258.0
329.0
321.0
254.0
239.0
236.0
235.0
304.0
258.0
241.0
191.0
262.0
177.0
298.0
236.0
409.0
324.0
178.0
266.0
262.0
204.0
288.0
218.0
221.0
221.0
245.0
230.0
215.0
249.0
287.0
442.0
117.0
280.0
263.0
283.0
267.0
276.0
239.0
236.0
273.0
289.0
242.0
252.0
184.0
254.0
293.0
280.0
209.0
219.0
342.0
222.0
251.0
299.0
255.0
197.0
261.0
296.0
256.0
220.0
364.0
205.0
181.0
201.0
226.0
405.0
216.0
123.0
227.0
252.0
217.0
158.0
273.0
281.0
235.0
269.0
234.0
239.0
146.0
338.0
192.0
173.0
150.0
214.0
251.0
306.0
238.0
202.0
197.0
285.0
211.0
188.0
152.0
324.0
251.0
213.0
362.0
273.0
179.0
245.0
324.0
291.0
218.0
319.0
177.0
180.0
298.0
214.0
305.0
216.0
291.0
506.0
290.0
306.0
230.0
202.0
180.0
196.0
250.0
241.0
415.0
246.0
224.0
180.0
223.0
214.0
212.0
161.0
281.0
147.0
272.0
161.0
268.0
293.0
293.0
267.0
237.0
388.0
305.0
261.0
302.0
214.0
246.0
303.0
284.0
332.0
338.0
194.0
317.0
235.0
210.0
318.0
360.0
198.0
256.0
309.0
212.0
225.0
224.0
265.0
274.0
269.0
302.0
140.0
251.0
204.0
189.0
249.0
221.0
235.0
371.0
313.0
224.0
200.0
318.0
146.0
210.0
381.0
281.0
280.0
267.0
279.0
229.0
213.0
296.0
283.0
246.0
470.0
183.0
247.0
211.0
195.0
285.0
262.0
266.0
145.0
223.0
258.0
369.0
276.0
228.0
379.0
377.0
342.0
300.0
240.0
177.0
168.0
301.0
261.0
185.0
161.0
214.0
276.0
202.0
363.0
241.0
266.0
261.0
251.0
302.0
230.0
190.0
139.0
194.0
236.0
343.0
225.0
201.0
458.0
317.0
211.0
276.0
210.0
207.0
250.0
261.0
271.0
216.0
233.0
261.0
199.0
281.0
281.0
348.0
211.0
484.0
228.0
215.0
272.0
363.0
280.0
231.0
277.0
244.0
322.0
207.0
266.0
275.0
268.0
290.0
155.0
257.0
169.0
179.0
200.0
215.0
246.0
210.0
373.0
252.0
212.0
276.0
323.0
399.0
220.0
220.0
280.0
339.0
312.0
267.0
164.0
243.0
256.0
203.0
234.0
165.0
195.0
313.0
436.0
249.0
213.0
384.0
323.0
322.0
171.0
324.0
258.0
244.0
346.0
355.0
280.0
217.0
275.0
485.0
347.0
279.0
308.0
313.0
185.0
234.0
220.0
204.0
291.0
163.0
273.0
258.0
204.0
299.0
246.0
226.0
199.0
216.0
189.0
199.0
258.0
314.0
366.0
261.0
236.0
421.0
150.0
252.0
337.0
251.0
206.0
162.0
192.0
323.0
270.0
322.0
274.0
195.0
229.0
238.0
249.0
300.0
264.0
393.0
208.0
238.0
276.0
276.0
207.0
259.0
208.0
212.0
279.0
198.0
311.0
238.0
657.0
162.0
203.0
182.0
337.0
323.0
262.0
263.0
150.0
197.0
166.0
258.0
261.0
253.0
301.0
215.0
313.0
221.0
259.0
257.0
180.0
259.0
166.0
514.0
276.0
278.0
240.0
238.0
328.0
329.0
384.0
300.0
152.0
248.0
281.0
158.0
248.0
185.0
274.0
250.0
202.0
198.0
351.0
265.0
231.0
199.0
194.0
239.0
324.0
322.0
293.0
360.0
233.0
328.0
301.0
228.0
337.0
331.0
276.0
174.0
295.0
361.0
268.0
219.0
250.0
262.0
178.0
400.0
280.0
553.0
260.0
279.0
245.0
191.0
262.0
231.0
235.0
290.0
179.0
269.0
173.0
310.0
291.0
179.0
291.0
189.0
224.0
160.0
311.0
178.0
359.0
283.0
215.0
212.0
263.0
263.0
254.0
336.0
321.0
228.0
220.0
295.0
361.0
262.0
191.0
332.0
175.0
247.0
254.0
211.0
311.0
246.0
277.0
154.0
254.0
170.0
300.0
457.0
210.0
249.0
254.0
311.0
247.0
181.0
162.0
222.0
198.0
394.0
130.0
209.0
330.0
244.0
178.0
329.0
250.0
190.0
312.0
193.0
335.0
246.0
156.0
149.0
258.0
175.0
119.0
329.0
234.0
225.0
293.0
245.0
172.0
327.0
289.0
282.0
216.0
226.0
131.0
211.0
235.0
422.0
230.0
211.0
233.0
170.0
222.0
279.0
263.0
256.0
488.0
241.0
150.0
184.0
287.0
234.0
212.0
239.0
354.0
237.0
317.0
592.0
242.0
194.0
227.0
248.0
334.0
164.0
322.0
287.0
411.0
574.0
165.0
212.0
297.0
333.0
249.0
309.0
216.0
173.0
323.0
266.0
163.0
239.0
224.0
323.0
340.0
204.0
174.0
356.0
229.0
236.0
334.0
192.0
246.0
200.0
286.0
216.0
189.0
238.0
140.0
209.0
244.0
236.0
193.0
234.0
236.0
333.0
163.0
349.0
167.0
192.0
325.0
168.0
275.0
276.0
277.0
280.0
197.0
191.0
224.0
229.0
617.0
162.0
203.0
266.0
145.0
405.0
166.0
262.0
257.0
299.0
272.0
300.0
218.0
259.0
322.0
280.0
240.0
356.0
279.0
169.0
271.0
172.0
241.0
309.0
195.0
228.0
291.0
209.0
300.0
289.0
181.0
176.0
207.0
217.0
165.0
243.0
181.0
302.0
180.0
161.0
192.0
312.0
242.0
461.0
311.0
204.0
253.0
244.0
215.0
372.0
242.0
389.0
306.0
211.0
209.0
268.0
384.0
294.0
199.0
367.0
203.0
235.0
126.0
247.0
159.0
307.0
210.0
191.0
153.0
209.0
211.0
218.0
279.0
158.0
251.0
280.0
224.0
192.0
247.0
235.0
159.0
277.0
178.0
191.0
244.0
222.0
342.0
230.0
301.0
248.0
204.0
219.0
391.0
250.0
207.0
291.0
245.0
174.0
136.0
275.0
226.0
301.0
191.0
465.0
209.0
320.0
243.0
230.0
236.0
285.0
261.0
268.0
233.0
212.0
215.0
167.0
178.0
334.0
227.0
270.0
197.0
332.0
139.0
381.0
271.0
212.0
248.0
174.0
257.0
302.0
308.0
182.0
344.0
178.0
377.0
189.0
263.0
208.0
284.0
273.0
171.0
287.0
164.0
182.0
314.0
273.0
129.0
206.0
254.0
336.0
130.0
368.0
301.0
331.0
295.0
278.0
208.0
197.0
244.0
235.0
254.0
195.0
244.0
190.0
191.0
150.0
191.0
216.0
283.0
158.0
184.0
213.0
232.0
169.0
249.0
184.0
263.0
205.0
235.0
263.0
271.0
214.0
191.0
177.0
263.0
286.0
225.0
301.0
281.0
252.0
226.0
295.0
265.0
119.0
247.0
224.0
188.0
209.0
317.0
671.0
241.0
203.0
273.0
184.0
254.0
199.0
200.0
266.0
214.0
285.0
288.0
351.0
274.0
228.0
204.0
344.0
301.0
294.0
211.0
257.0
255.0
237.0
208.0
221.0
321.0
222.0
354.0
189.0
201.0
259.0
258.0
292.0
206.0
249.0
194.0
334.0
191.0
218.0
254.0
165.0
233.0
292.0
202.0
201.0
226.0
238.0
292.0
225.0
289.0
172.0
318.0
252.0
304.0
288.0
226.0
204.0
198.0
318.0
173.0
245.0
152.0
228.0
147.0
254.0
199.0
318.0
242.0
366.0
316.0
183.0
322.0
150.0
238.0
231.0
435.0
287.0
198.0
253.0
268.0
321.0
239.0
188.0
346.0
209.0
445.0
265.0
217.0
223.0
299.0
365.0
200.0
313.0
283.0
246.0
314.0
235.0
311.0
249.0
285.0
279.0
310.0
315.0
238.0
213.0
187.0
320.0
260.0
241.0
123.0
187.0
210.0
295.0
295.0
274.0
182.0
373.0
227.0
275.0
266.0
294.0
324.0
251.0
195.0
192.0
231.0
239.0
199.0
232.0
227.0
278.0
285.0
144.0
224.0
151.0
142.0
240.0
216.0
294.0
169.0
283.0
184.0
192.0
324.0
262.0
227.0
256.0
398.0
245.0
337.0
194.0
412.0
265.0
299.0
258.0
190.0
168.0
199.0
254.0
230.0
254.0
271.0
353.0
248.0
197.0
326.0
221.0
212.0
197.0
205.0
416.0
316.0
246.0
197.0
282.0
221.0
233.0
174.0
311.0
207.0
239.0
186.0
268.0
221.0
255.0
240.0
441.0
261.0
163.0
247.0
243.0
342.0
262.0
310.0
274.0
181.0
188.0
209.0
227.0
327.0
299.0
277.0
282.0
231.0
335.0
291.0
238.0
243.0
279.0
274.0
148.0
216.0
297.0
181.0
181.0
179.0
349.0
320.0
188.0
233.0
215.0
324.0
241.0
219.0
240.0
204.0
262.0
222.0
222.0
281.0
270.0
279.0
270.0
416.0
357.0
164.0
210.0
263.0
173.0
293.0
180.0
191.0
375.0
162.0
206.0
268.0
293.0
268.0
227.0
196.0
420.0
205.0
271.0
139.0
326.0
229.0
224.0
144.0
302.0
224.0
227.0
329.0
239.0
188.0
252.0
258.0
299.0
215.0
312.0
250.0
246.0
278.0
256.0
204.0
177.0
357.0
189.0
239.0
187.0
272.0
202.0
270.0
134.0
171.0
199.0
185.0
287.0
233.0
322.0
397.0
247.0
255.0
301.0
130.0
243.0
247.0
194.0
244.0
231.0
269.0
245.0
357.0
289.0
285.0
257.0
335.0
253.0
234.0
320.0
336.0
184.0
127.0
268.0
155.0
253.0
289.0
205.0
364.0
282.0
273.0
175.0
215.0
251.0
250.0
245.0
185.0
238.0
168.0
233.0
294.0
380.0
177.0
437.0
439.0
251.0
264.0
270.0
279.0
402.0
283.0
242.0
362.0
320.0
275.0
226.0
206.0
298.0
251.0
177.0
254.0
180.0
330.0
252.0
252.0
382.0
273.0
253.0
277.0
302.0
241.0
185.0
184.0
303.0
286.0
454.0
277.0
337.0
277.0
264.0
212.0
389.0
89.0
243.0
213.0
270.0
513.0
391.0
356.0
259.0
204.0
258.0
221.0
233.0
225.0
232.0
231.0
192.0
357.0
216.0
486.0
151.0
324.0
278.0
185.0
174.0
351.0
263.0
234.0
233.0
229.0
313.0
361.0
140.0
205.0
165.0
160.0
201.0
177.0
261.0
219.0
381.0
181.0
372.0
187.0
289.0
192.0
308.0
174.0
311.0
217.0
368.0
196.0
244.0
272.0
196.0
336.0
280.0
284.0
516.0
221.0
251.0
196.0
245.0
226.0
197.0
154.0
374.0
234.0
290.0
230.0
261.0
283.0
297.0
227.0
430.0
325.0
386.0
233.0
336.0
257.0
162.0
217.0
251.0
174.0
268.0
204.0
375.0
165.0
344.0
255.0
244.0
291.0
355.0
210.0
203.0
237.0
440.0
181.0
251.0
201.0
396.0
250.0
165.0
247.0
171.0
230.0
172.0
381.0
240.0
1021.0
218.0
141.0
432.0
238.0
243.0
276.0
297.0
366.0
202.0
276.0
266.0
350.0
253.0
176.0
261.0
164.0
343.0
364.0
241.0
404.0
218.0
299.0
295.0
218.0
303.0
138.0
251.0
171.0
206.0
296.0
266.0
202.0
218.0
284.0
258.0
230.0
218.0
195.0
264.0
235.0
180.0
237.0
314.0
103.0
203.0
193.0
199.0
401.0
193.0
256.0
246.0
375.0
249.0
427.0
137.0
348.0
250.0
291.0
188.0
212.0
169.0
187.0
295.0
181.0
141.0
261.0
310.0
213.0
618.0
256.0
239.0
389.0
275.0
294.0
211.0
476.0
269.0
142.0
393.0
203.0
269.0
317.0
390.0
189.0
262.0
334.0
167.0
273.0
354.0
169.0
338.0
233.0
147.0
174.0
328.0
313.0
325.0
223.0
284.0
322.0
266.0
383.0
283.0
231.0
211.0
205.0
401.0
351.0
168.0
201.0
309.0
189.0
199.0
309.0
265.0
302.0
213.0
215.0
231.0
328.0
294.0
215.0
283.0
273.0
220.0
259.0
235.0
223.0
298.0
162.0
283.0
283.0
240.0
368.0
269.0
134.0
205.0
415.0
232.0
164.0
241.0
278.0
232.0
321.0
208.0
166.0
294.0
201.0
173.0
278.0
408.0
197.0
247.0
246.0
202.0
579.0
158.0
326.0
208.0
257.0
254.0
180.0
405.0
197.0
354.0
215.0
239.0
244.0
289.0
213.0
238.0
219.0
259.0
452.0
360.0
248.0
425.0
214.0
392.0
528.0
258.0
167.0
242.0
312.0
214.0
253.0
228.0
287.0
255.0
285.0
229.0
322.0
190.0
255.0
258.0
258.0
296.0
196.0
204.0
289.0
195.0
248.0
256.0
211.0
247.0
230.0
285.0
312.0
244.0
202.0
258.0
253.0
139.0
250.0
175.0
268.0
368.0
244.0
1013.0
250.0
265.0
418.0
282.0
279.0
289.0
152.0
148.0
158.0
255.0
384.0
200.0
199.0
196.0
211.0
299.0
520.0
230.0
187.0
334.0
129.0
186.0
205.0
256.0
150.0
276.0
210.0
525.0
182.0
293.0
348.0
315.0
272.0
159.0
258.0
220.0
189.0
205.0
243.0
233.0
262.0
219.0
248.0
196.0
314.0
202.0
269.0
472.0
201.0
300.0
267.0
165.0
293.0
190.0
261.0
223.0
226.0
328.0
191.0
166.0
366.0
201.0
122.0
175.0
356.0
189.0
384.0
205.0
197.0
351.0
230.0
199.0
184.0
265.0
192.0
181.0
233.0
300.0
243.0
290.0
219.0
232.0
240.0
304.0
329.0
291.0
230.0
263.0
414.0
200.0
212.0
327.0
231.0
285.0
205.0
322.0
322.0
225.0
327.0
263.0
432.0
328.0
194.0
400.0
251.0
154.0
282.0
142.0
266.0
189.0
192.0
405.0
233.0
223.0
224.0
256.0
187.0
240.0
263.0
204.0
223.0
183.0
240.0
284.0
224.0
229.0
111.0
179.0
221.0
264.0
349.0
185.0
299.0
191.0
262.0
335.0
218.0
220.0
258.0
231.0
251.0
256.0
202.0
271.0
196.0
253.0
174.0
259.0
274.0
350.0
442.0
276.0
317.0
247.0
294.0
179.0
171.0
402.0
218.0
163.0
149.0
173.0
214.0
233.0
266.0
170.0
327.0
252.0
151.0
147.0
218.0
204.0
183.0
344.0
276.0
202.0
190.0
341.0
272.0
146.0
265.0
217.0
231.0
256.0
252.0
261.0
200.0
433.0
237.0
234.0
142.0
224.0
233.0
241.0
134.0
250.0
249.0
236.0
286.0
156.0
202.0
308.0
318.0
315.0
255.0
375.0
295.0
207.0
339.0
189.0
184.0
216.0
286.0
192.0
225.0
241.0
208.0
220.0
161.0
191.0
280.0
200.0
271.0
209.0
364.0
272.0
304.0
208.0
151.0
355.0
351.0
208.0
239.0
250.0
197.0
187.0
198.0
259.0
201.0
182.0
304.0
237.0
377.0
157.0
185.0
252.0
195.0
250.0
278.0
236.0
262.0
295.0
151.0
300.0
190.0
234.0
160.0
180.0
201.0
317.0
294.0
241.0
178.0
253.0
247.0
232.0
208.0
197.0
196.0
197.0
292.0
303.0
160.0
123.0
356.0
260.0
319.0
289.0
245.0
219.0
367.0
163.0
219.0
161.0
253.0
285.0
186.0
583.0
173.0
235.0
170.0
281.0
213.0
244.0
276.0
246.0
175.0
215.0
219.0
252.0
249.0
247.0
420.0
280.0
244.0
234.0
312.0
188.0
218.0
238.0
288.0
158.0
258.0
278.0
191.0
259.0
166.0
231.0
217.0
278.0
228.0
217.0
319.0
303.0
291.0
156.0
249.0
239.0
213.0
252.0
299.0
254.0
318.0
332.0
223.0
168.0
236.0
282.0
212.0
202.0
185.0
322.0
199.0
291.0
222.0
223.0
291.0
461.0
243.0
222.0
134.0
248.0
292.0
272.0
254.0
192.0
240.0
304.0
253.0
247.0
203.0
208.0
536.0
229.0
211.0
375.0
253.0
179.0
345.0
284.0
334.0
236.0
196.0
369.0
468.0
289.0
167.0
154.0
218.0
193.0
486.0
191.0
350.0
161.0
269.0
379.0
201.0
156.0
196.0
265.0
212.0
451.0
123.0
277.0
199.0
216.0
150.0
239.0
278.0
519.0
244.0
265.0
339.0
281.0
279.0
364.0
316.0
184.0
240.0
250.0
215.0
294.0
166.0
181.0
217.0
236.0
304.0
241.0
236.0
147.0
162.0
201.0
188.0
353.0
264.0
266.0
346.0
249.0
186.0
213.0
412.0
207.0
234.0
187.0
167.0
215.0
258.0
289.0
454.0
222.0
315.0
368.0
229.0
255.0
210.0
210.0
366.0
254.0
236.0
296.0
192.0
259.0
275.0
244.0
204.0
247.0
271.0
244.0
206.0
311.0
217.0
331.0
251.0
248.0
206.0
221.0
291.0
210.0
279.0
199.0
315.0
286.0
318.0
252.0
284.0
255.0
266.0
267.0
182.0
189.0
246.0
179.0
274.0
229.0
180.0
261.0
285.0
236.0
183.0
180.0
201.0
224.0
456.0
340.0
297.0
247.0
431.0
191.0
211.0
221.0
170.0
337.0
257.0
474.0
179.0
362.0
210.0
184.0
322.0
689.0
289.0
220.0
249.0
228.0
235.0
184.0
188.0
200.0
206.0
272.0
177.0
245.0
163.0
238.0
273.0
207.0
268.0
183.0
184.0
257.0
243.0
262.0
348.0
334.0
275.0
204.0
250.0
286.0
265.0
246.0
305.0
131.0
353.0
118.0
189.0
216.0
305.0
160.0
297.0
226.0
271.0
234.0
170.0
166.0
110.0
319.0
136.0
213.0
252.0
223.0
393.0
255.0
164.0
288.0
370.0
193.0
245.0
247.0
168.0
213.0
334.0
281.0
244.0
303.0
191.0
308.0
192.0
324.0
281.0
200.0
253.0
285.0
167.0
320.0
160.0
219.0
300.0
189.0
362.0
205.0
389.0
220.0
146.0
174.0
140.0
227.0
181.0
1142.0
316.0
162.0
601.0
216.0
201.0
250.0
178.0
345.0
198.0
155.0
252.0
274.0
237.0
218.0
203.0
258.0
290.0
125.0
402.0
324.0
210.0
283.0
268.0
225.0
230.0
199.0
239.0
261.0
252.0
296.0
375.0
307.0
155.0
226.0
498.0
274.0
212.0
189.0
208.0
185.0
314.0
468.0
233.0
244.0
276.0
200.0
456.0
294.0
271.0
276.0
259.0
167.0
177.0
219.0
259.0
183.0
303.0
332.0
292.0
320.0
218.0
249.0
313.0
252.0
356.0
181.0
237.0
161.0
260.0
184.0
210.0
259.0
174.0
177.0
561.0
199.0
204.0
305.0
219.0
232.0
204.0
221.0
406.0
185.0
292.0
210.0
331.0
201.0
285.0
170.0
227.0
433.0
216.0
278.0
243.0
339.0
243.0
236.0
283.0
134.0
255.0
484.0
366.0
269.0
259.0
277.0
191.0
248.0
294.0
253.0
287.0
255.0
241.0
323.0
148.0
296.0
141.0
267.0
270.0
341.0
321.0
234.0
325.0
224.0
228.0
161.0
273.0
364.0
296.0
293.0
241.0
142.0
261.0
261.0
322.0
204.0
323.0
398.0
218.0
149.0
166.0
265.0
338.0
226.0
248.0
246.0
199.0
294.0
219.0
167.0
317.0
227.0
218.0
188.0
127.0
186.0
299.0
257.0
441.0
216.0
266.0
323.0
163.0
494.0
254.0
287.0
255.0
176.0
145.0
143.0
249.0
206.0
428.0
326.0
184.0
341.0
223.0
303.0
205.0
202.0
167.0
282.0
212.0
217.0
441.0
282.0
435.0
331.0
279.0
246.0
133.0
250.0
231.0
231.0
285.0
200.0
249.0
175.0
243.0
210.0
135.0
222.0
202.0
146.0
313.0
286.0
260.0
232.0
200.0
199.0
183.0
169.0
214.0
258.0
194.0
184.0
167.0
292.0
250.0
325.0
302.0
279.0
261.0
270.0
202.0
329.0
635.0
194.0
195.0
311.0
196.0
237.0
366.0
317.0
199.0
212.0
304.0
219.0
217.0
420.0
320.0
401.0
255.0
251.0
214.0
310.0
236.0
269.0
266.0
261.0
167.0
385.0
339.0
286.0
122.0
275.0
550.0
200.0
273.0
284.0
214.0
251.0
234.0
377.0
237.0
293.0
163.0
258.0
279.0
232.0
292.0
406.0
257.0
140.0
376.0
437.0
186.0
305.0
199.0
140.0
352.0
157.0
372.0
267.0
422.0
336.0
241.0
184.0
239.0
343.0
190.0
198.0
182.0
243.0
139.0
222.0
487.0
148.0
294.0
220.0
177.0
204.0
297.0
264.0
271.0
162.0
251.0
207.0
236.0
285.0
401.0
233.0
316.0
280.0
211.0
167.0
366.0
321.0
316.0
240.0
301.0
257.0
138.0
213.0
838.0
245.0
201.0
164.0
134.0
335.0
335.0
310.0
179.0
261.0
308.0
382.0
234.0
244.0
240.0
309.0
233.0
205.0
196.0
348.0
279.0
191.0
269.0
236.0
218.0
333.0
377.0
234.0
297.0
193.0
274.0
313.0
325.0
252.0
346.0
214.0
267.0
568.0
246.0
264.0
209.0
341.0
373.0
297.0
161.0
161.0
272.0
350.0
311.0
166.0
231.0
778.0
284.0
292.0
328.0
219.0
330.0
204.0
187.0
216.0
228.0
336.0
762.0
429.0
199.0
197.0
201.0
161.0
291.0
248.0
200.0
195.0
265.0
307.0
187.0
375.0
309.0
231.0
283.0
281.0
213.0
274.0
216.0
287.0
230.0
142.0
181.0
227.0
439.0
257.0
171.0
259.0
244.0
110.0
456.0
190.0
293.0
314.0
181.0
331.0
136.0
270.0
281.0
148.0
344.0
272.0
264.0
258.0
276.0
137.0
131.0
315.0
321.0
241.0
224.0
332.0
206.0
178.0
184.0
239.0
253.0
231.0
195.0
243.0
128.0
256.0
334.0
186.0
216.0
218.0
375.0
238.0
454.0
166.0
326.0
243.0
220.0
359.0
233.0
148.0
253.0
273.0
279.0
222.0
331.0
184.0
232.0
334.0
307.0
187.0
246.0
338.0
308.0
224.0
262.0
434.0
162.0
296.0
206.0
232.0
295.0
278.0
396.0
206.0
298.0
275.0
318.0
163.0
166.0
137.0
336.0
250.0
292.0
257.0
204.0
265.0
213.0
303.0
272.0
189.0
366.0
281.0
240.0
208.0
276.0
421.0
357.0
313.0
202.0
260.0
305.0
340.0
286.0
356.0
231.0
208.0
512.0
213.0
227.0
151.0
241.0
275.0
177.0
227.0
286.0
176.0
250.0
236.0
188.0
221.0
161.0
201.0
323.0
336.0
289.0
193.0
295.0
284.0
183.0
195.0
303.0
371.0
163.0
161.0
282.0
157.0
310.0
305.0
245.0
200.0
151.0
264.0
259.0
212.0
285.0
310.0
253.0
144.0
247.0
220.0
176.0
424.0
244.0
155.0
310.0
271.0
214.0
234.0
245.0
165.0
301.0
177.0
237.0
236.0
209.0
240.0
289.0
220.0
276.0
277.0
275.0
246.0
292.0
206.0
288.0
328.0
230.0
243.0
330.0
225.0
281.0
249.0
250.0
523.0
309.0
222.0
254.0
139.0
268.0
301.0
387.0
157.0
334.0
153.0
194.0
247.0
287.0
160.0
255.0
341.0
188.0
245.0
223.0
188.0
373.0
357.0
195.0
194.0
223.0
249.0
280.0
428.0
325.0
298.0
210.0
259.0
186.0
384.0
196.0
311.0
253.0
289.0
171.0
289.0
261.0
269.0
196.0
299.0
216.0
212.0
212.0
277.0
156.0
290.0
266.0
267.0
283.0
202.0
124.0
283.0
351.0
246.0
172.0
228.0
356.0
225.0
166.0
184.0
259.0
289.0
220.0
244.0
229.0
226.0
202.0
245.0
242.0
210.0
307.0
300.0
226.0
499.0
284.0
170.0
282.0
283.0
151.0
222.0
267.0
269.0
225.0
312.0
282.0
302.0
265.0
205.0
292.0
163.0
214.0
298.0
233.0
212.0
235.0
200.0
179.0
388.0
273.0
174.0
206.0
231.0
257.0
205.0
259.0
250.0
231.0
233.0
157.0
207.0
238.0
324.0
196.0
227.0
296.0
313.0
291.0
260.0
311.0
207.0
219.0
308.0
253.0
257.0
258.0
243.0
248.0
214.0
267.0
333.0
159.0
257.0
154.0
513.0
429.0
461.0
142.0
238.0
236.0
246.0
174.0
217.0
246.0
220.0
250.0
184.0
278.0
245.0
262.0
259.0
277.0
183.0
175.0
244.0
220.0
148.0
418.0
268.0
189.0
236.0
316.0
301.0
191.0
349.0
217.0
264.0
254.0
407.0
278.0
188.0
207.0
282.0
194.0
185.0
194.0
170.0
219.0
241.0
292.0
340.0
134.0
223.0
192.0
214.0
251.0
525.0
213.0
313.0
284.0
217.0
244.0
258.0
213.0
206.0
351.0
168.0
460.0
465.0
261.0
266.0
377.0
294.0
183.0
179.0
224.0
267.0
260.0
378.0
284.0
320.0
161.0
181.0
197.0
209.0
168.0
490.0
266.0
277.0
195.0
117.0
175.0
342.0
425.0
184.0
246.0
208.0
362.0
283.0
311.0
286.0
203.0
234.0
178.0
162.0
305.0
188.0
295.0
179.0
319.0
249.0
284.0
202.0
244.0
278.0
132.0
229.0
259.0
242.0
149.0
198.0
248.0
303.0
247.0
231.0
170.0
240.0
180.0
290.0
159.0
243.0
290.0
284.0
208.0
214.0
271.0
259.0
236.0
185.0
232.0
201.0
261.0
316.0
275.0
240.0
163.0
301.0
416.0
211.0
181.0
187.0
218.0
219.0
169.0
326.0
280.0
283.0
201.0
279.0
217.0
237.0
400.0
431.0
323.0
275.0
199.0
303.0
187.0
269.0
242.0
320.0
277.0
246.0
267.0
198.0
215.0
529.0
173.0
299.0
123.0
192.0
194.0
212.0
307.0
167.0
273.0
257.0
232.0
248.0
208.0
198.0
293.0
177.0
306.0
212.0
261.0
368.0
270.0
243.0
245.0
201.0
188.0
221.0
252.0
191.0
277.0
204.0
227.0
275.0
194.0
261.0
170.0
295.0
301.0
144.0
251.0
325.0
236.0
230.0
176.0
247.0
223.0
196.0
203.0
225.0
298.0
214.0
292.0
253.0
321.0
198.0
193.0
234.0
230.0
301.0
293.0
164.0
278.0
155.0
218.0
251.0
265.0
248.0
217.0
259.0
131.0
218.0
305.0
222.0
559.0
122.0
230.0
216.0
274.0
225.0
349.0
301.0
218.0
223.0
298.0
199.0
333.0
151.0
263.0
321.0
197.0
234.0
237.0
402.0
255.0
191.0
215.0
163.0
303.0
247.0
266.0
218.0
220.0
286.0
330.0
238.0
223.0
241.0
206.0
190.0
306.0
283.0
246.0
262.0
293.0
271.0
297.0
129.0
254.0
390.0
578.0
304.0
136.0
306.0
241.0
279.0
266.0
397.0
263.0
180.0
302.0
176.0
286.0
343.0
270.0
187.0
215.0
286.0
203.0
202.0
270.0
264.0
273.0
179.0
238.0
389.0
177.0
145.0
280.0
429.0
225.0
326.0
183.0
239.0
265.0
599.0
371.0
214.0
187.0
134.0
238.0
289.0
257.0
344.0
226.0
501.0
232.0
199.0
168.0
258.0
342.0
196.0
268.0
293.0
297.0
371.0
254.0
217.0
211.0
315.0
275.0
181.0
243.0
357.0
251.0
281.0
305.0
251.0
222.0
331.0
302.0
221.0
309.0
254.0
227.0
264.0
234.0
316.0
205.0
364.0
304.0
183.0
277.0
286.0
256.0
262.0
249.0
265.0
142.0
325.0
248.0
402.0
247.0
278.0
370.0
155.0
204.0
249.0
213.0
310.0
363.0
437.0
214.0
273.0
554.0
284.0
169.0
210.0
206.0
366.0
187.0
249.0
266.0
210.0
200.0
235.0
248.0
252.0
341.0
218.0
179.0
209.0
293.0
203.0
272.0
225.0
266.0
230.0
169.0
256.0
317.0
207.0
355.0
309.0
169.0
222.0
243.0
245.0
295.0
298.0
265.0
228.0
341.0
313.0
189.0
313.0
307.0
347.0
197.0
207.0
258.0
228.0
261.0
305.0
241.0
259.0
191.0
169.0
341.0
307.0
262.0
179.0
211.0
178.0
195.0
347.0
212.0
282.0
343.0
183.0
273.0
319.0
411.0
184.0
234.0
215.0
168.0
201.0
337.0
239.0
362.0
175.0
186.0
216.0
404.0
190.0
271.0
235.0
227.0
260.0
391.0
205.0
178.0
384.0
261.0
702.0
178.0
239.0
237.0
190.0
208.0
353.0
258.0
201.0
464.0
213.0
219.0
154.0
928.0
283.0
244.0
243.0
236.0
230.0
335.0
196.0
181.0
261.0
240.0
336.0
177.0
241.0
244.0
177.0
196.0
202.0
162.0
404.0
251.0
270.0
344.0
192.0
200.0
317.0
331.0
264.0
205.0
297.0
206.0
237.0
192.0
330.0
253.0
176.0
246.0
413.0
163.0
363.0
256.0
204.0
359.0
198.0
206.0
277.0
186.0
304.0
251.0
348.0
189.0
199.0
252.0
240.0
201.0
326.0
256.0
269.0
109.0
175.0
211.0
275.0
258.0
259.0
400.0
262.0
300.0
343.0
286.0
296.0
243.0
184.0
489.0
247.0
433.0
219.0
334.0
319.0
340.0
231.0
323.0
171.0
504.0
216.0
237.0
236.0
177.0
229.0
215.0
261.0
254.0
234.0
228.0
230.0
350.0
230.0
339.0
433.0
247.0
346.0
244.0
272.0
205.0
300.0
277.0
146.0
322.0
257.0
266.0
299.0
201.0
241.0
221.0
192.0
156.0
248.0
279.0
340.0
273.0
224.0
225.0
361.0
351.0
292.0
173.0
249.0
188.0
295.0
259.0
361.0
327.0
356.0
249.0
250.0
321.0
242.0
307.0
235.0
342.0
190.0
260.0
269.0
262.0
171.0
330.0
250.0
268.0
293.0
308.0
302.0
134.0
184.0
347.0
393.0
203.0
185.0
170.0
191.0
350.0
427.0
159.0
164.0
201.0
423.0
206.0
280.0
209.0
418.0
202.0
196.0
350.0
226.0
173.0
332.0
249.0
146.0
324.0
300.0
236.0
330.0
306.0
615.0
240.0
244.0
183.0
180.0
276.0
222.0
225.0
188.0
194.0
362.0
259.0
222.0
225.0
250.0
254.0
201.0
184.0
225.0
168.0
390.0
289.0
285.0
285.0
200.0
275.0
140.0
268.0
234.0
260.0
296.0
210.0
204.0
261.0
151.0
330.0
229.0
299.0
275.0
269.0
293.0
165.0
270.0
253.0
297.0
181.0
254.0
278.0
247.0
255.0
335.0
412.0
354.0
560.0
200.0
208.0
210.0
208.0
285.0
266.0
320.0
273.0
222.0
208.0
118.0
342.0
203.0
256.0
326.0
292.0
266.0
208.0
175.0
271.0
173.0
208.0
223.0
305.0
260.0
332.0
261.0
309.0
187.0
205.0
206.0
366.0
279.0
250.0
188.0
226.0
287.0
404.0
265.0
310.0
274.0
200.0
311.0
319.0
188.0
318.0
223.0
427.0
145.0
212.0
314.0
341.0
192.0
274.0
334.0
273.0
296.0
209.0
418.0
185.0
188.0
224.0
204.0
264.0
252.0
186.0
316.0
274.0
250.0
250.0
191.0
338.0
253.0
272.0
224.0
260.0
227.0
341.0
166.0
289.0
250.0
468.0
234.0
229.0
217.0
268.0
247.0
301.0
578.0
268.0
372.0
202.0
327.0
242.0
185.0
144.0
156.0
206.0
401.0
228.0
324.0
228.0
235.0
194.0
300.0
275.0
313.0
296.0
258.0
392.0
275.0
271.0
219.0
265.0
314.0
286.0
248.0
265.0
244.0
279.0
269.0
275.0
134.0
285.0
310.0
252.0
292.0
351.0
121.0
266.0
256.0
320.0
195.0
315.0
235.0
233.0
293.0
198.0
470.0
323.0
292.0
271.0
308.0
265.0
176.0
221.0
193.0
252.0
346.0
224.0
457.0
314.0
169.0
272.0
288.0
225.0
251.0
203.0
215.0
255.0
238.0
288.0
305.0
238.0
281.0
252.0
230.0
203.0
236.0
263.0
442.0
186.0
185.0
282.0
245.0
352.0
180.0
206.0
254.0
280.0
230.0
168.0
175.0
229.0
223.0
387.0
243.0
348.0
196.0
294.0
191.0
208.0
249.0
323.0
267.0
190.0
158.0
305.0
159.0
256.0
259.0
198.0
287.0
249.0
366.0
263.0
338.0
179.0
252.0
285.0
270.0
274.0
256.0
241.0
336.0
144.0
175.0
206.0
221.0
202.0
387.0
245.0
204.0
246.0
388.0
216.0
264.0
231.0
153.0
154.0
198.0
169.0
258.0
270.0
277.0
231.0
320.0
211.0
307.0
228.0
190.0
220.0
290.0
303.0
323.0
217.0
178.0
340.0
183.0
294.0
271.0
206.0
241.0
248.0
273.0
233.0
215.0
242.0
234.0
287.0
440.0
211.0
318.0
282.0
216.0
283.0
213.0
196.0
163.0
131.0
189.0
142.0
385.0
224.0
241.0
324.0
331.0
169.0
189.0
187.0
158.0
207.0
276.0
206.0
191.0
212.0
291.0
248.0
185.0
303.0
289.0
351.0
188.0
242.0
213.0
227.0
274.0
377.0
137.0
220.0
195.0
348.0
206.0
300.0
189.0
250.0
280.0
173.0
217.0
125.0
322.0
237.0
358.0
208.0
209.0
314.0
213.0
209.0
163.0
164.0
335.0
255.0
181.0
318.0
206.0
342.0
227.0
215.0
220.0
189.0
400.0
187.0
220.0
317.0
277.0
174.0
292.0
231.0
226.0
306.0
309.0
225.0
148.0
237.0
353.0
255.0
147.0
256.0
262.0
177.0
318.0
195.0
251.0
215.0
257.0
244.0
249.0
141.0
244.0
224.0
244.0
190.0
245.0
263.0
198.0
283.0
170.0
220.0
232.0
265.0
155.0
322.0
293.0
303.0
178.0
273.0
169.0
207.0
160.0
248.0
208.0
201.0
176.0
300.0
173.0
238.0
242.0
300.0
269.0
321.0
260.0
282.0
309.0
259.0
226.0
208.0
165.0
189.0
353.0
414.0
289.0
348.0
262.0
328.0
265.0
287.0
275.0
147.0
202.0
290.0
260.0
152.0
221.0
281.0
297.0
237.0
289.0
113.0
202.0
419.0
286.0
265.0
265.0
170.0
231.0
192.0
331.0
240.0
285.0
314.0
239.0
308.0
181.0
222.0
232.0
220.0
325.0
327.0
350.0
245.0
180.0
202.0
194.0
310.0
373.0
275.0
231.0
278.0
251.0
235.0
225.0
185.0
280.0
164.0
279.0
181.0
386.0
193.0
221.0
153.0
195.0
262.0
246.0
222.0
184.0
264.0
382.0
147.0
172.0
229.0
309.0
274.0
281.0
259.0
348.0
176.0
288.0
223.0
248.0
328.0
141.0
231.0
346.0
238.0
255.0
281.0
282.0
288.0
200.0
320.0
272.0
262.0
273.0
252.0
291.0
190.0
266.0
200.0
127.0
502.0
203.0
169.0
217.0
209.0
459.0
174.0
234.0
355.0
331.0
184.0
290.0
212.0
289.0
298.0
351.0
308.0
465.0
118.0
200.0
352.0
274.0
171.0
226.0
169.0
319.0
191.0
233.0
412.0
277.0
226.0
319.0
251.0
163.0
453.0
304.0
251.0
270.0
218.0
346.0
298.0
192.0
289.0
319.0
228.0
246.0
151.0
195.0
255.0
244.0
209.0
202.0
367.0
266.0
293.0
235.0
307.0
237.0
166.0
214.0
239.0
366.0
362.0
300.0
305.0
247.0
169.0
144.0
273.0
260.0
189.0
284.0
252.0
191.0
172.0
280.0
283.0
328.0
285.0
238.0
200.0
233.0
192.0
287.0
415.0
235.0
461.0
324.0
302.0
194.0
263.0
395.0
222.0
446.0
322.0
209.0
389.0
164.0
207.0
218.0
231.0
165.0
232.0
313.0
312.0
138.0
223.0
202.0
258.0
212.0
366.0
262.0
223.0
412.0
278.0
294.0
302.0
299.0
321.0
261.0
322.0
376.0
275.0
208.0
135.0
332.0
310.0
235.0
246.0
217.0
176.0
225.0
386.0
192.0
273.0
316.0
481.0
204.0
275.0
349.0
379.0
193.0
191.0
273.0
249.0
413.0
353.0
256.0
238.0
165.0
271.0
314.0
268.0
256.0
277.0
260.0
162.0
188.0
356.0
292.0
233.0
432.0
329.0
342.0
234.0
213.0
135.0
266.0
249.0
225.0
244.0
200.0
248.0
149.0
247.0
293.0
374.0
276.0
387.0
492.0
247.0
326.0
197.0
303.0
320.0
259.0
250.0
237.0
225.0
372.0
328.0
173.0
238.0
364.0
213.0
158.0
276.0
155.0
453.0
263.0
223.0
270.0
329.0
160.0
305.0
273.0
173.0
191.0
421.0
186.0
232.0
262.0
206.0
309.0
198.0
229.0
360.0
226.0
239.0
207.0
198.0
432.0
277.0
313.0
469.0
275.0
398.0
374.0
291.0
269.0
185.0
236.0
189.0
288.0
189.0
311.0
231.0
320.0
254.0
199.0
273.0
301.0
282.0
357.0
494.0
206.0
294.0
251.0
312.0
215.0
332.0
215.0
194.0
456.0
203.0
152.0
142.0
211.0
220.0
252.0
359.0
299.0
194.0
265.0
245.0
317.0
287.0
307.0
240.0
204.0
230.0
387.0
273.0
189.0
173.0
272.0
236.0
224.0
237.0
192.0
246.0
320.0
203.0
308.0
303.0
317.0
254.0
321.0
239.0
248.0
182.0
257.0
175.0
191.0
149.0
200.0
236.0
244.0
159.0
212.0
368.0
177.0
323.0
272.0
215.0
306.0
190.0
203.0
315.0
245.0
237.0
260.0
385.0
323.0
286.0
273.0
331.0
252.0
251.0
348.0
281.0
181.0
235.0
387.0
256.0
352.0
403.0
257.0
274.0
312.0
280.0
309.0
268.0
211.0
171.0
243.0
156.0
398.0
191.0
220.0
216.0
290.0
324.0
289.0
327.0
231.0
265.0
232.0
198.0
296.0
258.0
251.0
216.0
255.0
162.0
256.0
204.0
242.0
231.0
237.0
213.0
208.0
245.0
311.0
385.0
320.0
224.0
266.0
356.0
255.0
156.0
209.0
424.0
230.0
317.0
283.0
210.0
221.0
298.0
361.0
330.0
121.0
311.0
181.0
311.0
235.0
187.0
241.0
424.0
233.0
365.0
260.0
226.0
212.0
240.0
212.0
189.0
325.0
233.0
157.0
178.0
157.0
316.0
218.0
269.0
242.0
376.0
267.0
298.0
211.0
308.0
180.0
389.0
312.0
171.0
287.0
211.0
219.0
297.0
262.0
202.0
231.0
177.0
332.0
171.0
224.0
241.0
298.0
255.0
309.0
215.0
329.0
315.0
377.0
220.0
167.0
294.0
186.0
273.0
205.0
208.0
248.0
555.0
247.0
194.0
235.0
228.0
279.0
216.0
235.0
216.0
180.0
288.0
281.0
287.0
198.0
338.0
223.0
115.0
315.0
238.0
235.0
285.0
202.0
307.0
211.0
244.0
220.0
226.0
280.0
191.0
190.0
278.0
175.0
346.0
168.0
608.0
228.0
183.0
208.0
396.0
184.0
325.0
258.0
192.0
278.0
259.0
183.0
255.0
228.0
448.0
291.0
227.0
428.0
258.0
263.0
277.0
240.0
389.0
294.0
305.0
279.0
202.0
185.0
256.0
241.0
345.0
183.0
212.0
162.0
223.0
254.0
252.0
214.0
201.0
329.0
226.0
245.0
331.0
275.0
208.0
326.0
189.0
260.0
338.0
199.0
323.0
282.0
255.0
256.0
261.0
184.0
286.0
348.0
322.0
303.0
247.0
379.0
194.0
197.0
352.0
165.0
202.0
277.0
299.0
257.0
292.0
214.0
294.0
218.0
234.0
325.0
230.0
299.0
217.0
217.0
215.0
333.0
315.0
276.0
310.0
255.0
146.0
224.0
286.0
276.0
234.0
260.0
198.0
373.0
264.0
354.0
151.0
230.0
280.0
321.0
272.0
330.0
246.0
344.0
236.0
252.0
265.0
360.0
242.0
265.0
151.0
264.0
194.0
285.0
214.0
157.0
360.0
331.0
266.0
305.0
280.0
291.0
197.0
204.0
245.0
272.0
204.0
247.0
330.0
249.0
287.0
285.0
192.0
232.0
339.0
222.0
201.0
202.0
198.0
244.0
182.0
217.0
223.0
160.0
182.0
303.0
252.0
362.0
234.0
296.0
262.0
155.0
210.0
236.0
237.0
451.0
249.0
266.0
261.0
249.0
338.0
340.0
260.0
271.0
292.0
200.0
281.0
156.0
225.0
210.0
394.0
272.0
380.0
303.0
239.0
197.0
289.0
217.0
224.0
227.0
241.0
158.0
253.0
231.0
342.0
161.0
218.0
248.0
203.0
189.0
220.0
323.0
218.0
337.0
220.0
212.0
278.0
272.0
163.0
280.0
400.0
195.0
271.0
281.0
240.0
238.0
212.0
272.0
347.0
320.0
201.0
212.0
145.0
226.0
160.0
356.0
205.0
150.0
205.0
135.0
541.0
200.0
254.0
239.0
251.0
245.0
278.0
247.0
268.0
289.0
214.0
181.0
338.0
224.0
221.0
308.0
250.0
230.0
151.0
284.0
280.0
120.0
298.0
289.0
134.0
250.0
286.0
228.0
243.0
295.0
274.0
408.0
183.0
258.0
264.0
275.0
261.0
250.0
293.0
265.0
270.0
153.0
280.0
326.0
147.0
204.0
230.0
254.0
179.0
210.0
231.0
222.0
349.0
479.0
323.0
209.0
104.0
258.0
369.0
158.0
328.0
210.0
194.0
200.0
345.0
240.0
369.0
264.0
174.0
194.0
160.0
214.0
156.0
149.0
314.0
206.0
183.0
439.0
301.0
235.0
316.0
373.0
217.0
194.0
247.0
205.0
158.0
258.0
224.0
214.0
212.0
245.0
311.0
323.0
250.0
250.0
244.0
226.0
199.0
234.0
340.0
285.0
296.0
148.0
369.0
287.0
212.0
279.0
170.0
223.0
210.0
314.0
391.0
277.0
294.0
250.0
255.0
274.0
149.0
259.0
199.0
255.0
387.0
175.0
289.0
285.0
229.0
246.0
236.0
325.0
245.0
194.0
348.0
205.0
335.0
210.0
228.0
196.0
360.0
264.0
183.0
177.0
210.0
193.0
332.0
297.0
254.0
328.0
269.0
262.0
208.0
205.0
173.0
230.0
210.0
174.0
310.0
253.0
308.0
183.0
208.0
260.0
199.0
336.0
236.0
303.0
331.0
276.0
255.0
274.0
187.0
257.0
146.0
239.0
303.0
275.0
268.0
249.0
293.0
276.0
311.0
270.0
140.0
379.0
237.0
198.0
186.0
282.0
242.0
192.0
203.0
306.0
281.0
335.0
214.0
210.0
275.0
298.0
165.0
296.0
338.0
285.0
191.0
330.0
301.0
190.0
235.0
218.0
352.0
252.0
237.0
277.0
176.0
284.0
355.0
266.0
356.0
247.0
157.0
159.0
328.0
267.0
334.0
255.0
222.0
300.0
219.0
383.0
273.0
231.0
269.0
213.0
285.0
303.0
288.0
180.0
255.0
244.0
345.0
270.0
171.0
257.0
254.0
280.0
280.0
202.0
248.0
445.0
161.0
266.0
278.0
288.0
185.0
326.0
229.0
226.0
271.0
270.0
296.0
351.0
339.0
322.0
253.0
408.0
233.0
221.0
276.0
203.0
180.0
230.0
183.0
234.0
224.0
334.0
239.0
305.0
306.0
239.0
201.0
320.0
180.0
159.0
222.0
253.0
304.0
253.0
214.0
247.0
210.0
184.0
292.0
217.0
291.0
239.0
227.0
218.0
345.0
194.0
160.0
387.0
175.0
193.0
250.0
248.0
178.0
380.0
309.0
317.0
357.0
321.0
193.0
335.0
356.0
201.0
220.0
146.0
402.0
235.0
307.0
209.0
217.0
276.0
280.0
406.0
282.0
200.0
234.0
246.0
235.0
441.0
290.0
242.0
245.0
197.0
329.0
159.0
316.0
219.0
259.0
279.0
195.0
167.0
296.0
313.0
193.0
182.0
186.0
243.0
217.0
205.0
220.0
377.0
241.0
246.0
237.0
300.0
264.0
298.0
173.0
390.0
294.0
184.0
246.0
322.0
261.0
205.0
268.0
331.0
136.0
307.0
177.0
268.0
393.0
188.0
166.0
190.0
286.0
260.0
297.0
287.0
302.0
229.0
282.0
233.0
173.0
173.0
247.0
182.0
207.0
306.0
266.0
298.0
210.0
266.0
258.0
271.0
191.0
375.0
161.0
319.0
207.0
285.0
253.0
184.0
280.0
295.0
445.0
281.0
374.0
190.0
317.0
264.0
245.0
306.0
339.0
242.0
334.0
323.0
210.0
418.0
245.0
197.0
249.0
215.0
335.0
246.0
260.0
188.0
137.0
218.0
258.0
207.0
254.0
193.0
276.0
247.0
372.0
166.0
124.0
260.0
252.0
211.0
249.0
286.0
177.0
291.0
187.0
249.0
205.0
256.0
301.0
206.0
210.0
379.0
349.0
351.0
269.0
305.0
209.0
260.0
239.0
268.0
292.0
228.0
186.0
323.0
320.0
249.0
353.0
315.0
194.0
329.0
221.0
248.0
253.0
271.0
259.0
256.0
357.0
273.0
408.0
595.0
288.0
168.0
204.0
239.0
308.0
187.0
252.0
166.0
282.0
192.0
366.0
283.0
608.0
360.0
253.0
224.0
281.0
212.0
230.0
226.0
287.0
229.0
259.0
256.0
362.0
266.0
246.0
226.0
215.0
269.0
256.0
187.0
321.0
243.0
240.0
273.0
181.0
224.0
315.0
264.0
342.0
277.0
223.0
218.0
226.0
322.0
247.0
217.0
346.0
196.0
258.0
322.0
198.0
224.0
237.0
206.0
259.0
250.0
285.0
241.0
281.0
233.0
203.0
272.0
220.0
238.0
230.0
280.0
264.0
264.0
274.0
396.0
219.0
336.0
270.0
262.0
266.0
283.0
234.0
271.0
428.0
323.0
228.0
314.0
181.0
279.0
349.0
363.0
230.0
207.0
279.0
269.0
190.0
301.0
217.0
237.0
248.0
273.0
228.0
136.0
276.0
352.0
269.0
236.0
379.0
362.0
185.0
221.0
257.0
226.0
180.0
300.0
221.0
322.0
142.0
367.0
350.0
232.0
266.0
297.0
314.0
172.0
251.0
331.0
189.0
290.0
325.0
352.0
229.0
268.0
185.0
246.0
303.0
316.0
314.0
301.0
284.0
285.0
306.0
281.0
239.0
191.0
318.0
277.0
190.0
234.0
260.0
249.0
241.0
216.0
308.0
222.0
241.0
180.0
176.0
278.0
215.0
313.0
344.0
313.0
257.0
282.0
260.0
251.0
211.0
387.0
258.0
309.0
217.0
454.0
154.0
255.0
287.0
297.0
254.0
191.0
204.0
230.0
264.0
327.0
262.0
216.0
227.0
242.0
173.0
239.0
287.0
226.0
315.0
292.0
362.0
291.0
309.0
285.0
294.0
351.0
281.0
270.0
296.0
209.0
280.0
292.0
210.0
255.0
253.0
247.0
306.0
264.0
343.0
143.0
257.0
203.0
303.0
226.0
263.0
285.0
199.0
271.0
209.0
375.0
279.0
170.0
192.0
270.0
308.0
211.0
276.0
216.0
305.0
275.0
237.0
473.0
145.0
181.0
336.0
324.0
188.0
270.0
236.0
283.0
186.0
159.0
235.0
223.0
325.0
272.0
228.0
240.0
279.0
230.0
229.0
136.0
325.0
161.0
181.0
340.0
273.0
241.0
215.0
351.0
296.0
240.0
389.0
231.0
345.0
244.0
213.0
298.0
184.0
229.0
217.0
224.0
402.0
235.0
230.0
268.0
152.0
325.0
231.0
170.0
166.0
172.0
270.0
218.0
351.0
331.0
194.0
218.0
245.0
209.0
206.0
246.0
282.0
210.0
410.0
160.0
379.0
275.0
293.0
237.0
247.0
256.0
267.0
353.0
299.0
182.0
297.0
242.0
206.0
260.0
221.0
362.0
229.0
239.0
246.0
196.0
245.0
260.0
290.0
255.0
212.0
288.0
236.0
422.0
252.0
136.0
158.0
342.0
169.0
291.0
282.0
298.0
281.0
289.0
209.0
289.0
195.0
284.0
231.0
230.0
178.0
225.0
244.0
260.0
170.0
223.0
341.0
217.0
270.0
268.0
190.0
193.0
296.0
328.0
295.0
194.0
278.0
222.0
294.0
459.0
341.0
335.0
311.0
137.0
223.0
259.0
309.0
254.0
236.0
246.0
224.0
289.0
189.0
272.0
216.0
192.0
153.0
249.0
297.0
243.0
241.0
320.0
311.0
449.0
252.0
236.0
257.0
295.0
257.0
260.0
301.0
285.0
210.0
172.0
379.0
379.0
232.0
210.0
157.0
322.0
229.0
245.0
179.0
197.0
232.0
253.0
172.0
250.0
187.0
271.0
306.0
268.0
253.0
283.0
234.0
316.0
227.0
141.0
288.0
292.0
219.0
232.0
183.0
201.0
194.0
240.0
186.0
251.0
264.0
269.0
133.0
274.0
217.0
218.0
179.0
369.0
249.0
201.0
286.0
258.0
197.0
229.0
216.0
299.0
248.0
261.0
325.0
204.0
215.0
255.0
213.0
235.0
393.0
222.0
192.0
175.0
235.0
552.0
280.0
192.0
348.0
241.0
223.0
157.0
214.0
199.0
221.0
263.0
265.0
207.0
264.0
274.0
304.0
272.0
283.0
283.0
194.0
166.0
256.0
266.0
261.0
227.0
238.0
429.0
201.0
301.0
259.0
240.0
276.0
298.0
271.0
272.0
199.0
156.0
288.0
230.0
313.0
269.0
304.0
212.0
267.0
360.0
174.0
220.0
196.0
283.0
248.0
192.0
153.0
171.0
236.0
293.0
308.0
321.0
251.0
153.0
451.0
301.0
318.0
338.0
210.0
294.0
311.0
214.0
239.0
167.0
179.0
235.0
277.0
214.0
194.0
291.0
246.0
325.0
233.0
422.0
219.0
252.0
350.0
251.0
257.0
189.0
247.0
332.0
282.0
275.0
235.0
176.0
348.0
275.0
293.0
212.0
215.0
254.0
179.0
265.0
255.0
229.0
299.0
160.0
196.0
329.0
166.0
203.0
310.0
246.0
239.0
457.0
195.0
310.0
154.0
263.0
302.0
235.0
256.0
244.0
281.0
232.0
224.0
183.0
221.0
391.0
308.0
244.0
266.0
344.0
288.0
349.0
257.0
213.0
350.0
178.0
361.0
221.0
252.0
317.0
224.0
242.0
245.0
199.0
216.0
203.0
138.0
205.0
195.0
372.0
249.0
209.0
235.0
215.0
228.0
246.0
176.0
294.0
330.0
196.0
195.0
414.0
191.0
293.0
369.0
251.0
257.0
214.0
238.0
228.0
235.0
381.0
199.0
292.0
168.0
230.0
283.0
285.0
253.0
235.0
292.0
228.0
280.0
260.0
346.0
148.0
298.0
231.0
272.0
393.0
275.0
269.0
279.0
187.0
260.0
296.0
208.0
253.0
351.0
282.0
278.0
236.0
200.0
209.0
389.0
216.0
245.0
226.0
248.0
237.0
220.0
281.0
266.0
341.0
167.0
283.0
373.0
298.0
183.0
185.0
229.0
286.0
237.0
242.0
216.0
406.0
328.0
259.0
235.0
303.0
298.0
271.0
251.0
196.0
300.0
265.0
270.0
324.0
123.0
239.0
225.0
422.0
173.0
197.0
153.0
319.0
144.0
259.0
272.0
240.0
265.0
220.0
223.0
451.0
339.0
255.0
193.0
255.0
242.0
236.0
125.0
269.0
233.0
267.0
213.0
251.0
299.0
208.0
264.0
241.0
184.0
297.0
180.0
341.0
234.0
318.0
206.0
344.0
240.0
248.0
297.0
236.0
323.0
278.0
302.0
185.0
271.0
375.0
180.0
288.0
198.0
248.0
231.0
251.0
362.0
264.0
226.0
235.0
220.0
270.0
209.0
199.0
241.0
259.0
277.0
253.0
199.0
301.0
178.0
209.0
241.0
335.0
319.0
230.0
203.0
222.0
360.0
403.0
271.0
447.0
294.0
423.0
245.0
205.0
262.0
266.0
273.0
215.0
196.0
314.0
316.0
239.0
245.0
337.0
273.0
236.0
404.0
405.0
219.0
230.0
264.0
257.0
210.0
234.0
288.0
373.0
165.0
270.0
189.0
299.0
246.0
228.0
183.0
240.0
299.0
197.0
262.0
236.0
274.0
316.0
189.0
271.0
199.0
203.0
242.0
206.0
181.0
315.0
361.0
369.0
207.0
271.0
270.0
202.0
210.0
544.0
191.0
195.0
322.0
323.0
239.0
175.0
251.0
274.0
575.0
225.0
234.0
177.0
242.0
212.0
211.0
214.0
269.0
278.0
307.0
231.0
293.0
157.0
236.0
213.0
136.0
278.0
235.0
220.0
183.0
289.0
188.0
400.0
355.0
194.0
199.0
289.0
221.0
248.0
266.0
327.0
155.0
307.0
140.0
267.0
285.0
326.0
234.0
316.0
218.0
261.0
235.0
221.0
265.0
215.0
256.0
270.0
426.0
246.0
286.0
293.0
175.0
241.0
298.0
232.0
256.0
311.0
242.0
210.0
219.0
272.0
190.0
282.0
195.0
358.0
321.0
361.0
210.0
200.0
274.0
277.0
205.0
288.0
213.0
233.0
223.0
312.0
186.0
320.0
205.0
310.0
321.0
204.0
229.0
336.0
175.0
225.0
263.0
321.0
245.0
264.0
337.0
160.0
152.0
242.0
358.0
377.0
174.0
260.0
285.0
210.0
266.0
245.0
251.0
159.0
199.0
161.0
248.0
174.0
250.0
282.0
233.0
271.0
260.0
208.0
333.0
215.0
174.0
298.0
233.0
283.0
240.0
318.0
243.0
293.0
196.0
283.0
334.0
239.0
329.0
335.0
413.0
269.0
151.0
518.0
225.0
239.0
127.0
337.0
222.0
234.0
199.0
259.0
283.0
232.0
369.0
446.0
228.0
225.0
234.0
286.0
325.0
391.0
261.0
293.0
248.0
223.0
581.0
229.0
232.0
256.0
428.0
193.0
155.0
236.0
321.0
254.0
252.0
141.0
579.0
292.0
268.0
219.0
198.0
195.0
371.0
154.0
300.0
124.0
248.0
142.0
306.0
207.0
293.0
270.0
227.0
316.0
215.0
203.0
413.0
340.0
161.0
312.0
375.0
194.0
304.0
215.0
201.0
231.0
247.0
207.0
254.0
228.0
324.0
326.0
182.0
375.0
254.0
256.0
255.0
260.0
273.0
216.0
159.0
355.0
230.0
159.0
206.0
247.0
321.0
223.0
254.0
372.0
293.0
295.0
268.0
338.0
332.0
192.0
231.0
528.0
292.0
223.0
239.0
351.0
386.0
237.0
186.0
328.0
324.0
273.0
333.0
323.0
226.0
285.0
241.0
263.0
312.0
261.0
354.0
318.0
242.0
221.0
320.0
211.0
312.0
292.0
204.0
282.0
219.0
224.0
240.0
351.0
266.0
179.0
178.0
190.0
286.0
441.0
243.0
320.0
300.0
242.0
511.0
375.0
190.0
161.0
286.0
362.0
280.0
189.0
209.0
221.0
267.0
222.0
253.0
216.0
220.0
199.0
222.0
460.0
240.0
263.0
376.0
406.0
221.0
253.0
250.0
247.0
201.0
113.0
301.0
235.0
212.0
293.0
170.0
309.0
287.0
223.0
303.0
400.0
341.0
401.0
276.0
284.0
311.0
249.0
397.0
244.0
300.0
365.0
312.0
356.0
240.0
282.0
299.0
224.0
176.0
247.0
259.0
201.0
297.0
244.0
203.0
344.0
146.0
187.0
253.0
255.0
222.0
284.0
256.0
262.0
160.0
387.0
270.0
301.0
226.0
317.0
210.0
212.0
335.0
209.0
206.0
322.0
287.0
258.0
253.0
319.0
110.0
229.0
158.0
230.0
217.0
287.0
185.0
226.0
343.0
307.0
266.0
178.0
254.0
177.0
284.0
187.0
242.0
205.0
256.0
235.0
282.0
194.0
224.0
349.0
328.0
270.0
316.0
216.0
396.0
321.0
335.0
178.0
224.0
193.0
281.0
178.0
262.0
232.0
350.0
298.0
336.0
152.0
256.0
375.0
185.0
150.0
209.0
326.0
154.0
219.0
230.0
243.0
211.0
302.0
283.0
349.0
237.0
297.0
278.0
217.0
378.0
241.0
218.0
319.0
214.0
213.0
314.0
286.0
185.0
181.0
276.0
391.0
153.0
230.0
272.0
224.0
291.0
246.0
211.0
237.0
257.0
259.0
222.0
192.0
329.0
249.0
199.0
193.0
251.0
209.0
249.0
186.0
315.0
265.0
251.0
277.0
231.0
344.0
228.0
158.0
320.0
343.0
213.0
209.0
248.0
293.0
241.0
272.0
266.0
156.0
218.0
326.0
312.0
182.0
219.0
189.0
210.0
331.0
280.0
252.0
252.0
272.0
383.0
324.0
214.0
179.0
249.0
292.0
231.0
213.0
353.0
378.0
178.0
257.0
224.0
273.0
236.0
184.0
171.0
317.0
323.0
347.0
215.0
244.0
284.0
222.0
186.0
342.0
241.0
166.0
260.0
385.0
238.0
269.0
263.0
223.0
300.0
236.0
592.0
206.0
315.0
245.0
289.0
393.0
187.0
197.0
226.0
193.0
162.0
225.0
341.0
205.0
230.0
262.0
276.0
308.0
191.0
158.0
255.0
354.0
340.0
218.0
246.0
225.0
278.0
211.0
185.0
268.0
214.0
270.0
214.0
358.0
239.0
233.0
221.0
266.0
238.0
302.0
282.0
271.0
255.0
263.0
186.0
270.0
364.0
253.0
160.0
297.0
231.0
194.0
257.0
308.0
307.0
262.0
393.0
221.0
202.0
211.0
261.0
203.0
277.0
286.0
149.0
284.0
219.0
287.0
303.0
182.0
154.0
246.0
298.0
287.0
252.0
272.0
277.0
278.0
156.0
297.0
305.0
249.0
125.0
256.0
264.0
223.0
297.0
290.0
319.0
239.0
218.0
169.0
227.0
382.0
251.0
289.0
278.0
598.0
226.0
155.0
188.0
329.0
268.0
274.0
202.0
254.0
285.0
226.0
266.0
154.0
194.0
263.0
209.0
180.0
313.0
222.0
316.0
291.0
250.0
210.0
372.0
264.0
258.0
276.0
299.0
309.0
321.0
176.0
255.0
307.0
180.0
312.0
225.0
156.0
286.0
248.0
238.0
351.0
298.0
263.0
216.0
220.0
227.0
201.0
299.0
281.0
241.0
211.0
359.0
221.0
165.0
271.0
199.0
224.0
296.0
221.0
207.0
355.0
149.0
438.0
295.0
177.0
223.0
328.0
279.0
266.0
259.0
280.0
168.0
182.0
360.0
192.0
221.0
222.0
305.0
311.0
311.0
311.0
361.0
199.0
175.0
361.0
207.0
281.0
275.0
251.0
265.0
159.0
205.0
289.0
446.0
193.0
188.0
183.0
229.0
257.0
307.0
315.0
281.0
344.0
351.0
275.0
282.0
275.0
217.0
202.0
186.0
216.0
225.0
309.0
212.0
239.0
202.0
242.0
402.0
174.0
327.0
451.0
179.0
216.0
208.0
240.0
302.0
229.0
300.0
160.0
263.0
356.0
260.0
261.0
286.0
188.0
273.0
239.0
283.0
283.0
250.0
256.0
275.0
243.0
194.0
211.0
260.0
219.0
284.0
248.0
251.0
215.0
236.0
201.0
376.0
243.0
163.0
298.0
165.0
293.0
258.0
288.0
288.0
291.0
348.0
320.0
188.0
377.0
236.0
190.0
216.0
229.0
300.0
298.0
193.0
163.0
252.0
198.0
229.0
292.0
338.0
204.0
315.0
304.0
246.0
273.0
193.0
314.0
325.0
183.0
344.0
359.0
265.0
295.0
165.0
197.0
299.0
279.0
306.0
235.0
273.0
278.0
234.0
258.0
291.0
297.0
147.0
245.0
260.0
175.0
328.0
335.0
356.0
274.0
200.0
225.0
291.0
170.0
179.0
225.0
297.0
228.0
277.0
211.0
230.0
401.0
399.0
293.0
355.0
269.0
288.0
250.0
321.0
178.0
214.0
301.0
223.0
345.0
237.0
174.0
217.0
340.0
208.0
354.0
167.0
266.0
284.0
205.0
209.0
348.0
302.0
220.0
279.0
224.0
638.0
197.0
222.0
206.0
310.0
266.0
152.0
250.0
211.0
243.0
367.0
152.0
284.0
252.0
235.0
378.0
263.0
324.0
156.0
203.0
180.0
253.0
259.0
228.0
316.0
219.0
156.0
244.0
256.0
288.0
212.0
209.0
335.0
275.0
422.0
280.0
180.0
244.0
268.0
400.0
395.0
244.0
239.0
180.0
266.0
310.0
315.0
208.0
284.0
209.0
326.0
208.0
183.0
221.0
289.0
238.0
257.0
173.0
318.0
266.0
303.0
328.0
333.0
372.0
428.0
258.0
334.0
320.0
251.0
329.0
240.0
194.0
317.0
432.0
431.0
288.0
260.0
264.0
244.0
306.0
197.0
275.0
392.0
206.0
290.0
317.0
212.0
361.0
265.0
211.0
311.0
343.0
202.0
284.0
175.0
248.0
242.0
293.0
219.0
239.0
188.0
280.0
368.0
186.0
192.0
254.0
278.0
235.0
261.0
251.0
247.0
246.0
291.0
201.0
399.0
412.0
240.0
400.0
207.0
186.0
165.0
264.0
288.0
196.0
251.0
206.0
297.0
285.0
199.0
272.0
260.0
183.0
255.0
189.0
178.0
231.0
271.0
258.0
331.0
266.0
276.0
271.0
322.0
264.0
211.0
229.0
215.0
265.0
297.0
202.0
230.0
275.0
271.0
258.0
206.0
190.0
350.0
249.0
229.0
263.0
147.0
362.0
343.0
374.0
302.0
255.0
137.0
286.0
265.0
271.0
235.0
286.0
245.0
272.0
270.0
179.0
263.0
221.0
394.0
355.0
170.0
212.0
203.0
274.0
318.0
246.0
382.0
159.0
314.0
326.0
254.0
225.0
186.0
294.0
242.0
225.0
262.0
185.0
320.0
217.0
246.0
318.0
202.0
267.0
276.0
260.0
192.0
221.0
315.0
180.0
273.0
329.0
241.0
265.0
254.0
197.0
181.0
247.0
324.0
255.0
222.0
314.0
247.0
286.0
214.0
260.0
221.0
330.0
295.0
181.0
309.0
244.0
315.0
186.0
217.0
247.0
236.0
138.0
200.0
344.0
260.0
259.0
251.0
227.0
253.0
301.0
408.0
257.0
199.0
288.0
289.0
243.0
226.0
333.0
392.0
434.0
177.0
227.0
223.0
167.0
362.0
407.0
204.0
196.0
171.0
385.0
341.0
193.0
248.0
178.0
326.0
298.0
245.0
258.0
271.0
319.0
236.0
319.0
336.0
335.0
398.0
208.0
245.0
241.0
183.0
190.0
296.0
209.0
269.0
191.0
241.0
306.0
246.0
338.0
294.0
309.0
279.0
237.0
320.0
241.0
223.0
308.0
252.0
270.0
344.0
277.0
169.0
274.0
190.0
307.0
248.0
233.0
239.0
223.0
237.0
275.0
230.0
269.0
361.0
310.0
284.0
241.0
245.0
258.0
329.0
328.0
163.0
204.0
332.0
205.0
270.0
253.0
209.0
258.0
215.0
314.0
258.0
173.0
229.0
245.0
282.0
357.0
179.0
291.0
310.0
317.0
231.0
336.0
227.0
272.0
250.0
261.0
163.0
238.0
322.0
280.0
651.0
268.0
219.0
276.0
293.0
404.0
206.0
210.0
257.0
235.0
209.0
267.0
408.0
283.0
142.0
320.0
314.0
198.0
252.0
303.0
207.0
267.0
182.0
211.0
221.0
236.0
298.0
254.0
311.0
218.0
205.0
290.0
267.0
313.0
271.0
209.0
218.0
165.0
222.0
323.0
265.0
212.0
373.0
409.0
370.0
224.0
220.0
200.0
337.0
257.0
189.0
284.0
175.0
150.0
161.0
240.0
229.0
222.0
212.0
179.0
260.0
338.0
266.0
304.0
227.0
333.0
247.0
255.0
178.0
321.0
438.0
228.0
196.0
213.0
252.0
303.0
226.0
293.0
445.0
468.0
277.0
258.0
259.0
275.0
341.0
276.0
182.0
273.0
184.0
215.0
306.0
195.0
181.0
401.0
377.0
237.0
241.0
210.0
231.0
233.0
241.0
252.0
208.0
244.0
461.0
279.0
158.0
222.0
348.0
145.0
228.0
204.0
184.0
270.0
242.0
360.0
307.0
140.0
203.0
253.0
178.0
305.0
383.0
247.0
290.0
229.0
266.0
251.0
370.0
292.0
264.0
138.0
234.0
218.0
185.0
150.0
269.0
343.0
161.0
245.0
287.0
157.0
187.0
332.0
265.0
253.0
225.0
262.0
184.0
303.0
194.0
326.0
187.0
173.0
265.0
290.0
229.0
230.0
246.0
330.0
303.0
334.0
307.0
289.0
412.0
321.0
313.0
437.0
307.0
383.0
315.0
265.0
193.0
217.0
262.0
268.0
162.0
347.0
301.0
188.0
286.0
346.0
200.0
264.0
282.0
277.0
238.0
220.0
186.0
176.0
182.0
298.0
227.0
288.0
293.0
264.0
209.0
178.0
317.0
202.0
131.0
281.0
214.0
297.0
234.0
306.0
283.0
237.0
148.0
345.0
420.0
255.0
162.0
318.0
179.0
276.0
344.0
244.0
367.0
246.0
361.0
256.0
257.0
216.0
311.0
281.0
168.0
240.0
225.0
357.0
182.0
282.0
188.0
188.0
212.0
333.0
237.0
176.0
206.0
220.0
290.0
245.0
184.0
234.0
269.0
319.0
222.0
264.0
695.0
288.0
175.0
215.0
274.0
197.0
141.0
281.0
363.0
317.0
357.0
190.0
354.0
303.0
251.0
376.0
212.0
344.0
190.0
138.0
218.0
254.0
398.0
220.0
309.0
210.0
203.0
165.0
391.0
425.0
203.0
194.0
217.0
245.0
288.0
417.0
244.0
273.0
320.0
144.0
142.0
316.0
251.0
319.0
353.0
414.0
253.0
215.0
192.0
142.0
287.0
160.0
219.0
198.0
268.0
322.0
284.0
266.0
302.0
221.0
153.0
404.0
224.0
351.0
165.0
309.0
347.0
240.0
272.0
339.0
269.0
236.0
265.0
292.0
263.0
248.0
310.0
228.0
209.0
196.0
224.0
279.0
319.0
217.0
181.0
375.0
239.0
236.0
317.0
195.0
210.0
426.0
270.0
240.0
223.0
223.0
320.0
205.0
253.0
319.0
345.0
194.0
206.0
215.0
214.0
250.0
297.0
317.0
176.0
209.0
284.0
250.0
328.0
270.0
165.0
366.0
223.0
175.0
203.0
234.0
275.0
257.0
248.0
342.0
244.0
379.0
259.0
348.0
176.0
309.0
243.0
172.0
338.0
349.0
380.0
204.0
231.0
205.0
219.0
270.0
255.0
180.0
243.0
145.0
170.0
162.0
230.0
454.0
413.0
234.0
244.0
207.0
181.0
286.0
215.0
238.0
284.0
344.0
257.0
366.0
237.0
227.0
267.0
220.0
283.0
464.0
262.0
277.0
237.0
280.0
521.0
312.0
261.0
198.0
218.0
286.0
174.0
252.0
289.0
308.0
239.0
253.0
263.0
246.0
291.0
282.0
246.0
174.0
260.0
152.0
248.0
188.0
257.0
221.0
393.0
250.0
230.0
209.0
278.0
199.0
244.0
250.0
287.0
280.0
167.0
351.0
266.0
206.0
274.0
313.0
289.0
200.0
237.0
179.0
249.0
157.0
252.0
277.0
213.0
246.0
265.0
218.0
149.0
265.0
295.0
209.0
304.0
219.0
249.0
328.0
319.0
293.0
205.0
284.0
290.0
255.0
240.0
284.0
181.0
188.0
189.0
210.0
224.0
301.0
178.0
347.0
206.0
194.0
225.0
293.0
228.0
232.0
233.0
308.0
319.0
268.0
276.0
293.0
215.0
222.0
290.0
175.0
236.0
224.0
219.0
345.0
216.0
175.0
269.0
346.0
258.0
262.0
215.0
248.0
182.0
197.0
170.0
322.0
340.0
186.0
334.0
224.0
413.0
182.0
238.0
301.0
261.0
241.0
216.0
290.0
226.0
144.0
273.0
253.0
381.0
294.0
183.0
212.0
216.0
254.0
269.0
318.0
213.0
234.0
286.0
213.0
222.0
328.0
205.0
249.0
244.0
366.0
267.0
164.0
212.0
206.0
258.0
232.0
248.0
346.0
220.0
480.0
202.0
316.0
241.0
229.0
274.0
230.0
287.0
311.0
360.0
211.0
229.0
311.0
288.0
319.0
213.0
244.0
403.0
301.0
273.0
247.0
207.0
263.0
299.0
226.0
225.0
248.0
271.0
236.0
155.0
211.0
245.0
194.0
251.0
195.0
263.0
240.0
256.0
254.0
372.0
229.0
428.0
213.0
217.0
212.0
181.0
269.0
224.0
289.0
218.0
180.0
288.0
313.0
264.0
210.0
257.0
285.0
188.0
265.0
393.0
195.0
359.0
331.0
242.0
324.0
342.0
291.0
249.0
137.0
247.0
229.0
292.0
232.0
219.0
174.0
379.0
345.0
226.0
309.0
236.0
346.0
280.0
330.0
248.0
187.0
249.0
272.0
272.0
199.0
322.0
460.0
146.0
318.0
193.0
323.0
177.0
443.0
197.0
296.0
152.0
269.0
223.0
304.0
368.0
390.0
420.0
308.0
629.0
362.0
193.0
221.0
190.0
226.0
227.0
341.0
210.0
249.0
257.0
271.0
249.0
284.0
213.0
156.0
211.0
280.0
176.0
283.0
170.0
157.0
238.0
289.0
233.0
319.0
276.0
200.0
273.0
209.0
341.0
193.0
275.0
358.0
212.0
344.0
292.0
208.0
288.0
286.0
257.0
135.0
530.0
172.0
181.0
277.0
265.0
402.0
217.0
217.0
219.0
457.0
287.0
258.0
251.0
224.0
356.0
224.0
311.0
263.0
277.0
253.0
350.0
203.0
304.0
200.0
150.0
332.0
232.0
351.0
139.0
229.0
263.0
295.0
255.0
210.0
234.0
326.0
219.0
217.0
208.0
231.0
328.0
197.0
193.0
150.0
225.0
219.0
303.0
183.0
151.0
352.0
229.0
245.0
412.0
208.0
319.0
226.0
224.0
260.0
330.0
364.0
293.0
191.0
471.0
380.0
244.0
292.0
209.0
214.0
230.0
157.0
244.0
243.0
223.0
220.0
317.0
255.0
235.0
281.0
259.0
291.0
224.0
246.0
273.0
269.0
242.0
210.0
209.0
282.0
216.0
253.0
1149.0
360.0
264.0
249.0
402.0
406.0
256.0
237.0
228.0
207.0
132.0
365.0
219.0
231.0
274.0
197.0
198.0
219.0
240.0
230.0
250.0
334.0
241.0
221.0
234.0
222.0
294.0
419.0
363.0
272.0
310.0
211.0
271.0
249.0
209.0
222.0
222.0
379.0
262.0
181.0
268.0
298.0
258.0
143.0
214.0
193.0
266.0
234.0
184.0
279.0
309.0
268.0
491.0
302.0
239.0
420.0
270.0
147.0
241.0
200.0
184.0
266.0
328.0
254.0
220.0
270.0
259.0
200.0
204.0
210.0
272.0
240.0
235.0
256.0
451.0
261.0
233.0
366.0
162.0
195.0
222.0
311.0
249.0
224.0
364.0
255.0
255.0
299.0
346.0
234.0
311.0
320.0
204.0
263.0
193.0
179.0
281.0
432.0
376.0
215.0
245.0
222.0
262.0
222.0
170.0
500.0
1391.0
183.0
342.0
419.0
267.0
252.0
206.0
307.0
275.0
256.0
196.0
278.0
183.0
150.0
177.0
288.0
339.0
226.0
244.0
241.0
339.0
195.0
241.0
356.0
216.0
313.0
249.0
172.0
172.0
270.0
300.0
260.0
206.0
259.0
265.0
360.0
269.0
192.0
224.0
189.0
241.0
239.0
332.0
148.0
182.0
222.0
294.0
208.0
303.0
253.0
132.0
247.0
353.0
437.0
260.0
209.0
253.0
205.0
264.0
261.0
461.0
230.0
342.0
275.0
240.0
317.0
241.0
218.0
295.0
180.0
289.0
367.0
168.0
306.0
254.0
259.0
222.0
314.0
138.0
254.0
268.0
326.0
330.0
253.0
223.0
266.0
277.0
184.0
297.0
240.0
440.0
386.0
184.0
183.0
178.0
193.0
449.0
216.0
174.0
243.0
246.0
174.0
354.0
512.0
439.0
193.0
238.0
341.0
283.0
224.0
398.0
270.0
204.0
405.0
292.0
105.0
228.0
213.0
233.0
244.0
176.0
239.0
231.0
304.0
230.0
480.0
130.0
256.0
270.0
243.0
155.0
369.0
374.0
318.0
271.0
271.0
429.0
249.0
241.0
265.0
250.0
223.0
216.0
380.0
402.0
271.0
236.0
128.0
303.0
203.0
236.0
147.0
287.0
300.0
213.0
186.0
540.0
253.0
261.0
224.0
258.0
437.0
249.0
246.0
292.0
269.0
199.0
172.0
228.0
181.0
256.0
373.0
324.0
210.0
274.0
186.0
351.0
231.0
202.0
380.0
339.0
187.0
198.0
329.0
459.0
386.0
246.0
284.0
181.0
214.0
260.0
178.0
225.0
206.0
237.0
285.0
313.0
203.0
214.0
237.0
342.0
172.0
317.0
242.0
187.0
256.0
222.0
265.0
417.0
205.0
254.0
214.0
261.0
310.0
402.0
261.0
326.0
247.0
239.0
272.0
182.0
228.0
277.0
170.0
282.0
242.0
268.0
353.0
260.0
278.0
327.0
279.0
173.0
310.0
214.0
498.0
256.0
194.0
270.0
306.0
395.0
329.0
241.0
233.0
346.0
235.0
311.0
372.0
207.0
229.0
280.0
230.0
254.0
241.0
264.0
225.0
198.0
209.0
300.0
386.0
277.0
199.0
225.0
220.0
308.0
238.0
235.0
383.0
222.0
291.0
187.0
279.0
296.0
272.0
179.0
241.0
399.0
213.0
221.0
156.0
272.0
145.0
328.0
234.0
283.0
196.0
325.0
279.0
265.0
295.0
294.0
187.0
196.0
315.0
305.0
220.0
294.0
298.0
153.0
204.0
184.0
279.0
272.0
367.0
195.0
179.0
209.0
293.0
263.0
181.0
344.0
274.0
391.0
273.0
335.0
324.0
269.0
247.0
297.0
144.0
185.0
322.0
219.0
211.0
225.0
178.0
335.0
160.0
268.0
448.0
288.0
173.0
305.0
186.0
298.0
327.0
276.0
184.0
403.0
439.0
217.0
283.0
245.0
198.0
287.0
173.0
179.0
272.0
261.0
229.0
325.0
239.0
202.0
331.0
179.0
226.0
267.0
335.0
211.0
151.0
230.0
327.0
217.0
183.0
375.0
182.0
340.0
362.0
238.0
381.0
312.0
185.0
288.0
249.0
236.0
187.0
171.0
382.0
296.0
289.0
293.0
168.0
193.0
217.0
173.0
346.0
313.0
207.0
327.0
237.0
292.0
255.0
364.0
271.0
275.0
276.0
151.0
207.0
236.0
337.0
249.0
137.0
340.0
247.0
197.0
198.0
336.0
219.0
171.0
384.0
248.0
173.0
260.0
237.0
206.0
362.0
255.0
182.0
238.0
369.0
262.0
338.0
179.0
284.0
256.0
220.0
259.0
247.0
243.0
271.0
346.0
217.0
404.0
279.0
301.0
260.0
186.0
282.0
260.0
183.0
317.0
150.0
209.0
249.0
183.0
286.0
199.0
223.0
217.0
273.0
135.0
220.0
179.0
318.0
153.0
410.0
245.0
267.0
221.0
174.0
291.0
370.0
232.0
150.0
220.0
314.0
279.0
252.0
223.0
318.0
241.0
210.0
255.0
306.0
205.0
286.0
145.0
234.0
249.0
254.0
361.0
235.0
300.0
277.0
234.0
283.0
212.0
240.0
207.0
190.0
281.0
189.0
407.0
315.0
212.0
176.0
423.0
220.0
487.0
277.0
314.0
224.0
402.0
180.0
236.0
265.0
161.0
396.0
184.0
210.0
214.0
175.0
221.0
217.0
240.0
210.0
282.0
249.0
262.0
239.0
171.0
233.0
436.0
239.0
159.0
162.0
302.0
249.0
276.0
209.0
377.0
165.0
294.0
258.0
270.0
288.0
303.0
167.0
312.0
209.0
264.0
202.0
268.0
182.0
187.0
225.0
401.0
225.0
241.0
212.0
292.0
189.0
214.0
187.0
216.0
119.0
230.0
251.0
261.0
307.0
410.0
298.0
229.0
184.0
513.0
239.0
217.0
351.0
210.0
218.0
279.0
232.0
210.0
281.0
283.0
293.0
357.0
301.0
266.0
252.0
315.0
200.0
312.0
247.0
239.0
299.0
157.0
223.0
226.0
387.0
194.0
317.0
220.0
229.0
225.0
193.0
195.0
198.0
183.0
238.0
235.0
374.0
326.0
279.0
321.0
247.0
295.0
252.0
142.0
300.0
312.0
200.0
318.0
241.0
206.0
205.0
288.0
402.0
195.0
237.0
180.0
181.0
246.0
197.0
316.0
295.0
246.0
177.0
323.0
202.0
292.0
191.0
223.0
209.0
278.0
367.0
208.0
232.0
258.0
186.0
168.0
208.0
407.0
238.0
220.0
349.0
272.0
227.0
227.0
352.0
421.0
224.0
185.0
231.0
209.0
187.0
305.0
194.0
258.0
250.0
217.0
315.0
388.0
233.0
176.0
360.0
262.0
247.0
265.0
367.0
272.0
315.0
207.0
403.0
207.0
304.0
234.0
175.0
266.0
210.0
383.0
201.0
317.0
212.0
149.0
189.0
401.0
290.0
238.0
294.0
226.0
187.0
254.0
211.0
252.0
211.0
252.0
295.0
266.0
224.0
189.0
221.0
236.0
222.0
178.0
257.0
394.0
208.0
222.0
453.0
174.0
229.0
296.0
261.0
444.0
226.0
297.0
235.0
187.0
188.0
319.0
237.0
206.0
285.0
173.0
308.0
187.0
191.0
310.0
259.0
269.0
103.0
285.0
276.0
207.0
331.0
260.0
166.0
338.0
300.0
200.0
200.0
370.0
261.0
307.0
195.0
210.0
386.0
207.0
323.0
229.0
304.0
233.0
243.0
166.0
224.0
370.0
215.0
352.0
293.0
272.0
238.0
190.0
215.0
265.0
132.0
192.0
316.0
188.0
300.0
131.0
370.0
362.0
205.0
218.0
178.0
254.0
244.0
200.0
257.0
156.0
272.0
324.0
484.0
356.0
242.0
251.0
370.0
224.0
276.0
218.0
218.0
234.0
301.0
207.0
211.0
245.0
352.0
301.0
289.0
247.0
248.0
284.0
174.0
294.0
193.0
236.0
204.0
863.0
366.0
175.0
278.0
228.0
348.0
181.0
248.0
279.0
247.0
334.0
192.0
214.0
274.0
136.0
317.0
139.0
268.0
331.0
298.0
243.0
199.0
164.0
292.0
283.0
316.0
171.0
241.0
183.0
349.0
242.0
317.0
496.0
223.0
224.0
224.0
236.0
267.0
443.0
363.0
305.0
220.0
155.0
212.0
254.0
240.0
251.0
275.0
241.0
286.0
293.0
222.0
369.0
179.0
236.0
241.0
274.0
286.0
325.0
204.0
157.0
192.0
180.0
272.0
388.0
321.0
260.0
322.0
231.0
163.0
222.0
276.0
269.0
301.0
195.0
316.0
222.0
230.0
312.0
323.0
242.0
232.0
233.0
348.0
222.0
269.0
325.0
294.0
185.0
346.0
378.0
166.0
243.0
211.0
172.0
135.0
197.0
351.0
233.0
224.0
189.0
180.0
206.0
293.0
260.0
598.0
208.0
1210.0
219.0
326.0
393.0
261.0
260.0
141.0
304.0
208.0
279.0
275.0
304.0
354.0
754.0
231.0
325.0
247.0
230.0
189.0
273.0
256.0
200.0
166.0
164.0
171.0
287.0
213.0
293.0
309.0
211.0
277.0
432.0
294.0
282.0
232.0
304.0
306.0
290.0
233.0
271.0
312.0
300.0
408.0
262.0
244.0
156.0
174.0
211.0
370.0
168.0
232.0
197.0
336.0
259.0
175.0
439.0
284.0
231.0
305.0
198.0
302.0
160.0
406.0
283.0
369.0
314.0
202.0
234.0
297.0
121.0
284.0
348.0
305.0
384.0
228.0
269.0
337.0
227.0
247.0
360.0
259.0
190.0
362.0
137.0
233.0
289.0
223.0
233.0
290.0
250.0
135.0
361.0
244.0
302.0
254.0
248.0
170.0
214.0
181.0
295.0
409.0
253.0
574.0
417.0
200.0
254.0
247.0
192.0
235.0
243.0
274.0
193.0
275.0
401.0
202.0
367.0
194.0
397.0
242.0
355.0
171.0
323.0
205.0
214.0
189.0
172.0
135.0
240.0
138.0
360.0
217.0
283.0
247.0
194.0
332.0
208.0
276.0
355.0
279.0
245.0
385.0
156.0
232.0
335.0
218.0
249.0
1225.0
187.0
227.0
274.0
406.0
344.0
211.0
248.0
256.0
293.0
323.0
239.0
264.0
315.0
222.0
189.0
311.0
336.0
230.0
293.0
225.0
190.0
217.0
173.0
213.0
207.0
241.0
181.0
263.0
350.0
201.0
172.0
191.0
168.0
218.0
226.0
194.0
221.0
367.0
249.0
226.0
209.0
305.0
264.0
333.0
501.0
249.0
270.0
221.0
234.0
225.0
275.0
306.0
283.0
216.0
369.0
164.0
211.0
296.0
341.0
212.0
238.0
296.0
274.0
363.0
221.0
341.0
273.0
184.0
197.0
199.0
339.0
235.0
185.0
412.0
239.0
304.0
226.0
293.0
335.0
185.0
243.0
242.0
160.0
302.0
262.0
231.0
241.0
239.0
200.0
311.0
255.0
369.0
211.0
294.0
323.0
190.0
249.0
157.0
345.0
324.0
255.0
547.0
211.0
267.0
331.0
257.0
186.0
237.0
192.0
213.0
214.0
284.0
180.0
245.0
115.0
398.0
169.0
232.0
300.0
233.0
298.0
184.0
237.0
232.0
298.0
163.0
295.0
241.0
242.0
281.0
210.0
295.0
321.0
332.0
422.0
359.0
281.0
241.0
280.0
312.0
330.0
222.0
300.0
193.0
216.0
227.0
231.0
381.0
395.0
183.0
350.0
327.0
162.0
353.0
293.0
155.0
334.0
355.0
243.0
284.0
312.0
237.0
267.0
205.0
256.0
145.0
212.0
316.0
254.0
309.0
236.0
151.0
236.0
333.0
267.0
352.0
325.0
193.0
317.0
218.0
201.0
223.0
235.0
235.0
241.0
310.0
317.0
220.0
245.0
243.0
208.0
256.0
229.0
218.0
362.0
179.0
241.0
265.0
342.0
247.0
383.0
184.0
287.0
263.0
196.0
186.0
279.0
293.0
232.0
252.0
222.0
218.0
364.0
254.0
266.0
237.0
188.0
181.0
366.0
431.0
264.0
234.0
223.0
389.0
210.0
238.0
344.0
217.0
269.0
212.0
285.0
309.0
302.0
251.0
298.0
188.0
303.0
202.0
339.0
199.0
304.0
276.0
209.0
303.0
346.0
234.0
190.0
275.0
226.0
209.0
201.0
347.0
214.0
174.0
204.0
352.0
237.0
303.0
270.0
154.0
293.0
405.0
217.0
257.0
185.0
218.0
236.0
292.0
266.0
330.0
276.0
130.0
220.0
226.0
268.0
532.0
146.0
252.0
337.0
289.0
290.0
150.0
287.0
222.0
211.0
243.0
234.0
240.0
288.0
232.0
203.0
253.0
241.0
193.0
176.0
315.0
283.0
256.0
334.0
474.0
204.0
212.0
256.0
242.0
252.0
236.0
242.0
166.0
242.0
332.0
244.0
291.0
311.0
201.0
166.0
263.0
316.0
168.0
275.0
266.0
223.0
285.0
286.0
297.0
272.0
144.0
289.0
178.0
260.0
254.0
332.0
344.0
183.0
217.0
242.0
298.0
309.0
281.0
221.0
520.0
193.0
284.0
346.0
414.0
187.0
197.0
188.0
271.0
272.0
282.0
275.0
394.0
172.0
326.0
189.0
198.0
132.0
248.0
392.0
185.0
341.0
338.0
356.0
263.0
167.0
290.0
276.0
245.0
234.0
219.0
255.0
262.0
229.0
130.0
168.0
175.0
207.0
267.0
240.0
344.0
285.0
240.0
239.0
237.0
304.0
275.0
219.0
206.0
185.0
252.0
277.0
220.0
250.0
322.0
187.0
327.0
339.0
221.0
254.0
298.0
312.0
254.0
260.0
194.0
256.0
274.0
245.0
244.0
243.0
228.0
169.0
272.0
226.0
321.0
191.0
327.0
296.0
234.0
212.0
302.0
325.0
213.0
183.0
172.0
253.0
309.0
265.0
150.0
346.0
225.0
221.0
407.0
209.0
456.0
199.0
366.0
311.0
207.0
165.0
245.0
305.0
168.0
351.0
351.0
186.0
243.0
161.0
270.0
279.0
177.0
213.0
337.0
207.0
238.0
213.0
303.0
332.0
198.0
166.0
326.0
448.0
230.0
244.0
256.0
179.0
206.0
260.0
164.0
232.0
303.0
260.0
251.0
231.0
264.0
171.0
234.0
252.0
195.0
256.0
236.0
275.0
312.0
231.0
366.0
308.0
335.0
230.0
325.0
218.0
284.0
177.0
212.0
247.0
278.0
259.0
331.0
183.0
263.0
253.0
232.0
188.0
219.0
241.0
295.0
242.0
274.0
205.0
394.0
171.0
329.0
338.0
188.0
237.0
140.0
221.0
380.0
211.0
335.0
227.0
201.0
285.0
392.0
259.0
280.0
223.0
262.0
224.0
392.0
155.0
273.0
156.0
238.0
298.0
146.0
254.0
212.0
189.0
134.0
151.0
243.0
310.0
152.0
231.0
212.0
201.0
372.0
329.0
271.0
202.0
204.0
250.0
181.0
323.0
208.0
266.0
262.0
248.0
329.0
206.0
264.0
268.0
494.0
253.0
218.0
345.0
104.0
208.0
274.0
444.0
357.0
209.0
279.0
318.0
252.0
318.0
209.0
326.0
298.0
199.0
282.0
362.0
312.0
214.0
233.0
364.0
220.0
271.0
488.0
269.0
206.0
176.0
294.0
334.0
168.0
171.0
398.0
327.0
392.0
223.0
249.0
216.0
303.0
137.0
204.0
278.0
243.0
244.0
339.0
127.0
490.0
457.0
205.0
369.0
259.0
305.0
209.0
182.0
160.0
260.0
390.0
142.0
279.0
320.0
199.0
332.0
289.0
313.0
270.0
289.0
286.0
343.0
172.0
158.0
327.0
258.0
222.0
228.0
232.0
235.0
151.0
173.0
306.0
253.0
210.0
143.0
239.0
680.0
225.0
156.0
276.0
231.0
181.0
173.0
193.0
204.0
399.0
188.0
300.0
241.0
680.0
244.0
176.0
233.0
210.0
268.0
304.0
265.0
235.0
351.0
248.0
288.0
236.0
228.0
321.0
257.0
240.0
238.0
281.0
297.0
293.0
176.0
455.0
138.0
228.0
240.0
239.0
349.0
249.0
176.0
334.0
193.0
213.0
456.0
208.0
344.0
270.0
183.0
227.0
231.0
219.0
226.0
311.0
228.0
327.0
210.0
293.0
419.0
207.0
192.0
246.0
237.0
181.0
164.0
449.0
221.0
189.0
253.0
256.0
475.0
205.0
752.0
270.0
270.0
268.0
377.0
190.0
224.0
251.0
226.0
300.0
182.0
231.0
312.0
203.0
199.0
370.0
268.0
238.0
330.0
344.0
247.0
232.0
181.0
180.0
154.0
244.0
310.0
267.0
181.0
250.0
330.0
188.0
243.0
288.0
302.0
266.0
150.0
259.0
246.0
210.0
236.0
160.0
306.0
384.0
298.0
508.0
155.0
266.0
317.0
335.0
217.0
193.0
369.0
279.0
222.0
263.0
292.0
282.0
198.0
220.0
216.0
334.0
223.0
217.0
233.0
238.0
166.0
315.0
283.0
208.0
544.0
182.0
181.0
198.0
378.0
291.0
338.0
336.0
258.0
210.0
335.0
226.0
219.0
182.0
272.0
292.0
181.0
262.0
217.0
288.0
191.0
205.0
259.0
237.0
193.0
196.0
278.0
168.0
320.0
338.0
345.0
329.0
242.0
229.0
267.0
188.0
150.0
645.0
325.0
331.0
232.0
276.0
219.0
365.0
220.0
284.0
227.0
291.0
219.0
190.0
313.0
222.0
228.0
281.0
304.0
304.0
344.0
208.0
217.0
349.0
160.0
248.0
225.0
193.0
268.0
311.0
366.0
442.0
249.0
292.0
245.0
376.0
297.0
285.0
179.0
229.0
173.0
216.0
558.0
303.0
192.0
182.0
307.0
148.0
307.0
360.0
235.0
315.0
347.0
197.0
230.0
287.0
221.0
208.0
283.0
344.0
220.0
210.0
344.0
388.0
244.0
219.0
297.0
381.0
256.0
237.0
296.0
242.0
293.0
191.0
274.0
237.0
245.0
285.0
294.0
157.0
449.0
260.0
211.0
203.0
197.0
240.0
151.0
274.0
181.0
171.0
169.0
208.0
236.0
178.0
258.0
260.0
251.0
251.0
158.0
360.0
298.0
277.0
338.0
186.0
275.0
290.0
209.0
171.0
216.0
235.0
172.0
262.0
224.0
238.0
254.0
210.0
274.0
206.0
339.0
273.0
225.0
713.0
318.0
203.0
211.0
258.0
305.0
327.0
334.0
195.0
341.0
226.0
304.0
214.0
206.0
447.0
309.0
280.0
240.0
202.0
182.0
329.0
315.0
261.0
172.0
153.0
250.0
204.0
205.0
224.0
179.0
269.0
192.0
230.0
363.0
191.0
403.0
694.0
194.0
197.0
296.0
345.0
194.0
375.0
212.0
252.0
414.0
354.0
237.0
237.0
310.0
264.0
232.0
341.0
155.0
193.0
256.0
399.0
183.0
288.0
170.0
317.0
189.0
302.0
484.0
354.0
382.0
193.0
287.0
276.0
313.0
200.0
152.0
225.0
264.0
416.0
181.0
227.0
201.0
227.0
334.0
452.0
209.0
178.0
271.0
267.0
213.0
287.0
336.0
187.0
359.0
273.0
350.0
218.0
208.0
288.0
194.0
197.0
372.0
187.0
278.0
369.0
264.0
449.0
284.0
292.0
234.0
239.0
202.0
220.0
219.0
262.0
332.0
312.0
297.0
313.0
358.0
188.0
243.0
212.0
310.0
316.0
249.0
273.0
212.0
286.0
219.0
286.0
219.0
163.0
274.0
233.0
163.0
204.0
293.0
265.0
286.0
203.0
256.0
199.0
264.0
338.0
391.0
257.0
315.0
260.0
182.0
239.0
327.0
201.0
223.0
275.0
380.0
199.0
258.0
330.0
215.0
331.0
309.0
322.0
258.0
283.0
218.0
219.0
210.0
460.0
206.0
269.0
288.0
175.0
184.0
216.0
239.0
179.0
248.0
308.0
199.0
333.0
269.0
192.0
301.0
174.0
208.0
378.0
389.0
247.0
308.0
274.0
419.0
360.0
269.0
391.0
212.0
304.0
215.0
220.0
274.0
227.0
189.0
239.0
268.0
314.0
309.0
212.0
222.0
255.0
252.0
334.0
236.0
342.0
217.0
276.0
226.0
256.0
215.0
204.0
253.0
330.0
173.0
117.0
351.0
226.0
299.0
334.0
263.0
264.0
170.0
308.0
406.0
243.0
268.0
378.0
251.0
206.0
251.0
330.0
328.0
261.0
208.0
277.0
227.0
250.0
236.0
142.0
190.0
323.0
416.0
260.0
194.0
303.0
295.0
298.0
220.0
226.0
264.0
466.0
338.0
255.0
221.0
345.0
199.0
334.0
247.0
154.0
208.0
314.0
298.0
245.0
312.0
478.0
242.0
304.0
230.0
173.0
216.0
336.0
313.0
184.0
223.0
183.0
358.0
323.0
228.0
238.0
224.0
280.0
285.0
431.0
329.0
293.0
318.0
376.0
263.0
153.0
270.0
254.0
284.0
273.0
321.0
194.0
294.0
323.0
266.0
163.0
201.0
163.0
239.0
171.0
254.0
231.0
415.0
375.0
156.0
336.0
270.0
254.0
298.0
245.0
293.0
170.0
244.0
131.0
235.0
273.0
215.0
262.0
193.0
443.0
227.0
205.0
221.0
325.0
238.0
179.0
260.0
214.0
295.0
295.0
241.0
212.0
241.0
247.0
172.0
254.0
266.0
230.0
182.0
337.0
268.0
271.0
283.0
270.0
340.0
138.0
351.0
446.0
132.0
172.0
327.0
308.0
225.0
177.0
221.0
349.0
432.0
398.0
296.0
332.0
143.0
245.0
256.0
282.0
300.0
222.0
175.0
210.0
265.0
703.0
219.0
242.0
333.0
213.0
330.0
224.0
234.0
286.0
228.0
257.0
368.0
272.0
495.0
366.0
232.0
241.0
278.0
218.0
201.0
284.0
209.0
346.0
180.0
210.0
269.0
229.0
156.0
186.0
295.0
505.0
199.0
236.0
212.0
253.0
193.0
239.0
327.0
285.0
237.0
271.0
293.0
169.0
294.0
338.0
262.0
243.0
420.0
175.0
320.0
196.0
275.0
199.0
380.0
195.0
202.0
368.0
259.0
296.0
285.0
121.0
174.0
158.0
225.0
279.0
228.0
158.0
276.0
215.0
271.0
214.0
220.0
301.0
342.0
359.0
350.0
251.0
228.0
291.0
292.0
210.0
332.0
185.0
300.0
229.0
229.0
339.0
304.0
236.0
265.0
204.0
350.0
352.0
279.0
290.0
249.0
231.0
248.0
169.0
216.0
254.0
221.0
231.0
236.0
497.0
233.0
173.0
269.0
207.0
250.0
268.0
310.0
179.0
179.0
349.0
259.0
376.0
187.0
191.0
261.0
261.0
351.0
178.0
198.0
369.0
218.0
248.0
301.0
287.0
219.0
280.0
346.0
336.0
243.0
183.0
267.0
252.0
188.0
316.0
312.0
317.0
482.0
347.0
234.0
270.0
204.0
346.0
244.0
179.0
221.0
320.0
310.0
249.0
199.0
196.0
213.0
324.0
341.0
299.0
306.0
286.0
242.0
332.0
283.0
175.0
195.0
218.0
165.0
224.0
226.0
261.0
224.0
253.0
266.0
173.0
552.0
153.0
190.0
342.0
326.0
183.0
151.0
248.0
282.0
280.0
227.0
197.0
240.0
394.0
329.0
230.0
229.0
273.0
254.0
299.0
173.0
297.0
289.0
241.0
200.0
166.0
321.0
220.0
252.0
232.0
225.0
176.0
198.0
251.0
164.0
213.0
265.0
311.0
127.0
375.0
372.0
185.0
227.0
164.0
380.0
259.0
321.0
346.0
189.0
258.0
363.0
331.0
269.0
150.0
383.0
979.0
239.0
270.0
275.0
169.0
514.0
283.0
172.0
218.0
223.0
332.0
264.0
197.0
247.0
220.0
288.0
239.0
321.0
239.0
301.0
230.0
264.0
253.0
223.0
280.0
204.0
326.0
290.0
177.0
303.0
220.0
198.0
333.0
204.0
267.0
478.0
231.0
206.0
225.0
232.0
339.0
238.0
350.0
213.0
360.0
371.0
234.0
253.0
164.0
341.0
228.0
200.0
243.0
330.0
187.0
360.0
253.0
247.0
437.0
221.0
440.0
204.0
235.0
201.0
220.0
321.0
226.0
199.0
217.0
296.0
232.0
177.0
213.0
220.0
274.0
270.0
264.0
437.0
233.0
231.0
256.0
276.0
222.0
192.0
232.0
436.0
251.0
309.0
156.0
422.0
249.0
186.0
204.0
191.0
245.0
230.0
211.0
189.0
193.0
301.0
236.0
153.0
302.0
244.0
144.0
335.0
228.0
174.0
230.0
180.0
305.0
258.0
303.0
354.0
214.0
162.0
342.0
135.0
220.0
273.0
259.0
226.0
252.0
697.0
203.0
209.0
453.0
212.0
221.0
203.0
213.0
207.0
325.0
276.0
284.0
181.0
292.0
272.0
287.0
319.0
194.0
309.0
194.0
307.0
337.0
224.0
209.0
188.0
243.0
503.0
137.0
276.0
233.0
247.0
176.0
169.0
229.0
310.0
232.0
425.0
329.0
289.0
178.0
255.0
271.0
278.0
157.0
271.0
253.0
271.0
215.0
261.0
413.0
176.0
327.0
232.0
247.0
338.0
308.0
315.0
271.0
188.0
234.0
274.0
186.0
270.0
275.0
236.0
319.0
177.0
180.0
364.0
239.0
355.0
245.0
230.0
303.0
200.0
225.0
303.0
241.0
202.0
310.0
235.0
215.0
281.0
274.0
219.0
382.0
191.0
353.0
154.0
265.0
314.0
237.0
260.0
292.0
229.0
195.0
221.0
287.0
304.0
277.0
297.0
169.0
224.0
307.0
331.0
209.0
250.0
169.0
246.0
234.0
564.0
267.0
233.0
237.0
272.0
286.0
244.0
265.0
219.0
247.0
278.0
214.0
285.0
235.0
185.0
163.0
177.0
355.0
281.0
283.0
274.0
309.0
286.0
252.0
131.0
287.0
186.0
217.0
231.0
215.0
164.0
234.0
405.0
378.0
350.0
305.0
211.0
237.0
275.0
342.0
216.0
204.0
264.0
365.0
282.0
343.0
233.0
286.0
363.0
327.0
377.0
228.0
194.0
312.0
236.0
212.0
329.0
306.0
268.0
307.0
292.0
198.0
328.0
187.0
332.0
265.0
173.0
194.0
337.0
252.0
522.0
208.0
344.0
183.0
324.0
273.0
163.0
223.0
198.0
280.0
209.0
367.0
198.0
263.0
307.0
322.0
150.0
205.0
204.0
194.0
379.0
320.0
311.0
260.0
137.0
285.0
247.0
285.0
281.0
237.0
274.0
218.0
264.0
248.0
331.0
208.0
326.0
332.0
296.0
240.0
278.0
154.0
179.0
275.0
205.0
364.0
352.0
197.0
218.0
630.0
252.0
174.0
240.0
253.0
208.0
261.0
202.0
270.0
223.0
249.0
222.0
208.0
246.0
134.0
367.0
265.0
289.0
227.0
385.0
265.0
267.0
274.0
209.0
187.0
188.0
198.0
208.0
306.0
257.0
185.0
193.0
296.0
331.0
689.0
336.0
284.0
228.0
206.0
310.0
286.0
230.0
256.0
341.0
198.0
290.0
262.0
264.0
276.0
149.0
191.0
217.0
214.0
291.0
453.0
304.0
200.0
221.0
181.0
231.0
190.0
367.0
260.0
342.0
269.0
311.0
249.0
303.0
271.0
450.0
321.0
163.0
472.0
259.0
281.0
223.0
191.0
313.0
337.0
251.0
284.0
245.0
193.0
298.0
256.0
263.0
249.0
313.0
234.0
221.0
268.0
287.0
338.0
239.0
206.0
256.0
285.0
263.0
268.0
291.0
203.0
267.0
268.0
209.0
237.0
288.0
151.0
197.0
208.0
281.0
235.0
211.0
313.0
203.0
300.0
316.0
337.0
248.0
191.0
441.0
256.0
206.0
243.0
241.0
191.0
198.0
331.0
194.0
327.0
265.0
362.0
205.0
283.0
475.0
212.0
328.0
349.0
293.0
190.0
284.0
281.0
177.0
267.0
351.0
418.0
207.0
269.0
336.0
245.0
227.0
267.0
208.0
227.0
242.0
308.0
244.0
217.0
313.0
353.0
221.0
262.0
257.0
342.0
238.0
179.0
214.0
356.0
178.0
264.0
307.0
293.0
310.0
291.0
278.0
308.0
249.0
186.0
204.0
226.0
290.0
206.0
248.0
267.0
190.0
346.0
253.0
160.0
200.0
171.0
201.0
298.0
418.0
285.0
242.0
301.0
346.0
317.0
215.0
160.0
259.0
224.0
336.0
417.0
291.0
282.0
254.0
345.0
277.0
269.0
222.0
266.0
241.0
236.0
144.0
233.0
355.0
270.0
310.0
381.0
259.0
305.0
257.0
367.0
311.0
260.0
305.0
305.0
273.0
193.0
305.0
138.0
295.0
322.0
271.0
339.0
180.0
184.0
361.0
305.0
141.0
194.0
248.0
246.0
196.0
252.0
235.0
281.0
242.0
198.0
185.0
219.0
286.0
371.0
391.0
194.0
180.0
311.0
225.0
273.0
200.0
291.0
223.0
233.0
227.0
320.0
143.0
466.0
313.0
330.0
290.0
262.0
197.0
386.0
239.0
369.0
147.0
224.0
305.0
161.0
258.0
257.0
280.0
201.0
351.0
227.0
230.0
344.0
279.0
238.0
149.0
194.0
255.0
217.0
267.0
263.0
237.0
239.0
131.0
209.0
262.0
261.0
248.0
224.0
262.0
326.0
285.0
231.0
330.0
288.0
179.0
264.0
286.0
247.0
275.0
285.0
456.0
249.0
166.0
235.0
275.0
243.0
304.0
248.0
275.0
338.0
263.0
189.0
170.0
242.0
274.0
277.0
321.0
238.0
167.0
217.0
298.0
443.0
188.0
242.0
233.0
246.0
199.0
225.0
309.0
225.0
223.0
297.0
238.0
219.0
194.0
243.0
372.0
287.0
218.0
189.0
216.0
268.0
291.0
214.0
232.0
166.0
252.0
351.0
378.0
230.0
298.0
226.0
201.0
200.0
220.0
225.0
194.0
324.0
230.0
334.0
324.0
724.0
192.0
377.0
142.0
237.0
198.0
209.0
186.0
382.0
249.0
200.0
600.0
228.0
304.0
219.0
265.0
224.0
241.0
205.0
273.0
157.0
190.0
316.0
222.0
205.0
210.0
297.0
211.0
386.0
166.0
324.0
201.0
237.0
191.0
241.0
206.0
221.0
240.0
314.0
301.0
284.0
172.0
231.0
257.0
233.0
174.0
230.0
260.0
629.0
403.0
461.0
218.0
278.0
187.0
198.0
276.0
290.0
237.0
391.0
228.0
232.0
239.0
250.0
456.0
173.0
194.0
373.0
220.0
388.0
250.0
211.0
252.0
273.0
177.0
196.0
331.0
222.0
303.0
333.0
232.0
101.0
177.0
164.0
229.0
281.0
198.0
206.0
207.0
229.0
226.0
318.0
521.0
191.0
280.0
412.0
264.0
186.0
257.0
251.0
233.0
219.0
174.0
197.0
496.0
403.0
212.0
258.0
128.0
236.0
246.0
280.0
468.0
237.0
138.0
272.0
260.0
263.0
260.0
303.0
268.0
236.0
348.0
275.0
237.0
352.0
260.0
342.0
331.0
199.0
291.0
270.0
233.0
209.0
233.0
319.0
191.0
249.0
230.0
241.0
221.0
202.0
557.0
276.0
342.0
148.0
129.0
159.0
247.0
301.0
183.0
348.0
315.0
195.0
314.0
359.0
303.0
292.0
377.0
255.0
310.0
275.0
298.0
282.0
235.0
264.0
196.0
293.0
207.0
198.0
294.0
156.0
418.0
224.0
283.0
191.0
256.0
257.0
174.0
196.0
305.0
205.0
260.0
218.0
295.0
274.0
251.0
261.0
196.0
283.0
175.0
425.0
259.0
275.0
243.0
293.0
364.0
375.0
215.0
253.0
198.0
254.0
165.0
207.0
243.0
385.0
323.0
185.0
248.0
300.0
260.0
205.0
326.0
352.0
196.0
342.0
351.0
237.0
269.0
198.0
281.0
256.0
290.0
208.0
182.0
225.0
313.0
221.0
394.0
237.0
208.0
1060.0
243.0
221.0
414.0
275.0
161.0
236.0
162.0
206.0
240.0
170.0
163.0
176.0
340.0
303.0
298.0
210.0
254.0
331.0
326.0
324.0
218.0
210.0
188.0
229.0
278.0
297.0
338.0
234.0
172.0
382.0
209.0
213.0
282.0
281.0
182.0
312.0
295.0
303.0
226.0
315.0
382.0
320.0
367.0
349.0
271.0
215.0
405.0
130.0
236.0
326.0
229.0
221.0
207.0
326.0
252.0
246.0
208.0
285.0
391.0
272.0
263.0
256.0
271.0
341.0
153.0
260.0
180.0
271.0
245.0
181.0
455.0
199.0
207.0
265.0
224.0
247.0
241.0
300.0
139.0
269.0
183.0
257.0
190.0
257.0
285.0
259.0
359.0
289.0
274.0
294.0
267.0
231.0
256.0
168.0
461.0
196.0
198.0
187.0
363.0
291.0
271.0
181.0
300.0
296.0
186.0
201.0
350.0
211.0
244.0
190.0
298.0
470.0
187.0
211.0
272.0
227.0
182.0
189.0
205.0
345.0
253.0
226.0
362.0
203.0
151.0
223.0
260.0
199.0
186.0
283.0
293.0
158.0
202.0
269.0
304.0
244.0
233.0
213.0
287.0
391.0
263.0
245.0
395.0
245.0
271.0
273.0
293.0
224.0
152.0
294.0
189.0
552.0
253.0
278.0
246.0
274.0
263.0
490.0
156.0
330.0
275.0
257.0
143.0
208.0
227.0
296.0
235.0
214.0
258.0
350.0
345.0
379.0
186.0
251.0
305.0
251.0
151.0
250.0
351.0
312.0
220.0
359.0
230.0
250.0
272.0
187.0
190.0
197.0
166.0
451.0
170.0
153.0
262.0
200.0
195.0
224.0
291.0
167.0
282.0
236.0
299.0
316.0
203.0
214.0
295.0
402.0
264.0
217.0
230.0
321.0
289.0
403.0
254.0
285.0
228.0
230.0
242.0
225.0
341.0
233.0
245.0
172.0
148.0
330.0
210.0
247.0
218.0
228.0
265.0
224.0
158.0
195.0
178.0
236.0
280.0
323.0
159.0
199.0
474.0
230.0
238.0
379.0
190.0
270.0
324.0
286.0
230.0
270.0
404.0
232.0
375.0
428.0
165.0
180.0
312.0
346.0
373.0
219.0
199.0
252.0
199.0
254.0
254.0
226.0
286.0
203.0
236.0
421.0
335.0
267.0
307.0
239.0
204.0
268.0
308.0
316.0
271.0
246.0
215.0
324.0
153.0
173.0
251.0
267.0
272.0
265.0
231.0
153.0
332.0
325.0
156.0
311.0
262.0
292.0
184.0
391.0
173.0
191.0
374.0
228.0
271.0
251.0
187.0
205.0
256.0
276.0
256.0
279.0
215.0
349.0
228.0
270.0
244.0
284.0
344.0
280.0
207.0
245.0
231.0
247.0
145.0
280.0
300.0
227.0
332.0
174.0
289.0
427.0
296.0
260.0
295.0
179.0
357.0
319.0
201.0
176.0
599.0
281.0
360.0
196.0
247.0
236.0
331.0
360.0
235.0
256.0
330.0
349.0
232.0
243.0
209.0
350.0
226.0
249.0
255.0
197.0
267.0
343.0
321.0
227.0
226.0
315.0
217.0
313.0
335.0
212.0
214.0
236.0
250.0
279.0
302.0
243.0
280.0
220.0
269.0
228.0
274.0
262.0
215.0
303.0
230.0
313.0
282.0
367.0
251.0
520.0
312.0
213.0
229.0
298.0
404.0
183.0
165.0
168.0
148.0
406.0
405.0
229.0
271.0
236.0
212.0
253.0
266.0
288.0
290.0
333.0
254.0
212.0
218.0
323.0
230.0
313.0
211.0
248.0
228.0
241.0
203.0
359.0
286.0
254.0
182.0
276.0
316.0
246.0
302.0
375.0
240.0
269.0
193.0
235.0
445.0
247.0
212.0
206.0
349.0
256.0
325.0
320.0
265.0
220.0
321.0
314.0
251.0
307.0
239.0
212.0
254.0
308.0
194.0
318.0
286.0
204.0
363.0
227.0
305.0
273.0
270.0
309.0
209.0
266.0
271.0
270.0
219.0
230.0
228.0
288.0
274.0
235.0
272.0
286.0
207.0
314.0
442.0
220.0
330.0
242.0
369.0
477.0
271.0
321.0
265.0
206.0
189.0
287.0
231.0
140.0
249.0
225.0
254.0
232.0
193.0
311.0
213.0
247.0
306.0
188.0
312.0
352.0
206.0
240.0
235.0
276.0
216.0
303.0
272.0
193.0
284.0
277.0
302.0
184.0
215.0
279.0
288.0
421.0
162.0
193.0
304.0
346.0
190.0
357.0
238.0
413.0
378.0
160.0
185.0
288.0
242.0
303.0
221.0
416.0
232.0
276.0
203.0
289.0
219.0
160.0
318.0
198.0
251.0
190.0
228.0
256.0
246.0
297.0
358.0
223.0
312.0
369.0
335.0
332.0
247.0
262.0
171.0
309.0
246.0
288.0
265.0
284.0
224.0
302.0
390.0
262.0
251.0
241.0
255.0
217.0
284.0
259.0
306.0
246.0
213.0
197.0
272.0
276.0
216.0
153.0
284.0
324.0
250.0
425.0
278.0
302.0
320.0
221.0
186.0
227.0
175.0
271.0
249.0
168.0
225.0
229.0
234.0
240.0
252.0
407.0
166.0
209.0
227.0
338.0
352.0
208.0
371.0
247.0
226.0
289.0
182.0
263.0
279.0
203.0
231.0
241.0
172.0
216.0
267.0
294.0
262.0
334.0
339.0
211.0
230.0
221.0
277.0
199.0
308.0
288.0
255.0
261.0
277.0
251.0
340.0
174.0
292.0
252.0
279.0
185.0
261.0
255.0
414.0
225.0
226.0
150.0
246.0
259.0
291.0
259.0
308.0
292.0
315.0
382.0
218.0
268.0
254.0
291.0
226.0
252.0
187.0
194.0
401.0
186.0
287.0
315.0
293.0
158.0
325.0
280.0
266.0
266.0
174.0
351.0
316.0
156.0
218.0
173.0
268.0
238.0
194.0
136.0
193.0
273.0
187.0
222.0
246.0
186.0
284.0
354.0
244.0
265.0
262.0
232.0
264.0
303.0
194.0
243.0
241.0
289.0
403.0
291.0
247.0
269.0
244.0
222.0
284.0
342.0
248.0
332.0
268.0
444.0
333.0
313.0
291.0
218.0
326.0
194.0
232.0
272.0
203.0
301.0
261.0
286.0
278.0
310.0
195.0
313.0
214.0
263.0
243.0
355.0
313.0
237.0
186.0
270.0
201.0
240.0
280.0
261.0
142.0
231.0
259.0
298.0
223.0
169.0
160.0
224.0
323.0
251.0
276.0
216.0
286.0
184.0
331.0
224.0
234.0
233.0
341.0
164.0
194.0
178.0
230.0
313.0
357.0
233.0
187.0
230.0
251.0
379.0
184.0
281.0
437.0
390.0
167.0
218.0
264.0
296.0
263.0
314.0
238.0
290.0
197.0
193.0
337.0
166.0
170.0
269.0
255.0
271.0
249.0
375.0
262.0
253.0
209.0
282.0
243.0
241.0
227.0
360.0
353.0
349.0
262.0
282.0
236.0
238.0
325.0
248.0
239.0
235.0
257.0
319.0
255.0
314.0
205.0
307.0
288.0
246.0
367.0
136.0
259.0
332.0
293.0
383.0
187.0
186.0
179.0
276.0
204.0
206.0
231.0
300.0
320.0
210.0
296.0
321.0
288.0
189.0
322.0
198.0
232.0
211.0
205.0
194.0
316.0
297.0
101.0
253.0
396.0
254.0
377.0
414.0
263.0
275.0
211.0
297.0
225.0
415.0
285.0
259.0
187.0
258.0
216.0
336.0
324.0
164.0
442.0
166.0
268.0
338.0
336.0
315.0
258.0
250.0
176.0
430.0
259.0
215.0
238.0
235.0
167.0
266.0
547.0
301.0
334.0
158.0
232.0
224.0
227.0
343.0
264.0
248.0
354.0
266.0
278.0
206.0
375.0
310.0
233.0
234.0
293.0
375.0
176.0
320.0
249.0
209.0
191.0
233.0
173.0
234.0
223.0
270.0
181.0
285.0
292.0
234.0
470.0
232.0
299.0
264.0
330.0
328.0
326.0
268.0
333.0
281.0
279.0
245.0
209.0
257.0
406.0
215.0
344.0
260.0
139.0
234.0
236.0
348.0
316.0
363.0
205.0
186.0
284.0
319.0
180.0
304.0
276.0
246.0
246.0
241.0
200.0
202.0
382.0
254.0
252.0
266.0
206.0
243.0
355.0
179.0
266.0
289.0
236.0
385.0
389.0
200.0
220.0
253.0
232.0
306.0
264.0
251.0
233.0
229.0
304.0
320.0
288.0
277.0
233.0
389.0
276.0
213.0
183.0
288.0
255.0
207.0
388.0
252.0
279.0
232.0
260.0
241.0
264.0
193.0
363.0
231.0
201.0
318.0
324.0
293.0
465.0
358.0
279.0
257.0
300.0
240.0
273.0
173.0
285.0
310.0
327.0
215.0
228.0
235.0
239.0
313.0
290.0
223.0
227.0
333.0
270.0
315.0
201.0
564.0
205.0
270.0
363.0
442.0
195.0
183.0
172.0
223.0
174.0
199.0
184.0
274.0
297.0
343.0
178.0
341.0
246.0
372.0
299.0
373.0
241.0
256.0
326.0
512.0
213.0
211.0
308.0
282.0
277.0
239.0
317.0
185.0
338.0
229.0
174.0
219.0
241.0
337.0
320.0
238.0
319.0
153.0
263.0
243.0
233.0
259.0
226.0
365.0
202.0
255.0
229.0
275.0
316.0
231.0
252.0
214.0
257.0
289.0
164.0
333.0
219.0
178.0
197.0
242.0
199.0
302.0
276.0
334.0
306.0
274.0
318.0
136.0
282.0
179.0
234.0
311.0
227.0
257.0
367.0
237.0
301.0
311.0
456.0
426.0
304.0
261.0
283.0
198.0
210.0
274.0
305.0
243.0
234.0
278.0
204.0
205.0
164.0
222.0
356.0
271.0
221.0
189.0
233.0
234.0
292.0
295.0
198.0
270.0
225.0
354.0
194.0
187.0
270.0
323.0
380.0
217.0
253.0
322.0
223.0
234.0
266.0
288.0
320.0
258.0
282.0
255.0
281.0
194.0
239.0
282.0
148.0
196.0
230.0
207.0
269.0
254.0
360.0
321.0
183.0
183.0
316.0
258.0
332.0
212.0
176.0
264.0
327.0
258.0
285.0
223.0
244.0
238.0
300.0
253.0
367.0
815.0
251.0
229.0
332.0
279.0
293.0
405.0
221.0
296.0
338.0
208.0
210.0
132.0
161.0
271.0
212.0
269.0
320.0
157.0
356.0
317.0
162.0
241.0
254.0
309.0
344.0
150.0
322.0
189.0
317.0
240.0
298.0
366.0
193.0
185.0
214.0
391.0
197.0
215.0
212.0
280.0
304.0
359.0
209.0
251.0
151.0
315.0
356.0
315.0
220.0
240.0
231.0
349.0
261.0
250.0
241.0
332.0
239.0
253.0
310.0
353.0
204.0
302.0
372.0
311.0
427.0
228.0
251.0
211.0
327.0
208.0
226.0
197.0
208.0
280.0
253.0
298.0
240.0
314.0
330.0
259.0
303.0
173.0
249.0
283.0
301.0
288.0
289.0
258.0
209.0
285.0
244.0
263.0
212.0
426.0
212.0
248.0
267.0
244.0
280.0
230.0
433.0
307.0
261.0
323.0
246.0
239.0
281.0
310.0
371.0
201.0
258.0
198.0
251.0
200.0
244.0
294.0
262.0
333.0
318.0
212.0
223.0
212.0
223.0
194.0
239.0
241.0
168.0
248.0
286.0
360.0
203.0
185.0
334.0
259.0
281.0
274.0
221.0
358.0
212.0
351.0
196.0
328.0
252.0
409.0
252.0
226.0
234.0
216.0
347.0
340.0
272.0
258.0
300.0
214.0
387.0
265.0
252.0
237.0
249.0
428.0
356.0
295.0
378.0
264.0
298.0
332.0
191.0
354.0
264.0
237.0
422.0
261.0
281.0
301.0
343.0
320.0
297.0
276.0
253.0
287.0
329.0
491.0
202.0
175.0
292.0
286.0
238.0
287.0
333.0
243.0
197.0
225.0
349.0
198.0
156.0
288.0
149.0
204.0
256.0
227.0
166.0
313.0
238.0
268.0
263.0
330.0
256.0
236.0
225.0
280.0
273.0
308.0
243.0
379.0
181.0
239.0
281.0
195.0
253.0
301.0
261.0
336.0
214.0
209.0
292.0
212.0
298.0
301.0
444.0
286.0
199.0
400.0
242.0
309.0
339.0
228.0
430.0
178.0
185.0
229.0
207.0
332.0
298.0
259.0
207.0
294.0
188.0
294.0
323.0
238.0
337.0
278.0
296.0
314.0
255.0
288.0
253.0
185.0
376.0
272.0
258.0
170.0
185.0
310.0
292.0
331.0
264.0
281.0
204.0
266.0
202.0
310.0
250.0
259.0
197.0
219.0
256.0
254.0
333.0
329.0
262.0
289.0
172.0
220.0
350.0
339.0
184.0
264.0
364.0
301.0
240.0
281.0
238.0
267.0
263.0
214.0
217.0
182.0
395.0
397.0
330.0
261.0
211.0
234.0
210.0
254.0
217.0
226.0
244.0
289.0
375.0
272.0
216.0
184.0
399.0
266.0
255.0
284.0
226.0
192.0
224.0
188.0
239.0
248.0
335.0
210.0
246.0
301.0
156.0
299.0
231.0
187.0
361.0
358.0
210.0
436.0
248.0
392.0
219.0
165.0
214.0
226.0
132.0
274.0
244.0
298.0
211.0
326.0
198.0
335.0
304.0
187.0
220.0
185.0
336.0
268.0
222.0
361.0
272.0
188.0
207.0
450.0
171.0
264.0
238.0
205.0
270.0
259.0
276.0
307.0
238.0
379.0
285.0
262.0
290.0
233.0
313.0
265.0
404.0
293.0
295.0
246.0
342.0
285.0
296.0
179.0
224.0
306.0
209.0
268.0
237.0
189.0
310.0
251.0
317.0
203.0
290.0
339.0
190.0
172.0
276.0
284.0
240.0
389.0
378.0
197.0
189.0
281.0
246.0
288.0
187.0
201.0
279.0
222.0
220.0
165.0
238.0
248.0
208.0
246.0
209.0
265.0
117.0
305.0
182.0
349.0
191.0
275.0
232.0
180.0
232.0
153.0
227.0
230.0
199.0
196.0
376.0
277.0
321.0
226.0
236.0
299.0
293.0
249.0
291.0
278.0
210.0
259.0
245.0
370.0
340.0
261.0
235.0
474.0
405.0
298.0
230.0
302.0
185.0
269.0
388.0
318.0
220.0
339.0
255.0
198.0
205.0
200.0
253.0
352.0
189.0
149.0
268.0
341.0
235.0
257.0
300.0
221.0
211.0
309.0
254.0
258.0
275.0
264.0
313.0
237.0
262.0
219.0
262.0
242.0
190.0
328.0
234.0
246.0
254.0
210.0
309.0
293.0
169.0
262.0
185.0
230.0
246.0
234.0
357.0
181.0
285.0
192.0
353.0
273.0
159.0
289.0
213.0
216.0
226.0
192.0
307.0
265.0
311.0
399.0
217.0
272.0
352.0
263.0
347.0
224.0
195.0
241.0
214.0
286.0
358.0
195.0
305.0
221.0
241.0
327.0
222.0
178.0
232.0
297.0
245.0
238.0
345.0
223.0
313.0
254.0
217.0
431.0
352.0
270.0
241.0
293.0
261.0
152.0
240.0
311.0
296.0
406.0
263.0
176.0
337.0
254.0
138.0
238.0
323.0
172.0
296.0
231.0
217.0
276.0
315.0
251.0
296.0
159.0
172.0
372.0
240.0
288.0
242.0
199.0
178.0
318.0
317.0
359.0
186.0
298.0
323.0
256.0
345.0
214.0
285.0
235.0
234.0
265.0
218.0
269.0
240.0
227.0
202.0
441.0
218.0
194.0
302.0
266.0
265.0
282.0
303.0
179.0
371.0
262.0
260.0
262.0
200.0
196.0
398.0
274.0
306.0
186.0
207.0
167.0
277.0
464.0
263.0
281.0
274.0
287.0
270.0
266.0
292.0
197.0
251.0
346.0
360.0
203.0
318.0
256.0
272.0
289.0
265.0
344.0
190.0
207.0
277.0
233.0
295.0
337.0
150.0
274.0
290.0
198.0
319.0
246.0
285.0
317.0
262.0
273.0
315.0
260.0
198.0
221.0
281.0
265.0
215.0
225.0
237.0
208.0
245.0
211.0
249.0
421.0
211.0
370.0
319.0
243.0
328.0
308.0
299.0
333.0
394.0
373.0
195.0
243.0
232.0
127.0
173.0
231.0
203.0
223.0
321.0
302.0
469.0
285.0
297.0
250.0
264.0
200.0
206.0
227.0
284.0
322.0
195.0
212.0
309.0
196.0
284.0
194.0
254.0
200.0
334.0
182.0
307.0
315.0
285.0
295.0
236.0
228.0
229.0
238.0
140.0
316.0
275.0
305.0
268.0
347.0
234.0
284.0
291.0
218.0
295.0
263.0
266.0
200.0
207.0
265.0
362.0
231.0
213.0
297.0
243.0
230.0
290.0
342.0
319.0
338.0
325.0
199.0
279.0
274.0
144.0
310.0
284.0
298.0
377.0
287.0
201.0
248.0
249.0
342.0
276.0
282.0
271.0
382.0
172.0
270.0
306.0
268.0
238.0
248.0
293.0
278.0
261.0
230.0
358.0
426.0
238.0
265.0
431.0
215.0
287.0
208.0
297.0
281.0
216.0
238.0
236.0
241.0
261.0
224.0
265.0
322.0
185.0
248.0
299.0
349.0
363.0
167.0
351.0
242.0
208.0
235.0
282.0
239.0
222.0
272.0
233.0
362.0
362.0
171.0
265.0
247.0
168.0
275.0
210.0
263.0
341.0
273.0
240.0
292.0
271.0
211.0
213.0
303.0
214.0
178.0
282.0
198.0
156.0
343.0
216.0
307.0
302.0
300.0
243.0
252.0
191.0
261.0
307.0
218.0
249.0
374.0
258.0
493.0
207.0
287.0
178.0
273.0
229.0
267.0
221.0
174.0
217.0
312.0
269.0
394.0
230.0
150.0
524.0
207.0
230.0
314.0
248.0
257.0
185.0
319.0
294.0
283.0
329.0
286.0
255.0
232.0
250.0
332.0
264.0
220.0
241.0
277.0
342.0
356.0
210.0
196.0
258.0
316.0
253.0
263.0
253.0
265.0
209.0
199.0
287.0
219.0
240.0
244.0
227.0
296.0
267.0
306.0
240.0
323.0
236.0
224.0
231.0
315.0
256.0
221.0
193.0
269.0
269.0
204.0
255.0
226.0
382.0
317.0
207.0
351.0
231.0
241.0
166.0
250.0
216.0
298.0
394.0
278.0
267.0
289.0
270.0
295.0
206.0
331.0
314.0
283.0
198.0
315.0
389.0
178.0
252.0
218.0
272.0
190.0
232.0
309.0
294.0
246.0
313.0
323.0
224.0
327.0
288.0
218.0
267.0
207.0
222.0
263.0
289.0
266.0
169.0
218.0
180.0
294.0
228.0
217.0
274.0
318.0
280.0
239.0
219.0
267.0
176.0
316.0
214.0
271.0
215.0
297.0
286.0
259.0
233.0
209.0
269.0
161.0
229.0
205.0
428.0
185.0
196.0
276.0
228.0
370.0
205.0
298.0
205.0
388.0
349.0
359.0
271.0
472.0
356.0
269.0
176.0
294.0
731.0
178.0
289.0
270.0
241.0
355.0
315.0
389.0
240.0
265.0
270.0
265.0
218.0
290.0
261.0
284.0
237.0
251.0
223.0
318.0
301.0
179.0
248.0
266.0
294.0
212.0
311.0
287.0
212.0
221.0
212.0
248.0
224.0
334.0
226.0
296.0
227.0
247.0
298.0
241.0
370.0
354.0
316.0
240.0
222.0
298.0
173.0
346.0
263.0
313.0
243.0
286.0
488.0
244.0
297.0
161.0
224.0
320.0
229.0
186.0
338.0
365.0
284.0
246.0
208.0
380.0
357.0
238.0
398.0
286.0
183.0
173.0
215.0
200.0
408.0
246.0
233.0
349.0
436.0
301.0
307.0
366.0
251.0
382.0
288.0
209.0
250.0
205.0
234.0
319.0
249.0
218.0
231.0
434.0
226.0
421.0
193.0
299.0
263.0
233.0
332.0
297.0
442.0
337.0
256.0
318.0
176.0
241.0
345.0
341.0
276.0
160.0
297.0
212.0
337.0
200.0
260.0
181.0
160.0
250.0
236.0
313.0
233.0
240.0
264.0
253.0
274.0
270.0
256.0
244.0
205.0
251.0
242.0
300.0
360.0
245.0
314.0
362.0
292.0
313.0
290.0
315.0
305.0
313.0
340.0
239.0
399.0
220.0
231.0
499.0
402.0
258.0
218.0
191.0
280.0
244.0
195.0
227.0
211.0
215.0
282.0
228.0
378.0
294.0
307.0
399.0
252.0
303.0
271.0
264.0
285.0
247.0
302.0
236.0
218.0
296.0
267.0
240.0
246.0
177.0
303.0
299.0
294.0
251.0
213.0
333.0
351.0
314.0
272.0
339.0
245.0
229.0
266.0
236.0
334.0
227.0
236.0
276.0
196.0
190.0
243.0
390.0
239.0
292.0
234.0
239.0
408.0
257.0
166.0
266.0
255.0
208.0
211.0
243.0
252.0
279.0
158.0
177.0
426.0
215.0
224.0
297.0
238.0
292.0
260.0
313.0
334.0
236.0
272.0
363.0
271.0
341.0
214.0
374.0
202.0
311.0
229.0
262.0
261.0
301.0
204.0
289.0
182.0
237.0
272.0
192.0
325.0
290.0
270.0
346.0
169.0
231.0
178.0
236.0
360.0
288.0
258.0
250.0
292.0
248.0
212.0
267.0
258.0
305.0
300.0
195.0
308.0
268.0
354.0
300.0
238.0
251.0
276.0
285.0
295.0
270.0
269.0
195.0
231.0
255.0
289.0
251.0
310.0
415.0
320.0
300.0
207.0
217.0
531.0
292.0
285.0
196.0
270.0
211.0
355.0
361.0
203.0
213.0
196.0
228.0
447.0
265.0
213.0
216.0
244.0
233.0
250.0
268.0
197.0
224.0
248.0
334.0
374.0
241.0
237.0
209.0
200.0
333.0
201.0
193.0
197.0
244.0
249.0
364.0
220.0
201.0
263.0
264.0
317.0
345.0
225.0
303.0
331.0
220.0
319.0
219.0
290.0
189.0
213.0
262.0
229.0
231.0
296.0
282.0
260.0
318.0
214.0
375.0
479.0
233.0
197.0
335.0
273.0
198.0
271.0
174.0
277.0
275.0
418.0
240.0
499.0
353.0
175.0
298.0
194.0
221.0
251.0
275.0
454.0
254.0
225.0
165.0
278.0
452.0
285.0
305.0
269.0
232.0
214.0
217.0
264.0
250.0
244.0
292.0
417.0
232.0
279.0
284.0
472.0
360.0
229.0
255.0
257.0
420.0
194.0
231.0
266.0
387.0
234.0
258.0
166.0
301.0
237.0
269.0
266.0
239.0
217.0
241.0
233.0
234.0
291.0
350.0
165.0
254.0
227.0
294.0
240.0
165.0
199.0
188.0
200.0
275.0
251.0
247.0
263.0
260.0
251.0
259.0
181.0
192.0
125.0
315.0
311.0
154.0
241.0
327.0
308.0
259.0
306.0
245.0
467.0
315.0
166.0
290.0
354.0
215.0
258.0
291.0
286.0
250.0
279.0
141.0
262.0
170.0
629.0
259.0
250.0
257.0
245.0
345.0
193.0
286.0
319.0
197.0
150.0
168.0
202.0
163.0
251.0
199.0
219.0
205.0
301.0
204.0
205.0
325.0
323.0
235.0
335.0
305.0
195.0
277.0
290.0
248.0
246.0
268.0
262.0
278.0
278.0
283.0
370.0
169.0
317.0
200.0
226.0
232.0
350.0
299.0
205.0
127.0
300.0
316.0
283.0
190.0
176.0
165.0
241.0
383.0
288.0
286.0
276.0
255.0
337.0
335.0
254.0
334.0
296.0
234.0
224.0
225.0
202.0
226.0
279.0
182.0
202.0
288.0
184.0
252.0
218.0
260.0
346.0
200.0
397.0
270.0
262.0
234.0
250.0
184.0
391.0
213.0
348.0
250.0
442.0
263.0
276.0
238.0
221.0
408.0
362.0
283.0
201.0
299.0
219.0
212.0
283.0
203.0
310.0
260.0
207.0
196.0
212.0
294.0
358.0
269.0
221.0
229.0
185.0
187.0
279.0
283.0
248.0
348.0
240.0
195.0
240.0
216.0
206.0
257.0
315.0
343.0
232.0
289.0
192.0
185.0
297.0
258.0
199.0
288.0
180.0
284.0
217.0
290.0
219.0
265.0
339.0
265.0
233.0
186.0
228.0
307.0
234.0
225.0
275.0
235.0
200.0
284.0
350.0
189.0
229.0
241.0
206.0
283.0
370.0
255.0
279.0
263.0
286.0
324.0
322.0
291.0
365.0
402.0
257.0
398.0
167.0
207.0
340.0
400.0
354.0
173.0
239.0
384.0
354.0
234.0
314.0
230.0
235.0
186.0
246.0
224.0
278.0
239.0
186.0
232.0
303.0
310.0
249.0
292.0
285.0
311.0
255.0
170.0
227.0
228.0
309.0
247.0
338.0
208.0
287.0
250.0
320.0
273.0
233.0
251.0
177.0
270.0
199.0
299.0
332.0
291.0
254.0
205.0
264.0
172.0
421.0
191.0
189.0
282.0
141.0
229.0
217.0
192.0
199.0
238.0
317.0
197.0
280.0
181.0
248.0
192.0
184.0
298.0
320.0
324.0
227.0
213.0
276.0
224.0
267.0
269.0
206.0
244.0
252.0
234.0
463.0
219.0
251.0
262.0
332.0
283.0
288.0
306.0
250.0
346.0
319.0
271.0
290.0
179.0
348.0
301.0
298.0
329.0
268.0
302.0
195.0
364.0
228.0
268.0
198.0
266.0
237.0
270.0
216.0
183.0
251.0
305.0
258.0
221.0
318.0
342.0
235.0
377.0
338.0
296.0
303.0
273.0
288.0
204.0
306.0
300.0
206.0
215.0
303.0
243.0
268.0
330.0
397.0
332.0
193.0
321.0
281.0
343.0
262.0
287.0
205.0
288.0
330.0
258.0
177.0
221.0
252.0
229.0
150.0
401.0
325.0
341.0
192.0
316.0
219.0
268.0
266.0
366.0
260.0
220.0
144.0
233.0
311.0
284.0
286.0
240.0
217.0
237.0
275.0
279.0
321.0
334.0
304.0
239.0
257.0
230.0
306.0
222.0
262.0
218.0
327.0
276.0
163.0
455.0
197.0
253.0
325.0
256.0
312.0
326.0
225.0
320.0
170.0
328.0
236.0
240.0
218.0
350.0
242.0
292.0
263.0
243.0
271.0
284.0
205.0
317.0
177.0
285.0
312.0
181.0
202.0
225.0
217.0
237.0
475.0
289.0
227.0
199.0
232.0
227.0
150.0
317.0
278.0
381.0
328.0
285.0
243.0
174.0
311.0
376.0
173.0
320.0
307.0
243.0
247.0
341.0
302.0
187.0
263.0
267.0
278.0
256.0
189.0
279.0
293.0
233.0
181.0
202.0
231.0
280.0
227.0
179.0
220.0
210.0
382.0
216.0
279.0
341.0
186.0
330.0
280.0
268.0
255.0
183.0
262.0
199.0
302.0
286.0
225.0
186.0
354.0
206.0
347.0
265.0
228.0
292.0
264.0
273.0
224.0
196.0
210.0
346.0
407.0
228.0
184.0
388.0
203.0
424.0
250.0
239.0
282.0
331.0
112.0
308.0
220.0
338.0
225.0
341.0
375.0
183.0
211.0
425.0
259.0
236.0
225.0
289.0
157.0
226.0
316.0
458.0
274.0
255.0
253.0
343.0
261.0
226.0
324.0
269.0
203.0
172.0
180.0
169.0
243.0
345.0
339.0
251.0
386.0
215.0
250.0
250.0
222.0
162.0
309.0
354.0
209.0
227.0
356.0
240.0
163.0
282.0
256.0
272.0
320.0
238.0
320.0
192.0
223.0
434.0
190.0
229.0
245.0
326.0
296.0
231.0
163.0
310.0
250.0
262.0
270.0
201.0
266.0
287.0
233.0
318.0
310.0
308.0
273.0
421.0
356.0
320.0
207.0
177.0
252.0
226.0
421.0
342.0
356.0
207.0
399.0
260.0
172.0
193.0
309.0
309.0
300.0
220.0
251.0
491.0
237.0
157.0
200.0
183.0
183.0
211.0
281.0
333.0
357.0
266.0
243.0
237.0
258.0
258.0
279.0
219.0
688.0
343.0
281.0
266.0
226.0
377.0
289.0
245.0
326.0
323.0
302.0
190.0
290.0
332.0
203.0
289.0
155.0
306.0
263.0
184.0
287.0
254.0
339.0
304.0
240.0
590.0
203.0
318.0
286.0
203.0
259.0
267.0
265.0
164.0
296.0
278.0
275.0
229.0
275.0
296.0
320.0
225.0
328.0
319.0
289.0
342.0
246.0
352.0
349.0
279.0
260.0
261.0
382.0
177.0
335.0
171.0
319.0
429.0
296.0
239.0
170.0
228.0
271.0
298.0
287.0
258.0
196.0
208.0
198.0
258.0
131.0
210.0
332.0
297.0
271.0
252.0
272.0
280.0
321.0
308.0
308.0
195.0
189.0
153.0
152.0
232.0
182.0
350.0
457.0
196.0
320.0
306.0
224.0
289.0
285.0
290.0
430.0
267.0
257.0
238.0
347.0
241.0
482.0
261.0
234.0
246.0
229.0
198.0
420.0
273.0
313.0
216.0
232.0
214.0
253.0
228.0
316.0
282.0
465.0
264.0
248.0
329.0
233.0
217.0
280.0
356.0
235.0
415.0
296.0
226.0
197.0
233.0
260.0
222.0
220.0
297.0
252.0
297.0
192.0
247.0
183.0
295.0
336.0
289.0
271.0
216.0
357.0
334.0
303.0
205.0
251.0
286.0
241.0
171.0
268.0
269.0
291.0
265.0
266.0
237.0
274.0
225.0
167.0
175.0
225.0
281.0
290.0
174.0
275.0
226.0
178.0
307.0
284.0
293.0
250.0
158.0
230.0
359.0
238.0
152.0
315.0
206.0
384.0
367.0
234.0
239.0
254.0
173.0
364.0
235.0
351.0
283.0
337.0
266.0
238.0
268.0
291.0
300.0
185.0
163.0
205.0
259.0
305.0
180.0
341.0
407.0
278.0
248.0
219.0
288.0
284.0
241.0
201.0
262.0
219.0
269.0
145.0
387.0
258.0
358.0
315.0
262.0
219.0
398.0
127.0
397.0
408.0
236.0
279.0
267.0
422.0
232.0
281.0
286.0
356.0
257.0
264.0
222.0
271.0
285.0
196.0
184.0
179.0
243.0
239.0
193.0
249.0
242.0
290.0
328.0
236.0
364.0
251.0
235.0
372.0
330.0
334.0
231.0
395.0
251.0
243.0
328.0
292.0
225.0
308.0
238.0
139.0
439.0
162.0
220.0
212.0
241.0
386.0
341.0
207.0
238.0
300.0
275.0
275.0
355.0
163.0
234.0
227.0
259.0
278.0
231.0
283.0
224.0
186.0
332.0
315.0
181.0
327.0
275.0
224.0
315.0
311.0
160.0
416.0
217.0
229.0
305.0
276.0
139.0
325.0
265.0
308.0
243.0
263.0
315.0
358.0
406.0
243.0
251.0
263.0
140.0
228.0
201.0
225.0
269.0
1595.0
270.0
269.0
183.0
199.0
228.0
304.0
217.0
303.0
191.0
312.0
245.0
310.0
254.0
310.0
251.0
255.0
306.0
321.0
323.0
210.0
209.0
128.0
272.0
228.0
202.0
209.0
484.0
188.0
258.0
201.0
238.0
305.0
235.0
224.0
398.0
267.0
212.0
343.0
239.0
262.0
295.0
374.0
284.0
198.0
157.0
197.0
344.0
137.0
245.0
205.0
340.0
176.0
263.0
253.0
234.0
316.0
503.0
298.0
219.0
337.0
248.0
393.0
230.0
212.0
160.0
293.0
264.0
193.0
270.0
288.0
350.0
298.0
183.0
349.0
162.0
281.0
331.0
147.0
364.0
229.0
379.0
248.0
237.0
192.0
256.0
319.0
282.0
216.0
237.0
317.0
235.0
273.0
282.0
385.0
313.0
187.0
237.0
311.0
182.0
319.0
157.0
198.0
205.0
229.0
189.0
230.0
222.0
262.0
221.0
264.0
222.0
206.0
226.0
241.0
206.0
276.0
292.0
298.0
325.0
306.0
263.0
247.0
229.0
278.0
372.0
227.0
249.0
205.0
312.0
276.0
398.0
265.0
252.0
329.0
167.0
354.0
278.0
199.0
390.0
209.0
374.0
327.0
192.0
252.0
217.0
297.0
364.0
319.0
315.0
175.0
299.0
199.0
223.0
272.0
238.0
325.0
259.0
244.0
362.0
264.0
311.0
329.0
290.0
328.0
198.0
223.0
314.0
232.0
209.0
211.0
233.0
308.0
346.0
181.0
250.0
198.0
233.0
282.0
248.0
242.0
336.0
149.0
162.0
267.0
242.0
212.0
393.0
224.0
192.0
272.0
333.0
321.0
197.0
247.0
370.0
187.0
280.0
212.0
218.0
271.0
188.0
232.0
219.0
327.0
255.0
207.0
251.0
194.0
253.0
261.0
220.0
243.0
285.0
272.0
249.0
235.0
246.0
239.0
199.0
182.0
349.0
289.0
333.0
255.0
263.0
180.0
158.0
266.0
394.0
233.0
227.0
347.0
315.0
238.0
241.0
229.0
339.0
297.0
292.0
187.0
219.0
242.0
327.0
203.0
324.0
298.0
313.0
282.0
162.0
368.0
232.0
329.0
208.0
263.0
175.0
289.0
322.0
324.0
299.0
235.0
311.0
287.0
354.0
234.0
289.0
165.0
288.0
325.0
265.0
261.0
320.0
195.0
243.0
351.0
213.0
488.0
249.0
185.0
329.0
258.0
239.0
197.0
273.0
178.0
314.0
186.0
227.0
313.0
153.0
213.0
242.0
294.0
223.0
278.0
248.0
262.0
267.0
217.0
278.0
284.0
267.0
265.0
300.0
181.0
200.0
141.0
303.0
152.0
340.0
170.0
267.0
245.0
213.0
182.0
223.0
194.0
308.0
272.0
154.0
209.0
236.0
225.0
279.0
207.0
174.0
368.0
174.0
208.0
207.0
400.0
207.0
282.0
234.0
466.0
312.0
189.0
322.0
238.0
263.0
189.0
177.0
374.0
633.0
289.0
146.0
257.0
405.0
241.0
258.0
217.0
214.0
230.0
271.0
295.0
469.0
348.0
336.0
204.0
165.0
199.0
292.0
189.0
513.0
284.0
230.0
279.0
216.0
329.0
245.0
257.0
335.0
196.0
346.0
184.0
254.0
241.0
264.0
289.0
345.0
228.0
288.0
192.0
227.0
200.0
200.0
335.0
329.0
323.0
434.0
402.0
202.0
274.0
178.0
181.0
362.0
182.0
186.0
488.0
290.0
312.0
192.0
277.0
246.0
278.0
174.0
284.0
271.0
209.0
188.0
286.0
244.0
305.0
388.0
228.0
181.0
435.0
170.0
231.0
281.0
203.0
212.0
128.0
342.0
203.0
300.0
332.0
244.0
182.0
329.0
280.0
237.0
241.0
413.0
382.0
231.0
223.0
213.0
220.0
225.0
259.0
207.0
312.0
311.0
267.0
380.0
408.0
319.0
163.0
285.0
226.0
185.0
363.0
194.0
294.0
334.0
419.0
352.0
322.0
209.0
199.0
164.0
337.0
360.0
286.0
249.0
258.0
310.0
187.0
248.0
283.0
241.0
258.0
328.0
243.0
192.0
340.0
221.0
303.0
188.0
284.0
196.0
280.0
291.0
285.0
221.0
147.0
340.0
183.0
265.0
272.0
313.0
249.0
262.0
238.0
278.0
257.0
208.0
265.0
273.0
198.0
360.0
270.0
362.0
163.0
403.0
315.0
182.0
272.0
174.0
339.0
209.0
295.0
222.0
195.0
272.0
183.0
344.0
257.0
252.0
183.0
175.0
212.0
436.0
164.0
353.0
228.0
297.0
210.0
315.0
317.0
207.0
169.0
415.0
213.0
245.0
193.0
271.0
323.0
208.0
293.0
253.0
286.0
253.0
228.0
305.0
314.0
215.0
372.0
235.0
246.0
359.0
269.0
312.0
232.0
345.0
308.0
215.0
233.0
390.0
179.0
193.0
184.0
321.0
168.0
284.0
328.0
452.0
245.0
313.0
183.0
367.0
217.0
234.0
293.0
315.0
248.0
308.0
198.0
354.0
226.0
217.0
272.0
283.0
339.0
264.0
320.0
285.0
166.0
241.0
273.0
271.0
288.0
202.0
249.0
282.0
332.0
255.0
351.0
234.0
286.0
153.0
215.0
289.0
244.0
259.0
219.0
345.0
275.0
278.0
257.0
330.0
263.0
300.0
253.0
262.0
301.0
453.0
182.0
267.0
228.0
158.0
174.0
315.0
139.0
400.0
272.0
174.0
275.0
233.0
255.0
386.0
232.0
181.0
262.0
308.0
220.0
304.0
184.0
254.0
220.0
264.0
285.0
375.0
502.0
348.0
326.0
333.0
389.0
397.0
282.0
425.0
148.0
135.0
275.0
175.0
301.0
269.0
285.0
215.0
673.0
185.0
247.0
277.0
337.0
185.0
164.0
247.0
241.0
191.0
364.0
84.0
313.0
223.0
323.0
242.0
216.0
218.0
204.0
429.0
194.0
240.0
312.0
238.0
357.0
333.0
238.0
355.0
241.0
318.0
348.0
189.0
299.0
186.0
269.0
263.0
291.0
256.0
256.0
253.0
339.0
247.0
255.0
237.0
293.0
199.0
437.0
315.0
183.0
174.0
334.0
243.0
242.0
178.0
276.0
369.0
227.0
194.0
295.0
141.0
310.0
312.0
293.0
318.0
265.0
260.0
271.0
244.0
182.0
289.0
267.0
518.0
388.0
247.0
242.0
318.0
202.0
335.0
282.0
204.0
224.0
262.0
248.0
204.0
216.0
331.0
257.0
318.0
511.0
384.0
266.0
263.0
204.0
302.0
324.0
207.0
307.0
283.0
453.0
223.0
152.0
289.0
308.0
233.0
188.0
112.0
299.0
220.0
421.0
322.0
307.0
305.0
285.0
247.0
271.0
169.0
228.0
284.0
345.0
289.0
165.0
191.0
193.0
238.0
369.0
275.0
415.0
222.0
285.0
201.0
239.0
279.0
358.0
264.0
242.0
223.0
278.0
303.0
345.0
310.0
171.0
365.0
819.0
209.0
234.0
207.0
371.0
199.0
352.0
218.0
232.0
158.0
216.0
232.0
313.0
269.0
241.0
432.0
185.0
203.0
166.0
347.0
265.0
207.0
275.0
290.0
279.0
230.0
356.0
251.0
237.0
194.0
283.0
228.0
196.0
273.0
336.0
207.0
267.0
246.0
236.0
273.0
395.0
274.0
254.0
222.0
338.0
241.0
228.0
193.0
390.0
357.0
350.0
322.0
297.0
351.0
311.0
301.0
290.0
175.0
243.0
178.0
306.0
306.0
246.0
275.0
235.0
212.0
368.0
257.0
269.0
202.0
434.0
177.0
318.0
210.0
134.0
127.0
303.0
133.0
309.0
294.0
339.0
247.0
250.0
365.0
190.0
330.0
281.0
288.0
196.0
206.0
257.0
365.0
238.0
319.0
205.0
284.0
257.0
432.0
189.0
279.0
297.0
460.0
259.0
291.0
216.0
216.0
337.0
228.0
296.0
295.0
224.0
202.0
192.0
170.0
241.0
312.0
242.0
954.0
193.0
192.0
175.0
243.0
298.0
326.0
243.0
234.0
174.0
357.0
270.0
218.0
166.0
461.0
284.0
278.0
311.0
226.0
288.0
420.0
312.0
314.0
214.0
401.0
311.0
152.0
238.0
290.0
276.0
246.0
342.0
236.0
240.0
312.0
243.0
174.0
474.0
245.0
334.0
262.0
317.0
290.0
242.0
297.0
332.0
256.0
135.0
324.0
393.0
225.0
244.0
194.0
295.0
403.0
237.0
215.0
160.0
324.0
183.0
401.0
202.0
483.0
274.0
262.0
287.0
285.0
364.0
327.0
298.0
249.0
303.0
216.0
354.0
272.0
242.0
308.0
373.0
229.0
166.0
341.0
322.0
227.0
202.0
297.0
234.0
327.0
251.0
252.0
277.0
215.0
278.0
259.0
261.0
179.0
178.0
293.0
202.0
382.0
291.0
278.0
116.0
250.0
219.0
232.0
262.0
241.0
222.0
216.0
299.0
327.0
280.0
282.0
351.0
288.0
245.0
191.0
215.0
239.0
125.0
279.0
306.0
207.0
323.0
293.0
313.0
274.0
259.0
400.0
152.0
228.0
284.0
230.0
352.0
273.0
309.0
500.0
254.0
190.0
184.0
343.0
199.0
246.0
223.0
362.0
164.0
335.0
276.0
279.0
256.0
284.0
204.0
174.0
273.0
244.0
237.0
240.0
214.0
249.0
395.0
188.0
327.0
248.0
230.0
416.0
175.0
270.0
229.0
338.0
294.0
211.0
210.0
272.0
317.0
180.0
277.0
235.0
237.0
219.0
292.0
277.0
188.0
202.0
422.0
233.0
230.0
287.0
174.0
227.0
322.0
221.0
365.0
261.0
278.0
194.0
336.0
268.0
198.0
272.0
267.0
384.0
267.0
247.0
248.0
342.0
185.0
272.0
363.0
129.0
227.0
164.0
267.0
247.0
279.0
252.0
265.0
259.0
314.0
195.0
310.0
242.0
268.0
202.0
233.0
231.0
272.0
198.0
343.0
223.0
499.0
154.0
213.0
255.0
259.0
133.0
333.0
380.0
226.0
298.0
341.0
289.0
304.0
213.0
357.0
281.0
231.0
298.0
347.0
272.0
315.0
232.0
338.0
168.0
303.0
228.0
314.0
232.0
247.0
383.0
193.0
176.0
239.0
156.0
245.0
333.0
193.0
432.0
210.0
326.0
191.0
231.0
267.0
279.0
232.0
226.0
265.0
331.0
165.0
187.0
258.0
246.0
285.0
225.0
225.0
185.0
221.0
289.0
275.0
237.0
260.0
212.0
238.0
358.0
301.0
500.0
180.0
277.0
320.0
281.0
214.0
281.0
228.0
173.0
245.0
301.0
255.0
304.0
200.0
307.0
281.0
298.0
170.0
261.0
223.0
287.0
155.0
276.0
308.0
249.0
248.0
351.0
257.0
419.0
277.0
281.0
239.0
258.0
202.0
216.0
262.0
227.0
346.0
304.0
191.0
196.0
309.0
202.0
201.0
286.0
180.0
298.0
329.0
258.0
307.0
331.0
199.0
610.0
244.0
155.0
247.0
274.0
239.0
210.0
298.0
294.0
167.0
176.0
237.0
238.0
202.0
193.0
269.0
162.0
300.0
205.0
185.0
268.0
243.0
269.0
384.0
167.0
251.0
237.0
344.0
307.0
259.0
252.0
290.0
316.0
216.0
148.0
263.0
267.0
276.0
200.0
264.0
240.0
254.0
268.0
289.0
213.0
298.0
210.0
204.0
209.0
265.0
237.0
353.0
239.0
305.0
243.0
329.0
234.0
224.0
193.0
307.0
283.0
275.0
260.0
333.0
247.0
370.0
136.0
285.0
319.0
280.0
260.0
300.0
751.0
291.0
190.0
288.0
262.0
192.0
330.0
218.0
217.0
338.0
130.0
210.0
270.0
294.0
219.0
335.0
249.0
220.0
283.0
186.0
225.0
246.0
240.0
383.0
203.0
198.0
243.0
187.0
236.0
315.0
205.0
239.0
268.0
256.0
186.0
275.0
298.0
258.0
221.0
295.0
257.0
238.0
365.0
227.0
204.0
204.0
224.0
284.0
299.0
215.0
226.0
362.0
359.0
306.0
237.0
284.0
345.0
359.0
328.0
250.0
297.0
247.0
326.0
265.0
546.0
178.0
175.0
250.0
261.0
329.0
159.0
164.0
214.0
245.0
256.0
246.0
273.0
265.0
237.0
311.0
239.0
256.0
256.0
280.0
199.0
292.0
197.0
434.0
356.0
179.0
276.0
227.0
300.0
298.0
252.0
292.0
222.0
222.0
270.0
376.0
224.0
276.0
387.0
480.0
276.0
231.0
239.0
367.0
276.0
288.0
173.0
210.0
163.0
246.0
201.0
253.0
229.0
302.0
284.0
252.0
365.0
319.0
310.0
236.0
292.0
301.0
258.0
358.0
275.0
205.0
225.0
285.0
220.0
252.0
230.0
262.0
251.0
292.0
172.0
178.0
404.0
285.0
199.0
416.0
232.0
213.0
201.0
220.0
348.0
246.0
129.0
365.0
314.0
332.0
243.0
210.0
324.0
294.0
287.0
208.0
208.0
232.0
203.0
247.0
341.0
268.0
370.0
177.0
159.0
300.0
192.0
180.0
158.0
177.0
239.0
327.0
358.0
218.0
226.0
383.0
502.0
521.0
272.0
162.0
178.0
309.0
238.0
298.0
254.0
209.0
431.0
222.0
216.0
221.0
300.0
283.0
335.0
272.0
186.0
271.0
305.0
256.0
293.0
410.0
313.0
202.0
371.0
311.0
252.0
187.0
246.0
242.0
337.0
228.0
161.0
245.0
228.0
202.0
406.0
300.0
394.0
242.0
343.0
189.0
189.0
263.0
188.0
290.0
268.0
363.0
267.0
235.0
138.0
242.0
214.0
294.0
231.0
257.0
265.0
285.0
192.0
405.0
293.0
263.0
367.0
262.0
208.0
259.0
400.0
184.0
300.0
164.0
264.0
163.0
213.0
224.0
250.0
361.0
247.0
242.0
244.0
281.0
581.0
290.0
236.0
203.0
193.0
191.0
358.0
216.0
309.0
174.0
241.0
243.0
326.0
187.0
242.0
253.0
249.0
288.0
283.0
375.0
350.0
266.0
289.0
367.0
288.0
209.0
249.0
270.0
322.0
189.0
186.0
152.0
278.0
221.0
286.0
226.0
261.0
306.0
408.0
267.0
177.0
261.0
218.0
359.0
275.0
382.0
264.0
210.0
173.0
318.0
520.0
371.0
188.0
157.0
170.0
229.0
197.0
306.0
377.0
316.0
222.0
333.0
384.0
149.0
160.0
134.0
170.0
345.0
258.0
229.0
316.0
167.0
628.0
268.0
302.0
247.0
250.0
333.0
196.0
162.0
275.0
304.0
202.0
299.0
230.0
287.0
338.0
242.0
351.0
295.0
262.0
212.0
399.0
194.0
262.0
251.0
244.0
285.0
307.0
206.0
259.0
223.0
342.0
188.0
327.0
255.0
309.0
345.0
201.0
259.0
265.0
376.0
204.0
332.0
273.0
212.0
255.0
189.0
224.0
322.0
216.0
984.0
383.0
403.0
173.0
228.0
225.0
188.0
318.0
331.0
260.0
222.0
322.0
259.0
263.0
311.0
414.0
274.0
370.0
191.0
163.0
331.0
382.0
608.0
232.0
273.0
240.0
306.0
285.0
269.0
281.0
254.0
456.0
210.0
271.0
240.0
265.0
131.0
218.0
298.0
259.0
304.0
284.0
240.0
314.0
251.0
205.0
301.0
268.0
215.0
275.0
413.0
176.0
187.0
237.0
374.0
269.0
318.0
154.0
242.0
207.0
224.0
314.0
323.0
236.0
186.0
332.0
239.0
446.0
333.0
202.0
296.0
308.0
296.0
242.0
145.0
349.0
346.0
247.0
224.0
235.0
351.0
234.0
376.0
284.0
226.0
319.0
247.0
299.0
196.0
216.0
281.0
291.0
345.0
238.0
215.0
220.0
225.0
284.0
168.0
166.0
256.0
158.0
264.0
252.0
289.0
252.0
430.0
353.0
277.0
285.0
206.0
357.0
250.0
227.0
287.0
333.0
372.0
217.0
406.0
238.0
236.0
312.0
305.0
346.0
241.0
265.0
203.0
294.0
269.0
277.0
301.0
277.0
327.0
258.0
351.0
384.0
224.0
154.0
276.0
294.0
271.0
259.0
332.0
400.0
226.0
217.0
324.0
224.0
323.0
359.0
222.0
158.0
282.0
258.0
212.0
390.0
202.0
240.0
260.0
217.0
373.0
344.0
227.0
234.0
216.0
347.0
291.0
224.0
154.0
244.0
296.0
264.0
298.0
232.0
317.0
250.0
193.0
220.0
297.0
325.0
300.0
193.0
332.0
182.0
256.0
329.0
288.0
189.0
219.0
330.0
284.0
240.0
254.0
265.0
314.0
338.0
243.0
233.0
219.0
258.0
190.0
242.0
215.0
325.0
264.0
210.0
224.0
313.0
1125.0
219.0
199.0
351.0
371.0
196.0
201.0
363.0
250.0
314.0
356.0
368.0
213.0
298.0
284.0
385.0
340.0
239.0
315.0
322.0
278.0
286.0
265.0
268.0
354.0
211.0
305.0
289.0
189.0
219.0
294.0
283.0
257.0
349.0
316.0
211.0
405.0
195.0
303.0
299.0
240.0
248.0
192.0
235.0
304.0
226.0
373.0
207.0
367.0
365.0
126.0
463.0
198.0
206.0
238.0
196.0
341.0
278.0
332.0
168.0
274.0
244.0
232.0
240.0
142.0
230.0
298.0
270.0
318.0
180.0
163.0
265.0
311.0
205.0
420.0
235.0
204.0
429.0
216.0
250.0
282.0
318.0
257.0
263.0
196.0
234.0
120.0
221.0
274.0
239.0
186.0
196.0
294.0
292.0
291.0
225.0
266.0
215.0
253.0
266.0
459.0
161.0
243.0
308.0
170.0
299.0
316.0
290.0
350.0
153.0
215.0
335.0
318.0
334.0
255.0
335.0
224.0
207.0
235.0
221.0
334.0
273.0
193.0
162.0
189.0
311.0
264.0
254.0
390.0
425.0
237.0
230.0
208.0
258.0
235.0
342.0
407.0
205.0
371.0
272.0
267.0
208.0
248.0
187.0
359.0
217.0
284.0
199.0
323.0
295.0
190.0
268.0
242.0
226.0
137.0
412.0
303.0
215.0
252.0
204.0
274.0
252.0
208.0
186.0
204.0
292.0
323.0
212.0
274.0
208.0
302.0
448.0
273.0
194.0
372.0
254.0
408.0
508.0
225.0
216.0
196.0
190.0
276.0
224.0
239.0
345.0
253.0
208.0
181.0
272.0
346.0
168.0
217.0
206.0
348.0
213.0
421.0
169.0
182.0
319.0
293.0
246.0
259.0
189.0
225.0
212.0
423.0
183.0
190.0
256.0
169.0
109.0
417.0
198.0
355.0
235.0
276.0
312.0
243.0
145.0
261.0
194.0
221.0
232.0
210.0
311.0
163.0
258.0
248.0
310.0
262.0
313.0
401.0
316.0
248.0
277.0
230.0
304.0
268.0
226.0
279.0
192.0
191.0
242.0
149.0
229.0
287.0
389.0
243.0
313.0
170.0
171.0
276.0
240.0
134.0
284.0
296.0
132.0
253.0
201.0
283.0
456.0
253.0
394.0
291.0
265.0
185.0
297.0
162.0
284.0
207.0
183.0
227.0
221.0
555.0
232.0
327.0
437.0
314.0
280.0
234.0
248.0
364.0
266.0
275.0
186.0
243.0
228.0
248.0
283.0
274.0
237.0
243.0
241.0
266.0
217.0
307.0
228.0
202.0
371.0
669.0
191.0
213.0
399.0
230.0
301.0
188.0
246.0
203.0
367.0
265.0
329.0
262.0
328.0
368.0
247.0
324.0
335.0
170.0
198.0
203.0
210.0
232.0
143.0
357.0
323.0
231.0
277.0
170.0
576.0
208.0
320.0
258.0
259.0
245.0
276.0
371.0
303.0
311.0
219.0
283.0
184.0
213.0
275.0
224.0
254.0
239.0
322.0
266.0
179.0
246.0
240.0
233.0
197.0
224.0
163.0
210.0
403.0
252.0
193.0
245.0
259.0
163.0
287.0
345.0
272.0
262.0
333.0
428.0
262.0
198.0
263.0
422.0
331.0
251.0
240.0
416.0
203.0
188.0
223.0
281.0
232.0
221.0
341.0
333.0
372.0
227.0
273.0
218.0
218.0
231.0
234.0
319.0
213.0
140.0
276.0
193.0
332.0
176.0
269.0
209.0
181.0
329.0
701.0
209.0
323.0
249.0
253.0
329.0
270.0
213.0
218.0
278.0
363.0
229.0
186.0
248.0
276.0
187.0
160.0
333.0
175.0
191.0
200.0
226.0
271.0
214.0
284.0
348.0
324.0
181.0
227.0
283.0
367.0
223.0
215.0
132.0
381.0
173.0
306.0
333.0
335.0
295.0
392.0
230.0
363.0
221.0
211.0
428.0
212.0
285.0
265.0
238.0
620.0
245.0
332.0
187.0
474.0
382.0
250.0
350.0
293.0
214.0
205.0
313.0
277.0
262.0
293.0
258.0
306.0
232.0
282.0
197.0
278.0
159.0
296.0
244.0
312.0
197.0
376.0
228.0
206.0
218.0
191.0
341.0
263.0
367.0
309.0
300.0
269.0
293.0
262.0
256.0
243.0
220.0
240.0
229.0
234.0
295.0
290.0
224.0
202.0
201.0
273.0
305.0
198.0
438.0
274.0
188.0
206.0
431.0
258.0
371.0
288.0
252.0
229.0
319.0
227.0
386.0
197.0
364.0
244.0
154.0
159.0
315.0
222.0
295.0
279.0
272.0
236.0
248.0
252.0
320.0
141.0
169.0
182.0
184.0
264.0
310.0
180.0
410.0
196.0
265.0
320.0
259.0
195.0
255.0
187.0
333.0
134.0
273.0
256.0
291.0
284.0
227.0
338.0
280.0
279.0
231.0
244.0
182.0
222.0
241.0
318.0
198.0
289.0
305.0
248.0
256.0
186.0
289.0
225.0
248.0
190.0
431.0
311.0
168.0
238.0
285.0
139.0
232.0
326.0
236.0
328.0
520.0
254.0
320.0
175.0
261.0
420.0
291.0
277.0
286.0
276.0
159.0
248.0
296.0
144.0
129.0
325.0
347.0
227.0
316.0
196.0
206.0
185.0
240.0
224.0
272.0
366.0
245.0
245.0
247.0
172.0
342.0
261.0
227.0
204.0
169.0
348.0
340.0
326.0
338.0
274.0
212.0
223.0
222.0
302.0
214.0
180.0
240.0
319.0
300.0
309.0
279.0
256.0
165.0
202.0
191.0
242.0
200.0
1219.0
249.0
281.0
264.0
249.0
268.0
236.0
251.0
220.0
183.0
296.0
368.0
235.0
300.0
204.0
391.0
194.0
188.0
260.0
267.0
255.0
272.0
285.0
324.0
214.0
282.0
163.0
309.0
207.0
170.0
322.0
163.0
370.0
196.0
273.0
308.0
253.0
307.0
427.0
308.0
563.0
226.0
214.0
229.0
340.0
256.0
268.0
219.0
227.0
386.0
242.0
385.0
279.0
160.0
252.0
181.0
178.0
250.0
147.0
172.0
401.0
169.0
224.0
205.0
331.0
227.0
202.0
197.0
280.0
339.0
292.0
336.0
271.0
408.0
251.0
237.0
167.0
244.0
277.0
286.0
313.0
395.0
253.0
262.0
282.0
285.0
170.0
360.0
298.0
226.0
268.0
418.0
373.0
196.0
305.0
273.0
223.0
331.0
199.0
335.0
179.0
244.0
243.0
149.0
311.0
391.0
274.0
240.0
210.0
310.0
289.0
239.0
339.0
283.0
201.0
356.0
393.0
300.0
210.0
227.0
140.0
159.0
287.0
307.0
243.0
316.0
222.0
284.0
283.0
309.0
142.0
472.0
732.0
236.0
191.0
235.0
309.0
326.0
250.0
230.0
241.0
321.0
375.0
414.0
520.0
267.0
418.0
235.0
398.0
180.0
270.0
185.0
246.0
200.0
260.0
252.0
537.0
238.0
158.0
166.0
229.0
388.0
268.0
189.0
263.0
198.0
376.0
310.0
299.0
233.0
368.0
246.0
317.0
360.0
368.0
246.0
366.0
310.0
184.0
184.0
212.0
221.0
235.0
279.0
344.0
345.0
205.0
268.0
307.0
380.0
199.0
258.0
193.0
383.0
268.0
268.0
172.0
208.0
351.0
231.0
233.0
244.0
353.0
310.0
331.0
249.0
264.0
231.0
266.0
291.0
269.0
350.0
209.0
183.0
278.0
251.0
175.0
326.0
340.0
288.0
127.0
543.0
288.0
427.0
335.0
232.0
266.0
278.0
394.0
351.0
202.0
413.0
199.0
410.0
382.0
307.0
388.0
295.0
266.0
278.0
202.0
183.0
227.0
265.0
244.0
240.0
243.0
196.0
272.0
187.0
309.0
341.0
533.0
277.0
242.0
189.0
316.0
217.0
382.0
262.0
253.0
151.0
475.0
385.0
243.0
278.0
229.0
178.0
169.0
268.0
280.0
273.0
353.0
229.0
236.0
282.0
283.0
312.0
266.0
187.0
192.0
270.0
234.0
242.0
310.0
155.0
766.0
259.0
347.0
419.0
295.0
250.0
190.0
290.0
215.0
190.0
290.0
147.0
259.0
306.0
352.0
193.0
363.0
230.0
186.0
367.0
242.0
290.0
313.0
237.0
301.0
308.0
357.0
264.0
204.0
250.0
262.0
233.0
200.0
218.0
226.0
290.0
204.0
291.0
273.0
285.0
190.0
301.0
286.0
242.0
262.0
370.0
222.0
232.0
347.0
287.0
387.0
210.0
228.0
275.0
399.0
345.0
155.0
385.0
705.0
167.0
247.0
222.0
196.0
388.0
262.0
468.0
267.0
312.0
259.0
237.0
323.0
424.0
278.0
280.0
232.0
218.0
231.0
229.0
295.0
227.0
368.0
331.0
258.0
140.0
233.0
241.0
401.0
313.0
371.0
300.0
299.0
199.0
283.0
232.0
155.0
237.0
252.0
250.0
519.0
392.0
153.0
212.0
247.0
193.0
317.0
326.0
197.0
223.0
166.0
341.0
192.0
202.0
223.0
245.0
272.0
316.0
304.0
197.0
238.0
276.0
277.0
327.0
239.0
200.0
235.0
197.0
305.0
272.0
358.0
351.0
238.0
179.0
315.0
224.0
256.0
234.0
167.0
282.0
239.0
226.0
237.0
285.0
203.0
175.0
143.0
334.0
406.0
331.0
215.0
216.0
202.0
138.0
206.0
242.0
262.0
275.0
263.0
233.0
337.0
239.0
267.0
298.0
260.0
247.0
182.0
330.0
382.0
290.0
335.0
249.0
370.0
251.0
134.0
237.0
206.0
234.0
281.0
339.0
261.0
349.0
245.0
244.0
295.0
265.0
235.0
402.0
273.0
248.0
208.0
272.0
293.0
347.0
284.0
366.0
193.0
286.0
219.0
198.0
204.0
237.0
266.0
490.0
219.0
340.0
269.0
261.0
215.0
245.0
347.0
206.0
226.0
235.0
160.0
170.0
333.0
275.0
197.0
370.0
216.0
228.0
340.0
226.0
310.0
257.0
181.0
224.0
221.0
248.0
303.0
189.0
404.0
219.0
211.0
248.0
294.0
189.0
128.0
208.0
262.0
151.0
219.0
271.0
300.0
243.0
307.0
227.0
307.0
251.0
243.0
281.0
410.0
248.0
293.0
184.0
236.0
228.0
209.0
367.0
386.0
241.0
416.0
275.0
303.0
216.0
426.0
231.0
288.0
222.0
257.0
180.0
230.0
303.0
313.0
258.0
348.0
274.0
144.0
206.0
211.0
258.0
282.0
213.0
233.0
231.0
314.0
272.0
149.0
311.0
227.0
235.0
342.0
236.0
297.0
235.0
244.0
320.0
172.0
286.0
352.0
293.0
269.0
332.0
263.0
168.0
185.0
192.0
255.0
272.0
236.0
209.0
289.0
250.0
217.0
372.0
177.0
271.0
187.0
287.0
256.0
148.0
251.0
260.0
170.0
218.0
218.0
203.0
318.0
309.0
265.0
332.0
259.0
304.0
191.0
237.0
268.0
215.0
262.0
238.0
189.0
215.0
319.0
648.0
198.0
272.0
359.0
286.0
243.0
307.0
174.0
213.0
372.0
278.0
235.0
223.0
337.0
267.0
352.0
199.0
610.0
170.0
217.0
302.0
420.0
317.0
180.0
341.0
301.0
231.0
141.0
173.0
334.0
345.0
332.0
392.0
267.0
193.0
171.0
192.0
184.0
355.0
269.0
293.0
142.0
311.0
275.0
254.0
379.0
192.0
274.0
269.0
371.0
296.0
221.0
249.0
314.0
355.0
283.0
323.0
311.0
261.0
302.0
185.0
195.0
259.0
302.0
269.0
194.0
242.0
323.0
325.0
294.0
331.0
183.0
197.0
316.0
121.0
295.0
173.0
228.0
175.0
329.0
282.0
210.0
272.0
299.0
205.0
661.0
270.0
343.0
317.0
198.0
156.0
334.0
273.0
217.0
260.0
463.0
324.0
230.0
419.0
240.0
203.0
230.0
233.0
186.0
285.0
235.0
268.0
252.0
214.0
296.0
194.0
352.0
305.0
276.0
210.0
215.0
193.0
338.0
217.0
273.0
335.0
285.0
250.0
152.0
230.0
189.0
455.0
276.0
191.0
184.0
279.0
191.0
244.0
287.0
250.0
233.0
275.0
279.0
270.0
227.0
164.0
233.0
216.0
247.0
163.0
224.0
211.0
373.0
253.0
202.0
219.0
309.0
379.0
250.0
278.0
273.0
262.0
243.0
266.0
267.0
232.0
279.0
256.0
282.0
267.0
646.0
182.0
339.0
257.0
384.0
144.0
240.0
260.0
321.0
291.0
349.0
297.0
155.0
142.0
263.0
237.0
281.0
227.0
232.0
363.0
318.0
291.0
260.0
195.0
301.0
252.0
210.0
289.0
354.0
212.0
406.0
199.0
238.0
220.0
222.0
282.0
233.0
278.0
255.0
386.0
344.0
226.0
284.0
325.0
268.0
268.0
278.0
209.0
258.0
304.0
274.0
274.0
213.0
394.0
198.0
409.0
164.0
270.0
230.0
367.0
324.0
194.0
257.0
282.0
329.0
263.0
225.0
268.0
191.0
305.0
335.0
178.0
295.0
214.0
179.0
244.0
266.0
188.0
150.0
420.0
244.0
335.0
300.0
187.0
237.0
306.0
194.0
239.0
316.0
244.0
265.0
275.0
570.0
250.0
245.0
252.0
252.0
281.0
286.0
274.0
268.0
158.0
301.0
255.0
308.0
206.0
427.0
533.0
239.0
141.0
267.0
219.0
229.0
318.0
262.0
178.0
350.0
333.0
215.0
211.0
210.0
391.0
209.0
285.0
250.0
188.0
330.0
206.0
256.0
211.0
220.0
256.0
246.0
204.0
301.0
411.0
359.0
225.0
302.0
166.0
311.0
127.0
214.0
436.0
380.0
318.0
247.0
163.0
273.0
198.0
265.0
342.0
247.0
287.0
208.0
286.0
355.0
337.0
230.0
300.0
277.0
287.0
239.0
274.0
264.0
362.0
206.0
333.0
315.0
240.0
206.0
297.0
257.0
189.0
278.0
498.0
231.0
285.0
319.0
194.0
321.0
268.0
253.0
316.0
331.0
311.0
256.0
258.0
251.0
138.0
285.0
312.0
262.0
1900.0
278.0
356.0
236.0
181.0
250.0
243.0
321.0
538.0
318.0
342.0
199.0
196.0
121.0
279.0
489.0
218.0
204.0
354.0
277.0
234.0
210.0
179.0
278.0
263.0
271.0
307.0
394.0
283.0
183.0
293.0
695.0
179.0
283.0
239.0
238.0
253.0
323.0
414.0
280.0
251.0
241.0
218.0
327.0
291.0
369.0
167.0
211.0
181.0
216.0
310.0
232.0
383.0
285.0
220.0
286.0
328.0
391.0
189.0
227.0
252.0
232.0
268.0
241.0
371.0
241.0
234.0
177.0
222.0
338.0
264.0
235.0
297.0
428.0
177.0
305.0
239.0
321.0
241.0
224.0
242.0
288.0
233.0
359.0
306.0
327.0
271.0
174.0
238.0
179.0
199.0
314.0
177.0
315.0
339.0
306.0
295.0
309.0
363.0
229.0
250.0
204.0
340.0
240.0
201.0
246.0
615.0
160.0
212.0
211.0
201.0
188.0
378.0
260.0
417.0
341.0
215.0
170.0
412.0
384.0
261.0
380.0
230.0
261.0
239.0
172.0
277.0
275.0
196.0
178.0
436.0
258.0
263.0
277.0
340.0
248.0
306.0
325.0
213.0
258.0
347.0
205.0
393.0
293.0
255.0
219.0
457.0
207.0
250.0
220.0
248.0
282.0
210.0
256.0
409.0
297.0
421.0
286.0
223.0
266.0
282.0
200.0
241.0
312.0
185.0
181.0
246.0
230.0
168.0
203.0
191.0
300.0
300.0
379.0
175.0
433.0
174.0
261.0
257.0
251.0
228.0
193.0
194.0
267.0
244.0
356.0
246.0
282.0
261.0
256.0
381.0
235.0
204.0
176.0
192.0
281.0
296.0
248.0
306.0
339.0
196.0
224.0
345.0
211.0
304.0
189.0
259.0
235.0
302.0
224.0
341.0
317.0
215.0
176.0
195.0
329.0
279.0
379.0
212.0
267.0
272.0
178.0
243.0
291.0
146.0
247.0
244.0
197.0
252.0
239.0
340.0
314.0
385.0
320.0
227.0
310.0
242.0
297.0
269.0
369.0
245.0
274.0
250.0
242.0
302.0
155.0
299.0
168.0
296.0
378.0
155.0
286.0
248.0
303.0
214.0
198.0
206.0
382.0
479.0
275.0
376.0
371.0
294.0
309.0
286.0
260.0
217.0
251.0
184.0
371.0
297.0
153.0
188.0
219.0
215.0
175.0
308.0
307.0
319.0
267.0
363.0
257.0
294.0
348.0
431.0
307.0
218.0
250.0
268.0
286.0
264.0
292.0
246.0
258.0
216.0
349.0
228.0
262.0
206.0
278.0
256.0
213.0
178.0
225.0
256.0
282.0
160.0
225.0
383.0
301.0
218.0
193.0
259.0
169.0
333.0
201.0
222.0
216.0
298.0
261.0
295.0
287.0
194.0
171.0
395.0
229.0
242.0
331.0
158.0
250.0
220.0
241.0
221.0
229.0
341.0
246.0
216.0
395.0
386.0
200.0
242.0
242.0
275.0
301.0
353.0
186.0
250.0
365.0
310.0
337.0
323.0
244.0
305.0
309.0
302.0
256.0
255.0
333.0
205.0
290.0
338.0
342.0
346.0
301.0
294.0
296.0
306.0
245.0
249.0
325.0
280.0
242.0
326.0
297.0
247.0
194.0
210.0
244.0
265.0
198.0
306.0
250.0
187.0
415.0
333.0
285.0
301.0
259.0
310.0
209.0
273.0
357.0
188.0
207.0
283.0
189.0
327.0
272.0
256.0
264.0
231.0
233.0
196.0
268.0
211.0
355.0
301.0
243.0
224.0
394.0
309.0
176.0
187.0
288.0
432.0
202.0
439.0
296.0
198.0
284.0
175.0
323.0
291.0
327.0
239.0
140.0
350.0
169.0
265.0
317.0
280.0
281.0
270.0
326.0
242.0
244.0
278.0
275.0
205.0
226.0
441.0
350.0
198.0
277.0
253.0
239.0
320.0
383.0
252.0
241.0
304.0
227.0
282.0
214.0
259.0
270.0
489.0
206.0
225.0
203.0
188.0
311.0
303.0
250.0
328.0
331.0
165.0
254.0
272.0
324.0
825.0
264.0
247.0
175.0
201.0
341.0
266.0
393.0
210.0
196.0
233.0
175.0
231.0
311.0
247.0
443.0
176.0
295.0
241.0
336.0
344.0
290.0
216.0
264.0
257.0
353.0
303.0
225.0
330.0
201.0
236.0
239.0
382.0
223.0
211.0
236.0
165.0
268.0
380.0
388.0
428.0
295.0
335.0
195.0
298.0
269.0
296.0
166.0
193.0
239.0
230.0
285.0
252.0
377.0
276.0
398.0
284.0
237.0
190.0
273.0
290.0
224.0
394.0
253.0
224.0
299.0
227.0
149.0
272.0
317.0
369.0
300.0
257.0
401.0
268.0
306.0
298.0
172.0
189.0
340.0
366.0
230.0
248.0
292.0
218.0
209.0
232.0
271.0
196.0
209.0
231.0
193.0
278.0
251.0
210.0
288.0
312.0
195.0
338.0
214.0
202.0
210.0
273.0
256.0
245.0
264.0
224.0
216.0
205.0
221.0
395.0
229.0
216.0
260.0
227.0
300.0
231.0
260.0
244.0
342.0
218.0
343.0
213.0
165.0
185.0
245.0
220.0
216.0
259.0
369.0
323.0
187.0
288.0
190.0
277.0
200.0
330.0
139.0
273.0
367.0
247.0
311.0
232.0
318.0
443.0
371.0
354.0
300.0
266.0
183.0
228.0
204.0
233.0
268.0
283.0
449.0
208.0
224.0
329.0
262.0
208.0
201.0
187.0
246.0
303.0
401.0
207.0
186.0
219.0
242.0
210.0
265.0
440.0
292.0
384.0
370.0
281.0
236.0
231.0
196.0
219.0
332.0
211.0
285.0
207.0
188.0
306.0
196.0
344.0
287.0
216.0
313.0
262.0
230.0
310.0
164.0
399.0
149.0
282.0
201.0
170.0
199.0
241.0
269.0
282.0
149.0
231.0
279.0
202.0
243.0
218.0
357.0
172.0
176.0
407.0
372.0
233.0
373.0
184.0
290.0
288.0
227.0
320.0
235.0
307.0
315.0
227.0
450.0
287.0
262.0
226.0
246.0
337.0
222.0
277.0
268.0
235.0
285.0
290.0
154.0
246.0
271.0
128.0
267.0
241.0
216.0
324.0
293.0
194.0
317.0
264.0
333.0
249.0
195.0
213.0
327.0
441.0
231.0
335.0
313.0
208.0
236.0
256.0
248.0
451.0
281.0
214.0
280.0
266.0
316.0
192.0
247.0
180.0
301.0
314.0
224.0
188.0
229.0
276.0
266.0
310.0
287.0
235.0
205.0
317.0
290.0
296.0
302.0
314.0
279.0
252.0
269.0
193.0
421.0
258.0
256.0
190.0
193.0
220.0
187.0
226.0
235.0
268.0
277.0
218.0
280.0
228.0
193.0
186.0
203.0
217.0
375.0
163.0
258.0
254.0
306.0
272.0
257.0
457.0
284.0
182.0
263.0
293.0
335.0
363.0
218.0
321.0
324.0
306.0
168.0
323.0
300.0
273.0
220.0
355.0
273.0
275.0
257.0
207.0
211.0
388.0
221.0
186.0
256.0
237.0
179.0
257.0
245.0
266.0
217.0
301.0
252.0
306.0
292.0
284.0
243.0
311.0
176.0
335.0
241.0
291.0
326.0
337.0
208.0
307.0
235.0
244.0
237.0
312.0
227.0
251.0
263.0
170.0
240.0
553.0
267.0
331.0
214.0
266.0
136.0
320.0
252.0
319.0
359.0
266.0
165.0
296.0
302.0
289.0
262.0
273.0
314.0
291.0
353.0
284.0
197.0
254.0
372.0
309.0
214.0
181.0
278.0
333.0
298.0
279.0
200.0
240.0
269.0
116.0
228.0
232.0
283.0
201.0
424.0
288.0
293.0
211.0
190.0
252.0
238.0
223.0
341.0
288.0
309.0
386.0
180.0
316.0
272.0
287.0
407.0
346.0
370.0
244.0
291.0
200.0
238.0
195.0
254.0
227.0
189.0
284.0
301.0
240.0
380.0
230.0
241.0
247.0
227.0
206.0
182.0
239.0
355.0
285.0
187.0
284.0
206.0
315.0
170.0
618.0
210.0
167.0
274.0
214.0
369.0
291.0
351.0
325.0
217.0
317.0
251.0
188.0
152.0
335.0
301.0
299.0
301.0
291.0
292.0
195.0
304.0
162.0
359.0
273.0
274.0
243.0
291.0
293.0
340.0
247.0
304.0
233.0
315.0
231.0
205.0
460.0
306.0
373.0
222.0
256.0
218.0
416.0
402.0
224.0
472.0
241.0
262.0
302.0
288.0
243.0
240.0
205.0
274.0
228.0
281.0
249.0
439.0
206.0
360.0
795.0
354.0
250.0
247.0
267.0
290.0
265.0
249.0
337.0
295.0
359.0
242.0
846.0
227.0
205.0
248.0
261.0
206.0
284.0
210.0
435.0
208.0
189.0
184.0
197.0
368.0
317.0
269.0
224.0
203.0
269.0
231.0
238.0
287.0
354.0
265.0
318.0
227.0
333.0
395.0
339.0
339.0
253.0
300.0
118.0
275.0
253.0
245.0
392.0
286.0
193.0
271.0
203.0
313.0
240.0
267.0
242.0
293.0
176.0
181.0
327.0
249.0
311.0
399.0
339.0
359.0
238.0
285.0
351.0
191.0
180.0
237.0
245.0
228.0
282.0
189.0
225.0
267.0
317.0
198.0
210.0
413.0
192.0
367.0
310.0
267.0
316.0
353.0
196.0
268.0
203.0
251.0
290.0
188.0
326.0
351.0
204.0
244.0
296.0
442.0
287.0
228.0
251.0
249.0
255.0
265.0
269.0
266.0
362.0
334.0
227.0
245.0
235.0
270.0
365.0
260.0
271.0
179.0
231.0
308.0
250.0
269.0
252.0
268.0
426.0
336.0
246.0
251.0
228.0
466.0
288.0
345.0
224.0
282.0
203.0
237.0
219.0
300.0
369.0
186.0
181.0
159.0
413.0
176.0
277.0
263.0
258.0
326.0
275.0
217.0
333.0
294.0
190.0
311.0
315.0
247.0
261.0
289.0
326.0
286.0
181.0
235.0
251.0
235.0
210.0
147.0
267.0
305.0
259.0
290.0
222.0
205.0
241.0
243.0
224.0
242.0
391.0
259.0
279.0
270.0
222.0
283.0
314.0
261.0
255.0
277.0
228.0
213.0
205.0
372.0
173.0
425.0
280.0
252.0
149.0
303.0
251.0
279.0
271.0
311.0
249.0
269.0
367.0
113.0
250.0
345.0
246.0
213.0
378.0
247.0
290.0
204.0
209.0
310.0
212.0
352.0
339.0
253.0
334.0
302.0
272.0
250.0
239.0
295.0
276.0
271.0
235.0
286.0
194.0
203.0
248.0
356.0
190.0
285.0
259.0
211.0
255.0
395.0
320.0
239.0
257.0
325.0
264.0
256.0
304.0
396.0
274.0
209.0
315.0
296.0
203.0
247.0
183.0
274.0
379.0
385.0
298.0
305.0
160.0
199.0
287.0
382.0
231.0
380.0
370.0
183.0
378.0
347.0
178.0
248.0
241.0
255.0
432.0
333.0
177.0
228.0
184.0
329.0
218.0
344.0
404.0
174.0
359.0
328.0
330.0
299.0
204.0
238.0
330.0
235.0
173.0
300.0
290.0
319.0
273.0
326.0
551.0
299.0
247.0
333.0
213.0
405.0
296.0
262.0
178.0
253.0
329.0
221.0
200.0
255.0
183.0
272.0
207.0
332.0
424.0
241.0
242.0
289.0
292.0
295.0
219.0
312.0
262.0
223.0
294.0
291.0
312.0
206.0
280.0
219.0
357.0
268.0
207.0
229.0
257.0
262.0
230.0
253.0
251.0
316.0
275.0
273.0
254.0
186.0
366.0
210.0
261.0
265.0
222.0
404.0
296.0
176.0
314.0
254.0
483.0
260.0
251.0
270.0
244.0
318.0
249.0
331.0
389.0
260.0
386.0
318.0
331.0
297.0
233.0
235.0
270.0
232.0
359.0
280.0
265.0
241.0
201.0
302.0
172.0
258.0
289.0
277.0
238.0
321.0
227.0
399.0
237.0
257.0
245.0
346.0
226.0
341.0
253.0
360.0
235.0
210.0
369.0
201.0
164.0
255.0
308.0
444.0
193.0
238.0
255.0
283.0
295.0
310.0
183.0
402.0
391.0
252.0
248.0
263.0
233.0
344.0
296.0
267.0
174.0
316.0
227.0
246.0
187.0
426.0
266.0
680.0
272.0
332.0
262.0
208.0
206.0
194.0
250.0
241.0
334.0
261.0
256.0
224.0
222.0
283.0
234.0
331.0
261.0
292.0
290.0
301.0
324.0
170.0
244.0
251.0
222.0
214.0
481.0
349.0
215.0
260.0
231.0
350.0
259.0
190.0
242.0
231.0
326.0
211.0
473.0
274.0
301.0
456.0
261.0
328.0
311.0
183.0
263.0
330.0
275.0
165.0
261.0
243.0
297.0
119.0
218.0
723.0
229.0
390.0
230.0
258.0
276.0
223.0
227.0
271.0
209.0
199.0
215.0
235.0
201.0
409.0
235.0
264.0
238.0
271.0
331.0
279.0
280.0
437.0
159.0
258.0
202.0
167.0
362.0
340.0
201.0
272.0
286.0
189.0
308.0
268.0
380.0
187.0
173.0
241.0
360.0
316.0
288.0
298.0
324.0
287.0
293.0
290.0
178.0
344.0
260.0
294.0
273.0
267.0
276.0
254.0
295.0
230.0
259.0
347.0
299.0
256.0
283.0
234.0
390.0
232.0
262.0
332.0
189.0
361.0
210.0
281.0
257.0
309.0
232.0
189.0
273.0
236.0
216.0
272.0
295.0
190.0
308.0
312.0
222.0
177.0
244.0
234.0
417.0
195.0
173.0
212.0
210.0
286.0
342.0
245.0
277.0
280.0
428.0
206.0
247.0
262.0
309.0
247.0
190.0
226.0
215.0
246.0
221.0
312.0
199.0
223.0
419.0
217.0
323.0
273.0
169.0
271.0
308.0
263.0
229.0
234.0
192.0
300.0
389.0
262.0
194.0
216.0
192.0
235.0
359.0
422.0
236.0
325.0
252.0
308.0
344.0
284.0
269.0
198.0
444.0
313.0
324.0
378.0
285.0
205.0
316.0
237.0
262.0
227.0
290.0
242.0
181.0
248.0
258.0
285.0
371.0
448.0
262.0
265.0
326.0
246.0
270.0
190.0
237.0
285.0
206.0
323.0
344.0
231.0
344.0
190.0
300.0
377.0
279.0
243.0
268.0
344.0
241.0
263.0
311.0
199.0
243.0
213.0
211.0
166.0
219.0
337.0
221.0
213.0
330.0
262.0
343.0
236.0
224.0
323.0
266.0
135.0
226.0
263.0
335.0
201.0
250.0
324.0
202.0
507.0
254.0
230.0
211.0
238.0
361.0
194.0
252.0
325.0
210.0
187.0
233.0
304.0
197.0
259.0
241.0
261.0
247.0
227.0
237.0
228.0
209.0
446.0
342.0
216.0
253.0
188.0
226.0
358.0
248.0
277.0
224.0
253.0
183.0
279.0
274.0
196.0
183.0
253.0
167.0
279.0
290.0
464.0
199.0
320.0
230.0
418.0
251.0
262.0
337.0
281.0
287.0
316.0
336.0
213.0
307.0
202.0
202.0
218.0
291.0
272.0
215.0
374.0
287.0
231.0
229.0
195.0
182.0
431.0
307.0
183.0
292.0
296.0
168.0
255.0
395.0
178.0
292.0
302.0
274.0
215.0
355.0
269.0
211.0
196.0
304.0
385.0
331.0
281.0
292.0
257.0
252.0
242.0
224.0
188.0
330.0
197.0
231.0
298.0
258.0
182.0
188.0
336.0
202.0
207.0
220.0
197.0
241.0
449.0
208.0
268.0
249.0
221.0
188.0
264.0
499.0
180.0
232.0
149.0
407.0
225.0
215.0
241.0
268.0
273.0
218.0
430.0
269.0
285.0
286.0
199.0
218.0
252.0
205.0
315.0
265.0
299.0
224.0
265.0
261.0
285.0
319.0
192.0
242.0
183.0
346.0
265.0
320.0
355.0
316.0
215.0
270.0
264.0
317.0
282.0
329.0
488.0
271.0
249.0
284.0
303.0
249.0
279.0
321.0
260.0
426.0
274.0
231.0
415.0
216.0
272.0
180.0
285.0
234.0
259.0
311.0
237.0
312.0
244.0
273.0
277.0
242.0
255.0
271.0
238.0
189.0
255.0
359.0
315.0
244.0
332.0
313.0
271.0
257.0
302.0
223.0
247.0
311.0
238.0
232.0
315.0
291.0
182.0
190.0
238.0
172.0
198.0
264.0
315.0
278.0
223.0
227.0
300.0
376.0
257.0
310.0
257.0
224.0
241.0
373.0
304.0
156.0
247.0
293.0
145.0
301.0
271.0
263.0
325.0
213.0
181.0
334.0
312.0
229.0
201.0
221.0
275.0
263.0
246.0
189.0
340.0
243.0
276.0
339.0
329.0
389.0
246.0
235.0
330.0
261.0
222.0
236.0
268.0
273.0
522.0
343.0
265.0
227.0
265.0
306.0
314.0
178.0
298.0
258.0
298.0
321.0
174.0
204.0
161.0
319.0
362.0
293.0
243.0
344.0
196.0
273.0
241.0
241.0
275.0
344.0
441.0
180.0
209.0
296.0
328.0
240.0
182.0
252.0
290.0
306.0
354.0
273.0
385.0
228.0
349.0
267.0
231.0
332.0
283.0
247.0
345.0
209.0
195.0
257.0
324.0
179.0
299.0
316.0
290.0
316.0
340.0
503.0
287.0
239.0
244.0
293.0
197.0
175.0
246.0
283.0
291.0
286.0
229.0
269.0
290.0
178.0
288.0
226.0
187.0
201.0
187.0
210.0
286.0
225.0
155.0
225.0
192.0
223.0
303.0
510.0
303.0
224.0
322.0
271.0
293.0
256.0
408.0
255.0
231.0
229.0
329.0
337.0
210.0
308.0
357.0
258.0
256.0
226.0
367.0
203.0
258.0
178.0
341.0
234.0
225.0
367.0
343.0
437.0
211.0
229.0
246.0
181.0
243.0
218.0
245.0
341.0
269.0
384.0
279.0
304.0
262.0
208.0
371.0
312.0
229.0
199.0
237.0
236.0
254.0
268.0
249.0
260.0
263.0
204.0
253.0
424.0
261.0
247.0
356.0
184.0
203.0
314.0
217.0
242.0
319.0
228.0
290.0
241.0
227.0
251.0
280.0
266.0
269.0
172.0
332.0
197.0
252.0
217.0
309.0
303.0
219.0
229.0
390.0
294.0
244.0
247.0
235.0
306.0
317.0
221.0
267.0
275.0
179.0
249.0
236.0
152.0
266.0
205.0
229.0
245.0
718.0
369.0
243.0
293.0
407.0
326.0
256.0
199.0
304.0
250.0
240.0
299.0
260.0
241.0
356.0
200.0
217.0
309.0
286.0
223.0
283.0
406.0
248.0
178.0
239.0
160.0
257.0
199.0
425.0
255.0
350.0
293.0
177.0
247.0
299.0
198.0
295.0
178.0
230.0
148.0
163.0
388.0
219.0
310.0
221.0
480.0
387.0
304.0
273.0
223.0
237.0
307.0
263.0
190.0
244.0
297.0
267.0
261.0
225.0
217.0
180.0
324.0
352.0
277.0
270.0
171.0
286.0
362.0
248.0
210.0
254.0
274.0
237.0
351.0
387.0
201.0
301.0
282.0
262.0
341.0
311.0
282.0
324.0
244.0
289.0
287.0
327.0
228.0
144.0
263.0
413.0
468.0
263.0
292.0
246.0
256.0
215.0
307.0
419.0
330.0
203.0
336.0
237.0
207.0
254.0
294.0
384.0
275.0
376.0
211.0
268.0
400.0
255.0
225.0
240.0
196.0
247.0
295.0
318.0
284.0
274.0
295.0
165.0
258.0
227.0
396.0
199.0
381.0
440.0
267.0
265.0
281.0
275.0
321.0
350.0
337.0
268.0
411.0
284.0
154.0
320.0
204.0
219.0
228.0
260.0
374.0
417.0
262.0
251.0
233.0
191.0
218.0
396.0
134.0
240.0
478.0
223.0
349.0
140.0
323.0
192.0
213.0
326.0
276.0
276.0
201.0
388.0
239.0
317.0
244.0
253.0
255.0
448.0
214.0
292.0
332.0
352.0
341.0
251.0
178.0
350.0
258.0
325.0
254.0
245.0
375.0
281.0
244.0
256.0
311.0
240.0
228.0
261.0
294.0
296.0
421.0
355.0
269.0
299.0
240.0
289.0
366.0
202.0
211.0
298.0
259.0
255.0
221.0
249.0
256.0
145.0
274.0
216.0
193.0
386.0
209.0
224.0
223.0
264.0
256.0
230.0
264.0
238.0
438.0
341.0
312.0
293.0
557.0
237.0
178.0
305.0
259.0
384.0
357.0
356.0
214.0
264.0
255.0
210.0
230.0
321.0
276.0
278.0
237.0
503.0
190.0
166.0
230.0
249.0
203.0
309.0
238.0
253.0
285.0
334.0
232.0
293.0
233.0
159.0
350.0
279.0
302.0
273.0
219.0
222.0
194.0
252.0
258.0
316.0
258.0
219.0
235.0
275.0
168.0
227.0
336.0
414.0
230.0
351.0
312.0
241.0
297.0
222.0
381.0
370.0
345.0
294.0
208.0
213.0
281.0
268.0
223.0
307.0
164.0
432.0
272.0
262.0
533.0
236.0
323.0
196.0
290.0
328.0
272.0
196.0
204.0
232.0
270.0
314.0
300.0
167.0
375.0
291.0
218.0
271.0
247.0
253.0
219.0
312.0
235.0
223.0
260.0
206.0
389.0
316.0
412.0
406.0
344.0
268.0
429.0
298.0
284.0
209.0
242.0
206.0
195.0
252.0
244.0
269.0
129.0
238.0
359.0
257.0
236.0
196.0
238.0
190.0
306.0
223.0
288.0
326.0
266.0
233.0
170.0
227.0
287.0
240.0
227.0
284.0
211.0
166.0
206.0
210.0
252.0
305.0
254.0
181.0
197.0
189.0
423.0
384.0
318.0
190.0
308.0
287.0
187.0
331.0
240.0
369.0
257.0
209.0
213.0
239.0
436.0
217.0
309.0
249.0
235.0
382.0
199.0
250.0
204.0
323.0
170.0
370.0
294.0
414.0
258.0
279.0
198.0
336.0
281.0
273.0
134.0
377.0
377.0
237.0
243.0
296.0
292.0
184.0
180.0
251.0
294.0
269.0
423.0
383.0
298.0
266.0
361.0
217.0
239.0
250.0
371.0
165.0
317.0
205.0
237.0
166.0
351.0
323.0
230.0
295.0
292.0
220.0
227.0
294.0
238.0
205.0
272.0
296.0
245.0
212.0
259.0
281.0
305.0
180.0
346.0
694.0
333.0
285.0
300.0
280.0
209.0
329.0
220.0
290.0
316.0
264.0
242.0
289.0
159.0
228.0
241.0
155.0
329.0
314.0
278.0
300.0
234.0
227.0
387.0
193.0
518.0
352.0
248.0
238.0
328.0
242.0
215.0
359.0
213.0
233.0
370.0
343.0
327.0
351.0
297.0
347.0
226.0
235.0
226.0
304.0
292.0
244.0
294.0
251.0
195.0
287.0
247.0
236.0
358.0
253.0
173.0
259.0
328.0
332.0
207.0
263.0
242.0
413.0
324.0
359.0
253.0
252.0
328.0
241.0
333.0
246.0
241.0
366.0
313.0
293.0
180.0
220.0
241.0
198.0
269.0
245.0
206.0
239.0
276.0
239.0
292.0
262.0
201.0
373.0
216.0
220.0
313.0
243.0
283.0
270.0
285.0
256.0
313.0
212.0
187.0
276.0
229.0
201.0
234.0
242.0
395.0
340.0
232.0
201.0
261.0
393.0
312.0
304.0
224.0
195.0
208.0
180.0
178.0
243.0
195.0
191.0
264.0
259.0
261.0
269.0
215.0
316.0
274.0
233.0
204.0
303.0
255.0
284.0
299.0
316.0
230.0
221.0
286.0
264.0
387.0
261.0
181.0
223.0
261.0
234.0
157.0
350.0
327.0
272.0
270.0
276.0
375.0
281.0
291.0
300.0
302.0
332.0
380.0
211.0
220.0
274.0
276.0
232.0
257.0
236.0
214.0
249.0
563.0
234.0
255.0
200.0
242.0
439.0
271.0
305.0
317.0
241.0
275.0
329.0
211.0
258.0
213.0
291.0
379.0
319.0
203.0
182.0
246.0
221.0
324.0
186.0
234.0
307.0
325.0
298.0
333.0
196.0
296.0
341.0
295.0
218.0
355.0
233.0
318.0
339.0
242.0
207.0
159.0
269.0
235.0
208.0
230.0
191.0
218.0
261.0
340.0
301.0
281.0
271.0
219.0
372.0
216.0
269.0
345.0
403.0
393.0
286.0
205.0
164.0
428.0
221.0
224.0
268.0
320.0
269.0
237.0
367.0
223.0
287.0
258.0
269.0
326.0
376.0
306.0
287.0
225.0
314.0
264.0
272.0
244.0
267.0
318.0
163.0
282.0
282.0
255.0
326.0
401.0
292.0
352.0
276.0
259.0
207.0
432.0
262.0
345.0
278.0
189.0
208.0
258.0
344.0
273.0
300.0
205.0
209.0
282.0
316.0
227.0
312.0
209.0
259.0
235.0
265.0
316.0
241.0
231.0
325.0
222.0
252.0
198.0
216.0
252.0
291.0
247.0
264.0
287.0
305.0
175.0
313.0
285.0
356.0
218.0
252.0
200.0
180.0
218.0
292.0
189.0
344.0
175.0
327.0
194.0
528.0
294.0
166.0
256.0
186.0
157.0
301.0
294.0
284.0
237.0
272.0
265.0
233.0
291.0
298.0
310.0
291.0
288.0
195.0
370.0
270.0
258.0
306.0
196.0
279.0
281.0
503.0
267.0
318.0
283.0
373.0
241.0
310.0
168.0
267.0
344.0
256.0
207.0
306.0
187.0
350.0
185.0
309.0
266.0
377.0
248.0
277.0
305.0
351.0
287.0
233.0
156.0
347.0
252.0
354.0
243.0
226.0
283.0
275.0
252.0
229.0
243.0
314.0
205.0
274.0
257.0
269.0
223.0
243.0
323.0
268.0
252.0
245.0
291.0
231.0
213.0
288.0
189.0
296.0
222.0
308.0
278.0
289.0
214.0
246.0
224.0
129.0
274.0
228.0
130.0
265.0
257.0
329.0
237.0
344.0
164.0
286.0
212.0
291.0
349.0
368.0
233.0
284.0
283.0
380.0
257.0
204.0
333.0
239.0
254.0
249.0
304.0
207.0
266.0
288.0
218.0
236.0
261.0
321.0
192.0
235.0
267.0
293.0
155.0
257.0
219.0
310.0
324.0
278.0
194.0
219.0
355.0
213.0
278.0
373.0
247.0
228.0
338.0
456.0
291.0
478.0
272.0
353.0
421.0
203.0
291.0
283.0
314.0
216.0
208.0
274.0
192.0
254.0
230.0
203.0
258.0
247.0
246.0
216.0
265.0
365.0
304.0
237.0
214.0
347.0
174.0
371.0
167.0
243.0
288.0
250.0
222.0
222.0
286.0
248.0
358.0
279.0
419.0
248.0
239.0
254.0
203.0
369.0
205.0
261.0
230.0
296.0
251.0
211.0
338.0
202.0
230.0
268.0
241.0
185.0
265.0
220.0
212.0
210.0
358.0
181.0
181.0
316.0
233.0
275.0
189.0
214.0
262.0
190.0
269.0
225.0
273.0
216.0
271.0
294.0
239.0
305.0
252.0
309.0
284.0
321.0
333.0
185.0
203.0
225.0
251.0
281.0
215.0
305.0
296.0
216.0
362.0
273.0
577.0
300.0
284.0
276.0
232.0
868.0
313.0
287.0
282.0
324.0
250.0
197.0
381.0
215.0
314.0
279.0
210.0
307.0
197.0
230.0
277.0
255.0
308.0
252.0
270.0
178.0
243.0
182.0
329.0
181.0
265.0
412.0
165.0
253.0
313.0
231.0
286.0
298.0
216.0
309.0
239.0
263.0
224.0
491.0
333.0
373.0
287.0
257.0
295.0
363.0
194.0
280.0
206.0
213.0
298.0
160.0
201.0
246.0
226.0
280.0
263.0
310.0
262.0
246.0
276.0
400.0
228.0
214.0
311.0
334.0
234.0
243.0
271.0
258.0
274.0
185.0
201.0
392.0
383.0
390.0
267.0
467.0
224.0
300.0
265.0
266.0
333.0
279.0
167.0
348.0
343.0
694.0
287.0
300.0
285.0
281.0
213.0
176.0
299.0
272.0
281.0
335.0
364.0
409.0
249.0
275.0
304.0
344.0
300.0
215.0
217.0
244.0
220.0
395.0
202.0
304.0
334.0
221.0
210.0
326.0
256.0
428.0
213.0
238.0
348.0
196.0
214.0
240.0
274.0
411.0
272.0
211.0
264.0
208.0
488.0
324.0
276.0
429.0
305.0
377.0
310.0
245.0
289.0
387.0
223.0
313.0
283.0
214.0
199.0
235.0
285.0
251.0
258.0
224.0
221.0
273.0
208.0
251.0
243.0
367.0
208.0
219.0
208.0
297.0
215.0
217.0
191.0
254.0
233.0
265.0
181.0
383.0
327.0
260.0
291.0
338.0
366.0
247.0
324.0
374.0
275.0
413.0
340.0
348.0
188.0
297.0
215.0
260.0
374.0
211.0
237.0
213.0
426.0
209.0
268.0
418.0
224.0
337.0
199.0
212.0
185.0
157.0
221.0
229.0
256.0
313.0
332.0
315.0
301.0
221.0
249.0
197.0
344.0
310.0
161.0
287.0
267.0
305.0
268.0
301.0
277.0
290.0
230.0
225.0
325.0
299.0
227.0
205.0
215.0
172.0
238.0
180.0
425.0
264.0
199.0
183.0
235.0
205.0
388.0
306.0
246.0
205.0
331.0
264.0
221.0
154.0
272.0
408.0
393.0
183.0
250.0
158.0
234.0
165.0
246.0
353.0
335.0
214.0
215.0
297.0
318.0
291.0
385.0
353.0
345.0
260.0
205.0
366.0
255.0
262.0
183.0
203.0
448.0
287.0
282.0
280.0
239.0
335.0
315.0
205.0
524.0
284.0
342.0
310.0
127.0
322.0
334.0
249.0
146.0
233.0
240.0
230.0
268.0
344.0
234.0
251.0
245.0
275.0
245.0
202.0
314.0
132.0
251.0
287.0
302.0
263.0
220.0
238.0
312.0
212.0
282.0
263.0
270.0
216.0
285.0
238.0
280.0
337.0
232.0
240.0
315.0
282.0
269.0
192.0
260.0
314.0
223.0
213.0
298.0
324.0
151.0
275.0
435.0
276.0
256.0
257.0
197.0
278.0
217.0
120.0
297.0
229.0
256.0
264.0
246.0
220.0
284.0
325.0
277.0
306.0
241.0
279.0
289.0
203.0
326.0
343.0
271.0
267.0
252.0
362.0
257.0
214.0
233.0
196.0
358.0
276.0
414.0
233.0
187.0
318.0
303.0
418.0
264.0
244.0
263.0
286.0
143.0
253.0
324.0
353.0
261.0
221.0
215.0
192.0
309.0
337.0
185.0
198.0
253.0
296.0
349.0
268.0
232.0
172.0
296.0
360.0
284.0
211.0
290.0
188.0
199.0
286.0
271.0
274.0
298.0
194.0
174.0
288.0
259.0
320.0
362.0
286.0
205.0
310.0
300.0
296.0
248.0
319.0
199.0
249.0
277.0
275.0
399.0
171.0
271.0
287.0
229.0
218.0
328.0
314.0
233.0
238.0
215.0
328.0
224.0
250.0
475.0
229.0
194.0
229.0
190.0
364.0
213.0
363.0
205.0
217.0
223.0
165.0
519.0
242.0
365.0
262.0
400.0
1231.0
322.0
273.0
281.0
201.0
257.0
205.0
303.0
227.0
282.0
183.0
315.0
284.0
319.0
397.0
217.0
248.0
363.0
272.0
192.0
232.0
371.0
218.0
295.0
303.0
208.0
286.0
336.0
277.0
329.0
195.0
291.0
207.0
269.0
216.0
444.0
309.0
242.0
325.0
277.0
240.0
289.0
457.0
154.0
250.0
303.0
231.0
381.0
273.0
237.0
175.0
291.0
279.0
301.0
366.0
275.0
317.0
245.0
245.0
283.0
195.0
336.0
225.0
237.0
255.0
244.0
245.0
227.0
270.0
233.0
302.0
213.0
324.0
309.0
231.0
229.0
225.0
221.0
311.0
166.0
212.0
267.0
314.0
243.0
265.0
290.0
188.0
342.0
424.0
325.0
265.0
216.0
243.0
340.0
220.0
199.0
184.0
265.0
265.0
199.0
352.0
287.0
377.0
229.0
222.0
226.0
277.0
329.0
253.0
271.0
200.0
202.0
237.0
294.0
164.0
232.0
327.0
200.0
281.0
258.0
306.0
184.0
309.0
335.0
194.0
178.0
416.0
284.0
431.0
288.0
316.0
337.0
231.0
329.0
179.0
261.0
234.0
241.0
398.0
267.0
324.0
205.0
393.0
304.0
284.0
241.0
289.0
411.0
323.0
230.0
275.0
334.0
400.0
260.0
145.0
253.0
248.0
191.0
266.0
330.0
175.0
193.0
306.0
472.0
214.0
265.0
370.0
251.0
437.0
338.0
225.0
329.0
226.0
253.0
246.0
278.0
377.0
281.0
288.0
313.0
253.0
192.0
265.0
188.0
302.0
360.0
299.0
179.0
318.0
268.0
239.0
251.0
280.0
326.0
258.0
414.0
207.0
291.0
236.0
336.0
342.0
250.0
198.0
312.0
263.0
191.0
320.0
334.0
240.0
265.0
381.0
370.0
250.0
200.0
340.0
216.0
281.0
204.0
264.0
268.0
405.0
206.0
388.0
222.0
250.0
341.0
297.0
334.0
260.0
204.0
252.0
334.0
268.0
293.0
171.0
252.0
224.0
202.0
279.0
188.0
249.0
263.0
256.0
255.0
170.0
202.0
251.0
402.0
212.0
255.0
316.0
359.0
268.0
259.0
338.0
542.0
201.0
311.0
231.0
298.0
237.0
236.0
162.0
279.0
417.0
212.0
425.0
249.0
263.0
408.0
332.0
219.0
215.0
363.0
274.0
185.0
393.0
190.0
217.0
184.0
154.0
330.0
299.0
225.0
263.0
191.0
221.0
320.0
208.0
144.0
301.0
272.0
300.0
287.0
235.0
307.0
338.0
220.0
198.0
276.0
245.0
289.0
435.0
222.0
436.0
287.0
255.0
164.0
355.0
204.0
220.0
247.0
291.0
393.0
256.0
367.0
215.0
342.0
277.0
207.0
336.0
350.0
273.0
220.0
332.0
383.0
301.0
215.0
277.0
190.0
251.0
229.0
412.0
250.0
201.0
365.0
362.0
203.0
194.0
187.0
267.0
223.0
196.0
366.0
233.0
264.0
269.0
254.0
305.0
170.0
213.0
202.0
253.0
281.0
308.0
326.0
373.0
419.0
303.0
232.0
369.0
309.0
245.0
220.0
273.0
311.0
185.0
280.0
197.0
251.0
193.0
305.0
317.0
211.0
310.0
249.0
223.0
297.0
375.0
309.0
252.0
347.0
222.0
279.0
224.0
214.0
255.0
352.0
244.0
211.0
323.0
172.0
184.0
270.0
358.0
247.0
338.0
332.0
216.0
231.0
240.0
225.0
233.0
278.0
241.0
205.0
293.0
180.0
310.0
264.0
282.0
451.0
296.0
354.0
157.0
238.0
332.0
255.0
215.0
211.0
188.0
306.0
302.0
261.0
381.0
293.0
204.0
245.0
201.0
260.0
214.0
272.0
180.0
330.0
425.0
223.0
318.0
274.0
182.0
213.0
233.0
416.0
202.0
300.0
223.0
284.0
325.0
192.0
228.0
294.0
394.0
214.0
243.0
458.0
276.0
314.0
293.0
306.0
342.0
290.0
237.0
248.0
235.0
348.0
262.0
167.0
255.0
258.0
203.0
272.0
381.0
255.0
291.0
242.0
268.0
180.0
235.0
284.0
282.0
286.0
198.0
346.0
286.0
261.0
202.0
205.0
266.0
272.0
213.0
283.0
237.0
236.0
301.0
324.0
288.0
295.0
375.0
227.0
398.0
336.0
239.0
231.0
393.0
255.0
159.0
199.0
195.0
249.0
275.0
295.0
382.0
243.0
236.0
227.0
218.0
558.0
328.0
232.0
230.0
362.0
261.0
215.0
296.0
234.0
235.0
217.0
263.0
426.0
432.0
228.0
280.0
178.0
185.0
342.0
345.0
216.0
343.0
240.0
198.0
279.0
269.0
508.0
400.0
220.0
232.0
278.0
219.0
232.0
235.0
299.0
286.0
274.0
225.0
348.0
388.0
202.0
468.0
214.0
196.0
217.0
291.0
278.0
273.0
355.0
277.0
222.0
307.0
280.0
233.0
232.0
323.0
194.0
233.0
278.0
273.0
266.0
445.0
214.0
278.0
224.0
412.0
198.0
350.0
197.0
281.0
188.0
192.0
410.0
251.0
417.0
216.0
235.0
348.0
235.0
256.0
281.0
245.0
366.0
181.0
204.0
233.0
210.0
212.0
260.0
277.0
344.0
210.0
269.0
201.0
492.0
285.0
275.0
363.0
368.0
222.0
232.0
260.0
218.0
319.0
246.0
335.0
326.0
199.0
364.0
265.0
210.0
1602.0
152.0
174.0
205.0
268.0
356.0
249.0
361.0
287.0
277.0
275.0
319.0
361.0
245.0
237.0
273.0
200.0
347.0
201.0
253.0
250.0
389.0
135.0
332.0
234.0
296.0
256.0
288.0
371.0
226.0
227.0
183.0
176.0
228.0
287.0
286.0
279.0
196.0
355.0
354.0
213.0
268.0
262.0
195.0
182.0
195.0
273.0
271.0
290.0
322.0
352.0
370.0
236.0
218.0
345.0
269.0
264.0
284.0
280.0
267.0
216.0
333.0
192.0
325.0
363.0
254.0
205.0
239.0
199.0
279.0
172.0
303.0
331.0
179.0
286.0
198.0
342.0
185.0
327.0
308.0
197.0
335.0
221.0
217.0
330.0
203.0
412.0
331.0
314.0
227.0
329.0
226.0
271.0
286.0
330.0
226.0
300.0
320.0
279.0
206.0
309.0
284.0
305.0
335.0
222.0
249.0
310.0
278.0
272.0
305.0
236.0
322.0
164.0
245.0
221.0
262.0
163.0
193.0
451.0
465.0
260.0
273.0
227.0
212.0
244.0
259.0
256.0
285.0
218.0
255.0
205.0
388.0
241.0
356.0
139.0
230.0
183.0
192.0
208.0
204.0
213.0
191.0
341.0
313.0
294.0
194.0
180.0
249.0
426.0
257.0
172.0
257.0
190.0
258.0
329.0
192.0
253.0
260.0
409.0
247.0
243.0
265.0
221.0
321.0
249.0
307.0
254.0
273.0
295.0
263.0
177.0
234.0
216.0
299.0
343.0
272.0
304.0
197.0
347.0
230.0
320.0
236.0
308.0
208.0
418.0
374.0
164.0
201.0
294.0
208.0
286.0
292.0
175.0
223.0
197.0
304.0
428.0
337.0
348.0
253.0
313.0
173.0
289.0
296.0
232.0
216.0
371.0
281.0
279.0
406.0
208.0
297.0
202.0
167.0
182.0
222.0
262.0
231.0
228.0
273.0
263.0
204.0
224.0
237.0
222.0
231.0
222.0
227.0
299.0
252.0
223.0
247.0
207.0
328.0
283.0
243.0
381.0
267.0
353.0
230.0
315.0
341.0
303.0
278.0
213.0
275.0
282.0
222.0
266.0
139.0
150.0
329.0
193.0
268.0
245.0
260.0
191.0
518.0
327.0
209.0
216.0
189.0
264.0
337.0
260.0
335.0
193.0
235.0
281.0
254.0
246.0
177.0
244.0
187.0
223.0
412.0
227.0
190.0
273.0
216.0
411.0
287.0
404.0
267.0
231.0
209.0
302.0
335.0
314.0
232.0
299.0
295.0
204.0
148.0
220.0
384.0
207.0
221.0
175.0
377.0
351.0
364.0
225.0
194.0
305.0
311.0
302.0
199.0
259.0
264.0
293.0
372.0
277.0
261.0
218.0
306.0
178.0
251.0
216.0
262.0
170.0
360.0
376.0
316.0
269.0
256.0
279.0
249.0
223.0
224.0
373.0
227.0
179.0
222.0
424.0
267.0
266.0
382.0
320.0
506.0
294.0
256.0
210.0
513.0
182.0
265.0
347.0
280.0
230.0
242.0
287.0
239.0
214.0
283.0
233.0
271.0
298.0
239.0
197.0
212.0
265.0
256.0
216.0
653.0
371.0
288.0
226.0
251.0
309.0
318.0
253.0
262.0
292.0
238.0
280.0
303.0
270.0
307.0
227.0
287.0
285.0
282.0
199.0
325.0
217.0
477.0
338.0
248.0
237.0
168.0
312.0
175.0
372.0
217.0
411.0
206.0
308.0
243.0
273.0
316.0
342.0
152.0
256.0
235.0
281.0
215.0
246.0
246.0
242.0
457.0
337.0
228.0
250.0
210.0
308.0
376.0
212.0
415.0
275.0
234.0
236.0
187.0
186.0
184.0
289.0
286.0
185.0
469.0
235.0
283.0
289.0
261.0
305.0
181.0
150.0
263.0
229.0
271.0
329.0
293.0
260.0
235.0
286.0
229.0
273.0
169.0
382.0
277.0
193.0
270.0
338.0
526.0
408.0
167.0
208.0
293.0
230.0
263.0
244.0
277.0
292.0
207.0
184.0
254.0
223.0
248.0
274.0
241.0
315.0
187.0
215.0
229.0
251.0
245.0
381.0
268.0
281.0
486.0
331.0
226.0
450.0
427.0
317.0
286.0
204.0
240.0
238.0
317.0
238.0
247.0
1252.0
270.0
239.0
456.0
244.0
322.0
332.0
196.0
171.0
416.0
266.0
253.0
290.0
393.0
240.0
422.0
141.0
255.0
330.0
299.0
262.0
295.0
1058.0
288.0
293.0
251.0
267.0
302.0
271.0
268.0
286.0
170.0
285.0
165.0
207.0
193.0
293.0
254.0
150.0
371.0
364.0
304.0
340.0
283.0
326.0
405.0
264.0
308.0
240.0
323.0
258.0
252.0
249.0
244.0
338.0
222.0
295.0
288.0
296.0
222.0
411.0
355.0
366.0
239.0
301.0
303.0
319.0
239.0
253.0
247.0
457.0
326.0
244.0
170.0
254.0
320.0
318.0
283.0
211.0
246.0
229.0
173.0
223.0
245.0
246.0
417.0
276.0
397.0
295.0
246.0
308.0
216.0
296.0
253.0
230.0
308.0
523.0
252.0
329.0
333.0
259.0
226.0
165.0
230.0
343.0
295.0
371.0
305.0
369.0
257.0
297.0
294.0
171.0
306.0
163.0
322.0
401.0
255.0
247.0
160.0
281.0
272.0
227.0
203.0
316.0
195.0
228.0
357.0
152.0
192.0
318.0
213.0
318.0
192.0
302.0
185.0
261.0
312.0
372.0
448.0
364.0
271.0
284.0
479.0
362.0
246.0
240.0
184.0
402.0
234.0
290.0
379.0
241.0
333.0
280.0
220.0
214.0
410.0
153.0
207.0
217.0
264.0
240.0
233.0
295.0
240.0
298.0
316.0
279.0
429.0
273.0
276.0
262.0
291.0
361.0
317.0
257.0
332.0
282.0
304.0
408.0
351.0
210.0
313.0
197.0
263.0
386.0
391.0
153.0
305.0
249.0
283.0
303.0
293.0
221.0
271.0
336.0
321.0
179.0
368.0
285.0
220.0
199.0
288.0
227.0
137.0
289.0
252.0
204.0
180.0
350.0
444.0
290.0
288.0
218.0
275.0
250.0
360.0
260.0
281.0
270.0
285.0
290.0
264.0
240.0
259.0
333.0
257.0
241.0
249.0
238.0
224.0
328.0
246.0
175.0
227.0
294.0
176.0
446.0
225.0
251.0
284.0
312.0
269.0
308.0
356.0
251.0
164.0
301.0
190.0
186.0
182.0
266.0
200.0
296.0
355.0
213.0
278.0
288.0
194.0
219.0
407.0
266.0
306.0
334.0
237.0
250.0
219.0
267.0
371.0
210.0
257.0
249.0
359.0
192.0
253.0
279.0
366.0
345.0
359.0
282.0
246.0
159.0
289.0
260.0
242.0
345.0
388.0
197.0
243.0
238.0
452.0
218.0
191.0
351.0
360.0
272.0
251.0
408.0
297.0
252.0
397.0
276.0
255.0
169.0
315.0
221.0
220.0
221.0
286.0
215.0
170.0
409.0
180.0
307.0
364.0
225.0
239.0
249.0
171.0
216.0
257.0
338.0
315.0
209.0
206.0
244.0
363.0
406.0
235.0
203.0
161.0
600.0
252.0
345.0
162.0
244.0
177.0
243.0
207.0
297.0
160.0
257.0
323.0
189.0
280.0
184.0
450.0
341.0
288.0
269.0
358.0
283.0
258.0
223.0
245.0
197.0
262.0
192.0
326.0
297.0
206.0
241.0
218.0
294.0
337.0
232.0
255.0
268.0
299.0
196.0
305.0
208.0
253.0
356.0
141.0
215.0
360.0
286.0
277.0
317.0
239.0
248.0
216.0
230.0
204.0
257.0
277.0
230.0
190.0
267.0
201.0
175.0
220.0
275.0
295.0
346.0
293.0
485.0
318.0
298.0
232.0
210.0
207.0
256.0
192.0
296.0
263.0
226.0
260.0
293.0
209.0
301.0
228.0
300.0
325.0
283.0
232.0
221.0
231.0
287.0
228.0
270.0
281.0
208.0
323.0
222.0
173.0
213.0
664.0
313.0
300.0
210.0
307.0
476.0
249.0
489.0
153.0
340.0
259.0
168.0
297.0
142.0
218.0
186.0
353.0
216.0
377.0
227.0
220.0
295.0
307.0
289.0
145.0
329.0
218.0
146.0
251.0
242.0
224.0
404.0
346.0
434.0
301.0
183.0
323.0
202.0
300.0
223.0
197.0
232.0
365.0
248.0
355.0
382.0
609.0
184.0
258.0
216.0
206.0
199.0
251.0
343.0
134.0
241.0
151.0
255.0
222.0
206.0
339.0
295.0
221.0
252.0
264.0
216.0
265.0
221.0
216.0
771.0
323.0
285.0
192.0
210.0
274.0
289.0
125.0
226.0
343.0
269.0
328.0
763.0
317.0
269.0
138.0
215.0
173.0
197.0
220.0
164.0
370.0
262.0
276.0
280.0
279.0
253.0
263.0
215.0
340.0
256.0
309.0
264.0
246.0
248.0
112.0
372.0
284.0
327.0
332.0
282.0
301.0
247.0
238.0
154.0
358.0
201.0
312.0
213.0
248.0
175.0
327.0
399.0
302.0
226.0
154.0
225.0
346.0
341.0
221.0
464.0
270.0
303.0
329.0
288.0
206.0
352.0
209.0
205.0
276.0
226.0
270.0
276.0
255.0
273.0
178.0
403.0
309.0
182.0
181.0
207.0
289.0
369.0
318.0
204.0
301.0
199.0
333.0
282.0
205.0
201.0
273.0
282.0
462.0
344.0
421.0
179.0
241.0
257.0
218.0
332.0
277.0
170.0
129.0
264.0
348.0
307.0
297.0
233.0
300.0
269.0
275.0
153.0
340.0
177.0
232.0
308.0
216.0
264.0
205.0
281.0
241.0
224.0
210.0
213.0
410.0
251.0
434.0
193.0
220.0
338.0
421.0
244.0
162.0
242.0
301.0
215.0
180.0
371.0
279.0
284.0
252.0
217.0
180.0
377.0
172.0
148.0
282.0
241.0
180.0
328.0
370.0
255.0
249.0
310.0
217.0
268.0
288.0
325.0
377.0
286.0
193.0
249.0
253.0
422.0
400.0
299.0
241.0
301.0
260.0
188.0
242.0
194.0
244.0
144.0
446.0
238.0
284.0
209.0
233.0
320.0
248.0
212.0
356.0
166.0
213.0
399.0
216.0
233.0
202.0
302.0
323.0
262.0
232.0
287.0
252.0
434.0
166.0
226.0
256.0
296.0
282.0
284.0
229.0
430.0
228.0
273.0
353.0
343.0
228.0
229.0
226.0
236.0
210.0
136.0
298.0
222.0
262.0
139.0
266.0
269.0
249.0
167.0
276.0
150.0
402.0
194.0
232.0
266.0
166.0
341.0
292.0
382.0
329.0
237.0
422.0
262.0
260.0
213.0
226.0
320.0
302.0
389.0
426.0
234.0
282.0
207.0
261.0
340.0
237.0
228.0
141.0
260.0
283.0
228.0
297.0
208.0
319.0
189.0
221.0
344.0
218.0
388.0
358.0
441.0
257.0
229.0
222.0
292.0
256.0
253.0
305.0
217.0
321.0
333.0
172.0
336.0
228.0
236.0
305.0
249.0
248.0
237.0
426.0
296.0
287.0
238.0
287.0
330.0
190.0
327.0
221.0
201.0
325.0
374.0
521.0
169.0
254.0
317.0
225.0
344.0
138.0
194.0
315.0
340.0
365.0
827.0
316.0
384.0
258.0
331.0
228.0
254.0
283.0
289.0
288.0
203.0
229.0
207.0
299.0
173.0
348.0
258.0
257.0
291.0
547.0
374.0
268.0
410.0
248.0
209.0
282.0
221.0
258.0
326.0
232.0
286.0
207.0
375.0
490.0
289.0
162.0
244.0
129.0
264.0
418.0
206.0
337.0
378.0
486.0
447.0
269.0
200.0
266.0
203.0
232.0
244.0
245.0
386.0
282.0
297.0
287.0
152.0
322.0
289.0
231.0
225.0
314.0
261.0
193.0
295.0
292.0
564.0
247.0
271.0
216.0
250.0
198.0
197.0
275.0
271.0
337.0
194.0
243.0
225.0
374.0
204.0
243.0
252.0
261.0
231.0
297.0
267.0
203.0
265.0
267.0
205.0
172.0
333.0
334.0
231.0
264.0
195.0
243.0
279.0
255.0
266.0
334.0
407.0
275.0
470.0
350.0
236.0
140.0
208.0
260.0
364.0
232.0
331.0
284.0
687.0
252.0
187.0
409.0
188.0
320.0
223.0
371.0
198.0
262.0
399.0
230.0
335.0
448.0
271.0
222.0
198.0
241.0
321.0
136.0
241.0
285.0
153.0
431.0
765.0
256.0
187.0
303.0
211.0
305.0
236.0
305.0
257.0
213.0
250.0
213.0
354.0
232.0
322.0
311.0
236.0
237.0
406.0
221.0
219.0
226.0
379.0
216.0
366.0
369.0
243.0
227.0
396.0
262.0
195.0
354.0
205.0
281.0
244.0
240.0
262.0
315.0
390.0
248.0
246.0
234.0
247.0
277.0
204.0
220.0
276.0
145.0
411.0
335.0
281.0
292.0
213.0
259.0
240.0
341.0
203.0
213.0
261.0
213.0
337.0
369.0
420.0
480.0
188.0
293.0
330.0
249.0
334.0
250.0
285.0
506.0
453.0
144.0
216.0
251.0
269.0
231.0
345.0
253.0
228.0
248.0
176.0
264.0
234.0
250.0
271.0
311.0
338.0
255.0
266.0
291.0
180.0
424.0
234.0
176.0
333.0
424.0
467.0
253.0
243.0
205.0
196.0
222.0
317.0
202.0
178.0
242.0
300.0
193.0
234.0
208.0
191.0
227.0
894.0
260.0
250.0
247.0
284.0
339.0
153.0
237.0
678.0
210.0
279.0
253.0
164.0
366.0
280.0
189.0
302.0
336.0
267.0
197.0
387.0
193.0
275.0
240.0
110.0
151.0
245.0
263.0
233.0
236.0
176.0
397.0
206.0
178.0
252.0
300.0
342.0
213.0
240.0
324.0
234.0
202.0
258.0
216.0
257.0
191.0
300.0
229.0
577.0
278.0
203.0
361.0
228.0
386.0
395.0
291.0
348.0
208.0
245.0
259.0
259.0
316.0
285.0
224.0
262.0
286.0
253.0
198.0
345.0
238.0
155.0
243.0
342.0
231.0
296.0
203.0
315.0
177.0
388.0
348.0
334.0
255.0
587.0
179.0
447.0
237.0
284.0
400.0
236.0
250.0
261.0
316.0
259.0
189.0
301.0
323.0
289.0
241.0
245.0
236.0
277.0
273.0
230.0
356.0
261.0
229.0
253.0
276.0
221.0
239.0
442.0
349.0
298.0
398.0
248.0
366.0
248.0
189.0
256.0
207.0
254.0
241.0
222.0
248.0
334.0
292.0
231.0
242.0
199.0
427.0
292.0
178.0
193.0
429.0
310.0
316.0
317.0
206.0
333.0
342.0
235.0
236.0
251.0
231.0
267.0
238.0
300.0
151.0
286.0
254.0
226.0
320.0
195.0
503.0
210.0
368.0
355.0
392.0
260.0
181.0
310.0
292.0
305.0
161.0
305.0
223.0
355.0
223.0
226.0
301.0
399.0
272.0
260.0
228.0
462.0
217.0
279.0
188.0
416.0
215.0
216.0
194.0
276.0
312.0
243.0
247.0
346.0
336.0
281.0
299.0
216.0
369.0
156.0
186.0
276.0
206.0
231.0
162.0
239.0
393.0
199.0
325.0
280.0
178.0
364.0
439.0
256.0
316.0
262.0
405.0
204.0
707.0
446.0
311.0
372.0
310.0
200.0
454.0
249.0
254.0
178.0
268.0
340.0
337.0
223.0
174.0
181.0
250.0
156.0
411.0
300.0
373.0
366.0
152.0
188.0
279.0
315.0
293.0
291.0
243.0
363.0
332.0
323.0
261.0
195.0
352.0
314.0
243.0
276.0
217.0
172.0
178.0
188.0
376.0
180.0
155.0
507.0
302.0
204.0
162.0
278.0
181.0
205.0
292.0
277.0
227.0
245.0
136.0
270.0
300.0
196.0
234.0
266.0
353.0
281.0
255.0
255.0
201.0
355.0
333.0
215.0
210.0
305.0
262.0
192.0
215.0
259.0
370.0
234.0
329.0
217.0
356.0
403.0
386.0
304.0
256.0
255.0
237.0
185.0
240.0
146.0
140.0
329.0
381.0
321.0
242.0
241.0
281.0
541.0
245.0
361.0
342.0
255.0
256.0
396.0
354.0
332.0
212.0
207.0
240.0
286.0
233.0
286.0
215.0
161.0
192.0
243.0
179.0
226.0
236.0
221.0
198.0
249.0
175.0
359.0
296.0
267.0
625.0
220.0
326.0
349.0
274.0
181.0
260.0
178.0
143.0
237.0
224.0
283.0
276.0
262.0
246.0
249.0
267.0
222.0
201.0
265.0
284.0
270.0
302.0
328.0
217.0
130.0
276.0
175.0
209.0
232.0
284.0
273.0
252.0
320.0
192.0
245.0
759.0
154.0
234.0
211.0
302.0
235.0
335.0
228.0
257.0
228.0
317.0
293.0
228.0
342.0
208.0
166.0
284.0
156.0
261.0
246.0
301.0
231.0
306.0
170.0
235.0
329.0
190.0
224.0
309.0
243.0
249.0
317.0
294.0
411.0
657.0
179.0
290.0
261.0
244.0
226.0
271.0
316.0
157.0
307.0
191.0
207.0
206.0
243.0
159.0
296.0
209.0
319.0
288.0
340.0
329.0
205.0
284.0
253.0
235.0
338.0
224.0
173.0
263.0
284.0
307.0
179.0
300.0
243.0
411.0
306.0
375.0
237.0
178.0
241.0
190.0
247.0
223.0
244.0
318.0
243.0
262.0
264.0
221.0
206.0
210.0
375.0
232.0
343.0
229.0
264.0
338.0
187.0
257.0
333.0
251.0
226.0
225.0
141.0
157.0
239.0
269.0
285.0
299.0
169.0
425.0
179.0
262.0
179.0
227.0
435.0
263.0
190.0
282.0
287.0
337.0
376.0
246.0
393.0
225.0
331.0
268.0
352.0
226.0
276.0
235.0
288.0
253.0
245.0
227.0
255.0
190.0
248.0
265.0
249.0
376.0
237.0
267.0
342.0
212.0
325.0
311.0
264.0
354.0
186.0
327.0
340.0
335.0
238.0
191.0
169.0
333.0
333.0
366.0
254.0
267.0
305.0
212.0
330.0
227.0
194.0
247.0
170.0
300.0
301.0
176.0
181.0
283.0
211.0
192.0
247.0
186.0
184.0
189.0
306.0
377.0
194.0
364.0
367.0
251.0
330.0
241.0
244.0
298.0
274.0
205.0
225.0
251.0
233.0
201.0
245.0
265.0
273.0
210.0
380.0
248.0
326.0
191.0
135.0
257.0
288.0
211.0
373.0
294.0
358.0
191.0
238.0
325.0
110.0
423.0
236.0
213.0
253.0
219.0
279.0
236.0
331.0
180.0
359.0
381.0
337.0
248.0
305.0
262.0
222.0
403.0
273.0
373.0
341.0
363.0
182.0
256.0
252.0
247.0
205.0
218.0
276.0
258.0
227.0
209.0
197.0
376.0
352.0
321.0
211.0
337.0
240.0
166.0
225.0
251.0
233.0
214.0
265.0
317.0
326.0
375.0
377.0
203.0
176.0
337.0
179.0
243.0
241.0
163.0
459.0
228.0
170.0
463.0
381.0
269.0
253.0
432.0
294.0
243.0
288.0
184.0
283.0
250.0
243.0
257.0
182.0
319.0
177.0
253.0
311.0
346.0
244.0
257.0
335.0
257.0
307.0
333.0
329.0
798.0
223.0
211.0
323.0
211.0
306.0
203.0
279.0
365.0
259.0
247.0
266.0
352.0
351.0
147.0
233.0
369.0
356.0
307.0
257.0
229.0
417.0
183.0
285.0
189.0
326.0
350.0
284.0
242.0
431.0
278.0
305.0
234.0
267.0
240.0
410.0
361.0
268.0
337.0
234.0
259.0
249.0
187.0
305.0
317.0
253.0
382.0
231.0
226.0
344.0
266.0
195.0
318.0
252.0
381.0
251.0
397.0
227.0
218.0
432.0
250.0
232.0
250.0
261.0
263.0
242.0
192.0
259.0
327.0
278.0
320.0
230.0
187.0
273.0
344.0
273.0
237.0
1997.0
245.0
448.0
310.0
276.0
222.0
199.0
170.0
369.0
297.0
239.0
285.0
205.0
341.0
209.0
302.0
268.0
233.0
273.0
282.0
313.0
267.0
274.0
335.0
253.0
271.0
520.0
327.0
409.0
337.0
174.0
300.0
151.0
190.0
359.0
237.0
280.0
193.0
315.0
241.0
211.0
170.0
353.0
203.0
187.0
381.0
265.0
252.0
288.0
244.0
289.0
268.0
337.0
442.0
180.0
290.0
389.0
211.0
258.0
335.0
240.0
200.0
600.0
251.0
310.0
412.0
278.0
240.0
250.0
220.0
304.0
586.0
290.0
163.0
211.0
278.0
184.0
316.0
303.0
241.0
332.0
240.0
271.0
341.0
352.0
284.0
164.0
276.0
219.0
247.0
196.0
334.0
182.0
237.0
184.0
277.0
308.0
248.0
229.0
225.0
253.0
370.0
175.0
181.0
788.0
306.0
530.0
247.0
225.0
245.0
310.0
189.0
175.0
258.0
209.0
253.0
498.0
346.0
225.0
343.0
285.0
213.0
283.0
401.0
186.0
303.0
241.0
350.0
249.0
232.0
306.0
233.0
442.0
319.0
170.0
333.0
185.0
267.0
177.0
183.0
378.0
304.0
196.0
317.0
416.0
280.0
313.0
239.0
265.0
261.0
403.0
206.0
345.0
237.0
320.0
228.0
333.0
289.0
316.0
314.0
192.0
269.0
240.0
224.0
272.0
278.0
295.0
247.0
292.0
244.0
249.0
205.0
277.0
254.0
236.0
225.0
271.0
238.0
165.0
223.0
248.0
259.0
325.0
318.0
267.0
234.0
235.0
220.0
270.0
257.0
228.0
237.0
248.0
255.0
242.0
313.0
332.0
198.0
304.0
172.0
192.0
250.0
187.0
360.0
268.0
277.0
199.0
162.0
247.0
264.0
1252.0
346.0
246.0
250.0
305.0
310.0
272.0
227.0
230.0
271.0
277.0
177.0
159.0
259.0
328.0
237.0
234.0
214.0
229.0
357.0
347.0
202.0
176.0
299.0
268.0
207.0
293.0
248.0
146.0
253.0
272.0
283.0
249.0
322.0
347.0
212.0
259.0
302.0
315.0
247.0
401.0
285.0
294.0
253.0
199.0
264.0
284.0
188.0
175.0
233.0
368.0
184.0
189.0
364.0
154.0
258.0
276.0
402.0
258.0
334.0
181.0
488.0
209.0
263.0
239.0
469.0
275.0
284.0
213.0
249.0
317.0
372.0
243.0
187.0
189.0
214.0
344.0
304.0
207.0
175.0
206.0
177.0
348.0
375.0
303.0
197.0
240.0
192.0
290.0
300.0
227.0
223.0
349.0
172.0
204.0
320.0
176.0
285.0
330.0
432.0
207.0
265.0
423.0
408.0
285.0
262.0
381.0
363.0
271.0
179.0
150.0
209.0
300.0
256.0
282.0
281.0
268.0
211.0
248.0
261.0
234.0
327.0
215.0
324.0
375.0
223.0
213.0
356.0
593.0
267.0
267.0
239.0
308.0
353.0
222.0
315.0
309.0
261.0
278.0
302.0
313.0
248.0
278.0
343.0
253.0
311.0
248.0
288.0
222.0
184.0
249.0
282.0
333.0
229.0
196.0
313.0
299.0
336.0
234.0
306.0
225.0
147.0
187.0
397.0
312.0
383.0
346.0
264.0
306.0
334.0
393.0
210.0
405.0
234.0
170.0
294.0
263.0
206.0
256.0
254.0
209.0
273.0
273.0
230.0
238.0
296.0
275.0
410.0
270.0
218.0
219.0
224.0
352.0
260.0
353.0
279.0
189.0
217.0
248.0
212.0
318.0
427.0
186.0
182.0
422.0
256.0
425.0
266.0
190.0
353.0
338.0
282.0
321.0
299.0
369.0
353.0
309.0
204.0
272.0
255.0
366.0
312.0
405.0
230.0
401.0
247.0
187.0
236.0
305.0
238.0
192.0
496.0
179.0
223.0
379.0
308.0
219.0
283.0
262.0
247.0
291.0
334.0
418.0
312.0
166.0
282.0
477.0
167.0
340.0
241.0
254.0
211.0
328.0
387.0
222.0
235.0
340.0
263.0
471.0
395.0
270.0
214.0
261.0
247.0
327.0
288.0
187.0
293.0
243.0
202.0
266.0
230.0
189.0
314.0
249.0
318.0
243.0
254.0
262.0
306.0
157.0
259.0
201.0
339.0
220.0
241.0
281.0
386.0
322.0
294.0
394.0
252.0
357.0
190.0
336.0
305.0
232.0
176.0
232.0
287.0
331.0
273.0
255.0
231.0
383.0
261.0
212.0
426.0
216.0
338.0
231.0
229.0
331.0
302.0
257.0
229.0
274.0
278.0
216.0
263.0
328.0
215.0
228.0
273.0
281.0
144.0
308.0
225.0
254.0
229.0
299.0
468.0
231.0
310.0
245.0
196.0
228.0
246.0
397.0
149.0
334.0
295.0
277.0
363.0
248.0
272.0
285.0
249.0
249.0
208.0
354.0
227.0
374.0
249.0
265.0
169.0
276.0
222.0
319.0
331.0
314.0
192.0
265.0
257.0
239.0
212.0
316.0
278.0
348.0
318.0
299.0
276.0
163.0
283.0
219.0
230.0
326.0
318.0
381.0
381.0
286.0
272.0
202.0
318.0
270.0
229.0
245.0
327.0
226.0
269.0
236.0
184.0
268.0
348.0
209.0
367.0
284.0
231.0
377.0
191.0
314.0
253.0
258.0
250.0
231.0
314.0
346.0
191.0
240.0
200.0
315.0
206.0
291.0
209.0
414.0
245.0
228.0
283.0
210.0
325.0
164.0
312.0
199.0
220.0
356.0
404.0
192.0
261.0
263.0
337.0
221.0
273.0
212.0
394.0
240.0
288.0
244.0
183.0
311.0
321.0
297.0
290.0
308.0
352.0
247.0
334.0
237.0
361.0
365.0
184.0
230.0
222.0
191.0
252.0
289.0
215.0
305.0
225.0
374.0
224.0
316.0
330.0
227.0
232.0
359.0
254.0
229.0
323.0
216.0
229.0
235.0
322.0
240.0
248.0
303.0
208.0
214.0
276.0
349.0
314.0
366.0
306.0
220.0
345.0
224.0
237.0
230.0
292.0
191.0
291.0
292.0
329.0
234.0
293.0
299.0
200.0
187.0
227.0
230.0
198.0
251.0
515.0
205.0
360.0
235.0
216.0
291.0
363.0
233.0
303.0
264.0
331.0
198.0
206.0
275.0
275.0
266.0
219.0
307.0
221.0
350.0
211.0
296.0
202.0
268.0
261.0
264.0
322.0
218.0
170.0
275.0
243.0
241.0
255.0
287.0
286.0
229.0
299.0
452.0
402.0
255.0
254.0
241.0
273.0
264.0
267.0
328.0
297.0
311.0
235.0
295.0
173.0
329.0
231.0
286.0
232.0
339.0
248.0
257.0
278.0
292.0
278.0
420.0
208.0
142.0
331.0
225.0
254.0
310.0
231.0
273.0
338.0
368.0
181.0
352.0
212.0
420.0
260.0
204.0
351.0
349.0
221.0
274.0
180.0
163.0
340.0
183.0
335.0
133.0
268.0
221.0
292.0
157.0
185.0
252.0
234.0
296.0
192.0
284.0
262.0
347.0
416.0
234.0
285.0
262.0
219.0
419.0
263.0
232.0
297.0
203.0
298.0
266.0
330.0
260.0
245.0
270.0
154.0
261.0
304.0
301.0
246.0
244.0
289.0
212.0
256.0
297.0
265.0
234.0
228.0
251.0
342.0
256.0
200.0
237.0
282.0
211.0
257.0
412.0
305.0
164.0
359.0
296.0
301.0
262.0
237.0
241.0
290.0
348.0
221.0
194.0
203.0
254.0
239.0
221.0
207.0
185.0
1422.0
295.0
265.0
494.0
246.0
337.0
192.0
201.0
210.0
239.0
167.0
503.0
160.0
250.0
211.0
247.0
263.0
259.0
262.0
227.0
247.0
229.0
275.0
329.0
223.0
293.0
372.0
207.0
263.0
275.0
258.0
255.0
286.0
171.0
224.0
208.0
380.0
181.0
543.0
282.0
335.0
299.0
518.0
400.0
294.0
340.0
346.0
228.0
275.0
145.0
253.0
302.0
241.0
240.0
221.0
319.0
210.0
238.0
304.0
218.0
245.0
440.0
261.0
248.0
243.0
372.0
427.0
335.0
286.0
311.0
220.0
435.0
197.0
252.0
266.0
227.0
256.0
315.0
292.0
201.0
217.0
263.0
274.0
291.0
262.0
490.0
280.0
302.0
192.0
156.0
220.0
344.0
251.0
342.0
295.0
295.0
235.0
166.0
270.0
244.0
262.0
179.0
1207.0
205.0
342.0
219.0
253.0
358.0
187.0
230.0
161.0
262.0
283.0
378.0
160.0
243.0
243.0
187.0
345.0
213.0
362.0
359.0
314.0
295.0
228.0
336.0
223.0
312.0
545.0
265.0
201.0
242.0
249.0
339.0
275.0
244.0
490.0
229.0
210.0
352.0
278.0
413.0
342.0
251.0
191.0
235.0
272.0
260.0
216.0
261.0
252.0
214.0
274.0
314.0
267.0
232.0
250.0
255.0
245.0
227.0
245.0
283.0
268.0
377.0
245.0
193.0
270.0
220.0
175.0
175.0
344.0
281.0
333.0
312.0
300.0
302.0
223.0
192.0
289.0
273.0
190.0
250.0
306.0
292.0
242.0
307.0
235.0
225.0
255.0
345.0
150.0
429.0
195.0
274.0
231.0
268.0
298.0
296.0
279.0
206.0
227.0
270.0
218.0
215.0
191.0
243.0
308.0
162.0
387.0
209.0
362.0
618.0
326.0
340.0
183.0
239.0
235.0
291.0
124.0
290.0
219.0
256.0
416.0
315.0
218.0
249.0
276.0
315.0
277.0
353.0
241.0
240.0
448.0
291.0
430.0
207.0
383.0
270.0
255.0
239.0
290.0
290.0
257.0
264.0
236.0
324.0
184.0
177.0
186.0
201.0
383.0
210.0
364.0
361.0
214.0
254.0
254.0
232.0
312.0
433.0
352.0
305.0
137.0
307.0
349.0
364.0
186.0
320.0
172.0
338.0
220.0
277.0
280.0
238.0
294.0
321.0
448.0
179.0
218.0
280.0
256.0
217.0
233.0
250.0
173.0
324.0
214.0
472.0
222.0
338.0
225.0
248.0
282.0
535.0
288.0
391.0
288.0
257.0
274.0
310.0
218.0
548.0
159.0
424.0
353.0
224.0
198.0
211.0
352.0
338.0
470.0
323.0
258.0
404.0
293.0
229.0
303.0
260.0
128.0
306.0
224.0
203.0
202.0
296.0
328.0
204.0
274.0
319.0
242.0
235.0
351.0
180.0
204.0
213.0
329.0
632.0
214.0
395.0
268.0
230.0
310.0
250.0
185.0
278.0
273.0
228.0
247.0
164.0
270.0
264.0
346.0
241.0
218.0
269.0
283.0
236.0
230.0
181.0
382.0
196.0
238.0
269.0
359.0
215.0
322.0
253.0
307.0
328.0
308.0
292.0
183.0
268.0
457.0
230.0
358.0
176.0
349.0
159.0
316.0
227.0
189.0
278.0
276.0
233.0
269.0
222.0
202.0
249.0
337.0
152.0
273.0
200.0
277.0
229.0
321.0
251.0
292.0
414.0
352.0
359.0
284.0
211.0
238.0
291.0
385.0
252.0
256.0
297.0
357.0
151.0
288.0
277.0
271.0
256.0
479.0
243.0
207.0
326.0
322.0
188.0
209.0
354.0
201.0
252.0
339.0
352.0
153.0
341.0
219.0
215.0
243.0
251.0
337.0
241.0
381.0
206.0
404.0
221.0
242.0
257.0
511.0
223.0
254.0
184.0
421.0
289.0
177.0
175.0
382.0
279.0
234.0
329.0
180.0
259.0
311.0
413.0
226.0
387.0
348.0
258.0
272.0
365.0
407.0
268.0
308.0
317.0
229.0
315.0
258.0
310.0
279.0
327.0
261.0
216.0
265.0
344.0
259.0
176.0
216.0
213.0
225.0
238.0
282.0
173.0
254.0
238.0
304.0
394.0
289.0
271.0
251.0
380.0
376.0
194.0
360.0
256.0
326.0
371.0
240.0
382.0
298.0
403.0
312.0
305.0
255.0
266.0
408.0
268.0
447.0
228.0
257.0
211.0
307.0
215.0
240.0
191.0
270.0
499.0
292.0
313.0
277.0
164.0
302.0
290.0
252.0
336.0
359.0
235.0
215.0
238.0
274.0
199.0
406.0
488.0
353.0
227.0
295.0
263.0
259.0
240.0
269.0
268.0
239.0
298.0
216.0
294.0
172.0
352.0
231.0
289.0
229.0
250.0
247.0
310.0
243.0
383.0
203.0
313.0
316.0
210.0
348.0
412.0
278.0
278.0
281.0
297.0
414.0
259.0
213.0
330.0
308.0
199.0
323.0
258.0
237.0
266.0
203.0
209.0
387.0
270.0
232.0
201.0
232.0
303.0
194.0
225.0
408.0
354.0
295.0
268.0
326.0
277.0
201.0
233.0
332.0
214.0
303.0
233.0
300.0
267.0
310.0
452.0
218.0
317.0
260.0
294.0
316.0
372.0
329.0
325.0
297.0
320.0
285.0
210.0
284.0
189.0
203.0
280.0
290.0
236.0
218.0
345.0
231.0
321.0
177.0
213.0
192.0
258.0
224.0
241.0
367.0
266.0
237.0
227.0
374.0
321.0
166.0
392.0
228.0
282.0
260.0
302.0
185.0
233.0
434.0
307.0
238.0
328.0
305.0
306.0
247.0
273.0
266.0
218.0
228.0
169.0
247.0
293.0
450.0
326.0
330.0
157.0
182.0
213.0
417.0
355.0
261.0
308.0
211.0
326.0
389.0
178.0
201.0
292.0
236.0
292.0
286.0
364.0
250.0
373.0
259.0
267.0
223.0
281.0
315.0
230.0
216.0
292.0
358.0
210.0
273.0
243.0
329.0
236.0
210.0
235.0
275.0
165.0
315.0
233.0
294.0
237.0
320.0
250.0
294.0
294.0
261.0
284.0
263.0
269.0
385.0
233.0
222.0
249.0
324.0
229.0
276.0
270.0
235.0
258.0
215.0
241.0
334.0
264.0
339.0
264.0
368.0
324.0
149.0
334.0
270.0
248.0
255.0
318.0
379.0
275.0
246.0
275.0
282.0
346.0
332.0
217.0
252.0
241.0
282.0
251.0
245.0
300.0
190.0
396.0
370.0
282.0
238.0
471.0
206.0
184.0
151.0
255.0
453.0
256.0
213.0
257.0
247.0
241.0
359.0
295.0
300.0
357.0
308.0
265.0
285.0
313.0
279.0
293.0
169.0
209.0
288.0
215.0
306.0
270.0
366.0
232.0
131.0
456.0
237.0
152.0
207.0
207.0
287.0
263.0
263.0
264.0
252.0
265.0
305.0
207.0
288.0
315.0
347.0
292.0
280.0
192.0
314.0
237.0
275.0
217.0
345.0
379.0
218.0
418.0
351.0
258.0
263.0
232.0
279.0
371.0
249.0
326.0
279.0
291.0
192.0
260.0
369.0
298.0
306.0
242.0
243.0
242.0
293.0
565.0
293.0
243.0
140.0
334.0
269.0
187.0
277.0
249.0
230.0
210.0
245.0
260.0
220.0
245.0
212.0
181.0
243.0
256.0
205.0
262.0
278.0
326.0
225.0
202.0
256.0
261.0
270.0
277.0
253.0
272.0
276.0
275.0
312.0
222.0
267.0
1086.0
208.0
348.0
337.0
316.0
255.0
243.0
204.0
377.0
229.0
299.0
218.0
290.0
289.0
223.0
244.0
330.0
239.0
166.0
293.0
234.0
171.0
195.0
384.0
243.0
233.0
227.0
298.0
245.0
215.0
357.0
305.0
148.0
250.0
211.0
163.0
369.0
351.0
365.0
299.0
227.0
176.0
384.0
528.0
367.0
292.0
339.0
159.0
292.0
207.0
360.0
376.0
286.0
280.0
279.0
208.0
202.0
246.0
114.0
255.0
244.0
331.0
162.0
160.0
235.0
214.0
296.0
240.0
277.0
258.0
273.0
189.0
187.0
234.0
362.0
279.0
201.0
293.0
184.0
213.0
375.0
434.0
243.0
334.0
309.0
245.0
395.0
207.0
278.0
364.0
249.0
361.0
236.0
270.0
293.0
281.0
195.0
272.0
212.0
169.0
251.0
213.0
293.0
225.0
276.0
320.0
363.0
307.0
369.0
218.0
266.0
347.0
180.0
381.0
308.0
246.0
227.0
228.0
295.0
265.0
245.0
235.0
266.0
235.0
221.0
239.0
162.0
223.0
268.0
408.0
302.0
260.0
309.0
268.0
300.0
264.0
229.0
242.0
241.0
279.0
260.0
225.0
246.0
256.0
244.0
234.0
452.0
297.0
308.0
333.0
207.0
338.0
269.0
298.0
148.0
335.0
261.0
259.0
209.0
300.0
311.0
296.0
340.0
289.0
514.0
299.0
226.0
230.0
241.0
171.0
246.0
294.0
316.0
321.0
295.0
228.0
238.0
259.0
273.0
193.0
263.0
304.0
208.0
179.0
279.0
364.0
264.0
180.0
306.0
302.0
249.0
246.0
231.0
243.0
332.0
1143.0
256.0
238.0
353.0
143.0
277.0
289.0
242.0
265.0
184.0
269.0
247.0
285.0
264.0
319.0
427.0
228.0
276.0
262.0
534.0
283.0
252.0
251.0
257.0
181.0
302.0
293.0
297.0
214.0
189.0
175.0
319.0
242.0
243.0
191.0
298.0
196.0
263.0
607.0
305.0
313.0
206.0
264.0
204.0
338.0
342.0
269.0
250.0
306.0
232.0
240.0
228.0
288.0
217.0
260.0
216.0
220.0
200.0
279.0
370.0
360.0
321.0
231.0
208.0
298.0
235.0
191.0
285.0
232.0
218.0
258.0
226.0
284.0
171.0
287.0
403.0
258.0
228.0
187.0
423.0
212.0
255.0
227.0
204.0
173.0
417.0
226.0
172.0
221.0
327.0
271.0
249.0
270.0
283.0
246.0
275.0
284.0
268.0
155.0
443.0
242.0
313.0
302.0
367.0
254.0
229.0
271.0
213.0
242.0
197.0
236.0
375.0
139.0
284.0
259.0
305.0
327.0
220.0
314.0
246.0
328.0
370.0
176.0
253.0
367.0
428.0
230.0
239.0
254.0
166.0
247.0
344.0
345.0
260.0
354.0
248.0
342.0
300.0
243.0
179.0
238.0
271.0
265.0
290.0
153.0
193.0
307.0
343.0
325.0
314.0
212.0
253.0
195.0
236.0
357.0
224.0
390.0
426.0
323.0
373.0
255.0
406.0
281.0
337.0
247.0
400.0
392.0
268.0
182.0
412.0
194.0
338.0
249.0
260.0
360.0
208.0
188.0
266.0
275.0
440.0
145.0
251.0
267.0
306.0
500.0
207.0
253.0
160.0
363.0
195.0
215.0
238.0
228.0
399.0
286.0
247.0
352.0
404.0
284.0
251.0
409.0
312.0
291.0
339.0
168.0
238.0
306.0
256.0
302.0
246.0
271.0
291.0
295.0
223.0
303.0
301.0
271.0
238.0
214.0
309.0
453.0
288.0
272.0
257.0
308.0
374.0
267.0
441.0
267.0
271.0
255.0
342.0
247.0
226.0
152.0
729.0
277.0
213.0
378.0
263.0
246.0
484.0
207.0
254.0
361.0
388.0
269.0
351.0
299.0
244.0
328.0
320.0
241.0
461.0
298.0
338.0
218.0
271.0
228.0
291.0
209.0
210.0
254.0
221.0
155.0
408.0
302.0
375.0
256.0
359.0
200.0
284.0
397.0
268.0
275.0
231.0
284.0
318.0
148.0
232.0
243.0
276.0
262.0
373.0
314.0
254.0
275.0
321.0
380.0
291.0
177.0
268.0
388.0
200.0
317.0
201.0
236.0
236.0
243.0
346.0
313.0
234.0
350.0
275.0
351.0
316.0
314.0
303.0
260.0
423.0
233.0
254.0
287.0
291.0
229.0
204.0
239.0
225.0
303.0
196.0
242.0
253.0
242.0
201.0
331.0
341.0
295.0
276.0
306.0
213.0
256.0
282.0
346.0
409.0
244.0
606.0
311.0
291.0
256.0
326.0
194.0
208.0
371.0
243.0
349.0
366.0
195.0
283.0
296.0
303.0
228.0
329.0
371.0
253.0
310.0
327.0
191.0
146.0
286.0
242.0
239.0
208.0
254.0
345.0
286.0
229.0
269.0
256.0
306.0
225.0
428.0
216.0
249.0
234.0
336.0
270.0
287.0
203.0
295.0
256.0
412.0
211.0
234.0
233.0
193.0
360.0
261.0
305.0
327.0
251.0
215.0
479.0
307.0
270.0
404.0
284.0
177.0
353.0
300.0
203.0
242.0
249.0
186.0
314.0
304.0
311.0
295.0
317.0
237.0
355.0
253.0
263.0
309.0
233.0
270.0
330.0
161.0
278.0
207.0
271.0
264.0
270.0
216.0
251.0
321.0
169.0
232.0
238.0
327.0
290.0
370.0
362.0
242.0
302.0
246.0
209.0
399.0
376.0
277.0
211.0
281.0
239.0
222.0
265.0
269.0
167.0
248.0
302.0
341.0
328.0
261.0
281.0
262.0
272.0
240.0
262.0
360.0
280.0
279.0
306.0
242.0
253.0
323.0
184.0
293.0
309.0
263.0
332.0
157.0
307.0
335.0
267.0
275.0
305.0
371.0
290.0
381.0
248.0
305.0
216.0
271.0
248.0
246.0
177.0
216.0
243.0
398.0
362.0
247.0
304.0
182.0
278.0
325.0
222.0
242.0
355.0
511.0
295.0
334.0
195.0
229.0
263.0
292.0
192.0
300.0
397.0
262.0
262.0
345.0
291.0
278.0
197.0
187.0
214.0
274.0
308.0
291.0
315.0
253.0
257.0
404.0
251.0
339.0
309.0
233.0
200.0
239.0
233.0
310.0
302.0
325.0
219.0
225.0
284.0
321.0
396.0
274.0
309.0
259.0
276.0
355.0
247.0
228.0
307.0
291.0
269.0
262.0
227.0
287.0
324.0
213.0
234.0
302.0
379.0
340.0
184.0
239.0
279.0
221.0
348.0
206.0
240.0
365.0
279.0
252.0
309.0
252.0
272.0
548.0
292.0
261.0
219.0
250.0
204.0
352.0
333.0
224.0
386.0
424.0
287.0
253.0
260.0
240.0
266.0
228.0
215.0
285.0
249.0
230.0
318.0
287.0
290.0
203.0
266.0
398.0
464.0
183.0
242.0
328.0
344.0
223.0
206.0
259.0
213.0
221.0
239.0
263.0
346.0
204.0
341.0
297.0
214.0
297.0
283.0
213.0
338.0
237.0
208.0
175.0
335.0
235.0
289.0
226.0
315.0
235.0
363.0
344.0
265.0
314.0
392.0
452.0
274.0
233.0
159.0
273.0
197.0
260.0
185.0
217.0
222.0
311.0
365.0
278.0
341.0
273.0
320.0
314.0
304.0
267.0
293.0
145.0
261.0
296.0
214.0
248.0
268.0
280.0
193.0
283.0
278.0
182.0
141.0
258.0
365.0
233.0
257.0
279.0
218.0
516.0
237.0
384.0
302.0
341.0
143.0
265.0
137.0
387.0
283.0
344.0
235.0
257.0
239.0
324.0
215.0
184.0
228.0
285.0
373.0
297.0
333.0
395.0
199.0
515.0
337.0
271.0
269.0
196.0
222.0
178.0
324.0
282.0
452.0
205.0
248.0
205.0
252.0
264.0
297.0
255.0
260.0
217.0
285.0
277.0
268.0
222.0
179.0
334.0
294.0
237.0
213.0
218.0
181.0
352.0
229.0
364.0
321.0
267.0
491.0
368.0
264.0
208.0
236.0
365.0
238.0
375.0
237.0
173.0
308.0
226.0
198.0
326.0
323.0
328.0
259.0
256.0
250.0
463.0
231.0
226.0
278.0
200.0
264.0
173.0
176.0
218.0
277.0
282.0
315.0
215.0
186.0
344.0
385.0
227.0
242.0
227.0
270.0
218.0
253.0
232.0
339.0
311.0
254.0
221.0
233.0
304.0
200.0
352.0
237.0
331.0
324.0
306.0
197.0
298.0
248.0
241.0
281.0
268.0
255.0
281.0
319.0
252.0
360.0
358.0
297.0
277.0
319.0
209.0
179.0
240.0
220.0
408.0
265.0
221.0
383.0
264.0
478.0
253.0
289.0
247.0
250.0
187.0
178.0
232.0
229.0
314.0
255.0
266.0
218.0
249.0
263.0
232.0
253.0
207.0
270.0
275.0
267.0
282.0
241.0
351.0
337.0
251.0
247.0
229.0
200.0
286.0
293.0
309.0
384.0
288.0
192.0
153.0
355.0
294.0
302.0
324.0
251.0
394.0
242.0
284.0
260.0
253.0
192.0
218.0
287.0
231.0
318.0
226.0
254.0
325.0
316.0
162.0
166.0
347.0
215.0
229.0
318.0
293.0
296.0
286.0
303.0
183.0
298.0
303.0
194.0
210.0
245.0
210.0
343.0
248.0
437.0
285.0
243.0
395.0
554.0
235.0
266.0
344.0
216.0
236.0
483.0
333.0
251.0
236.0
331.0
257.0
349.0
401.0
201.0
271.0
250.0
249.0
165.0
219.0
288.0
280.0
267.0
319.0
265.0
252.0
254.0
250.0
225.0
275.0
228.0
301.0
300.0
205.0
259.0
364.0
232.0
219.0
261.0
294.0
276.0
281.0
218.0
259.0
236.0
331.0
228.0
264.0
234.0
382.0
278.0
209.0
131.0
296.0
242.0
251.0
232.0
243.0
223.0
246.0
202.0
358.0
317.0
245.0
278.0
232.0
179.0
251.0
304.0
278.0
284.0
299.0
227.0
254.0
294.0
407.0
407.0
226.0
368.0
348.0
208.0
231.0
368.0
246.0
242.0
430.0
311.0
303.0
271.0
297.0
201.0
244.0
260.0
409.0
176.0
296.0
230.0
338.0
396.0
392.0
320.0
278.0
237.0
357.0
253.0
279.0
334.0
197.0
325.0
306.0
231.0
464.0
244.0
201.0
429.0
258.0
432.0
356.0
214.0
288.0
213.0
180.0
201.0
320.0
243.0
338.0
390.0
301.0
273.0
265.0
319.0
294.0
253.0
257.0
225.0
146.0
192.0
280.0
308.0
244.0
301.0
236.0
277.0
272.0
228.0
270.0
273.0
269.0
206.0
163.0
333.0
142.0
303.0
232.0
261.0
466.0
386.0
264.0
385.0
224.0
235.0
212.0
232.0
279.0
304.0
220.0
208.0
268.0
335.0
240.0
236.0
222.0
305.0
404.0
246.0
393.0
240.0
249.0
312.0
167.0
317.0
393.0
228.0
337.0
190.0
216.0
241.0
405.0
269.0
212.0
227.0
302.0
248.0
221.0
221.0
158.0
198.0
366.0
262.0
304.0
192.0
400.0
304.0
311.0
357.0
309.0
282.0
244.0
256.0
409.0
326.0
309.0
295.0
186.0
183.0
363.0
354.0
207.0
229.0
209.0
315.0
395.0
356.0
244.0
163.0
255.0
281.0
241.0
323.0
204.0
309.0
310.0
431.0
298.0
247.0
429.0
229.0
355.0
214.0
253.0
301.0
280.0
353.0
243.0
261.0
307.0
276.0
272.0
295.0
260.0
184.0
325.0
383.0
345.0
337.0
322.0
285.0
258.0
248.0
424.0
264.0
246.0
241.0
270.0
272.0
258.0
233.0
372.0
215.0
228.0
277.0
203.0
256.0
404.0
297.0
209.0
339.0
317.0
243.0
267.0
236.0
371.0
310.0
223.0
191.0
354.0
187.0
285.0
221.0
270.0
294.0
270.0
306.0
303.0
305.0
228.0
342.0
229.0
335.0
203.0
385.0
251.0
271.0
307.0
188.0
231.0
233.0
209.0
297.0
366.0
402.0
210.0
265.0
268.0
342.0
281.0
323.0
354.0
214.0
341.0
213.0
355.0
251.0
336.0
305.0
353.0
277.0
349.0
300.0
200.0
349.0
336.0
262.0
296.0
216.0
310.0
299.0
224.0
271.0
413.0
248.0
389.0
153.0
223.0
188.0
224.0
245.0
343.0
323.0
451.0
212.0
342.0
280.0
278.0
413.0
257.0
226.0
466.0
421.0
272.0
302.0
335.0
273.0
238.0
235.0
272.0
189.0
209.0
317.0
204.0
215.0
320.0
296.0
155.0
283.0
216.0
267.0
209.0
268.0
385.0
205.0
324.0
308.0
227.0
260.0
207.0
319.0
236.0
331.0
296.0
287.0
189.0
227.0
366.0
358.0
237.0
349.0
364.0
296.0
331.0
311.0
432.0
261.0
326.0
333.0
149.0
338.0
197.0
269.0
292.0
264.0
319.0
340.0
316.0
348.0
242.0
316.0
273.0
199.0
203.0
267.0
309.0
271.0
251.0
273.0
351.0
210.0
409.0
276.0
322.0
287.0
321.0
223.0
252.0
293.0
228.0
385.0
143.0
227.0
279.0
302.0
334.0
345.0
284.0
312.0
355.0
148.0
332.0
349.0
345.0
335.0
633.0
509.0
314.0
202.0
268.0
232.0
258.0
368.0
219.0
226.0
319.0
250.0
260.0
210.0
256.0
247.0
273.0
399.0
250.0
410.0
258.0
241.0
232.0
199.0
306.0
376.0
338.0
234.0
319.0
307.0
263.0
262.0
331.0
194.0
284.0
262.0
248.0
286.0
253.0
276.0
316.0
227.0
234.0
351.0
329.0
275.0
278.0
332.0
358.0
437.0
202.0
335.0
249.0
196.0
311.0
264.0
267.0
292.0
201.0
358.0
306.0
250.0
178.0
221.0
305.0
347.0
357.0
271.0
231.0
290.0
414.0
266.0
240.0
466.0
203.0
315.0
265.0
227.0
193.0
206.0
241.0
326.0
311.0
237.0
233.0
310.0
244.0
291.0
334.0
227.0
245.0
197.0
367.0
270.0
242.0
361.0
255.0
389.0
261.0
295.0
342.0
247.0
311.0
339.0
240.0
221.0
352.0
238.0
329.0
176.0
164.0
286.0
239.0
236.0
205.0
195.0
364.0
292.0
266.0
293.0
294.0
202.0
203.0
347.0
274.0
198.0
212.0
254.0
232.0
377.0
332.0
236.0
229.0
187.0
281.0
316.0
339.0
391.0
308.0
385.0
323.0
370.0
281.0
295.0
258.0
228.0
437.0
280.0
204.0
172.0
239.0
235.0
332.0
272.0
248.0
438.0
352.0
340.0
220.0
250.0
313.0
179.0
344.0
162.0
223.0
206.0
245.0
235.0
294.0
228.0
341.0
337.0
248.0
324.0
259.0
169.0
237.0
323.0
246.0
259.0
402.0
198.0
293.0
243.0
378.0
249.0
248.0
222.0
167.0
215.0
269.0
356.0
300.0
346.0
272.0
241.0
292.0
242.0
366.0
304.0
518.0
247.0
210.0
191.0
340.0
161.0
313.0
212.0
296.0
322.0
404.0
238.0
402.0
196.0
203.0
276.0
326.0
219.0
263.0
306.0
207.0
259.0
303.0
219.0
255.0
311.0
235.0
344.0
340.0
225.0
319.0
477.0
196.0
332.0
261.0
214.0
196.0
223.0
319.0
267.0
348.0
327.0
274.0
189.0
208.0
277.0
214.0
312.0
279.0
227.0
182.0
245.0
279.0
345.0
219.0
221.0
228.0
238.0
400.0
274.0
214.0
321.0
179.0
396.0
232.0
233.0
255.0
220.0
225.0
243.0
190.0
386.0
301.0
211.0
242.0
370.0
366.0
436.0
284.0
227.0
254.0
225.0
239.0
318.0
220.0
359.0
447.0
241.0
270.0
246.0
304.0
139.0
302.0
236.0
213.0
285.0
271.0
200.0
321.0
330.0
239.0
311.0
333.0
146.0
256.0
240.0
238.0
245.0
366.0
271.0
298.0
298.0
318.0
302.0
231.0
199.0
146.0
274.0
237.0
330.0
324.0
220.0
176.0
272.0
240.0
231.0
383.0
201.0
296.0
284.0
334.0
372.0
473.0
279.0
218.0
325.0
319.0
268.0
265.0
225.0
242.0
317.0
216.0
364.0
284.0
288.0
255.0
234.0
294.0
273.0
355.0
287.0
203.0
181.0
241.0
211.0
369.0
344.0
247.0
255.0
248.0
238.0
212.0
235.0
235.0
448.0
451.0
353.0
215.0
339.0
196.0
231.0
241.0
238.0
308.0
328.0
204.0
300.0
213.0
230.0
242.0
214.0
197.0
264.0
283.0
281.0
196.0
282.0
259.0
371.0
354.0
261.0
211.0
360.0
267.0
170.0
176.0
243.0
266.0
216.0
264.0
268.0
293.0
292.0
274.0
295.0
327.0
204.0
229.0
201.0
296.0
278.0
411.0
272.0
317.0
420.0
269.0
452.0
312.0
274.0
203.0
270.0
199.0
233.0
204.0
305.0
285.0
264.0
317.0
270.0
402.0
307.0
239.0
321.0
287.0
225.0
285.0
298.0
296.0
419.0
234.0
324.0
308.0
330.0
272.0
172.0
297.0
277.0
306.0
199.0
200.0
228.0
173.0
369.0
230.0
273.0
275.0
308.0
309.0
200.0
338.0
229.0
207.0
338.0
371.0
229.0
380.0
160.0
236.0
368.0
326.0
192.0
212.0
231.0
245.0
262.0
196.0
273.0
181.0
264.0
297.0
249.0
245.0
365.0
259.0
223.0
261.0
327.0
381.0
268.0
218.0
286.0
271.0
223.0
303.0
215.0
379.0
239.0
236.0
262.0
285.0
249.0
256.0
321.0
256.0
240.0
274.0
228.0
307.0
267.0
264.0
282.0
355.0
233.0
214.0
419.0
313.0
478.0
287.0
251.0
251.0
342.0
315.0
325.0
248.0
253.0
263.0
330.0
215.0
234.0
180.0
239.0
382.0
284.0
250.0
284.0
168.0
262.0
377.0
209.0
198.0
242.0
353.0
293.0
300.0
390.0
222.0
312.0
283.0
356.0
259.0
305.0
334.0
240.0
381.0
264.0
353.0
213.0
270.0
316.0
190.0
325.0
267.0
226.0
345.0
310.0
187.0
238.0
219.0
262.0
285.0
333.0
211.0
296.0
200.0
222.0
296.0
168.0
239.0
193.0
210.0
243.0
288.0
305.0
212.0
282.0
370.0
320.0
238.0
347.0
241.0
211.0
254.0
336.0
268.0
283.0
206.0
225.0
426.0
225.0
280.0
226.0
234.0
287.0
282.0
269.0
178.0
266.0
338.0
286.0
308.0
397.0
270.0
290.0
241.0
360.0
299.0
280.0
271.0
397.0
381.0
267.0
266.0
315.0
235.0
340.0
396.0
310.0
277.0
305.0
259.0
241.0
148.0
356.0
237.0
251.0
227.0
396.0
221.0
274.0
333.0
211.0
280.0
294.0
336.0
358.0
294.0
382.0
306.0
400.0
212.0
281.0
237.0
295.0
430.0
288.0
192.0
232.0
251.0
177.0
364.0
229.0
218.0
309.0
213.0
229.0
213.0
328.0
256.0
217.0
229.0
290.0
264.0
303.0
245.0
214.0
257.0
277.0
196.0
294.0
242.0
259.0
278.0
195.0
313.0
205.0
277.0
236.0
268.0
268.0
297.0
295.0
291.0
209.0
216.0
292.0
269.0
260.0
234.0
279.0
314.0
190.0
305.0
419.0
275.0
209.0
262.0
461.0
241.0
246.0
323.0
313.0
346.0
353.0
322.0
329.0
334.0
260.0
257.0
270.0
417.0
322.0
420.0
300.0
288.0
351.0
319.0
383.0
301.0
236.0
304.0
222.0
374.0
275.0
230.0
244.0
325.0
218.0
234.0
371.0
189.0
252.0
310.0
238.0
231.0
351.0
312.0
363.0
312.0
280.0
287.0
358.0
234.0
289.0
244.0
288.0
220.0
276.0
358.0
247.0
245.0
284.0
233.0
237.0
356.0
228.0
213.0
331.0
270.0
350.0
280.0
323.0
199.0
228.0
225.0
185.0
239.0
266.0
427.0
199.0
389.0
256.0
273.0
288.0
214.0
419.0
255.0
292.0
492.0
371.0
257.0
326.0
236.0
179.0
395.0
249.0
214.0
208.0
251.0
253.0
306.0
280.0
301.0
292.0
326.0
232.0
411.0
242.0
267.0
285.0
272.0
273.0
203.0
294.0
179.0
337.0
247.0
278.0
269.0
399.0
196.0
219.0
242.0
307.0
169.0
260.0
300.0
187.0
252.0
283.0
249.0
298.0
410.0
288.0
279.0
285.0
484.0
290.0
258.0
266.0
209.0
455.0
260.0
424.0
206.0
212.0
236.0
337.0
287.0
201.0
248.0
203.0
301.0
218.0
286.0
412.0
289.0
251.0
215.0
384.0
375.0
280.0
287.0
207.0
181.0
221.0
262.0
305.0
239.0
312.0
257.0
207.0
287.0
280.0
253.0
332.0
350.0
215.0
366.0
320.0
184.0
359.0
231.0
375.0
333.0
234.0
297.0
181.0
364.0
311.0
272.0
243.0
360.0
253.0
228.0
294.0
273.0
276.0
326.0
266.0
175.0
249.0
320.0
348.0
300.0
237.0
359.0
238.0
304.0
358.0
218.0
209.0
228.0
271.0
211.0
249.0
275.0
259.0
345.0
273.0
251.0
224.0
233.0
334.0
215.0
219.0
236.0
603.0
199.0
315.0
279.0
282.0
224.0
345.0
322.0
290.0
249.0
297.0
311.0
327.0
240.0
228.0
407.0
333.0
311.0
314.0
318.0
214.0
251.0
255.0
280.0
247.0
241.0
247.0
230.0
231.0
310.0
290.0
283.0
406.0
333.0
266.0
263.0
274.0
378.0
334.0
265.0
176.0
395.0
240.0
438.0
235.0
306.0
331.0
354.0
355.0
294.0
189.0
245.0
267.0
356.0
490.0
294.0
203.0
279.0
261.0
273.0
264.0
150.0
290.0
177.0
235.0
398.0
226.0
302.0
199.0
214.0
313.0
261.0
249.0
330.0
266.0
226.0
228.0
212.0
375.0
194.0
350.0
305.0
215.0
209.0
288.0
285.0
202.0
250.0
237.0
239.0
353.0
257.0
337.0
248.0
320.0
342.0
304.0
313.0
325.0
240.0
400.0
290.0
218.0
330.0
244.0
329.0
276.0
409.0
212.0
356.0
313.0
206.0
292.0
183.0
401.0
267.0
355.0
293.0
224.0
308.0
246.0
272.0
186.0
199.0
215.0
202.0
209.0
319.0
228.0
380.0
273.0
361.0
475.0
230.0
300.0
301.0
259.0
168.0
335.0
223.0
459.0
342.0
304.0
195.0
200.0
386.0
244.0
211.0
329.0
228.0
223.0
301.0
208.0
297.0
234.0
275.0
391.0
152.0
280.0
157.0
259.0
242.0
258.0
345.0
207.0
352.0
218.0
233.0
317.0
303.0
207.0
354.0
324.0
283.0
456.0
275.0
296.0
187.0
228.0
259.0
188.0
399.0
225.0
306.0
321.0
289.0
229.0
278.0
317.0
377.0
314.0
222.0
321.0
365.0
188.0
297.0
336.0
194.0
254.0
226.0
268.0
310.0
280.0
374.0
343.0
251.0
197.0
229.0
251.0
202.0
258.0
389.0
369.0
347.0
287.0
294.0
216.0
304.0
341.0
198.0
203.0
298.0
263.0
252.0
282.0
266.0
227.0
270.0
324.0
571.0
222.0
276.0
249.0
206.0
376.0
296.0
418.0
277.0
300.0
248.0
138.0
276.0
207.0
266.0
258.0
237.0
274.0
277.0
183.0
293.0
205.0
379.0
238.0
312.0
274.0
236.0
404.0
204.0
415.0
389.0
280.0
223.0
364.0
177.0
226.0
326.0
277.0
251.0
283.0
281.0
243.0
226.0
264.0
306.0
185.0
235.0
385.0
281.0
286.0
304.0
270.0
185.0
197.0
210.0
269.0
376.0
481.0
320.0
313.0
401.0
238.0
259.0
358.0
231.0
207.0
279.0
288.0
343.0
302.0
273.0
328.0
176.0
190.0
246.0
213.0
210.0
212.0
222.0
414.0
294.0
139.0
262.0
218.0
283.0
202.0
214.0
233.0
328.0
158.0
275.0
434.0
502.0
247.0
200.0
272.0
459.0
436.0
158.0
253.0
257.0
360.0
255.0
421.0
180.0
250.0
234.0
253.0
267.0
253.0
230.0
298.0
206.0
199.0
323.0
388.0
269.0
240.0
417.0
304.0
243.0
258.0
289.0
246.0
248.0
189.0
281.0
285.0
337.0
314.0
251.0
470.0
272.0
261.0
232.0
306.0
340.0
327.0
278.0
262.0
344.0
386.0
203.0
202.0
256.0
303.0
328.0
242.0
241.0
275.0
206.0
224.0
202.0
226.0
215.0
211.0
230.0
393.0
274.0
245.0
386.0
260.0
246.0
205.0
345.0
287.0
304.0
384.0
323.0
299.0
277.0
300.0
284.0
450.0
228.0
413.0
304.0
299.0
261.0
214.0
375.0
193.0
246.0
301.0
220.0
178.0
276.0
241.0
389.0
332.0
209.0
389.0
265.0
226.0
243.0
320.0
241.0
257.0
313.0
373.0
217.0
326.0
209.0
360.0
234.0
478.0
411.0
246.0
264.0
276.0
188.0
357.0
332.0
292.0
201.0
327.0
222.0
225.0
253.0
172.0
288.0
296.0
255.0
315.0
294.0
209.0
336.0
196.0
207.0
336.0
257.0
183.0
260.0
336.0
253.0
297.0
279.0
285.0
290.0
488.0
334.0
358.0
305.0
238.0
205.0
319.0
221.0
425.0
253.0
259.0
390.0
436.0
185.0
219.0
215.0
459.0
230.0
267.0
216.0
324.0
302.0
271.0
239.0
228.0
221.0
182.0
252.0
334.0
357.0
352.0
268.0
225.0
275.0
249.0
237.0
279.0
344.0
304.0
255.0
213.0
355.0
276.0
258.0
225.0
212.0
251.0
161.0
309.0
258.0
273.0
355.0
206.0
276.0
298.0
247.0
303.0
252.0
342.0
245.0
215.0
261.0
217.0
248.0
213.0
203.0
218.0
277.0
307.0
249.0
340.0
319.0
300.0
304.0
320.0
281.0
329.0
150.0
257.0
253.0
244.0
168.0
249.0
315.0
235.0
439.0
247.0
367.0
370.0
271.0
307.0
261.0
205.0
260.0
307.0
232.0
230.0
222.0
286.0
247.0
333.0
310.0
392.0
407.0
212.0
483.0
244.0
231.0
216.0
254.0
285.0
284.0
240.0
148.0
252.0
270.0
409.0
232.0
268.0
330.0
349.0
241.0
325.0
260.0
307.0
226.0
308.0
247.0
276.0
375.0
315.0
284.0
183.0
245.0
241.0
341.0
272.0
347.0
317.0
203.0
240.0
263.0
292.0
287.0
311.0
252.0
257.0
261.0
311.0
225.0
239.0
255.0
279.0
316.0
253.0
340.0
203.0
419.0
285.0
236.0
239.0
286.0
244.0
316.0
292.0
221.0
205.0
379.0
253.0
254.0
340.0
165.0
286.0
254.0
201.0
271.0
187.0
250.0
250.0
277.0
316.0
267.0
266.0
373.0
233.0
370.0
309.0
261.0
256.0
370.0
266.0
272.0
287.0
330.0
208.0
205.0
215.0
226.0
362.0
250.0
174.0
309.0
135.0
612.0
238.0
387.0
237.0
295.0
284.0
393.0
329.0
183.0
251.0
213.0
265.0
226.0
419.0
235.0
286.0
269.0
278.0
263.0
323.0
345.0
347.0
261.0
271.0
199.0
290.0
443.0
196.0
213.0
284.0
290.0
287.0
220.0
282.0
294.0
187.0
319.0
255.0
259.0
272.0
291.0
349.0
301.0
327.0
259.0
508.0
232.0
209.0
251.0
316.0
329.0
229.0
295.0
230.0
194.0
362.0
336.0
226.0
201.0
275.0
211.0
236.0
278.0
320.0
347.0
258.0
210.0
237.0
348.0
208.0
225.0
169.0
317.0
244.0
290.0
228.0
285.0
167.0
270.0
245.0
159.0
290.0
292.0
199.0
278.0
214.0
350.0
289.0
189.0
269.0
471.0
240.0
207.0
318.0
253.0
261.0
269.0
234.0
383.0
261.0
331.0
286.0
366.0
257.0
460.0
471.0
202.0
342.0
288.0
258.0
226.0
369.0
265.0
295.0
330.0
366.0
477.0
290.0
256.0
140.0
245.0
297.0
257.0
383.0
213.0
184.0
344.0
193.0
293.0
306.0
335.0
225.0
321.0
301.0
294.0
203.0
292.0
214.0
166.0
211.0
276.0
340.0
266.0
367.0
315.0
284.0
326.0
293.0
255.0
222.0
401.0
227.0
222.0
262.0
223.0
214.0
257.0
339.0
232.0
354.0
394.0
325.0
200.0
290.0
328.0
333.0
179.0
219.0
402.0
295.0
264.0
289.0
389.0
334.0
150.0
222.0
118.0
313.0
284.0
267.0
357.0
212.0
287.0
187.0
243.0
246.0
179.0
208.0
233.0
279.0
261.0
204.0
204.0
336.0
315.0
346.0
392.0
262.0
462.0
193.0
335.0
246.0
320.0
223.0
256.0
411.0
203.0
274.0
323.0
421.0
297.0
267.0
141.0
180.0
317.0
397.0
245.0
252.0
257.0
238.0
290.0
215.0
223.0
250.0
147.0
248.0
277.0
367.0
245.0
297.0
409.0
258.0
320.0
282.0
244.0
176.0
180.0
190.0
274.0
278.0
133.0
264.0
256.0
268.0
262.0
255.0
195.0
210.0
326.0
254.0
432.0
286.0
246.0
259.0
309.0
356.0
305.0
350.0
244.0
238.0
179.0
437.0
292.0
201.0
214.0
227.0
356.0
326.0
232.0
350.0
273.0
242.0
311.0
221.0
284.0
238.0
259.0
220.0
338.0
262.0
161.0
199.0
257.0
343.0
297.0
246.0
270.0
233.0
144.0
288.0
264.0
250.0
300.0
205.0
325.0
251.0
285.0
293.0
303.0
432.0
375.0
248.0
268.0
260.0
182.0
342.0
224.0
192.0
325.0
395.0
259.0
271.0
290.0
408.0
270.0
200.0
219.0
300.0
272.0
244.0
263.0
391.0
237.0
253.0
278.0
169.0
233.0
265.0
333.0
332.0
354.0
320.0
207.0
251.0
310.0
244.0
258.0
267.0
275.0
232.0
229.0
211.0
403.0
262.0
254.0
235.0
187.0
191.0
326.0
373.0
201.0
378.0
232.0
227.0
257.0
303.0
317.0
240.0
292.0
326.0
290.0
218.0
317.0
255.0
254.0
288.0
327.0
256.0
258.0
174.0
216.0
161.0
274.0
272.0
292.0
227.0
295.0
191.0
224.0
277.0
427.0
302.0
358.0
185.0
267.0
187.0
230.0
283.0
407.0
287.0
165.0
361.0
258.0
264.0
312.0
234.0
255.0
107.0
433.0
558.0
184.0
264.0
163.0
527.0
256.0
505.0
318.0
283.0
403.0
216.0
356.0
344.0
260.0
325.0
215.0
245.0
181.0
289.0
381.0
351.0
288.0
252.0
320.0
241.0
251.0
289.0
296.0
177.0
222.0
396.0
292.0
242.0
271.0
313.0
304.0
345.0
304.0
211.0
247.0
313.0
273.0
423.0
357.0
351.0
275.0
313.0
301.0
216.0
379.0
193.0
247.0
209.0
301.0
314.0
203.0
326.0
219.0
467.0
262.0
262.0
252.0
231.0
312.0
412.0
269.0
251.0
263.0
286.0
218.0
239.0
289.0
292.0
204.0
332.0
290.0
340.0
275.0
329.0
237.0
372.0
283.0
223.0
331.0
263.0
218.0
254.0
295.0
315.0
362.0
270.0
259.0
185.0
304.0
218.0
321.0
193.0
214.0
313.0
510.0
251.0
275.0
169.0
333.0
1240.0
228.0
209.0
518.0
276.0
256.0
312.0
280.0
423.0
193.0
501.0
272.0
241.0
229.0
295.0
259.0
260.0
271.0
264.0
324.0
280.0
187.0
377.0
167.0
327.0
229.0
279.0
277.0
294.0
325.0
303.0
273.0
374.0
396.0
251.0
170.0
282.0
298.0
307.0
253.0
261.0
217.0
241.0
199.0
268.0
264.0
204.0
332.0
224.0
226.0
397.0
203.0
185.0
276.0
384.0
356.0
284.0
401.0
278.0
224.0
270.0
176.0
283.0
243.0
237.0
384.0
267.0
271.0
199.0
202.0
364.0
244.0
263.0
404.0
390.0
286.0
350.0
219.0
270.0
335.0
318.0
345.0
184.0
288.0
347.0
396.0
214.0
306.0
219.0
242.0
295.0
305.0
215.0
498.0
225.0
262.0
517.0
276.0
257.0
229.0
409.0
267.0
362.0
304.0
282.0
435.0
237.0
257.0
298.0
286.0
282.0
334.0
394.0
401.0
363.0
240.0
209.0
205.0
203.0
349.0
271.0
201.0
283.0
447.0
301.0
220.0
202.0
348.0
391.0
246.0
261.0
331.0
151.0
230.0
288.0
265.0
237.0
319.0
294.0
322.0
328.0
206.0
132.0
227.0
275.0
364.0
273.0
362.0
250.0
279.0
214.0
338.0
299.0
217.0
233.0
250.0
385.0
222.0
312.0
235.0
296.0
399.0
287.0
309.0
484.0
230.0
238.0
250.0
302.0
163.0
213.0
284.0
208.0
318.0
280.0
333.0
250.0
344.0
264.0
137.0
254.0
228.0
257.0
246.0
316.0
296.0
333.0
268.0
483.0
360.0
359.0
230.0
262.0
243.0
355.0
356.0
278.0
358.0
318.0
319.0
175.0
187.0
225.0
244.0
224.0
224.0
303.0
536.0
284.0
268.0
224.0
304.0
390.0
398.0
248.0
411.0
248.0
391.0
256.0
174.0
259.0
261.0
338.0
222.0
239.0
254.0
274.0
298.0
210.0
322.0
267.0
292.0
227.0
244.0
219.0
227.0
328.0
256.0
318.0
266.0
296.0
237.0
281.0
200.0
271.0
217.0
310.0
264.0
345.0
265.0
227.0
225.0
167.0
364.0
414.0
272.0
283.0
224.0
260.0
225.0
411.0
192.0
226.0
364.0
304.0
258.0
379.0
414.0
259.0
256.0
306.0
259.0
197.0
289.0
272.0
259.0
284.0
371.0
240.0
263.0
193.0
244.0
258.0
432.0
376.0
232.0
350.0
356.0
314.0
276.0
170.0
260.0
300.0
293.0
284.0
287.0
250.0
256.0
290.0
224.0
259.0
266.0
259.0
256.0
337.0
238.0
299.0
283.0
309.0
470.0
235.0
310.0
293.0
184.0
212.0
353.0
300.0
303.0
250.0
296.0
210.0
197.0
374.0
222.0
341.0
209.0
293.0
228.0
265.0
289.0
284.0
262.0
253.0
245.0
202.0
185.0
158.0
213.0
245.0
293.0
282.0
207.0
233.0
346.0
350.0
194.0
265.0
227.0
150.0
346.0
216.0
251.0
337.0
322.0
366.0
193.0
426.0
366.0
343.0
279.0
236.0
323.0
223.0
248.0
242.0
210.0
485.0
307.0
288.0
301.0
275.0
285.0
182.0
293.0
263.0
300.0
305.0
209.0
387.0
257.0
365.0
291.0
227.0
374.0
211.0
333.0
226.0
319.0
205.0
159.0
236.0
208.0
203.0
317.0
240.0
248.0
395.0
240.0
127.0
285.0
232.0
213.0
249.0
240.0
406.0
257.0
366.0
317.0
187.0
291.0
278.0
311.0
536.0
370.0
292.0
271.0
391.0
339.0
279.0
245.0
262.0
315.0
181.0
322.0
412.0
217.0
210.0
171.0
207.0
230.0
565.0
201.0
194.0
220.0
185.0
171.0
296.0
181.0
374.0
325.0
291.0
221.0
269.0
466.0
284.0
351.0
320.0
287.0
274.0
301.0
219.0
174.0
298.0
262.0
305.0
314.0
186.0
331.0
151.0
331.0
247.0
335.0
191.0
318.0
287.0
267.0
397.0
224.0
336.0
295.0
311.0
289.0
262.0
277.0
272.0
164.0
254.0
346.0
252.0
247.0
318.0
305.0
246.0
219.0
244.0
256.0
224.0
372.0
157.0
310.0
257.0
233.0
345.0
274.0
160.0
266.0
404.0
221.0
268.0
419.0
425.0
215.0
261.0
331.0
250.0
228.0
282.0
272.0
316.0
305.0
277.0
235.0
229.0
401.0
234.0
268.0
395.0
283.0
275.0
275.0
167.0
196.0
202.0
261.0
296.0
316.0
373.0
300.0
264.0
202.0
269.0
318.0
316.0
364.0
251.0
439.0
151.0
352.0
290.0
253.0
192.0
355.0
302.0
382.0
229.0
216.0
262.0
342.0
305.0
234.0
338.0
258.0
280.0
272.0
350.0
165.0
229.0
290.0
368.0
305.0
274.0
261.0
274.0
273.0
384.0
270.0
286.0
228.0
288.0
290.0
226.0
201.0
209.0
221.0
286.0
273.0
164.0
310.0
254.0
406.0
317.0
260.0
229.0
262.0
205.0
518.0
264.0
314.0
226.0
313.0
285.0
367.0
247.0
231.0
280.0
316.0
219.0
230.0
289.0
380.0
221.0
353.0
302.0
238.0
268.0
276.0
291.0
266.0
198.0
341.0
361.0
251.0
330.0
243.0
198.0
239.0
260.0
375.0
249.0
219.0
300.0
282.0
257.0
199.0
244.0
240.0
240.0
205.0
262.0
278.0
308.0
349.0
347.0
325.0
371.0
482.0
387.0
233.0
303.0
193.0
237.0
380.0
283.0
334.0
263.0
274.0
247.0
227.0
216.0
196.0
255.0
286.0
343.0
266.0
265.0
368.0
310.0
309.0
200.0
253.0
228.0
176.0
257.0
262.0
280.0
227.0
173.0
222.0
372.0
205.0
276.0
299.0
307.0
319.0
237.0
320.0
272.0
200.0
200.0
309.0
165.0
310.0
326.0
248.0
383.0
321.0
244.0
307.0
195.0
336.0
259.0
260.0
482.0
208.0
221.0
317.0
379.0
283.0
232.0
282.0
339.0
249.0
207.0
259.0
467.0
368.0
399.0
288.0
250.0
286.0
231.0
275.0
634.0
383.0
311.0
272.0
244.0
225.0
327.0
253.0
173.0
245.0
248.0
428.0
204.0
235.0
438.0
235.0
325.0
206.0
175.0
205.0
416.0
268.0
355.0
213.0
391.0
258.0
314.0
229.0
269.0
271.0
470.0
195.0
279.0
303.0
248.0
162.0
236.0
211.0
309.0
282.0
219.0
259.0
496.0
233.0
292.0
334.0
175.0
206.0
246.0
151.0
270.0
219.0
376.0
256.0
184.0
270.0
203.0
240.0
253.0
291.0
247.0
309.0
235.0
237.0
341.0
316.0
480.0
313.0
239.0
381.0
294.0
347.0
160.0
182.0
421.0
311.0
365.0
431.0
225.0
227.0
215.0
298.0
339.0
294.0
187.0
231.0
334.0
323.0
264.0
171.0
184.0
238.0
220.0
217.0
259.0
306.0
565.0
321.0
228.0
475.0
366.0
238.0
311.0
273.0
267.0
341.0
317.0
280.0
228.0
276.0
164.0
334.0
304.0
363.0
292.0
258.0
260.0
284.0
243.0
332.0
345.0
318.0
366.0
215.0
227.0
201.0
308.0
315.0
378.0
256.0
360.0
244.0
202.0
445.0
198.0
166.0
230.0
301.0
386.0
184.0
221.0
210.0
241.0
296.0
221.0
231.0
232.0
202.0
504.0
225.0
293.0
376.0
255.0
268.0
349.0
269.0
234.0
223.0
219.0
268.0
395.0
288.0
359.0
304.0
307.0
511.0
252.0
197.0
350.0
446.0
213.0
249.0
279.0
302.0
232.0
160.0
236.0
259.0
224.0
455.0
289.0
315.0
219.0
330.0
275.0
187.0
299.0
317.0
201.0
294.0
222.0
334.0
211.0
298.0
238.0
340.0
279.0
240.0
409.0
235.0
243.0
411.0
297.0
350.0
206.0
377.0
181.0
247.0
272.0
299.0
278.0
269.0
331.0
182.0
240.0
332.0
508.0
279.0
199.0
233.0
359.0
293.0
248.0
246.0
342.0
380.0
228.0
247.0
283.0
270.0
234.0
352.0
341.0
484.0
233.0
284.0
180.0
284.0
236.0
214.0
338.0
263.0
262.0
263.0
211.0
213.0
236.0
440.0
438.0
248.0
247.0
377.0
329.0
171.0
413.0
211.0
273.0
228.0
178.0
280.0
317.0
278.0
292.0
290.0
227.0
284.0
399.0
328.0
219.0
311.0
339.0
308.0
322.0
178.0
216.0
341.0
317.0
526.0
280.0
203.0
278.0
267.0
318.0
195.0
408.0
280.0
173.0
219.0
248.0
317.0
342.0
453.0
420.0
273.0
200.0
205.0
253.0
326.0
286.0
241.0
263.0
268.0
275.0
200.0
231.0
256.0
280.0
305.0
283.0
313.0
252.0
388.0
217.0
271.0
213.0
213.0
276.0
189.0
416.0
398.0
318.0
259.0
200.0
267.0
343.0
197.0
200.0
195.0
360.0
207.0
219.0
288.0
417.0
177.0
432.0
271.0
374.0
322.0
314.0
223.0
203.0
314.0
254.0
248.0
345.0
325.0
243.0
205.0
291.0
272.0
366.0
242.0
275.0
298.0
300.0
248.0
343.0
239.0
226.0
248.0
361.0
266.0
194.0
279.0
315.0
313.0
260.0
241.0
331.0
263.0
336.0
201.0
305.0
311.0
255.0
269.0
238.0
559.0
379.0
290.0
227.0
469.0
404.0
220.0
454.0
280.0
306.0
291.0
246.0
231.0
246.0
205.0
206.0
298.0
287.0
211.0
288.0
180.0
242.0
190.0
357.0
202.0
324.0
292.0
253.0
327.0
236.0
255.0
289.0
160.0
355.0
427.0
322.0
235.0
368.0
355.0
450.0
188.0
177.0
174.0
212.0
233.0
325.0
218.0
217.0
362.0
319.0
294.0
415.0
323.0
293.0
270.0
273.0
389.0
358.0
206.0
274.0
318.0
308.0
286.0
214.0
179.0
393.0
281.0
338.0
290.0
298.0
210.0
194.0
193.0
241.0
296.0
190.0
219.0
335.0
325.0
381.0
255.0
252.0
272.0
219.0
243.0
242.0
280.0
221.0
333.0
230.0
135.0
214.0
266.0
362.0
307.0
565.0
346.0
349.0
330.0
389.0
276.0
204.0
184.0
225.0
324.0
236.0
262.0
217.0
291.0
216.0
339.0
299.0
195.0
315.0
299.0
318.0
213.0
169.0
521.0
285.0
420.0
239.0
315.0
289.0
308.0
196.0
246.0
253.0
190.0
236.0
402.0
188.0
411.0
289.0
213.0
239.0
195.0
286.0
190.0
292.0
356.0
184.0
430.0
327.0
264.0
232.0
220.0
243.0
264.0
179.0
274.0
454.0
267.0
457.0
238.0
200.0
265.0
272.0
371.0
284.0
350.0
241.0
239.0
313.0
473.0
285.0
267.0
270.0
293.0
228.0
341.0
301.0
235.0
266.0
227.0
474.0
477.0
167.0
188.0
286.0
212.0
348.0
226.0
351.0
241.0
353.0
222.0
428.0
206.0
306.0
261.0
344.0
204.0
235.0
161.0
242.0
655.0
208.0
228.0
358.0
341.0
217.0
227.0
250.0
441.0
203.0
221.0
246.0
240.0
295.0
328.0
310.0
266.0
286.0
317.0
407.0
310.0
243.0
305.0
277.0
553.0
222.0
365.0
216.0
295.0
190.0
172.0
361.0
294.0
379.0
396.0
380.0
144.0
247.0
303.0
230.0
212.0
222.0
257.0
275.0
509.0
256.0
155.0
342.0
296.0
295.0
338.0
237.0
288.0
193.0
272.0
281.0
219.0
231.0
271.0
218.0
233.0
282.0
310.0
200.0
569.0
318.0
251.0
439.0
263.0
254.0
766.0
234.0
280.0
200.0
247.0
237.0
227.0
192.0
470.0
294.0
279.0
427.0
287.0
308.0
246.0
205.0
279.0
174.0
272.0
283.0
343.0
423.0
270.0
193.0
219.0
482.0
200.0
189.0
251.0
232.0
352.0
222.0
229.0
468.0
154.0
182.0
321.0
265.0
241.0
318.0
190.0
320.0
316.0
306.0
305.0
238.0
412.0
291.0
333.0
281.0
297.0
245.0
248.0
218.0
290.0
208.0
521.0
217.0
304.0
235.0
381.0
199.0
204.0
237.0
199.0
323.0
234.0
317.0
259.0
215.0
279.0
329.0
289.0
184.0
195.0
171.0
240.0
351.0
316.0
383.0
312.0
262.0
370.0
215.0
352.0
387.0
262.0
193.0
304.0
229.0
337.0
234.0
255.0
411.0
464.0
198.0
271.0
315.0
350.0
207.0
229.0
233.0
272.0
232.0
362.0
208.0
271.0
220.0
197.0
340.0
211.0
225.0
271.0
291.0
300.0
201.0
319.0
306.0
240.0
196.0
433.0
255.0
181.0
298.0
277.0
263.0
276.0
418.0
224.0
377.0
256.0
336.0
312.0
237.0
222.0
260.0
237.0
375.0
199.0
186.0
154.0
292.0
273.0
297.0
169.0
319.0
187.0
411.0
323.0
164.0
228.0
487.0
323.0
248.0
288.0
238.0
296.0
299.0
226.0
265.0
312.0
252.0
266.0
350.0
269.0
223.0
304.0
254.0
533.0
418.0
262.0
216.0
275.0
283.0
265.0
330.0
218.0
359.0
257.0
235.0
311.0
266.0
368.0
230.0
236.0
232.0
325.0
198.0
275.0
270.0
326.0
249.0
308.0
489.0
227.0
480.0
319.0
302.0
386.0
373.0
127.0
215.0
342.0
378.0
164.0
325.0
352.0
292.0
231.0
237.0
173.0
288.0
239.0
277.0
306.0
195.0
236.0
227.0
348.0
273.0
280.0
235.0
295.0
273.0
280.0
383.0
401.0
202.0
328.0
306.0
281.0
238.0
217.0
217.0
226.0
377.0
212.0
192.0
223.0
206.0
192.0
277.0
248.0
158.0
179.0
333.0
239.0
248.0
174.0
278.0
204.0
380.0
268.0
345.0
256.0
254.0
215.0
308.0
207.0
474.0
260.0
305.0
255.0
290.0
274.0
372.0
338.0
381.0
291.0
340.0
211.0
234.0
250.0
278.0
394.0
278.0
274.0
318.0
235.0
339.0
352.0
333.0
159.0
228.0
307.0
260.0
319.0
186.0
208.0
373.0
214.0
255.0
322.0
292.0
242.0
392.0
358.0
301.0
226.0
386.0
215.0
244.0
240.0
274.0
355.0
322.0
230.0
328.0
260.0
163.0
222.0
414.0
203.0
254.0
163.0
313.0
279.0
291.0
201.0
266.0
262.0
267.0
262.0
238.0
321.0
307.0
262.0
206.0
254.0
261.0
251.0
324.0
282.0
189.0
217.0
322.0
245.0
295.0
356.0
259.0
382.0
235.0
303.0
360.0
355.0
192.0
316.0
219.0
208.0
247.0
350.0
405.0
412.0
284.0
166.0
326.0
246.0
329.0
325.0
338.0
235.0
353.0
200.0
201.0
386.0
221.0
320.0
265.0
381.0
272.0
313.0
379.0
298.0
273.0
197.0
277.0
267.0
257.0
390.0
192.0
316.0
445.0
204.0
280.0
214.0
232.0
282.0
294.0
137.0
240.0
347.0
287.0
296.0
253.0
261.0
247.0
286.0
308.0
241.0
262.0
258.0
372.0
278.0
303.0
261.0
467.0
251.0
234.0
221.0
408.0
213.0
239.0
159.0
348.0
249.0
386.0
320.0
278.0
369.0
297.0
396.0
421.0
194.0
317.0
274.0
281.0
239.0
284.0
248.0
200.0
248.0
248.0
448.0
143.0
219.0
200.0
255.0
378.0
229.0
270.0
277.0
180.0
366.0
224.0
417.0
385.0
220.0
366.0
251.0
233.0
283.0
395.0
308.0
351.0
422.0
318.0
249.0
285.0
293.0
197.0
204.0
272.0
334.0
452.0
290.0
244.0
280.0
249.0
259.0
232.0
299.0
285.0
239.0
308.0
450.0
349.0
247.0
267.0
265.0
177.0
270.0
416.0
240.0
324.0
242.0
354.0
181.0
436.0
221.0
208.0
279.0
189.0
312.0
217.0
262.0
268.0
267.0
208.0
183.0
330.0
266.0
310.0
304.0
317.0
346.0
347.0
262.0
254.0
292.0
352.0
410.0
325.0
237.0
303.0
228.0
239.0
382.0
259.0
349.0
274.0
220.0
224.0
283.0
279.0
255.0
277.0
360.0
246.0
207.0
237.0
425.0
296.0
347.0
400.0
143.0
301.0
360.0
172.0
491.0
370.0
188.0
253.0
220.0
262.0
190.0
415.0
210.0
206.0
187.0
210.0
220.0
312.0
244.0
337.0
359.0
349.0
330.0
173.0
223.0
237.0
224.0
264.0
381.0
177.0
300.0
432.0
267.0
406.0
295.0
278.0
287.0
323.0
335.0
192.0
272.0
323.0
333.0
275.0
192.0
230.0
250.0
211.0
241.0
332.0
308.0
277.0
337.0
301.0
286.0
237.0
320.0
205.0
302.0
137.0
199.0
225.0
141.0
347.0
397.0
296.0
217.0
197.0
316.0
197.0
381.0
284.0
305.0
161.0
399.0
239.0
154.0
291.0
313.0
241.0
210.0
436.0
438.0
395.0
268.0
287.0
236.0
348.0
299.0
206.0
268.0
196.0
303.0
191.0
252.0
227.0
240.0
268.0
271.0
197.0
295.0
184.0
339.0
273.0
121.0
341.0
313.0
245.0
333.0
224.0
229.0
247.0
390.0
264.0
206.0
261.0
217.0
259.0
171.0
592.0
190.0
252.0
410.0
348.0
351.0
232.0
309.0
244.0
247.0
295.0
395.0
345.0
320.0
334.0
253.0
181.0
241.0
247.0
316.0
266.0
279.0
253.0
216.0
304.0
270.0
253.0
271.0
231.0
252.0
271.0
240.0
232.0
290.0
256.0
292.0
282.0
199.0
230.0
213.0
281.0
288.0
211.0
246.0
264.0
344.0
156.0
228.0
253.0
321.0
299.0
292.0
285.0
293.0
283.0
178.0
295.0
364.0
312.0
341.0
243.0
189.0
393.0
250.0
312.0
269.0
323.0
270.0
235.0
348.0
325.0
434.0
261.0
202.0
278.0
200.0
310.0
202.0
197.0
245.0
244.0
321.0
369.0
280.0
230.0
272.0
182.0
221.0
178.0
214.0
230.0
315.0
249.0
200.0
268.0
306.0
213.0
176.0
364.0
249.0
291.0
282.0
314.0
280.0
512.0
213.0
366.0
354.0
291.0
426.0
275.0
225.0
423.0
358.0
222.0
246.0
255.0
290.0
277.0
267.0
383.0
275.0
158.0
404.0
402.0
251.0
205.0
316.0
188.0
234.0
358.0
354.0
327.0
200.0
209.0
294.0
215.0
231.0
206.0
359.0
312.0
225.0
299.0
240.0
266.0
301.0
183.0
276.0
260.0
278.0
204.0
340.0
302.0
140.0
543.0
206.0
213.0
267.0
249.0
292.0
233.0
255.0
240.0
340.0
264.0
361.0
193.0
316.0
301.0
225.0
187.0
255.0
189.0
394.0
409.0
278.0
237.0
204.0
253.0
319.0
185.0
193.0
262.0
166.0
292.0
195.0
192.0
202.0
248.0
423.0
282.0
239.0
248.0
243.0
223.0
377.0
255.0
287.0
486.0
314.0
212.0
296.0
219.0
298.0
395.0
323.0
205.0
285.0
160.0
237.0
213.0
390.0
362.0
316.0
305.0
183.0
1471.0
244.0
171.0
237.0
316.0
427.0
381.0
337.0
269.0
236.0
220.0
1228.0
310.0
147.0
248.0
413.0
242.0
381.0
316.0
306.0
267.0
378.0
347.0
444.0
202.0
169.0
508.0
335.0
265.0
250.0
402.0
277.0
324.0
292.0
293.0
299.0
271.0
206.0
245.0
432.0
268.0
269.0
215.0
271.0
440.0
314.0
191.0
228.0
262.0
340.0
407.0
304.0
301.0
231.0
301.0
186.0
187.0
184.0
356.0
292.0
360.0
516.0
369.0
270.0
318.0
178.0
364.0
256.0
319.0
303.0
303.0
279.0
336.0
283.0
228.0
255.0
194.0
194.0
359.0
165.0
306.0
441.0
197.0
351.0
282.0
228.0
287.0
221.0
234.0
258.0
264.0
301.0
205.0
384.0
286.0
691.0
282.0
475.0
231.0
323.0
200.0
196.0
185.0
280.0
522.0
301.0
239.0
422.0
319.0
181.0
228.0
213.0
255.0
315.0
281.0
379.0
240.0
353.0
279.0
301.0
231.0
363.0
466.0
216.0
419.0
229.0
294.0
290.0
324.0
445.0
305.0
300.0
279.0
196.0
375.0
216.0
184.0
259.0
219.0
274.0
263.0
235.0
326.0
324.0
295.0
394.0
415.0
339.0
353.0
303.0
196.0
370.0
391.0
189.0
286.0
166.0
274.0
224.0
278.0
378.0
276.0
352.0
338.0
399.0
263.0
253.0
258.0
335.0
473.0
273.0
251.0
190.0
237.0
257.0
359.0
300.0
226.0
195.0
401.0
258.0
255.0
306.0
361.0
264.0
232.0
290.0
215.0
228.0
386.0
290.0
200.0
221.0
322.0
312.0
202.0
304.0
270.0
281.0
218.0
315.0
335.0
217.0
319.0
200.0
334.0
295.0
284.0
220.0
320.0
186.0
441.0
168.0
217.0
255.0
258.0
270.0
225.0
325.0
186.0
376.0
254.0
292.0
248.0
341.0
252.0
272.0
172.0
327.0
251.0
377.0
402.0
244.0
174.0
201.0
459.0
242.0
242.0
366.0
225.0
274.0
286.0
188.0
268.0
298.0
277.0
311.0
277.0
232.0
423.0
265.0
228.0
289.0
218.0
213.0
219.0
290.0
232.0
255.0
253.0
297.0
284.0
456.0
403.0
437.0
254.0
184.0
192.0
326.0
356.0
327.0
333.0
248.0
337.0
217.0
264.0
208.0
218.0
260.0
207.0
247.0
307.0
305.0
302.0
272.0
204.0
250.0
270.0
277.0
196.0
439.0
356.0
312.0
213.0
282.0
239.0
376.0
219.0
250.0
181.0
444.0
294.0
202.0
245.0
204.0
292.0
382.0
339.0
358.0
188.0
301.0
170.0
168.0
305.0
257.0
233.0
322.0
337.0
280.0
248.0
259.0
235.0
218.0
301.0
295.0
274.0
277.0
220.0
213.0
212.0
337.0
269.0
197.0
272.0
156.0
276.0
308.0
307.0
423.0
225.0
314.0
309.0
305.0
246.0
302.0
257.0
262.0
376.0
220.0
286.0
283.0
242.0
318.0
290.0
222.0
382.0
206.0
326.0
268.0
307.0
339.0
287.0
206.0
222.0
243.0
284.0
207.0
327.0
215.0
326.0
246.0
315.0
314.0
393.0
257.0
191.0
245.0
332.0
292.0
190.0
280.0
201.0
343.0
342.0
273.0
251.0
468.0
269.0
331.0
298.0
245.0
177.0
208.0
222.0
248.0
194.0
307.0
197.0
229.0
249.0
265.0
299.0
262.0
227.0
264.0
353.0
181.0
220.0
179.0
261.0
236.0
308.0
333.0
277.0
240.0
246.0
320.0
268.0
337.0
277.0
295.0
263.0
210.0
192.0
185.0
378.0
245.0
318.0
180.0
195.0
263.0
266.0
254.0
388.0
290.0
294.0
211.0
261.0
245.0
301.0
207.0
307.0
327.0
257.0
268.0
330.0
405.0
283.0
362.0
222.0
345.0
250.0
353.0
294.0
251.0
298.0
303.0
261.0
274.0
500.0
182.0
235.0
316.0
296.0
242.0
231.0
197.0
360.0
284.0
404.0
334.0
189.0
171.0
268.0
240.0
242.0
252.0
398.0
314.0
290.0
197.0
225.0
328.0
468.0
168.0
299.0
251.0
348.0
300.0
231.0
359.0
315.0
221.0
434.0
333.0
267.0
257.0
293.0
308.0
278.0
322.0
199.0
212.0
305.0
293.0
245.0
207.0
362.0
267.0
264.0
317.0
306.0
214.0
254.0
301.0
240.0
282.0
395.0
223.0
309.0
203.0
377.0
400.0
198.0
561.0
203.0
272.0
249.0
190.0
263.0
287.0
238.0
254.0
273.0
246.0
257.0
260.0
353.0
286.0
278.0
318.0
263.0
224.0
357.0
219.0
349.0
313.0
232.0
343.0
301.0
266.0
202.0
241.0
171.0
216.0
265.0
420.0
352.0
267.0
255.0
250.0
183.0
245.0
259.0
206.0
259.0
235.0
281.0
283.0
288.0
301.0
169.0
327.0
362.0
355.0
224.0
367.0
261.0
211.0
198.0
386.0
239.0
632.0
281.0
195.0
213.0
289.0
256.0
219.0
230.0
249.0
293.0
278.0
476.0
298.0
218.0
220.0
317.0
280.0
327.0
258.0
308.0
406.0
216.0
180.0
286.0
217.0
354.0
154.0
220.0
246.0
270.0
400.0
329.0
280.0
299.0
346.0
300.0
327.0
237.0
234.0
317.0
222.0
179.0
266.0
254.0
206.0
242.0
278.0
283.0
326.0
306.0
215.0
200.0
443.0
243.0
354.0
383.0
313.0
225.0
230.0
238.0
277.0
263.0
395.0
223.0
302.0
219.0
234.0
337.0
330.0
272.0
171.0
239.0
346.0
334.0
309.0
249.0
314.0
180.0
392.0
275.0
241.0
126.0
292.0
279.0
418.0
234.0
177.0
421.0
335.0
329.0
368.0
232.0
207.0
237.0
178.0
319.0
308.0
228.0
423.0
297.0
244.0
382.0
266.0
182.0
302.0
266.0
272.0
182.0
159.0
262.0
290.0
391.0
267.0
372.0
211.0
223.0
251.0
237.0
352.0
264.0
274.0
288.0
389.0
215.0
167.0
364.0
307.0
338.0
246.0
259.0
261.0
259.0
232.0
238.0
292.0
255.0
199.0
313.0
234.0
498.0
191.0
228.0
195.0
230.0
288.0
275.0
231.0
337.0
345.0
197.0
277.0
210.0
256.0
288.0
299.0
245.0
640.0
206.0
311.0
294.0
246.0
302.0
381.0
337.0
320.0
208.0
426.0
245.0
276.0
378.0
240.0
260.0
213.0
337.0
191.0
258.0
158.0
348.0
300.0
216.0
266.0
318.0
205.0
270.0
305.0
231.0
396.0
262.0
265.0
166.0
326.0
278.0
174.0
315.0
412.0
214.0
199.0
240.0
180.0
381.0
318.0
350.0
331.0
361.0
200.0
338.0
306.0
305.0
226.0
351.0
197.0
202.0
254.0
216.0
297.0
265.0
405.0
363.0
396.0
216.0
396.0
217.0
235.0
235.0
440.0
454.0
257.0
223.0
191.0
208.0
276.0
336.0
132.0
293.0
164.0
252.0
200.0
311.0
261.0
313.0
190.0
348.0
279.0
340.0
396.0
205.0
439.0
205.0
278.0
282.0
234.0
297.0
334.0
235.0
253.0
271.0
370.0
181.0
178.0
364.0
327.0
219.0
284.0
302.0
255.0
324.0
331.0
317.0
292.0
311.0
220.0
266.0
260.0
298.0
354.0
344.0
235.0
309.0
286.0
133.0
207.0
191.0
231.0
228.0
169.0
284.0
230.0
307.0
187.0
219.0
902.0
158.0
307.0
249.0
331.0
340.0
227.0
272.0
266.0
267.0
431.0
271.0
262.0
1522.0
318.0
305.0
279.0
359.0
270.0
248.0
271.0
325.0
187.0
289.0
213.0
132.0
301.0
166.0
156.0
245.0
250.0
305.0
177.0
378.0
317.0
187.0
327.0
355.0
369.0
241.0
363.0
245.0
422.0
188.0
271.0
242.0
327.0
320.0
246.0
313.0
218.0
214.0
268.0
273.0
479.0
235.0
231.0
293.0
268.0
235.0
179.0
271.0
229.0
311.0
280.0
290.0
180.0
340.0
238.0
271.0
327.0
256.0
291.0
308.0
368.0
275.0
159.0
400.0
339.0
295.0
282.0
289.0
157.0
543.0
231.0
213.0
274.0
290.0
252.0
188.0
147.0
250.0
204.0
235.0
248.0
416.0
312.0
293.0
312.0
308.0
197.0
306.0
321.0
311.0
294.0
211.0
293.0
355.0
240.0
328.0
316.0
298.0
371.0
252.0
391.0
450.0
363.0
417.0
260.0
204.0
166.0
301.0
265.0
321.0
341.0
293.0
226.0
192.0
399.0
452.0
303.0
247.0
266.0
355.0
311.0
243.0
290.0
290.0
308.0
358.0
336.0
263.0
329.0
189.0
372.0
196.0
290.0
227.0
350.0
251.0
308.0
364.0
260.0
269.0
296.0
234.0
264.0
297.0
280.0
348.0
345.0
328.0
300.0
267.0
313.0
224.0
315.0
363.0
212.0
252.0
179.0
440.0
245.0
230.0
346.0
235.0
359.0
282.0
202.0
321.0
301.0
286.0
235.0
243.0
284.0
222.0
297.0
321.0
253.0
200.0
304.0
290.0
261.0
315.0
221.0
236.0
175.0
239.0
270.0
275.0
317.0
232.0
310.0
205.0
347.0
358.0
285.0
420.0
330.0
308.0
287.0
246.0
277.0
229.0
260.0
282.0
243.0
305.0
293.0
289.0
226.0
289.0
287.0
360.0
311.0
272.0
437.0
198.0
261.0
179.0
189.0
333.0
232.0
347.0
318.0
240.0
364.0
213.0
313.0
389.0
243.0
429.0
392.0
237.0
528.0
299.0
312.0
283.0
273.0
329.0
183.0
325.0
346.0
339.0
228.0
224.0
176.0
490.0
232.0
318.0
230.0
294.0
267.0
204.0
400.0
273.0
319.0
350.0
442.0
221.0
214.0
292.0
302.0
278.0
299.0
186.0
221.0
232.0
229.0
261.0
399.0
185.0
421.0
215.0
369.0
357.0
216.0
264.0
206.0
444.0
201.0
205.0
275.0
269.0
256.0
242.0
209.0
267.0
330.0
191.0
272.0
265.0
304.0
332.0
278.0
312.0
253.0
295.0
368.0
255.0
284.0
229.0
285.0
268.0
243.0
299.0
265.0
295.0
358.0
355.0
235.0
173.0
164.0
314.0
235.0
264.0
216.0
282.0
496.0
260.0
300.0
457.0
234.0
203.0
285.0
351.0
212.0
299.0
166.0
178.0
528.0
293.0
245.0
190.0
296.0
300.0
274.0
330.0
188.0
316.0
236.0
229.0
224.0
263.0
194.0
134.0
339.0
387.0
297.0
257.0
335.0
331.0
234.0
205.0
277.0
206.0
218.0
305.0
205.0
364.0
243.0
284.0
233.0
273.0
261.0
320.0
203.0
216.0
354.0
383.0
186.0
172.0
281.0
298.0
377.0
242.0
241.0
182.0
415.0
258.0
400.0
246.0
328.0
165.0
215.0
317.0
213.0
207.0
303.0
257.0
183.0
320.0
263.0
309.0
180.0
271.0
246.0
309.0
247.0
286.0
208.0
352.0
361.0
348.0
395.0
204.0
258.0
254.0
311.0
298.0
321.0
318.0
258.0
242.0
263.0
269.0
312.0
263.0
215.0
234.0
317.0
375.0
310.0
215.0
323.0
333.0
206.0
269.0
230.0
248.0
198.0
369.0
227.0
286.0
287.0
276.0
221.0
173.0
435.0
182.0
241.0
282.0
300.0
271.0
230.0
334.0
253.0
421.0
248.0
225.0
298.0
390.0
230.0
261.0
430.0
196.0
323.0
325.0
235.0
279.0
329.0
205.0
359.0
425.0
263.0
237.0
250.0
258.0
244.0
394.0
408.0
310.0
330.0
379.0
163.0
351.0
210.0
247.0
216.0
312.0
281.0
209.0
227.0
213.0
359.0
311.0
246.0
234.0
219.0
262.0
364.0
324.0
246.0
249.0
175.0
281.0
434.0
241.0
163.0
342.0
322.0
317.0
238.0
378.0
300.0
304.0
139.0
362.0
234.0
197.0
264.0
275.0
247.0
347.0
260.0
195.0
246.0
317.0
250.0
295.0
354.0
239.0
301.0
295.0
314.0
278.0
284.0
394.0
264.0
322.0
269.0
221.0
239.0
454.0
254.0
404.0
209.0
325.0
303.0
280.0
266.0
192.0
303.0
258.0
252.0
318.0
306.0
300.0
224.0
188.0
452.0
367.0
338.0
263.0
237.0
224.0
248.0
173.0
352.0
260.0
284.0
270.0
255.0
208.0
229.0
220.0
466.0
279.0
302.0
250.0
423.0
453.0
194.0
310.0
345.0
216.0
313.0
256.0
218.0
200.0
481.0
346.0
343.0
392.0
233.0
280.0
226.0
347.0
363.0
187.0
211.0
286.0
209.0
220.0
409.0
356.0
301.0
296.0
398.0
252.0
269.0
385.0
234.0
280.0
283.0
190.0
350.0
213.0
293.0
244.0
232.0
434.0
251.0
270.0
271.0
319.0
331.0
328.0
177.0
245.0
236.0
335.0
374.0
335.0
264.0
225.0
262.0
334.0
293.0
246.0
176.0
336.0
284.0
327.0
272.0
273.0
326.0
322.0
334.0
189.0
256.0
469.0
287.0
198.0
225.0
358.0
352.0
256.0
429.0
257.0
181.0
189.0
260.0
294.0
286.0
217.0
261.0
176.0
226.0
383.0
224.0
270.0
189.0
337.0
249.0
231.0
327.0
299.0
273.0
277.0
263.0
393.0
256.0
234.0
239.0
305.0
244.0
238.0
275.0
276.0
447.0
211.0
192.0
200.0
193.0
309.0
236.0
262.0
379.0
246.0
319.0
317.0
315.0
309.0
384.0
418.0
190.0
386.0
224.0
402.0
281.0
215.0
296.0
151.0
377.0
238.0
335.0
265.0
304.0
218.0
272.0
215.0
162.0
270.0
395.0
212.0
337.0
240.0
341.0
241.0
232.0
193.0
241.0
366.0
278.0
234.0
486.0
136.0
252.0
232.0
217.0
485.0
252.0
281.0
253.0
219.0
265.0
674.0
199.0
302.0
229.0
267.0
345.0
274.0
297.0
180.0
253.0
351.0
244.0
294.0
205.0
249.0
295.0
256.0
333.0
255.0
399.0
248.0
263.0
254.0
146.0
267.0
277.0
218.0
256.0
262.0
254.0
423.0
371.0
310.0
193.0
228.0
274.0
415.0
260.0
293.0
246.0
241.0
281.0
336.0
172.0
255.0
353.0
216.0
276.0
288.0
240.0
312.0
236.0
282.0
246.0
195.0
329.0
284.0
275.0
216.0
300.0
327.0
144.0
343.0
248.0
228.0
334.0
204.0
334.0
209.0
254.0
342.0
235.0
285.0
421.0
256.0
235.0
309.0
207.0
223.0
290.0
218.0
253.0
362.0
431.0
221.0
254.0
340.0
268.0
309.0
251.0
301.0
293.0
254.0
343.0
456.0
298.0
214.0
190.0
199.0
356.0
165.0
245.0
293.0
244.0
406.0
300.0
263.0
262.0
275.0
214.0
212.0
654.0
235.0
260.0
333.0
272.0
190.0
328.0
241.0
254.0
357.0
276.0
194.0
300.0
183.0
242.0
160.0
214.0
406.0
194.0
260.0
395.0
269.0
342.0
209.0
381.0
296.0
255.0
333.0
235.0
332.0
319.0
219.0
285.0
309.0
269.0
320.0
185.0
275.0
182.0
365.0
233.0
359.0
242.0
300.0
249.0
395.0
222.0
292.0
291.0
198.0
153.0
284.0
271.0
210.0
234.0
233.0
222.0
256.0
283.0
341.0
224.0
256.0
263.0
265.0
315.0
248.0
330.0
289.0
233.0
383.0
239.0
419.0
304.0
287.0
271.0
260.0
474.0
278.0
303.0
186.0
257.0
225.0
304.0
329.0
277.0
152.0
201.0
336.0
317.0
215.0
226.0
236.0
358.0
250.0
269.0
298.0
322.0
343.0
378.0
192.0
156.0
428.0
350.0
347.0
236.0
401.0
287.0
322.0
321.0
271.0
267.0
569.0
217.0
357.0
325.0
345.0
188.0
375.0
265.0
259.0
219.0
216.0
239.0
229.0
163.0
377.0
274.0
282.0
286.0
272.0
279.0
349.0
328.0
179.0
222.0
302.0
367.0
298.0
247.0
219.0
343.0
369.0
264.0
275.0
314.0
364.0
257.0
244.0
446.0
309.0
223.0
543.0
361.0
300.0
176.0
164.0
218.0
276.0
242.0
355.0
224.0
350.0
264.0
226.0
273.0
388.0
324.0
262.0
215.0
293.0
216.0
253.0
386.0
437.0
326.0
378.0
324.0
241.0
275.0
240.0
352.0
355.0
234.0
216.0
326.0
249.0
386.0
339.0
278.0
240.0
289.0
282.0
287.0
258.0
315.0
240.0
321.0
200.0
249.0
278.0
345.0
309.0
217.0
380.0
274.0
284.0
324.0
360.0
322.0
349.0
198.0
259.0
249.0
221.0
395.0
320.0
258.0
209.0
203.0
254.0
206.0
271.0
172.0
348.0
253.0
269.0
247.0
236.0
344.0
344.0
397.0
297.0
291.0
240.0
247.0
229.0
453.0
250.0
384.0
342.0
262.0
287.0
342.0
174.0
205.0
280.0
253.0
272.0
252.0
372.0
246.0
310.0
460.0
302.0
205.0
289.0
427.0
374.0
197.0
235.0
376.0
396.0
250.0
258.0
201.0
276.0
312.0
295.0
353.0
295.0
281.0
326.0
208.0
236.0
246.0
220.0
300.0
280.0
328.0
281.0
443.0
300.0
259.0
427.0
203.0
455.0
224.0
289.0
325.0
268.0
248.0
343.0
246.0
236.0
260.0
272.0
325.0
190.0
327.0
325.0
322.0
387.0
324.0
377.0
178.0
263.0
170.0
254.0
274.0
281.0
279.0
396.0
251.0
319.0
244.0
360.0
360.0
202.0
281.0
232.0
262.0
308.0
305.0
273.0
247.0
194.0
227.0
223.0
184.0
353.0
293.0
262.0
297.0
216.0
360.0
320.0
224.0
246.0
338.0
283.0
296.0
340.0
265.0
356.0
334.0
215.0
315.0
195.0
319.0
252.0
277.0
224.0
320.0
325.0
216.0
195.0
288.0
235.0
332.0
374.0
280.0
196.0
299.0
503.0
262.0
285.0
277.0
305.0
286.0
247.0
214.0
250.0
218.0
335.0
293.0
371.0
191.0
266.0
222.0
247.0
316.0
224.0
264.0
309.0
416.0
247.0
259.0
336.0
336.0
302.0
393.0
263.0
229.0
321.0
293.0
360.0
170.0
187.0
284.0
211.0
229.0
234.0
346.0
387.0
245.0
257.0
265.0
197.0
170.0
209.0
267.0
337.0
170.0
335.0
272.0
333.0
276.0
249.0
302.0
268.0
171.0
250.0
268.0
289.0
267.0
260.0
238.0
351.0
467.0
157.0
161.0
280.0
197.0
416.0
328.0
374.0
285.0
157.0
242.0
224.0
291.0
202.0
301.0
332.0
175.0
232.0
298.0
232.0
257.0
217.0
217.0
323.0
266.0
345.0
411.0
270.0
352.0
237.0
239.0
331.0
375.0
442.0
310.0
195.0
279.0
239.0
248.0
319.0
395.0
298.0
346.0
286.0
277.0
411.0
153.0
276.0
185.0
267.0
243.0
191.0
238.0
343.0
412.0
266.0
361.0
283.0
354.0
278.0
293.0
282.0
304.0
301.0
309.0
291.0
238.0
218.0
163.0
190.0
232.0
220.0
198.0
248.0
269.0
243.0
291.0
286.0
271.0
281.0
344.0
240.0
264.0
340.0
344.0
280.0
264.0
311.0
225.0
200.0
170.0
273.0
296.0
274.0
296.0
280.0
306.0
305.0
384.0
339.0
239.0
693.0
347.0
282.0
316.0
221.0
213.0
270.0
278.0
346.0
333.0
205.0
232.0
179.0
254.0
285.0
254.0
326.0
234.0
308.0
408.0
252.0
224.0
373.0
250.0
265.0
382.0
318.0
286.0
360.0
237.0
325.0
210.0
348.0
225.0
259.0
483.0
269.0
250.0
232.0
263.0
301.0
386.0
313.0
208.0
324.0
289.0
244.0
321.0
384.0
308.0
146.0
230.0
256.0
329.0
307.0
223.0
395.0
341.0
256.0
268.0
261.0
257.0
308.0
276.0
296.0
316.0
243.0
280.0
375.0
367.0
243.0
165.0
194.0
343.0
376.0
205.0
346.0
308.0
476.0
275.0
248.0
196.0
233.0
275.0
303.0
453.0
213.0
249.0
316.0
329.0
354.0
264.0
269.0
308.0
263.0
208.0
235.0
245.0
321.0
205.0
424.0
250.0
371.0
292.0
285.0
209.0
390.0
422.0
289.0
244.0
244.0
327.0
250.0
348.0
302.0
280.0
232.0
280.0
211.0
326.0
197.0
284.0
281.0
351.0
242.0
195.0
308.0
250.0
260.0
280.0
382.0
227.0
305.0
207.0
256.0
272.0
310.0
224.0
214.0
253.0
229.0
371.0
330.0
323.0
348.0
246.0
279.0
310.0
388.0
277.0
302.0
365.0
240.0
406.0
197.0
220.0
336.0
346.0
272.0
293.0
316.0
408.0
176.0
252.0
271.0
392.0
369.0
301.0
235.0
244.0
209.0
295.0
263.0
285.0
398.0
246.0
234.0
245.0
330.0
193.0
235.0
205.0
356.0
404.0
246.0
222.0
309.0
236.0
303.0
189.0
206.0
381.0
281.0
316.0
286.0
215.0
384.0
384.0
312.0
351.0
300.0
391.0
245.0
295.0
248.0
271.0
221.0
274.0
335.0
342.0
245.0
354.0
253.0
208.0
421.0
214.0
462.0
280.0
125.0
333.0
203.0
294.0
256.0
243.0
146.0
439.0
286.0
302.0
256.0
236.0
361.0
282.0
330.0
358.0
368.0
189.0
238.0
236.0
342.0
232.0
193.0
246.0
356.0
172.0
288.0
356.0
331.0
443.0
252.0
288.0
296.0
462.0
205.0
249.0
261.0
300.0
246.0
260.0
261.0
271.0
324.0
224.0
244.0
311.0
339.0
240.0
240.0
233.0
246.0
224.0
429.0
231.0
320.0
285.0
378.0
270.0
228.0
306.0
265.0
248.0
327.0
415.0
214.0
154.0
218.0
267.0
351.0
334.0
293.0
223.0
377.0
270.0
297.0
464.0
350.0
182.0
229.0
331.0
213.0
240.0
247.0
372.0
310.0
690.0
166.0
221.0
241.0
182.0
207.0
261.0
303.0
332.0
235.0
303.0
231.0
728.0
305.0
279.0
348.0
293.0
218.0
234.0
342.0
203.0
367.0
244.0
286.0
219.0
203.0
564.0
192.0
213.0
159.0
345.0
268.0
342.0
517.0
212.0
254.0
217.0
285.0
347.0
286.0
215.0
284.0
342.0
390.0
457.0
324.0
273.0
252.0
300.0
248.0
366.0
210.0
322.0
220.0
148.0
202.0
219.0
397.0
144.0
232.0
196.0
268.0
308.0
286.0
354.0
221.0
234.0
247.0
239.0
299.0
181.0
237.0
230.0
452.0
239.0
251.0
321.0
280.0
277.0
261.0
372.0
249.0
299.0
183.0
354.0
239.0
252.0
435.0
299.0
327.0
224.0
370.0
226.0
291.0
354.0
222.0
273.0
331.0
219.0
254.0
219.0
205.0
354.0
214.0
244.0
152.0
240.0
328.0
297.0
327.0
350.0
212.0
267.0
367.0
192.0
259.0
340.0
346.0
279.0
280.0
168.0
288.0
447.0
320.0
278.0
311.0
239.0
261.0
251.0
198.0
247.0
264.0
308.0
201.0
360.0
249.0
249.0
191.0
238.0
323.0
285.0
301.0
300.0
230.0
302.0
389.0
286.0
259.0
251.0
268.0
236.0
244.0
273.0
297.0
224.0
270.0
224.0
204.0
354.0
252.0
252.0
432.0
283.0
368.0
250.0
281.0
267.0
225.0
696.0
208.0
249.0
291.0
238.0
393.0
287.0
210.0
278.0
207.0
253.0
191.0
237.0
331.0
278.0
303.0
187.0
261.0
472.0
420.0
381.0
245.0
246.0
258.0
231.0
324.0
201.0
225.0
272.0
317.0
284.0
231.0
235.0
284.0
544.0
205.0
288.0
321.0
214.0
253.0
222.0
366.0
150.0
216.0
246.0
352.0
319.0
237.0
257.0
311.0
295.0
353.0
414.0
284.0
346.0
183.0
243.0
305.0
250.0
270.0
318.0
224.0
256.0
283.0
299.0
260.0
577.0
257.0
203.0
244.0
333.0
417.0
260.0
267.0
269.0
264.0
312.0
271.0
207.0
265.0
218.0
276.0
245.0
287.0
183.0
232.0
241.0
178.0
292.0
191.0
248.0
290.0
224.0
344.0
329.0
327.0
307.0
281.0
346.0
302.0
309.0
370.0
262.0
338.0
340.0
330.0
193.0
231.0
266.0
214.0
311.0
268.0
354.0
267.0
337.0
303.0
245.0
267.0
261.0
304.0
143.0
259.0
219.0
225.0
275.0
306.0
295.0
178.0
333.0
237.0
207.0
253.0
150.0
255.0
251.0
370.0
261.0
237.0
325.0
244.0
236.0
463.0
300.0
280.0
153.0
201.0
258.0
251.0
286.0
326.0
243.0
248.0
324.0
260.0
208.0
268.0
305.0
288.0
297.0
421.0
284.0
282.0
231.0
328.0
266.0
375.0
239.0
307.0
263.0
273.0
287.0
394.0
330.0
257.0
358.0
263.0
309.0
303.0
244.0
272.0
263.0
373.0
259.0
270.0
219.0
520.0
278.0
172.0
273.0
272.0
439.0
165.0
212.0
389.0
299.0
357.0
342.0
216.0
266.0
325.0
347.0
235.0
227.0
301.0
263.0
250.0
262.0
218.0
284.0
241.0
264.0
215.0
192.0
327.0
194.0
250.0
322.0
269.0
159.0
348.0
273.0
284.0
148.0
385.0
167.0
276.0
339.0
376.0
207.0
506.0
273.0
209.0
252.0
290.0
324.0
314.0
193.0
246.0
466.0
233.0
214.0
249.0
271.0
244.0
232.0
294.0
308.0
211.0
318.0
368.0
295.0
385.0
316.0
172.0
210.0
217.0
364.0
204.0
281.0
267.0
321.0
427.0
333.0
427.0
336.0
299.0
434.0
309.0
416.0
235.0
204.0
284.0
334.0
219.0
168.0
259.0
450.0
300.0
240.0
233.0
346.0
229.0
305.0
267.0
526.0
253.0
276.0
278.0
282.0
264.0
274.0
236.0
267.0
199.0
237.0
268.0
205.0
392.0
267.0
281.0
248.0
240.0
252.0
352.0
259.0
196.0
367.0
447.0
247.0
304.0
308.0
363.0
246.0
261.0
226.0
301.0
243.0
281.0
189.0
233.0
310.0
287.0
298.0
198.0
217.0
272.0
274.0
408.0
239.0
329.0
404.0
269.0
304.0
372.0
337.0
191.0
248.0
245.0
362.0
247.0
346.0
261.0
235.0
241.0
362.0
230.0
235.0
265.0
298.0
273.0
291.0
285.0
240.0
321.0
231.0
271.0
261.0
360.0
332.0
254.0
217.0
238.0
339.0
260.0
267.0
276.0
254.0
239.0
299.0
319.0
349.0
262.0
214.0
239.0
321.0
237.0
230.0
336.0
280.0
205.0
273.0
206.0
358.0
376.0
277.0
334.0
281.0
276.0
350.0
245.0
301.0
306.0
264.0
258.0
294.0
148.0
341.0
305.0
259.0
292.0
298.0
245.0
285.0
302.0
254.0
320.0
180.0
270.0
308.0
288.0
312.0
404.0
291.0
510.0
289.0
285.0
289.0
279.0
241.0
304.0
246.0
238.0
406.0
283.0
253.0
317.0
362.0
316.0
358.0
320.0
450.0
228.0
321.0
423.0
294.0
193.0
231.0
216.0
236.0
248.0
245.0
264.0
267.0
381.0
308.0
329.0
305.0
251.0
269.0
305.0
279.0
371.0
234.0
233.0
270.0
480.0
262.0
259.0
316.0
539.0
324.0
226.0
328.0
223.0
291.0
246.0
265.0
407.0
187.0
286.0
412.0
185.0
237.0
319.0
182.0
347.0
151.0
336.0
268.0
205.0
308.0
348.0
277.0
265.0
223.0
299.0
352.0
212.0
366.0
377.0
320.0
163.0
305.0
269.0
215.0
323.0
213.0
261.0
297.0
213.0
292.0
306.0
228.0
195.0
345.0
431.0
256.0
379.0
357.0
213.0
212.0
298.0
204.0
287.0
246.0
220.0
225.0
434.0
378.0
279.0
264.0
169.0
368.0
191.0
333.0
325.0
408.0
336.0
552.0
211.0
253.0
281.0
307.0
291.0
322.0
224.0
191.0
406.0
284.0
200.0
246.0
261.0
176.0
277.0
281.0
293.0
412.0
307.0
260.0
363.0
224.0
236.0
267.0
322.0
348.0
211.0
399.0
284.0
240.0
256.0
256.0
224.0
662.0
268.0
284.0
333.0
284.0
309.0
349.0
283.0
258.0
308.0
238.0
195.0
278.0
250.0
288.0
302.0
290.0
277.0
375.0
273.0
233.0
329.0
245.0
345.0
239.0
272.0
295.0
320.0
153.0
202.0
224.0
164.0
564.0
237.0
243.0
310.0
261.0
334.0
165.0
300.0
295.0
258.0
319.0
354.0
180.0
237.0
254.0
328.0
349.0
272.0
435.0
285.0
215.0
317.0
201.0
268.0
404.0
321.0
298.0
290.0
380.0
226.0
293.0
229.0
243.0
252.0
268.0
260.0
261.0
289.0
242.0
237.0
238.0
307.0
279.0
277.0
311.0
224.0
342.0
200.0
333.0
203.0
261.0
312.0
384.0
288.0
274.0
328.0
236.0
299.0
262.0
402.0
365.0
215.0
272.0
386.0
233.0
228.0
299.0
309.0
220.0
440.0
229.0
283.0
344.0
306.0
441.0
211.0
295.0
356.0
303.0
248.0
232.0
280.0
442.0
194.0
210.0
406.0
220.0
397.0
170.0
304.0
250.0
338.0
281.0
231.0
297.0
356.0
399.0
300.0
238.0
258.0
389.0
365.0
294.0
298.0
293.0
293.0
353.0
270.0
218.0
329.0
398.0
240.0
447.0
203.0
218.0
491.0
293.0
319.0
236.0
379.0
239.0
256.0
186.0
224.0
265.0
284.0
311.0
284.0
173.0
248.0
293.0
400.0
399.0
251.0
303.0
226.0
188.0
270.0
273.0
167.0
245.0
290.0
221.0
218.0
240.0
269.0
243.0
311.0
339.0
402.0
218.0
297.0
285.0
309.0
329.0
287.0
224.0
349.0
286.0
211.0
253.0
412.0
266.0
249.0
260.0
231.0
296.0
335.0
238.0
200.0
255.0
361.0
196.0
311.0
299.0
177.0
279.0
249.0
318.0
398.0
413.0
239.0
283.0
302.0
288.0
371.0
303.0
250.0
312.0
229.0
233.0
398.0
402.0
231.0
286.0
172.0
183.0
499.0
154.0
253.0
200.0
224.0
391.0
191.0
301.0
401.0
274.0
407.0
348.0
277.0
246.0
224.0
301.0
412.0
310.0
308.0
302.0
181.0
281.0
180.0
277.0
333.0
319.0
322.0
254.0
311.0
191.0
267.0
374.0
220.0
304.0
308.0
290.0
301.0
244.0
368.0
224.0
362.0
334.0
242.0
268.0
220.0
261.0
317.0
273.0
341.0
349.0
286.0
200.0
330.0
416.0
326.0
323.0
317.0
270.0
358.0
315.0
252.0
241.0
271.0
265.0
258.0
354.0
195.0
302.0
187.0
293.0
286.0
298.0
173.0
243.0
222.0
231.0
260.0
158.0
308.0
264.0
238.0
409.0
271.0
252.0
165.0
239.0
217.0
288.0
272.0
235.0
274.0
410.0
228.0
288.0
366.0
316.0
184.0
158.0
452.0
270.0
235.0
184.0
222.0
292.0
311.0
244.0
245.0
259.0
323.0
267.0
222.0
323.0
268.0
274.0
275.0
348.0
296.0
278.0
264.0
250.0
248.0
277.0
242.0
290.0
253.0
263.0
392.0
483.0
202.0
179.0
190.0
399.0
254.0
288.0
413.0
203.0
234.0
277.0
297.0
173.0
229.0
303.0
343.0
287.0
307.0
271.0
290.0
328.0
407.0
423.0
255.0
279.0
270.0
350.0
292.0
252.0
250.0
329.0
179.0
294.0
248.0
500.0
185.0
231.0
290.0
294.0
257.0
429.0
247.0
292.0
292.0
310.0
330.0
324.0
211.0
232.0
232.0
240.0
176.0
245.0
325.0
296.0
395.0
327.0
228.0
284.0
254.0
173.0
314.0
285.0
238.0
281.0
266.0
313.0
245.0
366.0
249.0
211.0
305.0
379.0
289.0
274.0
430.0
291.0
196.0
200.0
779.0
290.0
383.0
258.0
215.0
211.0
236.0
350.0
352.0
282.0
363.0
282.0
204.0
337.0
224.0
301.0
249.0
302.0
239.0
276.0
266.0
242.0
425.0
150.0
334.0
392.0
266.0
324.0
270.0
261.0
283.0
244.0
305.0
303.0
356.0
512.0
246.0
294.0
275.0
368.0
280.0
257.0
195.0
338.0
228.0
258.0
263.0
209.0
365.0
331.0
314.0
201.0
310.0
240.0
265.0
257.0
341.0
188.0
289.0
332.0
314.0
328.0
184.0
270.0
248.0
226.0
314.0
329.0
819.0
324.0
165.0
365.0
191.0
245.0
264.0
291.0
286.0
244.0
348.0
260.0
191.0
316.0
323.0
283.0
189.0
344.0
302.0
251.0
250.0
424.0
361.0
324.0
251.0
369.0
456.0
249.0
394.0
219.0
234.0
225.0
272.0
410.0
199.0
291.0
384.0
405.0
315.0
221.0
234.0
213.0
185.0
165.0
266.0
250.0
243.0
259.0
298.0
286.0
227.0
255.0
218.0
276.0
269.0
229.0
259.0
287.0
206.0
200.0
267.0
287.0
356.0
240.0
245.0
380.0
232.0
449.0
213.0
369.0
336.0
256.0
202.0
267.0
276.0
305.0
313.0
221.0
221.0
356.0
339.0
207.0
242.0
289.0
289.0
244.0
292.0
236.0
217.0
317.0
246.0
231.0
273.0
286.0
349.0
249.0
287.0
356.0
276.0
271.0
320.0
325.0
336.0
328.0
443.0
271.0
263.0
212.0
233.0
287.0
286.0
261.0
232.0
340.0
262.0
241.0
411.0
246.0
283.0
263.0
257.0
256.0
363.0
294.0
365.0
232.0
252.0
174.0
209.0
230.0
422.0
334.0
186.0
419.0
275.0
271.0
226.0
226.0
322.0
273.0
168.0
311.0
273.0
197.0
295.0
208.0
242.0
417.0
289.0
229.0
530.0
335.0
270.0
297.0
263.0
285.0
245.0
305.0
246.0
374.0
222.0
263.0
276.0
219.0
245.0
286.0
212.0
280.0
361.0
327.0
246.0
258.0
533.0
232.0
270.0
308.0
288.0
246.0
281.0
199.0
269.0
193.0
219.0
272.0
216.0
378.0
236.0
210.0
289.0
239.0
242.0
269.0
215.0
268.0
250.0
290.0
310.0
368.0
212.0
358.0
215.0
248.0
243.0
320.0
289.0
231.0
307.0
196.0
312.0
303.0
392.0
246.0
286.0
487.0
393.0
283.0
252.0
295.0
370.0
266.0
252.0
280.0
337.0
191.0
218.0
234.0
353.0
392.0
173.0
313.0
352.0
338.0
245.0
199.0
306.0
254.0
250.0
318.0
383.0
226.0
248.0
262.0
247.0
332.0
276.0
322.0
214.0
441.0
295.0
257.0
253.0
247.0
245.0
191.0
373.0
285.0
278.0
290.0
265.0
305.0
274.0
211.0
303.0
262.0
392.0
199.0
276.0
234.0
339.0
293.0
202.0
248.0
322.0
330.0
265.0
274.0
265.0
201.0
313.0
303.0
207.0
332.0
256.0
260.0
384.0
293.0
220.0
411.0
200.0
267.0
303.0
228.0
227.0
359.0
307.0
317.0
301.0
270.0
321.0
313.0
186.0
255.0
304.0
342.0
359.0
332.0
261.0
258.0
140.0
251.0
247.0
249.0
268.0
250.0
415.0
261.0
326.0
365.0
327.0
350.0
291.0
274.0
227.0
228.0
329.0
288.0
302.0
397.0
374.0
234.0
289.0
325.0
308.0
357.0
342.0
355.0
400.0
287.0
281.0
281.0
248.0
285.0
377.0
344.0
178.0
261.0
203.0
240.0
370.0
197.0
242.0
215.0
262.0
453.0
242.0
168.0
300.0
396.0
301.0
302.0
260.0
299.0
471.0
316.0
256.0
354.0
284.0
377.0
208.0
231.0
364.0
319.0
293.0
319.0
292.0
253.0
227.0
354.0
526.0
219.0
252.0
420.0
200.0
231.0
170.0
303.0
195.0
406.0
355.0
358.0
341.0
311.0
305.0
678.0
208.0
288.0
300.0
174.0
185.0
210.0
291.0
246.0
341.0
353.0
241.0
240.0
268.0
248.0
288.0
209.0
353.0
416.0
349.0
306.0
259.0
351.0
276.0
361.0
287.0
254.0
332.0
336.0
314.0
206.0
269.0
291.0
226.0
322.0
279.0
328.0
254.0
306.0
277.0
369.0
336.0
282.0
245.0
257.0
300.0
242.0
278.0
246.0
195.0
297.0
196.0
190.0
391.0
216.0
219.0
283.0
225.0
314.0
291.0
369.0
311.0
187.0
310.0
262.0
272.0
320.0
242.0
365.0
323.0
327.0
287.0
201.0
260.0
351.0
294.0
283.0
276.0
378.0
367.0
309.0
286.0
360.0
264.0
256.0
277.0
286.0
247.0
256.0
213.0
295.0
309.0
311.0
219.0
364.0
207.0
299.0
226.0
301.0
237.0
172.0
1115.0
242.0
264.0
379.0
217.0
302.0
363.0
238.0
277.0
244.0
343.0
356.0
253.0
280.0
267.0
254.0
250.0
298.0
385.0
269.0
446.0
243.0
242.0
305.0
285.0
463.0
220.0
354.0
304.0
178.0
315.0
280.0
834.0
163.0
264.0
231.0
301.0
248.0
248.0
173.0
345.0
251.0
304.0
296.0
197.0
297.0
287.0
239.0
270.0
307.0
340.0
230.0
182.0
344.0
311.0
348.0
210.0
381.0
362.0
284.0
322.0
273.0
280.0
322.0
162.0
252.0
243.0
458.0
205.0
326.0
257.0
280.0
231.0
258.0
253.0
346.0
251.0
245.0
330.0
517.0
349.0
378.0
359.0
205.0
299.0
386.0
306.0
268.0
373.0
325.0
296.0
275.0
275.0
156.0
167.0
303.0
277.0
203.0
279.0
309.0
247.0
377.0
215.0
337.0
427.0
301.0
252.0
385.0
214.0
283.0
242.0
160.0
463.0
254.0
274.0
484.0
342.0
236.0
182.0
329.0
237.0
263.0
249.0
224.0
332.0
271.0
179.0
372.0
231.0
354.0
182.0
297.0
429.0
251.0
289.0
239.0
257.0
288.0
256.0
236.0
295.0
288.0
343.0
375.0
314.0
230.0
521.0
272.0
302.0
244.0
263.0
300.0
279.0
217.0
234.0
292.0
257.0
220.0
188.0
367.0
327.0
211.0
258.0
148.0
250.0
365.0
259.0
372.0
365.0
229.0
353.0
307.0
311.0
181.0
157.0
286.0
222.0
356.0
162.0
303.0
265.0
343.0
288.0
292.0
259.0
266.0
523.0
229.0
321.0
380.0
213.0
225.0
214.0
259.0
241.0
157.0
267.0
228.0
266.0
271.0
229.0
343.0
258.0
364.0
261.0
334.0
285.0
238.0
333.0
359.0
229.0
389.0
285.0
252.0
282.0
336.0
254.0
298.0
318.0
419.0
291.0
286.0
275.0
300.0
237.0
193.0
293.0
334.0
352.0
237.0
227.0
270.0
295.0
249.0
222.0
201.0
302.0
187.0
243.0
298.0
358.0
358.0
273.0
348.0
294.0
326.0
335.0
327.0
293.0
326.0
201.0
264.0
219.0
274.0
316.0
235.0
372.0
267.0
308.0
279.0
298.0
259.0
293.0
243.0
249.0
277.0
216.0
226.0
251.0
214.0
356.0
234.0
212.0
331.0
347.0
252.0
252.0
227.0
243.0
486.0
306.0
285.0
284.0
259.0
376.0
373.0
345.0
223.0
299.0
357.0
235.0
213.0
285.0
320.0
222.0
180.0
294.0
226.0
243.0
245.0
308.0
335.0
286.0
295.0
264.0
314.0
275.0
258.0
225.0
333.0
274.0
323.0
360.0
306.0
279.0
282.0
283.0
371.0
269.0
276.0
186.0
422.0
297.0
273.0
300.0
263.0
188.0
375.0
334.0
272.0
296.0
251.0
397.0
216.0
189.0
183.0
364.0
266.0
227.0
278.0
272.0
325.0
360.0
306.0
341.0
247.0
340.0
272.0
223.0
305.0
274.0
381.0
238.0
402.0
371.0
233.0
275.0
376.0
262.0
251.0
231.0
310.0
261.0
242.0
379.0
262.0
181.0
367.0
301.0
203.0
272.0
225.0
366.0
332.0
358.0
325.0
253.0
327.0
284.0
357.0
676.0
271.0
301.0
282.0
175.0
322.0
214.0
345.0
316.0
553.0
267.0
199.0
254.0
334.0
186.0
195.0
399.0
304.0
313.0
228.0
243.0
235.0
222.0
370.0
312.0
289.0
296.0
313.0
258.0
398.0
288.0
227.0
230.0
240.0
240.0
221.0
224.0
190.0
275.0
270.0
293.0
312.0
451.0
182.0
303.0
310.0
191.0
475.0
198.0
298.0
202.0
298.0
257.0
277.0
224.0
335.0
325.0
797.0
261.0
346.0
243.0
284.0
275.0
220.0
284.0
295.0
306.0
314.0
262.0
298.0
267.0
254.0
208.0
292.0
399.0
381.0
388.0
209.0
249.0
294.0
268.0
296.0
310.0
422.0
292.0
332.0
144.0
168.0
361.0
273.0
242.0
218.0
230.0
259.0
517.0
158.0
258.0
385.0
277.0
438.0
272.0
302.0
226.0
221.0
310.0
204.0
175.0
259.0
278.0
254.0
328.0
213.0
213.0
313.0
298.0
305.0
259.0
324.0
289.0
207.0
411.0
228.0
330.0
219.0
247.0
329.0
395.0
277.0
193.0
193.0
406.0
269.0
329.0
230.0
189.0
214.0
571.0
277.0
316.0
393.0
348.0
219.0
284.0
237.0
417.0
306.0
279.0
342.0
326.0
249.0
258.0
223.0
262.0
249.0
313.0
276.0
283.0
351.0
252.0
336.0
337.0
205.0
169.0
234.0
243.0
221.0
191.0
248.0
264.0
252.0
292.0
314.0
297.0
216.0
219.0
181.0
291.0
163.0
303.0
334.0
261.0
438.0
302.0
245.0
254.0
196.0
211.0
189.0
370.0
340.0
243.0
197.0
324.0
308.0
240.0
343.0
401.0
300.0
272.0
335.0
233.0
266.0
357.0
437.0
252.0
380.0
245.0
227.0
265.0
211.0
235.0
268.0
272.0
253.0
280.0
271.0
259.0
225.0
284.0
354.0
209.0
212.0
270.0
254.0
281.0
260.0
277.0
262.0
290.0
265.0
373.0
179.0
240.0
549.0
222.0
246.0
258.0
271.0
358.0
216.0
223.0
345.0
388.0
235.0
306.0
295.0
238.0
257.0
290.0
318.0
243.0
243.0
295.0
306.0
216.0
373.0
261.0
223.0
305.0
239.0
360.0
233.0
190.0
246.0
234.0
181.0
212.0
263.0
350.0
242.0
322.0
222.0
257.0
242.0
375.0
252.0
396.0
204.0
318.0
249.0
253.0
307.0
326.0
242.0
220.0
370.0
265.0
324.0
354.0
326.0
220.0
454.0
273.0
225.0
273.0
212.0
205.0
333.0
371.0
177.0
274.0
251.0
244.0
313.0
230.0
200.0
419.0
176.0
325.0
274.0
276.0
220.0
362.0
256.0
346.0
222.0
255.0
329.0
220.0
243.0
283.0
264.0
161.0
253.0
330.0
360.0
334.0
185.0
245.0
181.0
340.0
394.0
272.0
331.0
301.0
216.0
379.0
271.0
421.0
330.0
307.0
188.0
254.0
421.0
465.0
273.0
308.0
361.0
256.0
225.0
268.0
266.0
240.0
271.0
204.0
322.0
410.0
253.0
348.0
280.0
263.0
305.0
259.0
372.0
234.0
272.0
276.0
178.0
220.0
446.0
297.0
225.0
314.0
285.0
305.0
387.0
409.0
170.0
179.0
266.0
326.0
391.0
205.0
344.0
466.0
253.0
231.0
261.0
334.0
233.0
351.0
266.0
253.0
275.0
307.0
275.0
214.0
263.0
261.0
175.0
325.0
410.0
337.0
246.0
321.0
241.0
307.0
317.0
206.0
317.0
337.0
409.0
317.0
224.0
308.0
325.0
155.0
242.0
285.0
308.0
203.0
226.0
173.0
323.0
384.0
176.0
267.0
369.0
183.0
255.0
354.0
191.0
298.0
448.0
345.0
243.0
240.0
441.0
232.0
241.0
415.0
274.0
300.0
377.0
234.0
334.0
254.0
258.0
282.0
338.0
286.0
247.0
266.0
296.0
396.0
341.0
190.0
300.0
279.0
286.0
374.0
198.0
383.0
184.0
229.0
383.0
217.0
215.0
252.0
162.0
303.0
444.0
249.0
349.0
238.0
170.0
324.0
297.0
329.0
329.0
216.0
439.0
420.0
268.0
358.0
181.0
263.0
276.0
393.0
287.0
236.0
320.0
360.0
255.0
370.0
216.0
329.0
273.0
329.0
228.0
297.0
632.0
216.0
452.0
390.0
269.0
371.0
306.0
346.0
232.0
345.0
258.0
257.0
196.0
236.0
392.0
291.0
329.0
367.0
222.0
188.0
209.0
267.0
329.0
227.0
372.0
292.0
258.0
273.0
236.0
299.0
369.0
349.0
224.0
321.0
857.0
163.0
200.0
270.0
167.0
294.0
360.0
164.0
399.0
197.0
193.0
289.0
147.0
243.0
278.0
253.0
210.0
263.0
209.0
248.0
278.0
186.0
407.0
301.0
229.0
310.0
242.0
260.0
249.0
240.0
364.0
325.0
240.0
154.0
164.0
357.0
243.0
195.0
319.0
454.0
355.0
199.0
602.0
292.0
191.0
228.0
282.0
192.0
424.0
252.0
150.0
433.0
272.0
334.0
216.0
274.0
293.0
334.0
274.0
454.0
333.0
309.0
196.0
250.0
297.0
422.0
301.0
351.0
138.0
231.0
441.0
237.0
207.0
351.0
435.0
381.0
689.0
174.0
237.0
307.0
302.0
199.0
474.0
302.0
223.0
249.0
228.0
294.0
237.0
461.0
272.0
286.0
418.0
270.0
264.0
177.0
393.0
241.0
210.0
287.0
407.0
205.0
189.0
186.0
235.0
277.0
176.0
632.0
252.0
254.0
244.0
206.0
204.0
227.0
291.0
359.0
272.0
389.0
321.0
286.0
213.0
333.0
298.0
261.0
261.0
322.0
235.0
306.0
292.0
292.0
431.0
166.0
263.0
367.0
187.0
286.0
184.0
221.0
262.0
403.0
206.0
209.0
312.0
1004.0
361.0
289.0
272.0
248.0
286.0
382.0
319.0
472.0
188.0
262.0
338.0
271.0
192.0
248.0
281.0
274.0
306.0
342.0
324.0
328.0
254.0
323.0
181.0
313.0
270.0
232.0
303.0
299.0
200.0
307.0
309.0
324.0
324.0
280.0
248.0
300.0
299.0
286.0
351.0
369.0
203.0
205.0
345.0
323.0
206.0
337.0
283.0
313.0
265.0
275.0
187.0
195.0
456.0
239.0
319.0
231.0
232.0
273.0
255.0
362.0
245.0
256.0
327.0
163.0
225.0
340.0
285.0
279.0
378.0
182.0
379.0
245.0
318.0
298.0
254.0
256.0
281.0
212.0
500.0
200.0
333.0
710.0
383.0
220.0
364.0
356.0
208.0
234.0
252.0
177.0
259.0
238.0
392.0
248.0
329.0
244.0
273.0
252.0
137.0
313.0
321.0
259.0
411.0
315.0
322.0
275.0
200.0
223.0
262.0
231.0
366.0
257.0
295.0
218.0
243.0
208.0
291.0
215.0
317.0
380.0
232.0
362.0
312.0
435.0
270.0
292.0
231.0
230.0
218.0
371.0
214.0
416.0
314.0
183.0
251.0
242.0
199.0
128.0
252.0
270.0
417.0
327.0
219.0
288.0
246.0
253.0
246.0
559.0
226.0
251.0
210.0
196.0
163.0
327.0
347.0
296.0
331.0
179.0
492.0
287.0
285.0
358.0
282.0
242.0
205.0
236.0
243.0
266.0
355.0
355.0
389.0
243.0
263.0
288.0
167.0
383.0
275.0
195.0
231.0
322.0
303.0
294.0
261.0
298.0
283.0
409.0
274.0
351.0
257.0
215.0
322.0
323.0
256.0
288.0
390.0
247.0
309.0
260.0
564.0
223.0
257.0
311.0
180.0
392.0
300.0
246.0
244.0
273.0
224.0
235.0
226.0
298.0
376.0
221.0
694.0
223.0
318.0
147.0
335.0
246.0
235.0
237.0
249.0
223.0
284.0
290.0
229.0
313.0
403.0
365.0
223.0
499.0
306.0
260.0
314.0
225.0
324.0
319.0
204.0
207.0
257.0
471.0
273.0
267.0
274.0
259.0
273.0
243.0
266.0
210.0
177.0
371.0
365.0
259.0
288.0
252.0
276.0
312.0
278.0
242.0
471.0
186.0
330.0
359.0
150.0
256.0
235.0
289.0
246.0
225.0
301.0
277.0
431.0
264.0
283.0
298.0
259.0
299.0
208.0
268.0
356.0
317.0
230.0
329.0
243.0
255.0
247.0
289.0
281.0
268.0
213.0
313.0
283.0
215.0
247.0
257.0
362.0
289.0
345.0
283.0
271.0
334.0
346.0
245.0
154.0
233.0
311.0
224.0
508.0
362.0
330.0
226.0
1148.0
234.0
296.0
315.0
316.0
272.0
295.0
255.0
310.0
258.0
215.0
236.0
237.0
252.0
228.0
259.0
239.0
257.0
371.0
191.0
289.0
221.0
266.0
248.0
297.0
166.0
288.0
441.0
266.0
350.0
291.0
232.0
219.0
301.0
378.0
220.0
249.0
284.0
300.0
208.0
236.0
348.0
351.0
319.0
241.0
199.0
243.0
211.0
245.0
219.0
270.0
178.0
227.0
464.0
262.0
206.0
283.0
331.0
257.0
308.0
225.0
299.0
222.0
208.0
265.0
286.0
227.0
294.0
180.0
225.0
207.0
364.0
429.0
192.0
166.0
288.0
264.0
308.0
211.0
266.0
298.0
240.0
254.0
255.0
206.0
346.0
242.0
299.0
409.0
266.0
289.0
329.0
286.0
468.0
250.0
410.0
317.0
257.0
227.0
230.0
233.0
182.0
411.0
461.0
363.0
367.0
302.0
179.0
333.0
370.0
225.0
183.0
378.0
212.0
169.0
194.0
247.0
228.0
240.0
315.0
195.0
280.0
425.0
397.0
285.0
497.0
272.0
298.0
246.0
211.0
431.0
268.0
214.0
260.0
288.0
230.0
291.0
190.0
289.0
281.0
362.0
199.0
217.0
202.0
365.0
216.0
290.0
223.0
319.0
194.0
331.0
333.0
436.0
190.0
247.0
180.0
271.0
272.0
237.0
209.0
324.0
257.0
285.0
162.0
288.0
234.0
212.0
303.0
302.0
192.0
407.0
211.0
251.0
245.0
201.0
203.0
357.0
192.0
339.0
381.0
267.0
333.0
330.0
310.0
319.0
297.0
225.0
237.0
197.0
372.0
271.0
404.0
351.0
295.0
373.0
268.0
237.0
269.0
254.0
390.0
236.0
267.0
250.0
336.0
358.0
294.0
355.0
387.0
363.0
291.0
172.0
379.0
234.0
216.0
231.0
177.0
247.0
340.0
217.0
199.0
230.0
286.0
356.0
318.0
211.0
371.0
301.0
251.0
449.0
353.0
325.0
177.0
245.0
316.0
286.0
380.0
134.0
277.0
350.0
248.0
349.0
392.0
186.0
251.0
216.0
215.0
197.0
151.0
246.0
283.0
280.0
438.0
232.0
859.0
206.0
259.0
368.0
265.0
321.0
209.0
404.0
186.0
299.0
233.0
273.0
419.0
226.0
420.0
194.0
231.0
276.0
359.0
312.0
222.0
395.0
199.0
292.0
250.0
267.0
241.0
282.0
283.0
316.0
242.0
299.0
226.0
254.0
318.0
241.0
258.0
305.0
270.0
207.0
290.0
354.0
222.0
288.0
262.0
315.0
229.0
304.0
422.0
209.0
385.0
170.0
220.0
221.0
398.0
269.0
195.0
342.0
301.0
316.0
260.0
259.0
390.0
238.0
282.0
312.0
429.0
256.0
371.0
266.0
349.0
357.0
263.0
264.0
261.0
294.0
357.0
242.0
203.0
309.0
379.0
236.0
253.0
195.0
296.0
294.0
341.0
397.0
302.0
259.0
349.0
228.0
258.0
256.0
219.0
262.0
355.0
262.0
260.0
423.0
224.0
260.0
376.0
1398.0
343.0
317.0
242.0
288.0
267.0
226.0
277.0
234.0
230.0
310.0
233.0
338.0
276.0
245.0
433.0
345.0
244.0
259.0
197.0
405.0
387.0
330.0
303.0
349.0
175.0
270.0
280.0
219.0
198.0
397.0
317.0
284.0
192.0
373.0
296.0
339.0
377.0
226.0
199.0
276.0
262.0
205.0
564.0
315.0
283.0
192.0
313.0
213.0
225.0
337.0
323.0
243.0
243.0
292.0
362.0
258.0
271.0
295.0
318.0
226.0
234.0
214.0
299.0
177.0
239.0
239.0
318.0
280.0
211.0
326.0
347.0
371.0
329.0
310.0
310.0
207.0
204.0
273.0
318.0
281.0
223.0
294.0
291.0
199.0
310.0
288.0
505.0
303.0
273.0
217.0
261.0
350.0
313.0
146.0
244.0
260.0
322.0
345.0
530.0
171.0
255.0
593.0
366.0
287.0
283.0
245.0
269.0
270.0
227.0
283.0
123.0
296.0
292.0
276.0
238.0
300.0
307.0
286.0
266.0
403.0
274.0
240.0
300.0
320.0
310.0
178.0
249.0
235.0
232.0
297.0
190.0
272.0
205.0
178.0
216.0
288.0
408.0
197.0
227.0
444.0
297.0
420.0
214.0
296.0
555.0
270.0
279.0
333.0
424.0
362.0
226.0
252.0
377.0
217.0
371.0
188.0
347.0
358.0
170.0
387.0
220.0
228.0
344.0
263.0
287.0
302.0
243.0
413.0
279.0
321.0
264.0
120.0
275.0
310.0
150.0
256.0
189.0
584.0
371.0
346.0
346.0
318.0
204.0
174.0
186.0
251.0
238.0
389.0
173.0
289.0
188.0
235.0
310.0
317.0
270.0
403.0
211.0
295.0
349.0
286.0
371.0
280.0
181.0
255.0
274.0
342.0
185.0
197.0
306.0
732.0
184.0
272.0
216.0
311.0
222.0
304.0
369.0
295.0
269.0
374.0
219.0
323.0
336.0
480.0
277.0
283.0
326.0
321.0
229.0
249.0
231.0
420.0
253.0
239.0
216.0
215.0
298.0
325.0
263.0
178.0
275.0
234.0
289.0
370.0
291.0
256.0
339.0
208.0
324.0
345.0
300.0
347.0
337.0
405.0
372.0
315.0
345.0
511.0
293.0
299.0
271.0
363.0
193.0
299.0
258.0
198.0
441.0
317.0
205.0
201.0
191.0
173.0
221.0
245.0
363.0
346.0
253.0
267.0
408.0
312.0
404.0
284.0
407.0
263.0
210.0
321.0
181.0
226.0
253.0
277.0
284.0
287.0
217.0
258.0
263.0
289.0
224.0
234.0
296.0
501.0
208.0
228.0
305.0
254.0
382.0
165.0
266.0
197.0
268.0
694.0
243.0
433.0
310.0
391.0
257.0
384.0
235.0
229.0
386.0
328.0
392.0
230.0
254.0
374.0
298.0
275.0
216.0
290.0
278.0
296.0
255.0
372.0
294.0
303.0
336.0
470.0
321.0
287.0
280.0
263.0
396.0
240.0
232.0
301.0
289.0
244.0
351.0
218.0
257.0
238.0
263.0
302.0
310.0
441.0
318.0
399.0
202.0
271.0
333.0
360.0
349.0
321.0
314.0
294.0
187.0
193.0
198.0
203.0
311.0
234.0
263.0
283.0
252.0
314.0
338.0
293.0
310.0
348.0
363.0
512.0
318.0
216.0
152.0
338.0
235.0
288.0
276.0
187.0
333.0
399.0
382.0
235.0
272.0
238.0
207.0
416.0
418.0
221.0
238.0
422.0
245.0
252.0
190.0
264.0
464.0
252.0
214.0
295.0
266.0
235.0
333.0
257.0
210.0
325.0
303.0
225.0
159.0
261.0
188.0
176.0
308.0
295.0
341.0
192.0
269.0
324.0
170.0
415.0
297.0
175.0
165.0
400.0
260.0
255.0
245.0
238.0
345.0
303.0
363.0
359.0
190.0
224.0
223.0
396.0
308.0
256.0
284.0
368.0
174.0
442.0
220.0
272.0
165.0
236.0
321.0
595.0
242.0
272.0
335.0
349.0
300.0
189.0
247.0
387.0
277.0
242.0
277.0
190.0
287.0
319.0
212.0
393.0
202.0
283.0
347.0
293.0
304.0
318.0
214.0
212.0
242.0
226.0
223.0
353.0
363.0
482.0
329.0
238.0
226.0
184.0
224.0
284.0
352.0
346.0
189.0
259.0
190.0
255.0
399.0
397.0
455.0
203.0
260.0
286.0
288.0
306.0
218.0
202.0
181.0
303.0
284.0
223.0
378.0
227.0
241.0
379.0
326.0
185.0
306.0
219.0
296.0
245.0
258.0
348.0
275.0
257.0
265.0
195.0
328.0
283.0
351.0
267.0
285.0
334.0
319.0
341.0
126.0
155.0
244.0
336.0
394.0
410.0
359.0
251.0
262.0
213.0
232.0
177.0
189.0
253.0
284.0
169.0
295.0
489.0
430.0
324.0
250.0
223.0
295.0
247.0
320.0
229.0
258.0
206.0
307.0
248.0
231.0
185.0
161.0
278.0
298.0
361.0
287.0
274.0
290.0
310.0
271.0
219.0
238.0
245.0
279.0
252.0
236.0
232.0
301.0
378.0
263.0
227.0
334.0
253.0
311.0
367.0
260.0
335.0
263.0
264.0
246.0
227.0
327.0
323.0
269.0
185.0
315.0
374.0
306.0
186.0
421.0
246.0
394.0
207.0
256.0
237.0
509.0
296.0
241.0
387.0
176.0
316.0
221.0
231.0
260.0
182.0
380.0
346.0
482.0
227.0
258.0
181.0
339.0
305.0
279.0
281.0
240.0
258.0
308.0
238.0
334.0
254.0
235.0
323.0
270.0
243.0
308.0
299.0
184.0
346.0
296.0
241.0
327.0
253.0
231.0
229.0
332.0
247.0
390.0
279.0
208.0
228.0
213.0
264.0
262.0
221.0
240.0
479.0
311.0
246.0
219.0
210.0
287.0
234.0
271.0
325.0
259.0
304.0
285.0
284.0
248.0
338.0
235.0
272.0
397.0
382.0
282.0
266.0
240.0
278.0
276.0
237.0
204.0
334.0
257.0
226.0
270.0
274.0
288.0
245.0
233.0
192.0
335.0
182.0
222.0
234.0
164.0
290.0
328.0
333.0
387.0
585.0
363.0
202.0
322.0
245.0
314.0
219.0
282.0
411.0
256.0
390.0
275.0
275.0
321.0
207.0
146.0
244.0
321.0
207.0
274.0
313.0
260.0
261.0
269.0
233.0
262.0
305.0
308.0
345.0
212.0
313.0
231.0
169.0
294.0
239.0
248.0
294.0
240.0
259.0
163.0
274.0
280.0
230.0
332.0
235.0
440.0
366.0
191.0
327.0
220.0
338.0
449.0
371.0
220.0
255.0
313.0
182.0
246.0
292.0
351.0
314.0
469.0
282.0
246.0
248.0
224.0
349.0
333.0
233.0
266.0
364.0
293.0
189.0
208.0
237.0
229.0
258.0
274.0
309.0
243.0
264.0
373.0
215.0
350.0
247.0
274.0
355.0
321.0
237.0
204.0
368.0
187.0
276.0
258.0
235.0
228.0
287.0
254.0
326.0
254.0
321.0
847.0
474.0
181.0
266.0
484.0
413.0
255.0
263.0
249.0
400.0
313.0
309.0
228.0
304.0
481.0
210.0
189.0
308.0
366.0
324.0
266.0
237.0
425.0
263.0
324.0
240.0
510.0
255.0
259.0
257.0
208.0
256.0
209.0
346.0
223.0
262.0
246.0
302.0
255.0
340.0
347.0
288.0
178.0
201.0
237.0
235.0
331.0
234.0
240.0
284.0
194.0
288.0
571.0
331.0
214.0
259.0
243.0
231.0
473.0
248.0
468.0
282.0
174.0
216.0
323.0
282.0
259.0
434.0
285.0
287.0
466.0
291.0
237.0
291.0
239.0
360.0
298.0
243.0
282.0
355.0
192.0
400.0
265.0
324.0
176.0
517.0
254.0
203.0
338.0
305.0
320.0
339.0
210.0
302.0
242.0
280.0
246.0
236.0
275.0
228.0
211.0
336.0
269.0
411.0
358.0
444.0
276.0
286.0
302.0
206.0
309.0
263.0
224.0
249.0
265.0
385.0
294.0
238.0
240.0
416.0
203.0
247.0
312.0
206.0
199.0
281.0
347.0
351.0
346.0
275.0
348.0
300.0
322.0
185.0
255.0
293.0
475.0
303.0
214.0
398.0
236.0
361.0
186.0
380.0
267.0
196.0
218.0
306.0
193.0
132.0
262.0
354.0
229.0
264.0
306.0
250.0
225.0
222.0
337.0
423.0
269.0
290.0
248.0
267.0
346.0
246.0
219.0
207.0
312.0
272.0
283.0
383.0
249.0
205.0
308.0
196.0
183.0
254.0
283.0
342.0
330.0
374.0
210.0
283.0
172.0
260.0
256.0
317.0
314.0
249.0
267.0
396.0
272.0
254.0
317.0
283.0
342.0
272.0
297.0
230.0
198.0
246.0
178.0
290.0
240.0
324.0
355.0
191.0
317.0
204.0
268.0
229.0
328.0
268.0
569.0
252.0
448.0
172.0
283.0
188.0
326.0
280.0
267.0
312.0
311.0
271.0
335.0
227.0
264.0
329.0
238.0
342.0
193.0
234.0
258.0
321.0
227.0
265.0
361.0
237.0
330.0
406.0
207.0
324.0
239.0
172.0
328.0
213.0
240.0
207.0
274.0
311.0
270.0
296.0
266.0
212.0
230.0
332.0
241.0
329.0
315.0
318.0
187.0
279.0
191.0
413.0
312.0
374.0
249.0
391.0
213.0
284.0
370.0
373.0
167.0
286.0
345.0
386.0
191.0
241.0
330.0
364.0
329.0
464.0
214.0
232.0
236.0
266.0
251.0
259.0
453.0
356.0
259.0
320.0
259.0
378.0
226.0
285.0
328.0
433.0
272.0
301.0
348.0
346.0
158.0
269.0
178.0
237.0
165.0
600.0
275.0
322.0
555.0
297.0
385.0
228.0
182.0
267.0
393.0
190.0
228.0
222.0
666.0
255.0
257.0
225.0
273.0
294.0
198.0
260.0
311.0
151.0
177.0
276.0
508.0
310.0
324.0
206.0
262.0
239.0
317.0
214.0
264.0
307.0
283.0
394.0
195.0
416.0
263.0
232.0
190.0
255.0
212.0
409.0
276.0
255.0
250.0
296.0
258.0
357.0
201.0
381.0
292.0
245.0
351.0
261.0
332.0
225.0
211.0
160.0
228.0
229.0
267.0
195.0
252.0
542.0
206.0
470.0
330.0
186.0
357.0
314.0
343.0
383.0
227.0
309.0
343.0
345.0
310.0
267.0
267.0
239.0
295.0
243.0
229.0
196.0
240.0
375.0
244.0
232.0
309.0
246.0
207.0
314.0
452.0
308.0
371.0
310.0
491.0
382.0
235.0
211.0
240.0
256.0
329.0
182.0
281.0
272.0
348.0
296.0
328.0
324.0
602.0
240.0
174.0
235.0
268.0
178.0
416.0
274.0
345.0
253.0
260.0
324.0
205.0
302.0
195.0
283.0
461.0
240.0
326.0
226.0
252.0
283.0
236.0
275.0
374.0
210.0
223.0
331.0
331.0
295.0
291.0
235.0
281.0
389.0
290.0
312.0
334.0
292.0
401.0
324.0
169.0
263.0
226.0
396.0
458.0
380.0
344.0
270.0
259.0
239.0
317.0
392.0
192.0
250.0
183.0
262.0
259.0
384.0
278.0
280.0
318.0
173.0
286.0
310.0
205.0
370.0
284.0
451.0
329.0
309.0
199.0
308.0
339.0
328.0
136.0
300.0
291.0
247.0
409.0
176.0
482.0
393.0
221.0
265.0
357.0
435.0
270.0
352.0
313.0
337.0
247.0
191.0
232.0
290.0
301.0
305.0
373.0
268.0
274.0
793.0
255.0
251.0
270.0
255.0
182.0
202.0
349.0
322.0
320.0
223.0
335.0
218.0
207.0
270.0
280.0
272.0
211.0
291.0
329.0
336.0
266.0
208.0
318.0
313.0
264.0
169.0
325.0
332.0
499.0
350.0
292.0
336.0
231.0
325.0
388.0
321.0
301.0
218.0
334.0
231.0
226.0
332.0
314.0
240.0
265.0
324.0
206.0
339.0
327.0
290.0
225.0
262.0
311.0
303.0
187.0
289.0
264.0
333.0
305.0
211.0
322.0
184.0
243.0
434.0
225.0
337.0
247.0
357.0
201.0
257.0
302.0
298.0
175.0
277.0
294.0
227.0
362.0
300.0
216.0
257.0
302.0
341.0
347.0
237.0
262.0
465.0
245.0
270.0
170.0
349.0
394.0
590.0
193.0
345.0
146.0
235.0
265.0
220.0
245.0
304.0
298.0
299.0
365.0
576.0
155.0
358.0
207.0
290.0
260.0
240.0
307.0
284.0
403.0
218.0
297.0
224.0
255.0
272.0
172.0
247.0
304.0
310.0
227.0
234.0
424.0
258.0
312.0
361.0
118.0
240.0
293.0
317.0
255.0
327.0
285.0
357.0
256.0
159.0
192.0
146.0
267.0
318.0
209.0
312.0
445.0
405.0
331.0
216.0
305.0
255.0
224.0
226.0
271.0
462.0
155.0
276.0
161.0
263.0
268.0
296.0
442.0
380.0
365.0
300.0
228.0
253.0
459.0
330.0
222.0
371.0
300.0
294.0
283.0
214.0
330.0
234.0
247.0
262.0
349.0
192.0
339.0
189.0
306.0
274.0
378.0
187.0
227.0
173.0
238.0
223.0
494.0
321.0
296.0
281.0
313.0
203.0
372.0
199.0
276.0
329.0
322.0
253.0
329.0
159.0
395.0
274.0
686.0
285.0
281.0
252.0
245.0
246.0
370.0
266.0
336.0
275.0
296.0
419.0
173.0
225.0
178.0
271.0
249.0
257.0
191.0
257.0
382.0
190.0
264.0
355.0
229.0
309.0
227.0
318.0
158.0
414.0
333.0
273.0
223.0
260.0
352.0
338.0
444.0
379.0
260.0
354.0
202.0
525.0
253.0
369.0
355.0
209.0
249.0
276.0
307.0
281.0
236.0
289.0
302.0
272.0
269.0
229.0
209.0
363.0
326.0
270.0
274.0
284.0
256.0
196.0
398.0
306.0
223.0
232.0
267.0
340.0
413.0
366.0
256.0
343.0
213.0
186.0
237.0
311.0
275.0
226.0
260.0
255.0
271.0
329.0
198.0
200.0
370.0
230.0
361.0
243.0
293.0
416.0
299.0
275.0
275.0
227.0
181.0
331.0
228.0
408.0
371.0
249.0
196.0
321.0
245.0
259.0
290.0
297.0
373.0
348.0
322.0
364.0
351.0
221.0
283.0
221.0
292.0
219.0
189.0
241.0
178.0
268.0
277.0
342.0
239.0
269.0
249.0
233.0
220.0
319.0
234.0
426.0
260.0
390.0
290.0
186.0
290.0
162.0
547.0
275.0
178.0
212.0
420.0
255.0
317.0
283.0
347.0
437.0
240.0
259.0
255.0
243.0
194.0
275.0
351.0
293.0
248.0
354.0
231.0
304.0
222.0
268.0
325.0
403.0
255.0
243.0
261.0
426.0
196.0
245.0
283.0
226.0
293.0
228.0
307.0
287.0
203.0
156.0
265.0
234.0
317.0
150.0
154.0
323.0
307.0
530.0
289.0
234.0
333.0
408.0
396.0
222.0
183.0
195.0
357.0
152.0
322.0
254.0
409.0
261.0
459.0
302.0
292.0
196.0
449.0
256.0
247.0
229.0
174.0
257.0
254.0
281.0
315.0
201.0
281.0
255.0
421.0
224.0
292.0
426.0
232.0
308.0
332.0
391.0
194.0
239.0
316.0
217.0
328.0
468.0
468.0
307.0
256.0
336.0
242.0
285.0
240.0
408.0
242.0
270.0
152.0
250.0
442.0
396.0
245.0
202.0
235.0
249.0
212.0
242.0
290.0
296.0
282.0
438.0
246.0
219.0
279.0
226.0
397.0
216.0
262.0
273.0
315.0
334.0
287.0
251.0
212.0
249.0
289.0
217.0
456.0
264.0
349.0
316.0
229.0
240.0
303.0
289.0
183.0
225.0
821.0
300.0
286.0
241.0
188.0
429.0
344.0
379.0
263.0
195.0
222.0
257.0
178.0
338.0
395.0
306.0
282.0
257.0
278.0
221.0
175.0
386.0
298.0
233.0
289.0
419.0
171.0
183.0
208.0
233.0
403.0
322.0
244.0
360.0
250.0
296.0
274.0
401.0
263.0
250.0
211.0
259.0
349.0
359.0
278.0
526.0
190.0
287.0
358.0
350.0
176.0
309.0
442.0
411.0
169.0
232.0
375.0
186.0
332.0
266.0
407.0
221.0
267.0
259.0
296.0
218.0
144.0
235.0
256.0
260.0
214.0
304.0
317.0
292.0
148.0
235.0
382.0
335.0
227.0
261.0
328.0
353.0
169.0
358.0
281.0
244.0
322.0
200.0
292.0
326.0
254.0
221.0
267.0
372.0
381.0
259.0
362.0
232.0
188.0
250.0
307.0
213.0
477.0
209.0
292.0
217.0
274.0
288.0
398.0
218.0
256.0
222.0
210.0
280.0
305.0
306.0
326.0
289.0
298.0
349.0
434.0
222.0
225.0
289.0
258.0
244.0
235.0
249.0
212.0
253.0
220.0
276.0
233.0
362.0
338.0
285.0
280.0
327.0
264.0
332.0
240.0
295.0
213.0
180.0
228.0
317.0
336.0
260.0
167.0
254.0
321.0
197.0
337.0
344.0
291.0
374.0
380.0
248.0
226.0
259.0
394.0
202.0
182.0
253.0
240.0
254.0
273.0
430.0
256.0
301.0
355.0
248.0
199.0
240.0
201.0
365.0
347.0
215.0
192.0
327.0
230.0
310.0
488.0
266.0
249.0
302.0
229.0
261.0
441.0
548.0
285.0
244.0
196.0
317.0
182.0
201.0
240.0
237.0
305.0
317.0
328.0
292.0
200.0
365.0
299.0
364.0
261.0
284.0
303.0
213.0
346.0
264.0
280.0
288.0
226.0
323.0
294.0
324.0
226.0
176.0
237.0
271.0
302.0
208.0
287.0
234.0
232.0
357.0
256.0
307.0
229.0
313.0
278.0
237.0
362.0
312.0
258.0
332.0
283.0
285.0
216.0
214.0
350.0
282.0
259.0
289.0
213.0
282.0
228.0
285.0
242.0
313.0
249.0
364.0
236.0
557.0
247.0
279.0
423.0
750.0
305.0
314.0
281.0
227.0
308.0
388.0
312.0
329.0
302.0
268.0
243.0
199.0
300.0
337.0
283.0
293.0
174.0
255.0
235.0
364.0
306.0
225.0
296.0
291.0
282.0
310.0
263.0
260.0
418.0
238.0
268.0
301.0
250.0
306.0
292.0
158.0
222.0
301.0
281.0
296.0
352.0
236.0
227.0
285.0
154.0
357.0
284.0
201.0
284.0
518.0
336.0
243.0
353.0
181.0
281.0
331.0
332.0
236.0
174.0
220.0
313.0
250.0
284.0
165.0
338.0
289.0
282.0
231.0
288.0
236.0
188.0
254.0
678.0
187.0
516.0
213.0
233.0
354.0
322.0
213.0
323.0
247.0
298.0
262.0
399.0
236.0
349.0
284.0
221.0
636.0
315.0
207.0
253.0
441.0
281.0
340.0
239.0
320.0
245.0
281.0
477.0
282.0
383.0
533.0
338.0
224.0
291.0
182.0
323.0
496.0
231.0
221.0
247.0
240.0
289.0
245.0
260.0
179.0
286.0
178.0
275.0
382.0
180.0
238.0
298.0
325.0
311.0
581.0
229.0
247.0
244.0
361.0
312.0
397.0
334.0
248.0
380.0
220.0
188.0
328.0
304.0
218.0
265.0
353.0
229.0
314.0
312.0
334.0
287.0
242.0
366.0
236.0
353.0
222.0
399.0
351.0
180.0
195.0
197.0
247.0
296.0
328.0
254.0
217.0
239.0
200.0
248.0
394.0
320.0
167.0
252.0
391.0
261.0
278.0
265.0
314.0
335.0
262.0
349.0
328.0
328.0
318.0
333.0
277.0
355.0
191.0
251.0
279.0
295.0
329.0
161.0
361.0
325.0
818.0
329.0
183.0
296.0
305.0
342.0
285.0
445.0
337.0
258.0
394.0
1121.0
308.0
203.0
271.0
398.0
232.0
300.0
255.0
230.0
470.0
329.0
349.0
272.0
194.0
394.0
313.0
210.0
257.0
363.0
185.0
224.0
419.0
179.0
244.0
316.0
366.0
416.0
230.0
269.0
279.0
195.0
427.0
297.0
223.0
257.0
201.0
351.0
331.0
263.0
328.0
182.0
253.0
153.0
296.0
333.0
241.0
222.0
274.0
293.0
381.0
181.0
295.0
311.0
281.0
172.0
264.0
354.0
363.0
227.0
332.0
248.0
354.0
274.0
314.0
359.0
379.0
233.0
313.0
399.0
213.0
256.0
277.0
288.0
358.0
177.0
223.0
282.0
280.0
273.0
251.0
271.0
167.0
349.0
231.0
329.0
265.0
214.0
209.0
277.0
320.0
421.0
257.0
225.0
384.0
432.0
269.0
278.0
223.0
402.0
354.0
280.0
298.0
280.0
405.0
270.0
282.0
251.0
271.0
260.0
228.0
384.0
243.0
268.0
250.0
308.0
304.0
292.0
449.0
326.0
275.0
242.0
270.0
345.0
295.0
318.0
446.0
165.0
384.0
295.0
328.0
386.0
242.0
196.0
420.0
250.0
346.0
353.0
316.0
298.0
376.0
322.0
396.0
194.0
346.0
221.0
196.0
246.0
353.0
311.0
185.0
284.0
291.0
298.0
268.0
402.0
568.0
282.0
282.0
369.0
165.0
256.0
294.0
171.0
134.0
267.0
279.0
491.0
326.0
273.0
229.0
246.0
308.0
240.0
246.0
297.0
306.0
223.0
272.0
218.0
215.0
250.0
348.0
318.0
271.0
216.0
308.0
237.0
310.0
541.0
216.0
256.0
259.0
277.0
236.0
345.0
257.0
256.0
379.0
314.0
207.0
292.0
271.0
277.0
219.0
269.0
345.0
324.0
289.0
229.0
282.0
314.0
277.0
285.0
308.0
340.0
285.0
320.0
189.0
286.0
222.0
273.0
212.0
245.0
244.0
225.0
215.0
293.0
527.0
709.0
250.0
371.0
340.0
173.0
201.0
240.0
239.0
293.0
366.0
320.0
192.0
337.0
195.0
345.0
233.0
278.0
412.0
269.0
184.0
355.0
258.0
208.0
310.0
416.0
240.0
252.0
227.0
247.0
203.0
405.0
263.0
175.0
247.0
237.0
256.0
422.0
261.0
261.0
337.0
248.0
289.0
250.0
425.0
440.0
249.0
259.0
359.0
223.0
130.0
296.0
402.0
272.0
239.0
357.0
405.0
246.0
327.0
240.0
344.0
465.0
336.0
329.0
293.0
399.0
356.0
358.0
186.0
304.0
454.0
375.0
253.0
363.0
150.0
195.0
192.0
232.0
215.0
327.0
271.0
269.0
183.0
310.0
284.0
289.0
232.0
162.0
455.0
208.0
257.0
280.0
235.0
389.0
300.0
279.0
296.0
305.0
279.0
402.0
321.0
186.0
228.0
171.0
351.0
381.0
289.0
327.0
237.0
163.0
431.0
291.0
185.0
225.0
183.0
316.0
207.0
285.0
186.0
254.0
336.0
243.0
302.0
374.0
315.0
335.0
280.0
258.0
296.0
242.0
418.0
200.0
301.0
311.0
351.0
297.0
275.0
383.0
216.0
204.0
343.0
285.0
395.0
233.0
380.0
232.0
342.0
187.0
286.0
271.0
259.0
281.0
280.0
413.0
260.0
282.0
398.0
239.0
239.0
303.0
310.0
890.0
273.0
218.0
262.0
273.0
405.0
308.0
155.0
366.0
335.0
289.0
291.0
250.0
328.0
283.0
274.0
223.0
329.0
270.0
358.0
263.0
285.0
268.0
263.0
231.0
333.0
299.0
216.0
231.0
280.0
326.0
580.0
234.0
298.0
274.0
219.0
167.0
237.0
207.0
186.0
328.0
306.0
233.0
203.0
266.0
236.0
222.0
236.0
342.0
206.0
284.0
264.0
419.0
293.0
537.0
278.0
342.0
260.0
292.0
212.0
371.0
338.0
145.0
366.0
291.0
338.0
217.0
343.0
208.0
379.0
190.0
463.0
256.0
230.0
207.0
228.0
325.0
167.0
338.0
261.0
204.0
316.0
213.0
253.0
367.0
210.0
246.0
246.0
232.0
365.0
290.0
398.0
259.0
281.0
237.0
266.0
261.0
321.0
320.0
256.0
248.0
282.0
227.0
327.0
425.0
273.0
196.0
265.0
235.0
380.0
228.0
355.0
245.0
268.0
208.0
354.0
197.0
369.0
178.0
208.0
165.0
320.0
233.0
264.0
260.0
182.0
215.0
319.0
187.0
213.0
313.0
664.0
284.0
396.0
294.0
334.0
298.0
310.0
233.0
243.0
155.0
256.0
227.0
237.0
364.0
312.0
300.0
238.0
482.0
249.0
238.0
184.0
307.0
162.0
230.0
226.0
441.0
254.0
286.0
248.0
334.0
242.0
188.0
270.0
324.0
270.0
212.0
300.0
305.0
209.0
223.0
236.0
321.0
210.0
298.0
298.0
349.0
180.0
256.0
226.0
297.0
233.0
255.0
201.0
327.0
212.0
242.0
214.0
302.0
317.0
197.0
258.0
271.0
284.0
221.0
220.0
294.0
331.0
236.0
408.0
160.0
307.0
272.0
210.0
297.0
259.0
346.0
327.0
238.0
250.0
295.0
273.0
235.0
350.0
207.0
227.0
307.0
217.0
286.0
181.0
354.0
239.0
325.0
332.0
340.0
227.0
194.0
332.0
237.0
166.0
379.0
378.0
276.0
435.0
262.0
319.0
319.0
331.0
287.0
302.0
276.0
250.0
335.0
226.0
211.0
224.0
261.0
328.0
382.0
500.0
349.0
384.0
346.0
414.0
277.0
351.0
230.0
360.0
233.0
194.0
356.0
248.0
247.0
257.0
314.0
301.0
226.0
211.0
241.0
241.0
309.0
328.0
333.0
269.0
256.0
214.0
331.0
294.0
336.0
318.0
275.0
331.0
158.0
287.0
312.0
333.0
419.0
186.0
277.0
294.0
277.0
239.0
225.0
263.0
315.0
287.0
259.0
241.0
290.0
330.0
385.0
205.0
302.0
341.0
292.0
319.0
437.0
401.0
258.0
374.0
255.0
264.0
331.0
273.0
474.0
396.0
247.0
294.0
276.0
213.0
234.0
317.0
329.0
404.0
328.0
250.0
321.0
244.0
380.0
389.0
387.0
181.0
353.0
235.0
406.0
276.0
409.0
319.0
409.0
180.0
276.0
311.0
199.0
234.0
225.0
342.0
416.0
301.0
247.0
347.0
272.0
249.0
425.0
219.0
384.0
227.0
249.0
290.0
296.0
311.0
300.0
323.0
494.0
280.0
229.0
335.0
327.0
335.0
315.0
263.0
245.0
303.0
378.0
250.0
334.0
282.0
256.0
293.0
341.0
275.0
318.0
384.0
265.0
288.0
281.0
352.0
222.0
825.0
179.0
225.0
274.0
194.0
299.0
271.0
200.0
398.0
290.0
288.0
267.0
263.0
300.0
404.0
242.0
358.0
331.0
276.0
286.0
268.0
306.0
348.0
222.0
344.0
224.0
276.0
325.0
202.0
368.0
262.0
419.0
307.0
250.0
341.0
353.0
237.0
236.0
257.0
206.0
332.0
366.0
291.0
289.0
241.0
235.0
391.0
367.0
407.0
316.0
286.0
224.0
314.0
241.0
217.0
280.0
325.0
224.0
260.0
271.0
227.0
262.0
218.0
412.0
396.0
316.0
278.0
251.0
345.0
274.0
181.0
257.0
244.0
253.0
253.0
240.0
276.0
697.0
312.0
288.0
310.0
352.0
181.0
260.0
231.0
454.0
260.0
298.0
297.0
167.0
244.0
182.0
281.0
341.0
307.0
361.0
274.0
521.0
241.0
329.0
223.0
361.0
225.0
178.0
416.0
278.0
261.0
246.0
296.0
384.0
456.0
243.0
212.0
288.0
362.0
417.0
274.0
260.0
443.0
385.0
170.0
332.0
313.0
175.0
250.0
324.0
330.0
195.0
290.0
332.0
495.0
276.0
224.0
361.0
271.0
338.0
225.0
369.0
270.0
292.0
181.0
184.0
235.0
265.0
307.0
302.0
253.0
307.0
244.0
303.0
264.0
252.0
297.0
236.0
253.0
335.0
294.0
233.0
257.0
234.0
270.0
306.0
277.0
560.0
347.0
187.0
227.0
345.0
417.0
233.0
238.0
452.0
175.0
357.0
298.0
328.0
190.0
323.0
232.0
290.0
392.0
336.0
220.0
245.0
402.0
362.0
337.0
351.0
280.0
296.0
259.0
289.0
320.0
202.0
306.0
256.0
302.0
521.0
214.0
204.0
439.0
419.0
207.0
334.0
330.0
335.0
235.0
292.0
305.0
422.0
284.0
285.0
252.0
331.0
301.0
273.0
278.0
268.0
312.0
326.0
296.0
385.0
203.0
253.0
335.0
302.0
366.0
258.0
265.0
228.0
203.0
309.0
269.0
272.0
335.0
282.0
367.0
240.0
213.0
265.0
335.0
209.0
318.0
320.0
333.0
224.0
336.0
340.0
267.0
264.0
412.0
218.0
233.0
354.0
232.0
181.0
303.0
306.0
318.0
280.0
190.0
362.0
239.0
323.0
402.0
243.0
215.0
180.0
324.0
236.0
247.0
203.0
299.0
242.0
219.0
215.0
309.0
343.0
264.0
283.0
351.0
289.0
272.0
353.0
469.0
402.0
226.0
336.0
218.0
287.0
214.0
240.0
285.0
332.0
198.0
222.0
431.0
262.0
257.0
296.0
401.0
290.0
200.0
292.0
251.0
330.0
163.0
260.0
245.0
280.0
240.0
213.0
236.0
225.0
340.0
218.0
410.0
340.0
326.0
255.0
389.0
258.0
248.0
401.0
256.0
389.0
275.0
239.0
412.0
225.0
315.0
260.0
228.0
244.0
376.0
254.0
296.0
310.0
273.0
294.0
410.0
338.0
335.0
340.0
380.0
289.0
307.0
216.0
299.0
273.0
497.0
305.0
366.0
253.0
154.0
212.0
244.0
218.0
268.0
245.0
290.0
219.0
359.0
307.0
278.0
243.0
262.0
254.0
276.0
279.0
348.0
161.0
461.0
248.0
282.0
192.0
205.0
209.0
309.0
354.0
357.0
284.0
267.0
189.0
385.0
354.0
289.0
385.0
337.0
497.0
247.0
459.0
297.0
196.0
244.0
387.0
473.0
285.0
233.0
193.0
264.0
175.0
300.0
360.0
441.0
383.0
367.0
306.0
292.0
235.0
238.0
186.0
356.0
424.0
320.0
259.0
289.0
293.0
284.0
292.0
250.0
253.0
277.0
290.0
325.0
451.0
238.0
377.0
281.0
342.0
233.0
252.0
217.0
244.0
278.0
254.0
400.0
298.0
289.0
311.0
271.0
247.0
366.0
283.0
274.0
316.0
380.0
223.0
298.0
224.0
300.0
560.0
344.0
307.0
371.0
371.0
327.0
176.0
297.0
323.0
209.0
265.0
369.0
367.0
322.0
395.0
285.0
342.0
281.0
274.0
229.0
229.0
339.0
276.0
356.0
427.0
463.0
344.0
343.0
181.0
191.0
289.0
243.0
431.0
263.0
284.0
268.0
462.0
286.0
352.0
252.0
203.0
355.0
319.0
337.0
325.0
264.0
371.0
250.0
340.0
198.0
319.0
327.0
479.0
258.0
319.0
253.0
486.0
365.0
260.0
375.0
351.0
245.0
326.0
327.0
327.0
264.0
147.0
624.0
207.0
204.0
230.0
323.0
358.0
192.0
283.0
277.0
427.0
324.0
382.0
318.0
231.0
267.0
157.0
257.0
212.0
217.0
290.0
279.0
311.0
328.0
360.0
269.0
264.0
196.0
311.0
331.0
215.0
549.0
276.0
395.0
206.0
298.0
185.0
243.0
215.0
426.0
173.0
290.0
299.0
243.0
273.0
264.0
223.0
206.0
260.0
253.0
441.0
191.0
425.0
299.0
266.0
273.0
353.0
345.0
510.0
224.0
225.0
231.0
192.0
283.0
212.0
220.0
198.0
308.0
240.0
165.0
301.0
221.0
303.0
205.0
448.0
512.0
302.0
310.0
290.0
424.0
253.0
270.0
252.0
399.0
348.0
317.0
216.0
314.0
172.0
230.0
323.0
219.0
360.0
233.0
423.0
196.0
228.0
307.0
304.0
217.0
434.0
300.0
308.0
255.0
333.0
332.0
274.0
176.0
288.0
320.0
271.0
271.0
249.0
237.0
322.0
289.0
308.0
305.0
337.0
411.0
308.0
297.0
240.0
303.0
273.0
193.0
236.0
245.0
287.0
262.0
257.0
171.0
175.0
224.0
197.0
232.0
315.0
260.0
229.0
141.0
235.0
255.0
241.0
244.0
228.0
264.0
381.0
414.0
173.0
375.0
391.0
440.0
248.0
156.0
338.0
282.0
315.0
441.0
267.0
253.0
340.0
364.0
445.0
166.0
301.0
174.0
301.0
337.0
303.0
252.0
280.0
209.0
201.0
271.0
227.0
205.0
269.0
375.0
383.0
332.0
250.0
185.0
278.0
307.0
279.0
230.0
200.0
476.0
250.0
320.0
230.0
329.0
379.0
246.0
231.0
271.0
269.0
352.0
169.0
259.0
327.0
298.0
346.0
261.0
301.0
203.0
247.0
261.0
287.0
204.0
321.0
295.0
221.0
268.0
299.0
336.0
218.0
342.0
213.0
310.0
225.0
235.0
359.0
304.0
380.0
246.0
261.0
379.0
206.0
248.0
265.0
216.0
280.0
389.0
203.0
264.0
237.0
246.0
242.0
292.0
271.0
287.0
319.0
208.0
310.0
220.0
555.0
230.0
212.0
412.0
321.0
253.0
260.0
396.0
287.0
260.0
271.0
283.0
407.0
241.0
274.0
305.0
320.0
200.0
277.0
336.0
257.0
269.0
205.0
207.0
279.0
281.0
217.0
210.0
255.0
234.0
255.0
264.0
321.0
250.0
302.0
260.0
259.0
369.0
196.0
318.0
332.0
310.0
280.0
282.0
293.0
306.0
252.0
217.0
248.0
360.0
230.0
214.0
314.0
275.0
256.0
281.0
195.0
336.0
363.0
203.0
262.0
429.0
344.0
389.0
434.0
222.0
252.0
272.0
393.0
319.0
279.0
264.0
261.0
278.0
242.0
314.0
312.0
264.0
327.0
354.0
279.0
278.0
372.0
313.0
252.0
245.0
331.0
327.0
212.0
261.0
243.0
429.0
285.0
275.0
347.0
263.0
345.0
307.0
238.0
203.0
300.0
304.0
324.0
336.0
313.0
305.0
253.0
202.0
338.0
274.0
295.0
172.0
243.0
467.0
275.0
343.0
250.0
318.0
321.0
288.0
289.0
276.0
500.0
242.0
317.0
216.0
241.0
199.0
278.0
289.0
293.0
253.0
173.0
328.0
269.0
362.0
185.0
308.0
295.0
498.0
269.0
468.0
206.0
163.0
306.0
378.0
200.0
386.0
292.0
232.0
298.0
238.0
348.0
298.0
287.0
281.0
285.0
277.0
386.0
429.0
291.0
244.0
391.0
277.0
235.0
288.0
370.0
290.0
251.0
304.0
325.0
245.0
297.0
453.0
249.0
237.0
415.0
419.0
425.0
258.0
172.0
278.0
330.0
447.0
260.0
286.0
418.0
241.0
265.0
293.0
333.0
345.0
142.0
250.0
250.0
251.0
369.0
255.0
335.0
322.0
388.0
302.0
301.0
263.0
243.0
436.0
273.0
267.0
286.0
326.0
260.0
169.0
315.0
255.0
272.0
200.0
280.0
200.0
195.0
322.0
253.0
337.0
280.0
314.0
217.0
257.0
203.0
357.0
308.0
232.0
261.0
273.0
336.0
395.0
389.0
331.0
544.0
406.0
177.0
246.0
233.0
351.0
342.0
294.0
280.0
184.0
279.0
269.0
311.0
368.0
324.0
351.0
287.0
260.0
292.0
358.0
248.0
307.0
198.0
249.0
239.0
312.0
208.0
270.0
325.0
345.0
305.0
311.0
336.0
264.0
321.0
240.0
245.0
290.0
164.0
301.0
273.0
276.0
278.0
215.0
318.0
246.0
316.0
296.0
310.0
386.0
293.0
397.0
269.0
238.0
306.0
226.0
355.0
253.0
320.0
234.0
241.0
377.0
302.0
374.0
322.0
303.0
324.0
256.0
370.0
216.0
308.0
246.0
197.0
339.0
269.0
220.0
322.0
417.0
279.0
173.0
264.0
364.0
209.0
254.0
305.0
344.0
248.0
370.0
301.0
251.0
233.0
367.0
210.0
265.0
346.0
284.0
221.0
269.0
270.0
428.0
560.0
226.0
313.0
353.0
262.0
242.0
260.0
385.0
368.0
293.0
347.0
224.0
209.0
270.0
270.0
294.0
222.0
304.0
423.0
256.0
195.0
296.0
185.0
222.0
248.0
277.0
329.0
263.0
348.0
279.0
278.0
500.0
173.0
339.0
439.0
268.0
286.0
351.0
337.0
229.0
389.0
200.0
339.0
339.0
313.0
260.0
250.0
183.0
355.0
216.0
331.0
307.0
325.0
325.0
300.0
371.0
181.0
254.0
241.0
276.0
251.0
306.0
382.0
326.0
327.0
287.0
250.0
206.0
271.0
312.0
285.0
248.0
455.0
332.0
380.0
280.0
381.0
210.0
280.0
304.0
461.0
369.0
379.0
268.0
319.0
398.0
238.0
280.0
290.0
535.0
250.0
254.0
320.0
213.0
332.0
214.0
261.0
413.0
248.0
212.0
276.0
318.0
388.0
228.0
231.0
327.0
181.0
300.0
356.0
180.0
342.0
255.0
358.0
169.0
298.0
288.0
501.0
251.0
273.0
309.0
248.0
245.0
319.0
487.0
191.0
389.0
287.0
259.0
288.0
267.0
281.0
364.0
308.0
274.0
238.0
263.0
243.0
314.0
365.0
288.0
270.0
399.0
262.0
376.0
292.0
197.0
275.0
205.0
232.0
358.0
181.0
305.0
390.0
241.0
271.0
246.0
296.0
226.0
286.0
269.0
221.0
332.0
261.0
280.0
263.0
507.0
288.0
335.0
209.0
245.0
187.0
289.0
309.0
227.0
327.0
243.0
329.0
231.0
340.0
398.0
363.0
204.0
252.0
328.0
250.0
232.0
253.0
211.0
424.0
288.0
342.0
241.0
245.0
263.0
265.0
174.0
283.0
217.0
355.0
284.0
364.0
262.0
260.0
243.0
335.0
260.0
321.0
212.0
279.0
239.0
214.0
282.0
271.0
291.0
310.0
373.0
245.0
173.0
220.0
265.0
362.0
236.0
339.0
328.0
325.0
290.0
296.0
284.0
163.0
197.0
323.0
327.0
293.0
298.0
285.0
249.0
285.0
294.0
263.0
311.0
295.0
264.0
280.0
353.0
396.0
295.0
268.0
253.0
297.0
258.0
229.0
246.0
289.0
267.0
278.0
286.0
360.0
250.0
342.0
204.0
358.0
216.0
300.0
270.0
238.0
214.0
315.0
283.0
313.0
292.0
306.0
169.0
175.0
296.0
225.0
325.0
290.0
245.0
343.0
380.0
462.0
368.0
254.0
291.0
308.0
273.0
289.0
409.0
330.0
291.0
212.0
323.0
293.0
251.0
281.0
313.0
330.0
397.0
304.0
287.0
356.0
274.0
342.0
264.0
293.0
242.0
364.0
307.0
245.0
357.0
264.0
261.0
376.0
331.0
311.0
310.0
353.0
298.0
264.0
250.0
229.0
322.0
246.0
248.0
255.0
264.0
216.0
214.0
317.0
334.0
296.0
286.0
216.0
291.0
319.0
233.0
256.0
295.0
415.0
238.0
254.0
297.0
281.0
363.0
339.0
279.0
266.0
291.0
288.0
273.0
361.0
339.0
297.0
319.0
197.0
303.0
320.0
306.0
345.0
323.0
235.0
148.0
339.0
338.0
270.0
409.0
515.0
324.0
357.0
350.0
180.0
236.0
390.0
379.0
401.0
417.0
236.0
243.0
294.0
328.0
339.0
242.0
325.0
235.0
319.0
419.0
278.0
342.0
255.0
335.0
277.0
278.0
258.0
255.0
218.0
423.0
285.0
306.0
309.0
392.0
301.0
270.0
262.0
415.0
286.0
337.0
218.0
225.0
208.0
224.0
375.0
329.0
235.0
345.0
251.0
410.0
351.0
268.0
306.0
211.0
270.0
199.0
282.0
276.0
295.0
298.0
236.0
468.0
246.0
313.0
223.0
278.0
360.0
239.0
256.0
282.0
226.0
208.0
432.0
281.0
183.0
232.0
311.0
189.0
215.0
346.0
276.0
314.0
279.0
218.0
369.0
255.0
311.0
239.0
434.0
291.0
205.0
309.0
245.0
281.0
224.0
247.0
285.0
255.0
257.0
276.0
380.0
199.0
425.0
304.0
370.0
210.0
250.0
266.0
292.0
276.0
367.0
197.0
244.0
434.0
286.0
282.0
378.0
164.0
275.0
219.0
274.0
337.0
234.0
295.0
300.0
265.0
344.0
420.0
264.0
357.0
206.0
216.0
341.0
241.0
271.0
382.0
327.0
217.0
284.0
228.0
291.0
237.0
250.0
334.0
323.0
264.0
276.0
303.0
296.0
271.0
349.0
438.0
275.0
201.0
279.0
258.0
261.0
206.0
291.0
262.0
262.0
265.0
297.0
317.0
245.0
515.0
302.0
338.0
252.0
324.0
414.0
306.0
296.0
230.0
237.0
242.0
167.0
286.0
216.0
252.0
190.0
253.0
385.0
242.0
305.0
269.0
376.0
276.0
278.0
267.0
331.0
175.0
317.0
437.0
280.0
324.0
272.0
213.0
339.0
330.0
266.0
286.0
407.0
397.0
253.0
332.0
322.0
343.0
242.0
286.0
341.0
192.0
428.0
337.0
250.0
219.0
322.0
352.0
302.0
225.0
448.0
357.0
204.0
211.0
331.0
300.0
186.0
203.0
273.0
268.0
201.0
214.0
314.0
225.0
278.0
244.0
578.0
270.0
366.0
271.0
282.0
440.0
248.0
238.0
333.0
299.0
264.0
331.0
291.0
361.0
269.0
242.0
302.0
244.0
308.0
320.0
225.0
349.0
349.0
283.0
268.0
207.0
335.0
262.0
433.0
352.0
245.0
335.0
224.0
310.0
387.0
286.0
271.0
372.0
283.0
352.0
327.0
237.0
269.0
187.0
234.0
200.0
324.0
243.0
283.0
288.0
419.0
242.0
284.0
305.0
267.0
320.0
242.0
374.0
436.0
277.0
270.0
328.0
429.0
219.0
263.0
285.0
233.0
168.0
319.0
447.0
264.0
237.0
271.0
422.0
249.0
407.0
425.0
312.0
247.0
278.0
342.0
319.0
294.0
261.0
360.0
225.0
303.0
274.0
254.0
344.0
272.0
241.0
258.0
286.0
329.0
214.0
261.0
315.0
391.0
322.0
237.0
262.0
205.0
340.0
330.0
323.0
202.0
352.0
246.0
284.0
375.0
151.0
332.0
258.0
349.0
241.0
204.0
267.0
213.0
337.0
310.0
279.0
216.0
281.0
329.0
394.0
404.0
190.0
347.0
336.0
288.0
258.0
392.0
188.0
188.0
353.0
231.0
187.0
257.0
313.0
267.0
455.0
334.0
261.0
319.0
308.0
319.0
359.0
318.0
278.0
230.0
283.0
256.0
237.0
258.0
326.0
258.0
381.0
323.0
252.0
262.0
253.0
349.0
236.0
342.0
232.0
276.0
311.0
234.0
270.0
258.0
361.0
230.0
237.0
245.0
230.0
432.0
483.0
262.0
250.0
273.0
183.0
200.0
219.0
241.0
258.0
435.0
373.0
373.0
315.0
228.0
307.0
199.0
250.0
253.0
298.0
226.0
280.0
250.0
315.0
358.0
301.0
345.0
510.0
232.0
280.0
285.0
242.0
270.0
271.0
177.0
304.0
260.0
280.0
305.0
283.0
382.0
305.0
303.0
338.0
295.0
275.0
182.0
345.0
297.0
331.0
232.0
455.0
248.0
188.0
215.0
316.0
322.0
459.0
333.0
262.0
274.0
355.0
279.0
337.0
243.0
212.0
386.0
202.0
405.0
200.0
343.0
198.0
294.0
285.0
262.0
255.0
280.0
277.0
276.0
327.0
240.0
181.0
371.0
334.0
236.0
290.0
319.0
312.0
224.0
277.0
251.0
337.0
323.0
347.0
243.0
316.0
202.0
236.0
296.0
271.0
327.0
253.0
265.0
226.0
350.0
373.0
175.0
255.0
316.0
429.0
329.0
324.0
337.0
358.0
194.0
276.0
273.0
365.0
250.0
320.0
337.0
212.0
399.0
317.0
292.0
197.0
204.0
399.0
278.0
301.0
268.0
321.0
238.0
309.0
206.0
259.0
252.0
242.0
283.0
215.0
268.0
301.0
238.0
339.0
206.0
299.0
309.0
313.0
198.0
301.0
266.0
332.0
313.0
441.0
224.0
297.0
356.0
250.0
358.0
221.0
279.0
315.0
219.0
223.0
300.0
212.0
230.0
357.0
273.0
269.0
210.0
208.0
332.0
411.0
245.0
267.0
324.0
338.0
255.0
262.0
352.0
226.0
415.0
269.0
281.0
278.0
384.0
282.0
358.0
221.0
329.0
246.0
208.0
372.0
441.0
265.0
201.0
325.0
215.0
263.0
257.0
258.0
325.0
231.0
283.0
370.0
339.0
203.0
362.0
323.0
350.0
292.0
188.0
316.0
241.0
163.0
519.0
242.0
309.0
372.0
547.0
382.0
207.0
376.0
283.0
290.0
249.0
283.0
320.0
338.0
241.0
295.0
232.0
308.0
267.0
340.0
294.0
234.0
252.0
215.0
214.0
275.0
375.0
224.0
282.0
426.0
278.0
323.0
219.0
379.0
450.0
144.0
237.0
273.0
259.0
303.0
383.0
222.0
348.0
283.0
268.0
336.0
242.0
282.0
210.0
318.0
454.0
266.0
236.0
356.0
234.0
422.0
210.0
177.0
390.0
324.0
359.0
269.0
357.0
176.0
298.0
333.0
203.0
415.0
310.0
318.0
257.0
308.0
212.0
187.0
387.0
394.0
285.0
314.0
263.0
338.0
279.0
261.0
537.0
211.0
230.0
382.0
359.0
263.0
251.0
176.0
237.0
279.0
273.0
246.0
272.0
308.0
381.0
270.0
261.0
237.0
337.0
318.0
248.0
292.0
374.0
252.0
288.0
508.0
285.0
252.0
354.0
247.0
207.0
267.0
206.0
174.0
240.0
340.0
256.0
201.0
297.0
294.0
338.0
301.0
248.0
255.0
368.0
394.0
334.0
397.0
246.0
274.0
309.0
311.0
313.0
210.0
329.0
242.0
276.0
294.0
230.0
238.0
352.0
174.0
249.0
377.0
246.0
256.0
260.0
277.0
272.0
280.0
331.0
237.0
316.0
259.0
511.0
344.0
287.0
398.0
229.0
276.0
265.0
163.0
233.0
374.0
357.0
228.0
335.0
264.0
247.0
364.0
305.0
259.0
331.0
178.0
338.0
246.0
351.0
341.0
370.0
241.0
213.0
365.0
208.0
368.0
265.0
153.0
387.0
288.0
264.0
226.0
259.0
267.0
230.0
268.0
318.0
234.0
327.0
196.0
379.0
208.0
273.0
431.0
308.0
275.0
223.0
335.0
265.0
314.0
240.0
352.0
327.0
233.0
302.0
254.0
255.0
316.0
268.0
295.0
281.0
385.0
260.0
311.0
392.0
245.0
400.0
243.0
244.0
200.0
202.0
263.0
294.0
324.0
308.0
263.0
233.0
213.0
304.0
282.0
183.0
288.0
234.0
326.0
323.0
234.0
417.0
225.0
309.0
286.0
296.0
270.0
187.0
328.0
322.0
357.0
356.0
276.0
378.0
230.0
270.0
437.0
240.0
344.0
226.0
271.0
344.0
236.0
241.0
247.0
335.0
299.0
245.0
322.0
271.0
352.0
255.0
237.0
261.0
470.0
298.0
266.0
332.0
267.0
247.0
293.0
308.0
295.0
215.0
313.0
284.0
382.0
311.0
326.0
319.0
270.0
277.0
319.0
208.0
294.0
406.0
281.0
464.0
301.0
398.0
251.0
262.0
176.0
223.0
229.0
514.0
345.0
312.0
199.0
209.0
273.0
277.0
312.0
293.0
266.0
239.0
163.0
238.0
324.0
259.0
162.0
318.0
274.0
187.0
312.0
316.0
240.0
208.0
426.0
188.0
293.0
242.0
286.0
350.0
296.0
222.0
312.0
444.0
458.0
227.0
208.0
292.0
366.0
279.0
296.0
296.0
309.0
314.0
210.0
249.0
346.0
265.0
208.0
330.0
257.0
249.0
236.0
254.0
201.0
305.0
470.0
210.0
245.0
268.0
270.0
261.0
392.0
302.0
235.0
278.0
314.0
300.0
516.0
385.0
270.0
298.0
236.0
220.0
337.0
282.0
245.0
262.0
291.0
302.0
279.0
333.0
245.0
235.0
252.0
411.0
312.0
319.0
332.0
278.0
254.0
488.0
277.0
370.0
281.0
279.0
409.0
246.0
239.0
326.0
304.0
231.0
200.0
303.0
163.0
343.0
261.0
330.0
414.0
232.0
248.0
197.0
218.0
334.0
165.0
397.0
255.0
215.0
322.0
267.0
339.0
270.0
321.0
344.0
294.0
325.0
263.0
245.0
316.0
233.0
203.0
187.0
189.0
233.0
284.0
147.0
272.0
237.0
225.0
361.0
378.0
291.0
249.0
277.0
319.0
232.0
258.0
280.0
285.0
217.0
274.0
258.0
195.0
346.0
234.0
243.0
272.0
343.0
324.0
178.0
346.0
429.0
372.0
217.0
234.0
361.0
312.0
292.0
249.0
313.0
395.0
290.0
292.0
304.0
268.0
295.0
366.0
326.0
335.0
343.0
266.0
293.0
165.0
188.0
428.0
349.0
262.0
323.0
311.0
366.0
287.0
246.0
215.0
281.0
264.0
341.0
222.0
301.0
190.0
374.0
230.0
378.0
312.0
295.0
272.0
366.0
308.0
224.0
317.0
181.0
332.0
337.0
285.0
241.0
322.0
194.0
326.0
228.0
392.0
498.0
282.0
290.0
361.0
310.0
253.0
248.0
485.0
278.0
312.0
211.0
354.0
246.0
248.0
437.0
279.0
334.0
228.0
289.0
308.0
335.0
206.0
181.0
333.0
325.0
366.0
252.0
311.0
391.0
303.0
275.0
269.0
193.0
237.0
284.0
248.0
282.0
514.0
330.0
328.0
395.0
307.0
332.0
256.0
284.0
261.0
454.0
228.0
373.0
409.0
264.0
230.0
315.0
296.0
293.0
383.0
345.0
448.0
288.0
286.0
245.0
318.0
224.0
225.0
269.0
224.0
333.0
245.0
248.0
200.0
195.0
281.0
429.0
398.0
358.0
394.0
579.0
233.0
248.0
255.0
312.0
301.0
340.0
307.0
280.0
322.0
236.0
350.0
215.0
260.0
319.0
336.0
246.0
427.0
314.0
319.0
229.0
211.0
314.0
237.0
252.0
259.0
276.0
378.0
243.0
416.0
232.0
404.0
475.0
336.0
381.0
311.0
210.0
326.0
295.0
179.0
312.0
245.0
262.0
261.0
302.0
292.0
289.0
261.0
250.0
361.0
289.0
154.0
228.0
441.0
447.0
375.0
278.0
204.0
374.0
329.0
420.0
166.0
273.0
419.0
234.0
184.0
286.0
331.0
249.0
310.0
237.0
228.0
408.0
283.0
250.0
465.0
430.0
323.0
309.0
533.0
274.0
321.0
273.0
258.0
321.0
298.0
336.0
221.0
218.0
315.0
400.0
251.0
260.0
158.0
220.0
277.0
214.0
281.0
351.0
394.0
263.0
223.0
338.0
271.0
325.0
335.0
300.0
208.0
327.0
251.0
369.0
205.0
406.0
459.0
302.0
313.0
203.0
167.0
271.0
241.0
286.0
271.0
293.0
253.0
257.0
366.0
247.0
289.0
288.0
308.0
389.0
216.0
217.0
216.0
326.0
259.0
244.0
354.0
397.0
306.0
356.0
343.0
248.0
224.0
286.0
318.0
285.0
303.0
345.0
229.0
308.0
279.0
466.0
271.0
228.0
413.0
263.0
305.0
303.0
265.0
242.0
245.0
248.0
303.0
330.0
513.0
213.0
246.0
226.0
223.0
483.0
326.0
172.0
368.0
333.0
316.0
250.0
256.0
209.0
454.0
274.0
253.0
250.0
243.0
435.0
273.0
282.0
250.0
236.0
382.0
233.0
255.0
296.0
243.0
279.0
239.0
262.0
300.0
218.0
307.0
247.0
428.0
163.0
338.0
271.0
374.0
230.0
215.0
383.0
308.0
257.0
316.0
229.0
347.0
246.0
346.0
246.0
295.0
313.0
247.0
385.0
304.0
258.0
277.0
343.0
266.0
373.0
233.0
216.0
314.0
292.0
354.0
275.0
266.0
338.0
489.0
188.0
303.0
309.0
184.0
311.0
361.0
195.0
289.0
515.0
159.0
235.0
352.0
225.0
296.0
245.0
194.0
182.0
213.0
268.0
216.0
305.0
442.0
227.0
317.0
269.0
286.0
237.0
315.0
342.0
361.0
270.0
387.0
224.0
211.0
233.0
252.0
248.0
348.0
305.0
174.0
278.0
386.0
311.0
272.0
236.0
266.0
202.0
262.0
195.0
362.0
156.0
312.0
463.0
372.0
312.0
301.0
270.0
352.0
401.0
386.0
178.0
295.0
223.0
304.0
348.0
157.0
386.0
272.0
357.0
251.0
331.0
352.0
252.0
387.0
250.0
248.0
234.0
340.0
335.0
244.0
271.0
211.0
302.0
205.0
245.0
241.0
233.0
251.0
409.0
230.0
405.0
233.0
190.0
375.0
286.0
250.0
302.0
230.0
319.0
278.0
297.0
182.0
354.0
311.0
304.0
318.0
319.0
311.0
309.0
327.0
191.0
257.0
268.0
234.0
245.0
564.0
245.0
187.0
203.0
349.0
298.0
235.0
243.0
305.0
275.0
233.0
396.0
228.0
295.0
231.0
337.0
194.0
423.0
306.0
189.0
253.0
247.0
282.0
451.0
327.0
301.0
217.0
183.0
399.0
264.0
344.0
345.0
275.0
250.0
424.0
288.0
421.0
405.0
332.0
263.0
205.0
349.0
256.0
225.0
369.0
328.0
231.0
334.0
288.0
377.0
321.0
278.0
337.0
283.0
273.0
309.0
232.0
292.0
181.0
189.0
318.0
256.0
169.0
294.0
315.0
280.0
326.0
266.0
300.0
191.0
345.0
253.0
309.0
331.0
280.0
272.0
259.0
252.0
182.0
163.0
289.0
296.0
429.0
228.0
248.0
176.0
241.0
248.0
223.0
388.0
471.0
349.0
345.0
340.0
222.0
371.0
307.0
465.0
287.0
230.0
313.0
250.0
188.0
351.0
161.0
348.0
282.0
215.0
290.0
280.0
137.0
269.0
273.0
249.0
293.0
180.0
218.0
338.0
277.0
274.0
311.0
291.0
248.0
256.0
399.0
212.0
292.0
285.0
278.0
373.0
337.0
246.0
257.0
246.0
436.0
348.0
441.0
219.0
406.0
303.0
205.0
654.0
310.0
304.0
245.0
211.0
421.0
266.0
270.0
305.0
242.0
287.0
322.0
274.0
225.0
205.0
262.0
308.0
311.0
265.0
211.0
342.0
247.0
279.0
224.0
435.0
306.0
349.0
299.0
313.0
241.0
364.0
327.0
299.0
285.0
228.0
328.0
245.0
337.0
194.0
248.0
346.0
196.0
358.0
260.0
203.0
279.0
469.0
372.0
307.0
337.0
418.0
425.0
202.0
384.0
347.0
372.0
358.0
218.0
299.0
275.0
180.0
151.0
413.0
192.0
184.0
318.0
226.0
283.0
267.0
287.0
281.0
199.0
283.0
213.0
194.0
232.0
280.0
364.0
319.0
264.0
309.0
381.0
347.0
257.0
379.0
162.0
275.0
340.0
370.0
274.0
426.0
227.0
459.0
270.0
244.0
356.0
276.0
201.0
248.0
306.0
311.0
233.0
271.0
271.0
334.0
295.0
195.0
343.0
242.0
244.0
221.0
380.0
213.0
390.0
359.0
265.0
311.0
224.0
256.0
382.0
344.0
239.0
332.0
264.0
338.0
350.0
330.0
241.0
245.0
275.0
321.0
244.0
287.0
335.0
303.0
304.0
448.0
211.0
320.0
266.0
269.0
247.0
227.0
275.0
383.0
331.0
260.0
338.0
285.0
299.0
240.0
214.0
331.0
258.0
202.0
224.0
338.0
339.0
250.0
385.0
220.0
362.0
344.0
229.0
285.0
295.0
311.0
262.0
361.0
247.0
253.0
271.0
267.0
284.0
386.0
246.0
217.0
269.0
340.0
288.0
280.0
318.0
463.0
343.0
438.0
429.0
260.0
319.0
320.0
441.0
197.0
223.0
330.0
364.0
338.0
237.0
469.0
296.0
251.0
270.0
270.0
273.0
224.0
315.0
366.0
305.0
196.0
243.0
339.0
273.0
304.0
252.0
169.0
315.0
271.0
200.0
234.0
192.0
290.0
320.0
427.0
390.0
220.0
332.0
205.0
251.0
303.0
291.0
451.0
275.0
224.0
264.0
542.0
314.0
248.0
277.0
257.0
205.0
362.0
309.0
322.0
237.0
299.0
200.0
217.0
317.0
175.0
275.0
207.0
175.0
183.0
257.0
229.0
254.0
343.0
321.0
281.0
184.0
446.0
221.0
438.0
205.0
246.0
331.0
286.0
600.0
260.0
281.0
260.0
293.0
164.0
326.0
211.0
389.0
475.0
227.0
275.0
319.0
252.0
242.0
275.0
309.0
325.0
262.0
258.0
435.0
370.0
386.0
284.0
335.0
268.0
483.0
293.0
378.0
288.0
236.0
305.0
348.0
217.0
169.0
365.0
401.0
202.0
161.0
220.0
216.0
298.0
247.0
339.0
327.0
313.0
209.0
247.0
295.0
342.0
299.0
233.0
381.0
217.0
266.0
324.0
363.0
250.0
285.0
377.0
307.0
180.0
260.0
333.0
288.0
293.0
232.0
326.0
230.0
233.0
273.0
309.0
279.0
291.0
174.0
451.0
271.0
263.0
255.0
208.0
338.0
268.0
426.0
256.0
221.0
312.0
269.0
314.0
154.0
360.0
315.0
354.0
203.0
251.0
285.0
278.0
316.0
356.0
397.0
309.0
325.0
325.0
293.0
190.0
342.0
259.0
204.0
176.0
280.0
374.0
261.0
208.0
302.0
387.0
367.0
278.0
204.0
329.0
314.0
260.0
228.0
358.0
434.0
315.0
339.0
340.0
244.0
233.0
314.0
234.0
267.0
262.0
312.0
261.0
235.0
156.0
276.0
224.0
413.0
226.0
228.0
172.0
331.0
366.0
331.0
326.0
258.0
241.0
312.0
158.0
262.0
346.0
242.0
290.0
296.0
311.0
279.0
314.0
192.0
318.0
364.0
313.0
248.0
193.0
347.0
241.0
177.0
259.0
317.0
324.0
339.0
363.0
255.0
288.0
273.0
363.0
291.0
252.0
220.0
273.0
287.0
259.0
200.0
361.0
410.0
377.0
405.0
259.0
291.0
294.0
312.0
230.0
344.0
247.0
506.0
334.0
300.0
229.0
264.0
334.0
351.0
346.0
278.0
374.0
189.0
276.0
281.0
394.0
319.0
245.0
237.0
280.0
370.0
266.0
208.0
278.0
350.0
234.0
194.0
265.0
224.0
341.0
336.0
382.0
207.0
207.0
455.0
301.0
340.0
221.0
376.0
271.0
342.0
337.0
395.0
503.0
243.0
226.0
349.0
223.0
280.0
328.0
309.0
434.0
201.0
232.0
305.0
219.0
355.0
291.0
257.0
250.0
362.0
250.0
231.0
226.0
264.0
248.0
330.0
311.0
244.0
331.0
211.0
170.0
335.0
204.0
303.0
345.0
339.0
385.0
225.0
382.0
263.0
279.0
384.0
302.0
327.0
293.0
294.0
258.0
406.0
223.0
169.0
195.0
228.0
252.0
204.0
377.0
339.0
261.0
320.0
322.0
291.0
345.0
184.0
263.0
276.0
415.0
235.0
262.0
206.0
239.0
275.0
287.0
331.0
258.0
292.0
460.0
433.0
223.0
388.0
342.0
295.0
305.0
256.0
247.0
433.0
343.0
291.0
343.0
276.0
279.0
373.0
292.0
207.0
260.0
256.0
273.0
339.0
318.0
233.0
332.0
345.0
391.0
280.0
418.0
206.0
320.0
276.0
258.0
300.0
291.0
354.0
197.0
215.0
413.0
315.0
313.0
318.0
155.0
305.0
208.0
172.0
248.0
308.0
371.0
307.0
279.0
294.0
286.0
290.0
277.0
247.0
255.0
285.0
237.0
405.0
215.0
226.0
399.0
187.0
257.0
400.0
269.0
765.0
218.0
356.0
250.0
294.0
396.0
316.0
368.0
230.0
246.0
181.0
322.0
275.0
312.0
381.0
269.0
317.0
233.0
426.0
395.0
528.0
205.0
356.0
317.0
235.0
444.0
191.0
289.0
320.0
282.0
325.0
269.0
295.0
351.0
229.0
358.0
219.0
237.0
307.0
277.0
247.0
333.0
298.0
236.0
216.0
273.0
264.0
233.0
261.0
342.0
434.0
306.0
307.0
392.0
387.0
308.0
254.0
246.0
260.0
377.0
186.0
390.0
228.0
305.0
191.0
234.0
225.0
334.0
289.0
425.0
221.0
345.0
285.0
238.0
333.0
221.0
285.0
215.0
312.0
216.0
290.0
285.0
329.0
424.0
357.0
319.0
361.0
384.0
380.0
185.0
208.0
300.0
152.0
186.0
482.0
224.0
287.0
377.0
341.0
307.0
274.0
252.0
314.0
494.0
403.0
319.0
423.0
251.0
349.0
301.0
139.0
323.0
197.0
242.0
217.0
303.0
325.0
384.0
391.0
241.0
276.0
232.0
249.0
343.0
245.0
347.0
322.0
342.0
235.0
206.0
273.0
356.0
328.0
237.0
301.0
428.0
263.0
245.0
238.0
306.0
263.0
293.0
262.0
237.0
308.0
376.0
313.0
524.0
451.0
280.0
259.0
430.0
319.0
257.0
233.0
405.0
392.0
246.0
212.0
333.0
247.0
305.0
296.0
259.0
170.0
254.0
234.0
220.0
326.0
264.0
383.0
189.0
126.0
248.0
305.0
407.0
280.0
325.0
357.0
230.0
243.0
266.0
264.0
272.0
204.0
390.0
382.0
405.0
319.0
253.0
475.0
360.0
363.0
440.0
226.0
253.0
194.0
436.0
241.0
222.0
447.0
245.0
283.0
348.0
286.0
342.0
382.0
282.0
353.0
288.0
224.0
409.0
289.0
214.0
229.0
362.0
171.0
232.0
241.0
341.0
251.0
280.0
294.0
275.0
608.0
139.0
428.0
204.0
306.0
223.0
445.0
329.0
261.0
503.0
278.0
266.0
214.0
304.0
294.0
254.0
260.0
290.0
252.0
297.0
317.0
299.0
399.0
288.0
271.0
307.0
335.0
467.0
361.0
202.0
253.0
222.0
302.0
228.0
404.0
220.0
287.0
283.0
368.0
441.0
197.0
351.0
266.0
231.0
283.0
238.0
313.0
195.0
244.0
241.0
188.0
337.0
175.0
303.0
176.0
276.0
258.0
325.0
255.0
400.0
267.0
333.0
234.0
213.0
383.0
312.0
751.0
310.0
366.0
355.0
252.0
465.0
248.0
254.0
190.0
344.0
311.0
204.0
293.0
313.0
252.0
312.0
266.0
438.0
297.0
198.0
212.0
303.0
461.0
254.0
239.0
424.0
231.0
290.0
377.0
180.0
174.0
170.0
168.0
218.0
305.0
319.0
462.0
320.0
430.0
263.0
284.0
744.0
185.0
303.0
216.0
262.0
240.0
309.0
254.0
184.0
286.0
329.0
389.0
246.0
227.0
365.0
335.0
400.0
408.0
293.0
321.0
293.0
402.0
228.0
305.0
314.0
305.0
332.0
248.0
306.0
283.0
207.0
343.0
212.0
266.0
176.0
229.0
415.0
232.0
315.0
385.0
228.0
347.0
221.0
273.0
223.0
400.0
331.0
138.0
219.0
319.0
284.0
272.0
194.0
405.0
327.0
299.0
408.0
336.0
226.0
319.0
373.0
218.0
224.0
248.0
225.0
287.0
297.0
226.0
305.0
316.0
347.0
188.0
255.0
244.0
278.0
300.0
384.0
298.0
305.0
235.0
483.0
267.0
264.0
392.0
378.0
302.0
192.0
357.0
250.0
233.0
206.0
317.0
413.0
264.0
260.0
287.0
255.0
288.0
198.0
274.0
173.0
218.0
446.0
253.0
323.0
211.0
347.0
311.0
253.0
262.0
260.0
395.0
239.0
266.0
350.0
190.0
275.0
327.0
289.0
241.0
298.0
291.0
422.0
331.0
267.0
168.0
281.0
225.0
265.0
228.0
179.0
248.0
309.0
211.0
385.0
494.0
291.0
249.0
246.0
313.0
251.0
198.0
327.0
371.0
230.0
301.0
317.0
219.0
330.0
322.0
195.0
263.0
281.0
228.0
225.0
435.0
233.0
222.0
266.0
391.0
297.0
314.0
360.0
217.0
297.0
342.0
199.0
272.0
354.0
327.0
324.0
220.0
210.0
279.0
252.0
281.0
212.0
524.0
164.0
242.0
266.0
362.0
178.0
286.0
399.0
179.0
257.0
283.0
253.0
387.0
330.0
333.0
235.0
267.0
218.0
342.0
273.0
359.0
395.0
251.0
301.0
211.0
368.0
360.0
202.0
213.0
333.0
326.0
248.0
291.0
349.0
263.0
242.0
334.0
335.0
212.0
395.0
250.0
326.0
306.0
393.0
263.0
215.0
189.0
280.0
387.0
336.0
293.0
212.0
180.0
354.0
223.0
423.0
253.0
234.0
393.0
336.0
267.0
269.0
236.0
322.0
373.0
273.0
224.0
244.0
280.0
173.0
260.0
217.0
263.0
235.0
303.0
254.0
253.0
221.0
280.0
156.0
259.0
271.0
250.0
499.0
263.0
327.0
246.0
407.0
332.0
205.0
324.0
286.0
161.0
250.0
372.0
228.0
311.0
281.0
262.0
209.0
197.0
289.0
289.0
207.0
272.0
246.0
261.0
288.0
308.0
230.0
736.0
268.0
296.0
299.0
284.0
354.0
211.0
245.0
307.0
321.0
430.0
163.0
251.0
283.0
331.0
246.0
307.0
285.0
481.0
587.0
342.0
237.0
415.0
231.0
292.0
247.0
283.0
452.0
366.0
372.0
391.0
336.0
236.0
245.0
256.0
255.0
270.0
336.0
235.0
322.0
161.0
419.0
211.0
242.0
238.0
200.0
198.0
273.0
237.0
201.0
181.0
364.0
239.0
195.0
206.0
197.0
180.0
284.0
336.0
340.0
275.0
203.0
316.0
421.0
259.0
290.0
232.0
340.0
377.0
295.0
310.0
202.0
364.0
293.0
321.0
301.0
332.0
297.0
277.0
258.0
301.0
283.0
394.0
341.0
248.0
280.0
222.0
179.0
284.0
305.0
318.0
345.0
270.0
226.0
236.0
380.0
299.0
340.0
258.0
223.0
291.0
275.0
281.0
342.0
245.0
200.0
276.0
217.0
290.0
237.0
190.0
229.0
223.0
380.0
353.0
138.0
407.0
195.0
122.0
297.0
386.0
255.0
369.0
370.0
260.0
421.0
369.0
176.0
169.0
193.0
277.0
374.0
293.0
468.0
251.0
230.0
263.0
160.0
334.0
305.0
370.0
226.0
226.0
219.0
253.0
302.0
282.0
335.0
339.0
318.0
271.0
227.0
318.0
273.0
266.0
260.0
313.0
219.0
270.0
229.0
373.0
222.0
230.0
240.0
342.0
211.0
244.0
300.0
322.0
451.0
269.0
333.0
354.0
338.0
250.0
195.0
305.0
254.0
258.0
291.0
233.0
287.0
220.0
472.0
286.0
208.0
229.0
376.0
408.0
337.0
255.0
240.0
326.0
307.0
363.0
240.0
284.0
208.0
390.0
394.0
198.0
312.0
314.0
309.0
313.0
231.0
387.0
212.0
273.0
385.0
222.0
282.0
204.0
268.0
309.0
252.0
276.0
288.0
193.0
231.0
549.0
220.0
311.0
430.0
345.0
327.0
368.0
231.0
251.0
347.0
215.0
205.0
342.0
212.0
350.0
433.0
286.0
268.0
190.0
254.0
278.0
291.0
341.0
335.0
183.0
230.0
323.0
331.0
328.0
359.0
402.0
458.0
263.0
213.0
397.0
150.0
160.0
209.0
234.0
249.0
272.0
279.0
149.0
228.0
240.0
243.0
343.0
228.0
267.0
359.0
193.0
305.0
217.0
454.0
288.0
411.0
232.0
286.0
255.0
290.0
358.0
199.0
484.0
348.0
356.0
222.0
302.0
378.0
320.0
315.0
263.0
938.0
236.0
335.0
623.0
197.0
323.0
173.0
248.0
304.0
262.0
328.0
359.0
293.0
398.0
219.0
256.0
319.0
321.0
288.0
206.0
269.0
536.0
239.0
204.0
303.0
490.0
387.0
239.0
241.0
527.0
320.0
307.0
259.0
266.0
198.0
326.0
302.0
238.0
378.0
288.0
312.0
208.0
202.0
200.0
395.0
335.0
199.0
139.0
441.0
260.0
219.0
286.0
210.0
188.0
509.0
243.0
292.0
309.0
305.0
264.0
300.0
327.0
269.0
355.0
276.0
301.0
228.0
394.0
240.0
362.0
263.0
192.0
264.0
203.0
258.0
199.0
246.0
285.0
393.0
484.0
568.0
394.0
324.0
261.0
459.0
224.0
274.0
549.0
362.0
234.0
271.0
249.0
337.0
353.0
354.0
215.0
1029.0
376.0
319.0
240.0
296.0
192.0
386.0
301.0
446.0
203.0
474.0
341.0
307.0
276.0
220.0
297.0
279.0
400.0
488.0
234.0
508.0
238.0
321.0
205.0
328.0
386.0
351.0
278.0
326.0
281.0
256.0
317.0
387.0
289.0
302.0
238.0
187.0
508.0
281.0
356.0
492.0
326.0
231.0
200.0
353.0
248.0
204.0
230.0
257.0
165.0
165.0
236.0
198.0
305.0
196.0
411.0
273.0
307.0
272.0
258.0
284.0
358.0
290.0
227.0
279.0
281.0
300.0
290.0
265.0
449.0
300.0
171.0
202.0
257.0
273.0
218.0
437.0
300.0
307.0
305.0
233.0
352.0
254.0
395.0
240.0
289.0
334.0
334.0
447.0
357.0
178.0
296.0
460.0
282.0
277.0
319.0
229.0
297.0
245.0
262.0
228.0
238.0
504.0
238.0
255.0
333.0
187.0
415.0
304.0
201.0
272.0
294.0
287.0
681.0
255.0
286.0
376.0
283.0
299.0
372.0
243.0
229.0
426.0
205.0
230.0
241.0
328.0
361.0
341.0
256.0
609.0
295.0
212.0
343.0
359.0
264.0
253.0
308.0
288.0
305.0
240.0
467.0
219.0
320.0
294.0
368.0
455.0
417.0
239.0
234.0
291.0
230.0
230.0
220.0
156.0
236.0
392.0
221.0
216.0
216.0
327.0
324.0
266.0
204.0
195.0
331.0
271.0
182.0
204.0
357.0
300.0
374.0
359.0
258.0
239.0
301.0
334.0
204.0
383.0
402.0
324.0
216.0
345.0
340.0
417.0
279.0
235.0
430.0
315.0
279.0
267.0
170.0
257.0
292.0
303.0
341.0
371.0
226.0
281.0
229.0
276.0
275.0
215.0
317.0
347.0
261.0
289.0
334.0
214.0
230.0
270.0
220.0
311.0
237.0
277.0
423.0
280.0
313.0
312.0
222.0
388.0
318.0
357.0
275.0
252.0
368.0
330.0
266.0
241.0
251.0
221.0
241.0
391.0
173.0
329.0
263.0
322.0
291.0
348.0
245.0
262.0
345.0
306.0
151.0
161.0
322.0
304.0
297.0
265.0
261.0
237.0
366.0
247.0
167.0
968.0
262.0
392.0
221.0
195.0
230.0
280.0
163.0
346.0
202.0
234.0
246.0
248.0
272.0
216.0
452.0
200.0
427.0
385.0
420.0
289.0
216.0
267.0
307.0
181.0
349.0
255.0
317.0
316.0
379.0
316.0
254.0
343.0
405.0
203.0
316.0
182.0
252.0
340.0
270.0
339.0
179.0
261.0
260.0
192.0
345.0
343.0
473.0
292.0
406.0
347.0
278.0
268.0
245.0
244.0
212.0
281.0
207.0
305.0
297.0
203.0
355.0
328.0
223.0
206.0
376.0
243.0
302.0
237.0
210.0
177.0
300.0
412.0
341.0
182.0
333.0
313.0
284.0
191.0
382.0
292.0
236.0
263.0
297.0
196.0
208.0
330.0
391.0
279.0
260.0
175.0
243.0
233.0
225.0
303.0
191.0
338.0
569.0
331.0
334.0
209.0
254.0
216.0
309.0
264.0
158.0
205.0
266.0
350.0
252.0
230.0
454.0
260.0
318.0
305.0
314.0
286.0
290.0
254.0
264.0
292.0
286.0
292.0
301.0
383.0
316.0
234.0
267.0
298.0
176.0
296.0
347.0
306.0
330.0
153.0
309.0
464.0
269.0
358.0
224.0
243.0
318.0
361.0
234.0
328.0
467.0
290.0
152.0
454.0
294.0
403.0
395.0
292.0
248.0
290.0
153.0
201.0
226.0
256.0
412.0
219.0
265.0
190.0
268.0
426.0
238.0
302.0
154.0
180.0
354.0
367.0
255.0
360.0
185.0
279.0
247.0
455.0
210.0
253.0
233.0
350.0
234.0
199.0
386.0
263.0
344.0
215.0
228.0
334.0
202.0
281.0
377.0
281.0
211.0
183.0
244.0
270.0
399.0
206.0
376.0
420.0
201.0
248.0
154.0
179.0
370.0
234.0
295.0
241.0
243.0
172.0
153.0
237.0
274.0
375.0
358.0
236.0
243.0
310.0
343.0
311.0
287.0
384.0
481.0
199.0
352.0
417.0
405.0
367.0
446.0
236.0
268.0
214.0
333.0
230.0
271.0
278.0
484.0
223.0
204.0
541.0
273.0
199.0
223.0
367.0
221.0
315.0
191.0
298.0
330.0
259.0
416.0
388.0
242.0
241.0
162.0
237.0
228.0
219.0
263.0
194.0
398.0
388.0
177.0
244.0
298.0
322.0
325.0
230.0
305.0
222.0
306.0
365.0
266.0
377.0
170.0
192.0
221.0
356.0
278.0
366.0
177.0
215.0
234.0
583.0
165.0
217.0
355.0
211.0
484.0
287.0
272.0
297.0
250.0
271.0
302.0
404.0
196.0
310.0
299.0
299.0
379.0
173.0
450.0
329.0
193.0
446.0
358.0
299.0
243.0
340.0
251.0
361.0
267.0
180.0
263.0
232.0
255.0
260.0
212.0
222.0
447.0
343.0
359.0
290.0
410.0
347.0
358.0
282.0
261.0
231.0
183.0
280.0
162.0
258.0
326.0
310.0
300.0
224.0
306.0
289.0
221.0
327.0
343.0
266.0
235.0
280.0
473.0
339.0
290.0
315.0
558.0
260.0
340.0
304.0
242.0
185.0
199.0
205.0
260.0
323.0
267.0
367.0
337.0
330.0
278.0
365.0
300.0
337.0
202.0
383.0
324.0
207.0
525.0
307.0
246.0
150.0
292.0
245.0
294.0
284.0
173.0
312.0
312.0
261.0
301.0
397.0
332.0
283.0
244.0
206.0
294.0
209.0
250.0
300.0
324.0
359.0
268.0
239.0
231.0
322.0
207.0
269.0
371.0
309.0
319.0
222.0
319.0
233.0
318.0
558.0
256.0
272.0
281.0
238.0
291.0
253.0
345.0
305.0
270.0
262.0
292.0
350.0
426.0
218.0
192.0
284.0
205.0
323.0
331.0
257.0
302.0
280.0
132.0
266.0
204.0
252.0
325.0
245.0
300.0
314.0
268.0
295.0
259.0
531.0
241.0
292.0
419.0
294.0
294.0
395.0
248.0
258.0
303.0
236.0
274.0
221.0
237.0
265.0
312.0
327.0
260.0
294.0
147.0
464.0
780.0
274.0
181.0
214.0
285.0
415.0
264.0
270.0
245.0
240.0
449.0
362.0
274.0
344.0
205.0
440.0
319.0
314.0
261.0
303.0
251.0
222.0
181.0
206.0
277.0
439.0
446.0
333.0
391.0
202.0
217.0
269.0
269.0
280.0
375.0
336.0
283.0
362.0
323.0
351.0
286.0
361.0
268.0
410.0
246.0
189.0
231.0
219.0
215.0
431.0
154.0
441.0
341.0
231.0
275.0
202.0
358.0
375.0
301.0
242.0
333.0
164.0
345.0
201.0
225.0
349.0
301.0
278.0
286.0
300.0
359.0
448.0
349.0
242.0
312.0
236.0
253.0
305.0
364.0
195.0
376.0
342.0
240.0
200.0
342.0
281.0
307.0
206.0
296.0
287.0
242.0
210.0
254.0
210.0
597.0
303.0
327.0
185.0
320.0
289.0
304.0
222.0
309.0
287.0
441.0
357.0
356.0
365.0
296.0
258.0
211.0
208.0
179.0
298.0
202.0
302.0
265.0
408.0
545.0
294.0
300.0
243.0
295.0
312.0
285.0
274.0
336.0
292.0
272.0
237.0
368.0
248.0
207.0
243.0
368.0
380.0
367.0
371.0
500.0
215.0
273.0
292.0
211.0
287.0
282.0
300.0
399.0
212.0
254.0
328.0
202.0
230.0
209.0
280.0
274.0
228.0
318.0
212.0
209.0
261.0
248.0
388.0
280.0
347.0
237.0
317.0
397.0
177.0
289.0
432.0
350.0
336.0
270.0
292.0
422.0
297.0
352.0
356.0
330.0
208.0
325.0
196.0
352.0
302.0
325.0
369.0
235.0
225.0
240.0
258.0
229.0
235.0
235.0
316.0
289.0
247.0
301.0
566.0
199.0
221.0
318.0
267.0
320.0
159.0
272.0
350.0
238.0
260.0
229.0
454.0
324.0
354.0
323.0
327.0
165.0
442.0
357.0
241.0
274.0
258.0
554.0
335.0
339.0
210.0
212.0
240.0
223.0
407.0
506.0
337.0
326.0
179.0
310.0
506.0
277.0
265.0
322.0
356.0
321.0
323.0
175.0
328.0
199.0
295.0
248.0
238.0
261.0
400.0
261.0
258.0
570.0
257.0
241.0
264.0
386.0
286.0
279.0
331.0
202.0
304.0
497.0
248.0
256.0
498.0
235.0
348.0
317.0
412.0
279.0
268.0
335.0
327.0
224.0
328.0
233.0
188.0
309.0
376.0
260.0
317.0
296.0
401.0
218.0
273.0
290.0
272.0
343.0
233.0
283.0
410.0
244.0
226.0
357.0
378.0
240.0
180.0
269.0
193.0
326.0
232.0
325.0
323.0
281.0
252.0
249.0
136.0
282.0
262.0
218.0
343.0
283.0
306.0
351.0
317.0
335.0
309.0
272.0
364.0
230.0
241.0
301.0
358.0
230.0
257.0
191.0
405.0
255.0
293.0
319.0
210.0
279.0
346.0
324.0
243.0
260.0
220.0
182.0
257.0
192.0
187.0
333.0
411.0
250.0
372.0
158.0
360.0
356.0
262.0
703.0
270.0
429.0
398.0
295.0
277.0
230.0
363.0
224.0
207.0
235.0
268.0
231.0
227.0
206.0
263.0
552.0
308.0
359.0
422.0
379.0
221.0
397.0
338.0
278.0
259.0
307.0
200.0
377.0
394.0
264.0
446.0
349.0
331.0
246.0
528.0
314.0
263.0
398.0
217.0
187.0
302.0
301.0
284.0
169.0
320.0
350.0
364.0
186.0
288.0
272.0
340.0
199.0
345.0
355.0
292.0
286.0
291.0
374.0
430.0
265.0
210.0
357.0
331.0
266.0
248.0
345.0
445.0
254.0
214.0
257.0
373.0
221.0
261.0
262.0
553.0
351.0
207.0
268.0
464.0
212.0
288.0
281.0
163.0
225.0
339.0
310.0
168.0
253.0
380.0
224.0
281.0
251.0
312.0
342.0
391.0
498.0
254.0
464.0
369.0
292.0
280.0
281.0
212.0
282.0
425.0
276.0
279.0
158.0
290.0
285.0
227.0
293.0
449.0
289.0
335.0
261.0
179.0
328.0
261.0
374.0
355.0
262.0
353.0
396.0
238.0
334.0
371.0
294.0
191.0
355.0
211.0
418.0
299.0
321.0
381.0
208.0
456.0
217.0
211.0
265.0
387.0
488.0
353.0
266.0
262.0
223.0
386.0
283.0
261.0
371.0
260.0
340.0
336.0
205.0
400.0
265.0
279.0
359.0
299.0
225.0
267.0
245.0
233.0
252.0
180.0
438.0
150.0
293.0
303.0
304.0
202.0
287.0
594.0
285.0
334.0
325.0
170.0
349.0
251.0
381.0
345.0
386.0
222.0
280.0
402.0
387.0
168.0
348.0
316.0
444.0
241.0
175.0
347.0
345.0
252.0
364.0
298.0
285.0
265.0
327.0
438.0
225.0
202.0
244.0
271.0
204.0
298.0
248.0
345.0
254.0
196.0
184.0
314.0
313.0
401.0
177.0
389.0
262.0
240.0
367.0
295.0
345.0
296.0
168.0
195.0
307.0
652.0
188.0
316.0
343.0
219.0
287.0
302.0
242.0
300.0
197.0
463.0
243.0
258.0
322.0
206.0
253.0
176.0
287.0
384.0
302.0
258.0
205.0
256.0
406.0
227.0
375.0
251.0
344.0
220.0
222.0
278.0
298.0
309.0
344.0
245.0
220.0
307.0
197.0
291.0
198.0
319.0
310.0
286.0
201.0
227.0
232.0
323.0
464.0
262.0
240.0
266.0
243.0
1167.0
332.0
368.0
238.0
496.0
277.0
335.0
239.0
279.0
440.0
262.0
298.0
197.0
281.0
236.0
323.0
324.0
339.0
198.0
326.0
275.0
260.0
294.0
290.0
136.0
315.0
323.0
374.0
246.0
298.0
266.0
190.0
276.0
278.0
339.0
251.0
364.0
304.0
152.0
291.0
223.0
288.0
168.0
341.0
234.0
379.0
210.0
238.0
306.0
308.0
246.0
311.0
241.0
323.0
258.0
386.0
350.0
198.0
225.0
290.0
283.0
318.0
330.0
212.0
319.0
477.0
202.0
487.0
350.0
223.0
265.0
480.0
310.0
306.0
241.0
218.0
189.0
265.0
305.0
258.0
218.0
242.0
187.0
265.0
290.0
392.0
272.0
354.0
443.0
293.0
306.0
321.0
354.0
444.0
261.0
318.0
300.0
472.0
310.0
254.0
560.0
209.0
231.0
426.0
263.0
348.0
245.0
206.0
275.0
323.0
305.0
311.0
300.0
284.0
293.0
259.0
268.0
195.0
273.0
297.0
223.0
278.0
318.0
346.0
338.0
271.0
207.0
298.0
417.0
226.0
325.0
397.0
301.0
451.0
205.0
193.0
342.0
191.0
238.0
219.0
337.0
285.0
273.0
375.0
265.0
263.0
338.0
153.0
434.0
248.0
335.0
343.0
254.0
233.0
324.0
259.0
383.0
259.0
277.0
275.0
187.0
225.0
250.0
269.0
218.0
298.0
250.0
265.0
494.0
606.0
275.0
275.0
260.0
235.0
200.0
343.0
326.0
288.0
290.0
228.0
286.0
197.0
274.0
263.0
296.0
236.0
333.0
286.0
208.0
220.0
286.0
296.0
566.0
330.0
257.0
365.0
379.0
206.0
290.0
250.0
436.0
287.0
212.0
247.0
318.0
276.0
328.0
285.0
578.0
301.0
255.0
171.0
246.0
421.0
373.0
334.0
197.0
367.0
261.0
230.0
219.0
172.0
333.0
282.0
208.0
317.0
260.0
249.0
367.0
347.0
259.0
263.0
223.0
201.0
320.0
341.0
252.0
284.0
277.0
197.0
209.0
498.0
295.0
321.0
331.0
303.0
250.0
312.0
412.0
201.0
271.0
115.0
313.0
213.0
387.0
231.0
331.0
257.0
213.0
300.0
226.0
287.0
348.0
387.0
265.0
261.0
222.0
260.0
241.0
294.0
417.0
297.0
323.0
265.0
333.0
242.0
193.0
420.0
162.0
184.0
274.0
294.0
294.0
315.0
250.0
179.0
263.0
253.0
277.0
383.0
401.0
307.0
463.0
317.0
185.0
303.0
255.0
300.0
319.0
384.0
230.0
220.0
350.0
304.0
388.0
282.0
285.0
275.0
374.0
215.0
249.0
234.0
464.0
225.0
234.0
520.0
250.0
258.0
491.0
286.0
299.0
286.0
249.0
359.0
235.0
336.0
321.0
407.0
326.0
228.0
341.0
266.0
421.0
364.0
267.0
186.0
215.0
259.0
359.0
318.0
202.0
340.0
239.0
237.0
337.0
247.0
401.0
235.0
310.0
246.0
213.0
182.0
293.0
282.0
363.0
324.0
307.0
292.0
396.0
336.0
332.0
286.0
272.0
335.0
255.0
235.0
204.0
274.0
195.0
199.0
233.0
188.0
348.0
330.0
349.0
183.0
234.0
344.0
247.0
344.0
261.0
869.0
246.0
240.0
183.0
315.0
214.0
369.0
211.0
193.0
255.0
290.0
276.0
263.0
223.0
306.0
277.0
297.0
346.0
363.0
162.0
259.0
288.0
266.0
308.0
374.0
269.0
287.0
275.0
211.0
908.0
216.0
292.0
377.0
270.0
199.0
449.0
249.0
200.0
366.0
274.0
387.0
333.0
301.0
195.0
178.0
273.0
235.0
256.0
351.0
287.0
224.0
362.0
217.0
308.0
325.0
213.0
316.0
446.0
429.0
251.0
380.0
229.0
365.0
364.0
284.0
222.0
497.0
224.0
344.0
263.0
282.0
367.0
250.0
215.0
276.0
361.0
331.0
357.0
201.0
181.0
254.0
326.0
187.0
320.0
275.0
308.0
225.0
309.0
271.0
351.0
288.0
343.0
199.0
320.0
265.0
337.0
260.0
272.0
218.0
294.0
339.0
190.0
379.0
614.0
267.0
397.0
207.0
287.0
228.0
243.0
333.0
263.0
249.0
140.0
459.0
191.0
804.0
311.0
255.0
264.0
365.0
322.0
301.0
264.0
297.0
351.0
313.0
240.0
235.0
409.0
268.0
339.0
238.0
401.0
218.0
297.0
227.0
371.0
338.0
339.0
318.0
209.0
372.0
442.0
344.0
377.0
402.0
227.0
276.0
287.0
212.0
314.0
214.0
428.0
236.0
288.0
240.0
193.0
381.0
254.0
308.0
248.0
469.0
278.0
410.0
359.0
312.0
325.0
269.0
158.0
261.0
326.0
287.0
261.0
270.0
267.0
209.0
224.0
345.0
282.0
222.0
296.0
229.0
185.0
210.0
273.0
253.0
331.0
185.0
347.0
240.0
284.0
385.0
347.0
218.0
214.0
273.0
293.0
516.0
304.0
324.0
317.0
238.0
249.0
219.0
298.0
1696.0
493.0
318.0
337.0
227.0
340.0
177.0
316.0
386.0
252.0
324.0
252.0
245.0
271.0
307.0
318.0
342.0
196.0
374.0
230.0
303.0
235.0
327.0
203.0
296.0
322.0
397.0
477.0
286.0
187.0
262.0
225.0
330.0
230.0
365.0
269.0
227.0
247.0
244.0
241.0
233.0
313.0
231.0
201.0
380.0
196.0
289.0
311.0
451.0
288.0
297.0
355.0
316.0
246.0
348.0
242.0
302.0
259.0
300.0
155.0
193.0
224.0
252.0
337.0
307.0
315.0
378.0
334.0
279.0
215.0
181.0
262.0
266.0
232.0
274.0
161.0
357.0
388.0
471.0
318.0
309.0
356.0
292.0
200.0
240.0
419.0
339.0
278.0
352.0
322.0
248.0
176.0
166.0
271.0
329.0
244.0
196.0
391.0
378.0
645.0
277.0
350.0
241.0
242.0
250.0
330.0
335.0
270.0
427.0
235.0
216.0
291.0
315.0
232.0
279.0
299.0
380.0
358.0
303.0
214.0
220.0
402.0
239.0
361.0
241.0
299.0
318.0
232.0
453.0
254.0
289.0
260.0
313.0
189.0
310.0
233.0
416.0
226.0
264.0
339.0
347.0
310.0
376.0
247.0
261.0
334.0
257.0
309.0
508.0
191.0
318.0
299.0
275.0
254.0
284.0
498.0
320.0
246.0
291.0
566.0
215.0
378.0
313.0
288.0
425.0
261.0
313.0
256.0
278.0
424.0
199.0
311.0
258.0
199.0
367.0
244.0
176.0
284.0
336.0
322.0
315.0
534.0
187.0
271.0
277.0
386.0
214.0
404.0
271.0
429.0
236.0
273.0
184.0
296.0
252.0
177.0
177.0
295.0
226.0
287.0
265.0
271.0
261.0
287.0
937.0
249.0
350.0
263.0
393.0
256.0
260.0
395.0
260.0
337.0
307.0
310.0
201.0
374.0
353.0
242.0
373.0
352.0
250.0
215.0
427.0
291.0
331.0
405.0
252.0
341.0
274.0
272.0
231.0
261.0
303.0
254.0
382.0
302.0
184.0
291.0
325.0
228.0
247.0
436.0
288.0
301.0
261.0
357.0
239.0
209.0
267.0
248.0
341.0
329.0
221.0
362.0
376.0
225.0
347.0
285.0
366.0
200.0
280.0
369.0
184.0
307.0
346.0
443.0
350.0
293.0
352.0
390.0
254.0
355.0
230.0
280.0
340.0
416.0
456.0
240.0
362.0
295.0
324.0
275.0
209.0
256.0
343.0
209.0
262.0
236.0
369.0
315.0
357.0
349.0
278.0
270.0
312.0
307.0
230.0
361.0
316.0
206.0
276.0
264.0
299.0
299.0
263.0
463.0
316.0
451.0
247.0
312.0
270.0
296.0
236.0
367.0
244.0
319.0
311.0
343.0
236.0
295.0
270.0
313.0
298.0
244.0
229.0
290.0
415.0
202.0
324.0
289.0
242.0
272.0
352.0
210.0
286.0
262.0
399.0
326.0
148.0
254.0
359.0
202.0
272.0
170.0
326.0
312.0
217.0
277.0
413.0
214.0
240.0
353.0
230.0
400.0
400.0
207.0
338.0
305.0
322.0
315.0
305.0
250.0
228.0
366.0
220.0
237.0
297.0
245.0
291.0
312.0
250.0
319.0
449.0
161.0
295.0
252.0
257.0
186.0
197.0
344.0
223.0
204.0
339.0
225.0
431.0
228.0
222.0
336.0
218.0
341.0
327.0
246.0
444.0
302.0
360.0
345.0
279.0
214.0
249.0
286.0
280.0
250.0
245.0
200.0
213.0
283.0
1281.0
288.0
267.0
276.0
404.0
476.0
375.0
222.0
245.0
258.0
309.0
221.0
248.0
422.0
350.0
290.0
240.0
277.0
214.0
395.0
230.0
229.0
281.0
310.0
277.0
315.0
355.0
347.0
201.0
224.0
306.0
230.0
429.0
226.0
213.0
424.0
211.0
322.0
261.0
262.0
379.0
408.0
326.0
249.0
406.0
320.0
342.0
223.0
199.0
369.0
228.0
181.0
285.0
355.0
266.0
264.0
299.0
367.0
290.0
286.0
468.0
168.0
237.0
344.0
281.0
269.0
365.0
349.0
171.0
364.0
244.0
211.0
205.0
404.0
214.0
269.0
276.0
439.0
239.0
408.0
371.0
294.0
316.0
294.0
216.0
296.0
371.0
271.0
311.0
238.0
306.0
384.0
311.0
241.0
240.0
314.0
270.0
277.0
276.0
359.0
316.0
445.0
235.0
211.0
403.0
278.0
274.0
335.0
465.0
234.0
305.0
186.0
168.0
393.0
373.0
269.0
216.0
265.0
310.0
291.0
400.0
355.0
301.0
198.0
323.0
281.0
177.0
291.0
279.0
203.0
346.0
561.0
269.0
318.0
268.0
280.0
198.0
339.0
341.0
317.0
260.0
320.0
338.0
218.0
323.0
235.0
309.0
269.0
308.0
351.0
259.0
232.0
242.0
239.0
201.0
268.0
270.0
233.0
279.0
270.0
371.0
247.0
429.0
321.0
368.0
156.0
359.0
437.0
177.0
449.0
331.0
248.0
358.0
344.0
269.0
202.0
334.0
179.0
321.0
298.0
352.0
288.0
301.0
186.0
353.0
217.0
372.0
257.0
200.0
287.0
204.0
207.0
260.0
295.0
333.0
302.0
335.0
263.0
260.0
328.0
362.0
131.0
224.0
272.0
257.0
195.0
263.0
210.0
264.0
273.0
305.0
251.0
241.0
322.0
248.0
351.0
266.0
295.0
306.0
406.0
215.0
266.0
255.0
243.0
250.0
225.0
302.0
168.0
227.0
291.0
385.0
181.0
210.0
340.0
269.0
445.0
323.0
282.0
345.0
211.0
238.0
207.0
261.0
250.0
247.0
537.0
259.0
236.0
266.0
282.0
184.0
226.0
223.0
272.0
255.0
263.0
504.0
336.0
310.0
263.0
220.0
228.0
318.0
311.0
271.0
243.0
359.0
239.0
144.0
292.0
276.0
246.0
262.0
229.0
268.0
253.0
241.0
298.0
232.0
185.0
191.0
298.0
279.0
272.0
173.0
364.0
279.0
358.0
310.0
241.0
223.0
285.0
324.0
294.0
266.0
262.0
230.0
264.0
359.0
223.0
232.0
266.0
311.0
314.0
218.0
274.0
310.0
432.0
383.0
353.0
263.0
221.0
264.0
239.0
226.0
230.0
265.0
308.0
287.0
241.0
322.0
295.0
255.0
351.0
294.0
236.0
423.0
368.0
205.0
269.0
268.0
247.0
298.0
319.0
453.0
438.0
752.0
219.0
329.0
311.0
281.0
260.0
222.0
282.0
254.0
224.0
288.0
187.0
333.0
474.0
397.0
314.0
199.0
216.0
209.0
289.0
433.0
294.0
184.0
245.0
309.0
288.0
218.0
307.0
305.0
200.0
277.0
204.0
289.0
278.0
349.0
324.0
300.0
257.0
249.0
189.0
257.0
173.0
264.0
393.0
451.0
170.0
295.0
311.0
296.0
232.0
224.0
246.0
278.0
243.0
313.0
444.0
192.0
181.0
216.0
275.0
263.0
506.0
254.0
238.0
314.0
276.0
294.0
277.0
294.0
253.0
543.0
327.0
239.0
299.0
433.0
408.0
323.0
172.0
330.0
408.0
229.0
272.0
296.0
304.0
188.0
226.0
171.0
344.0
293.0
200.0
282.0
308.0
313.0
296.0
212.0
192.0
396.0
278.0
199.0
382.0
334.0
433.0
275.0
180.0
472.0
297.0
271.0
305.0
419.0
253.0
498.0
207.0
251.0
313.0
257.0
180.0
399.0
290.0
222.0
468.0
308.0
295.0
401.0
238.0
227.0
289.0
219.0
577.0
232.0
302.0
322.0
530.0
205.0
224.0
165.0
387.0
325.0
180.0
286.0
386.0
328.0
444.0
251.0
152.0
240.0
263.0
409.0
318.0
449.0
301.0
284.0
260.0
271.0
331.0
334.0
323.0
166.0
516.0
309.0
268.0
279.0
197.0
284.0
365.0
364.0
230.0
270.0
246.0
374.0
271.0
287.0
209.0
351.0
319.0
289.0
235.0
515.0
297.0
324.0
247.0
448.0
247.0
279.0
317.0
266.0
197.0
184.0
334.0
360.0
323.0
313.0
315.0
249.0
340.0
280.0
308.0
528.0
157.0
221.0
240.0
284.0
387.0
223.0
281.0
261.0
262.0
241.0
488.0
375.0
254.0
175.0
244.0
269.0
260.0
463.0
452.0
280.0
385.0
625.0
271.0
319.0
229.0
229.0
313.0
244.0
203.0
333.0
318.0
237.0
288.0
401.0
397.0
172.0
281.0
235.0
283.0
273.0
246.0
332.0
223.0
222.0
432.0
312.0
229.0
406.0
430.0
278.0
382.0
348.0
279.0
263.0
612.0
294.0
274.0
217.0
348.0
237.0
375.0
408.0
374.0
314.0
235.0
282.0
326.0
357.0
253.0
267.0
284.0
321.0
293.0
270.0
262.0
331.0
419.0
315.0
365.0
243.0
201.0
245.0
308.0
311.0
314.0
312.0
282.0
335.0
316.0
267.0
414.0
272.0
293.0
321.0
601.0
237.0
284.0
380.0
274.0
300.0
369.0
375.0
267.0
215.0
279.0
300.0
254.0
345.0
352.0
339.0
291.0
263.0
278.0
238.0
289.0
270.0
197.0
228.0
296.0
285.0
300.0
306.0
262.0
277.0
249.0
332.0
367.0
222.0
394.0
251.0
257.0
265.0
302.0
172.0
285.0
304.0
371.0
332.0
288.0
376.0
346.0
280.0
309.0
409.0
328.0
441.0
261.0
440.0
222.0
239.0
321.0
275.0
260.0
317.0
335.0
290.0
384.0
231.0
416.0
262.0
295.0
339.0
211.0
226.0
339.0
398.0
339.0
375.0
264.0
350.0
401.0
170.0
219.0
257.0
439.0
258.0
236.0
273.0
358.0
309.0
466.0
425.0
473.0
340.0
276.0
269.0
258.0
369.0
243.0
387.0
341.0
368.0
259.0
293.0
223.0
320.0
461.0
320.0
354.0
393.0
284.0
247.0
253.0
256.0
278.0
279.0
280.0
290.0
214.0
338.0
295.0
357.0
642.0
340.0
201.0
310.0
301.0
261.0
232.0
290.0
321.0
233.0
307.0
234.0
219.0
392.0
286.0
321.0
268.0
213.0
323.0
252.0
246.0
323.0
312.0
391.0
380.0
189.0
326.0
295.0
259.0
347.0
309.0
309.0
295.0
339.0
296.0
332.0
302.0
325.0
280.0
315.0
283.0
257.0
212.0
253.0
336.0
390.0
446.0
252.0
264.0
385.0
439.0
232.0
387.0
249.0
235.0
152.0
233.0
234.0
300.0
340.0
312.0
244.0
297.0
277.0
314.0
377.0
293.0
213.0
239.0
353.0
275.0
280.0
411.0
269.0
295.0
188.0
334.0
312.0
211.0
290.0
294.0
330.0
349.0
230.0
313.0
218.0
402.0
242.0
439.0
189.0
279.0
311.0
275.0
209.0
276.0
174.0
304.0
256.0
294.0
407.0
235.0
322.0
239.0
211.0
307.0
406.0
345.0
247.0
163.0
304.0
275.0
260.0
233.0
415.0
266.0
228.0
295.0
271.0
349.0
240.0
246.0
227.0
293.0
369.0
364.0
279.0
230.0
293.0
455.0
342.0
229.0
290.0
372.0
332.0
370.0
268.0
371.0
258.0
216.0
333.0
345.0
245.0
222.0
271.0
221.0
252.0
181.0
304.0
238.0
385.0
282.0
235.0
242.0
381.0
361.0
240.0
294.0
233.0
337.0
375.0
302.0
214.0
399.0
310.0
199.0
383.0
231.0
331.0
272.0
295.0
266.0
286.0
260.0
189.0
297.0
294.0
412.0
248.0
327.0
196.0
257.0
275.0
272.0
287.0
251.0
341.0
287.0
158.0
300.0
242.0
243.0
179.0
518.0
364.0
300.0
440.0
299.0
336.0
202.0
394.0
237.0
358.0
328.0
239.0
238.0
223.0
261.0
290.0
289.0
276.0
367.0
277.0
281.0
209.0
241.0
300.0
280.0
335.0
331.0
299.0
361.0
291.0
235.0
211.0
315.0
202.0
272.0
446.0
360.0
230.0
401.0
343.0
367.0
353.0
198.0
229.0
439.0
261.0
375.0
259.0
373.0
443.0
311.0
326.0
270.0
251.0
244.0
336.0
247.0
285.0
620.0
229.0
308.0
253.0
295.0
359.0
294.0
387.0
289.0
149.0
262.0
402.0
234.0
214.0
367.0
141.0
222.0
395.0
336.0
305.0
357.0
179.0
296.0
246.0
324.0
336.0
358.0
277.0
456.0
234.0
312.0
263.0
283.0
227.0
399.0
321.0
373.0
300.0
263.0
219.0
280.0
309.0
253.0
303.0
304.0
279.0
424.0
297.0
178.0
272.0
275.0
292.0
225.0
319.0
417.0
273.0
167.0
342.0
268.0
373.0
190.0
256.0
291.0
230.0
306.0
252.0
329.0
328.0
321.0
247.0
257.0
361.0
346.0
456.0
270.0
279.0
409.0
339.0
302.0
318.0
300.0
223.0
295.0
389.0
333.0
419.0
281.0
201.0
214.0
227.0
253.0
251.0
312.0
211.0
257.0
183.0
261.0
279.0
279.0
291.0
256.0
333.0
196.0
227.0
240.0
196.0
402.0
276.0
232.0
359.0
250.0
252.0
347.0
228.0
266.0
232.0
343.0
230.0
329.0
445.0
271.0
276.0
304.0
260.0
284.0
303.0
235.0
296.0
327.0
358.0
247.0
352.0
318.0
242.0
147.0
247.0
389.0
364.0
276.0
227.0
473.0
282.0
189.0
362.0
249.0
198.0
326.0
287.0
275.0
282.0
301.0
318.0
224.0
199.0
174.0
282.0
313.0
269.0
249.0
337.0
325.0
334.0
336.0
243.0
233.0
212.0
207.0
368.0
270.0
309.0
339.0
240.0
262.0
389.0
307.0
236.0
292.0
231.0
440.0
239.0
329.0
265.0
270.0
176.0
245.0
297.0
302.0
204.0
280.0
267.0
195.0
300.0
189.0
358.0
184.0
331.0
231.0
295.0
435.0
323.0
215.0
258.0
230.0
308.0
251.0
371.0
294.0
243.0
332.0
398.0
231.0
282.0
273.0
280.0
322.0
168.0
293.0
326.0
244.0
284.0
231.0
374.0
207.0
359.0
235.0
215.0
277.0
279.0
269.0
333.0
290.0
289.0
236.0
252.0
338.0
226.0
242.0
208.0
193.0
222.0
290.0
268.0
295.0
250.0
361.0
242.0
238.0
234.0
322.0
275.0
255.0
255.0
326.0
315.0
284.0
267.0
277.0
265.0
301.0
234.0
429.0
267.0
366.0
290.0
322.0
254.0
267.0
380.0
238.0
274.0
509.0
168.0
241.0
254.0
284.0
203.0
274.0
314.0
193.0
410.0
277.0
247.0
262.0
319.0
255.0
216.0
306.0
412.0
210.0
270.0
306.0
331.0
380.0
281.0
323.0
358.0
240.0
273.0
335.0
243.0
184.0
318.0
340.0
330.0
212.0
332.0
288.0
388.0
329.0
290.0
364.0
383.0
283.0
270.0
292.0
267.0
352.0
355.0
283.0
333.0
258.0
271.0
209.0
237.0
225.0
303.0
366.0
297.0
316.0
269.0
310.0
268.0
393.0
430.0
290.0
305.0
297.0
288.0
327.0
276.0
215.0
333.0
163.0
311.0
267.0
350.0
259.0
277.0
287.0
297.0
243.0
298.0
262.0
251.0
305.0
388.0
325.0
343.0
238.0
283.0
225.0
336.0
230.0
223.0
434.0
338.0
267.0
264.0
323.0
196.0
318.0
234.0
317.0
288.0
363.0
225.0
413.0
318.0
263.0
239.0
241.0
207.0
310.0
262.0
340.0
235.0
448.0
418.0
207.0
260.0
303.0
229.0
344.0
409.0
397.0
262.0
323.0
230.0
253.0
274.0
200.0
446.0
305.0
300.0
220.0
507.0
278.0
135.0
219.0
318.0
274.0
458.0
271.0
363.0
495.0
416.0
404.0
195.0
210.0
412.0
317.0
363.0
233.0
305.0
255.0
293.0
331.0
381.0
327.0
235.0
250.0
278.0
291.0
333.0
319.0
308.0
269.0
309.0
198.0
361.0
366.0
310.0
228.0
344.0
376.0
195.0
181.0
288.0
285.0
320.0
359.0
467.0
278.0
431.0
287.0
329.0
278.0
342.0
241.0
260.0
378.0
401.0
256.0
276.0
233.0
220.0
235.0
312.0
308.0
388.0
387.0
201.0
290.0
312.0
276.0
423.0
263.0
293.0
270.0
296.0
206.0
164.0
233.0
357.0
229.0
267.0
453.0
279.0
201.0
405.0
262.0
332.0
245.0
277.0
431.0
202.0
350.0
448.0
440.0
186.0
329.0
199.0
221.0
373.0
306.0
393.0
409.0
389.0
204.0
233.0
255.0
368.0
300.0
284.0
452.0
262.0
285.0
685.0
355.0
356.0
258.0
266.0
318.0
281.0
339.0
242.0
298.0
278.0
246.0
333.0
338.0
269.0
420.0
283.0
330.0
355.0
309.0
283.0
239.0
311.0
255.0
328.0
336.0
334.0
328.0
221.0
215.0
233.0
407.0
241.0
235.0
213.0
415.0
309.0
406.0
387.0
231.0
345.0
324.0
290.0
228.0
260.0
250.0
203.0
319.0
304.0
283.0
287.0
411.0
363.0
281.0
298.0
266.0
244.0
209.0
273.0
201.0
305.0
365.0
461.0
389.0
254.0
375.0
310.0
289.0
281.0
383.0
321.0
250.0
212.0
244.0
208.0
256.0
185.0
361.0
253.0
225.0
201.0
271.0
321.0
395.0
320.0
237.0
470.0
217.0
280.0
224.0
193.0
376.0
355.0
222.0
336.0
325.0
225.0
380.0
292.0
436.0
299.0
351.0
353.0
255.0
389.0
302.0
217.0
216.0
311.0
460.0
270.0
247.0
298.0
344.0
289.0
320.0
282.0
401.0
216.0
354.0
323.0
259.0
248.0
263.0
264.0
329.0
268.0
357.0
282.0
276.0
257.0
204.0
263.0
265.0
300.0
263.0
212.0
310.0
257.0
554.0
343.0
321.0
315.0
213.0
366.0
211.0
257.0
279.0
193.0
256.0
375.0
291.0
254.0
291.0
255.0
243.0
310.0
259.0
432.0
368.0
298.0
298.0
217.0
350.0
326.0
313.0
354.0
383.0
178.0
353.0
315.0
257.0
261.0
306.0
328.0
246.0
320.0
244.0
299.0
356.0
240.0
252.0
267.0
344.0
400.0
391.0
378.0
233.0
259.0
268.0
531.0
289.0
183.0
330.0
290.0
416.0
334.0
247.0
297.0
421.0
209.0
532.0
300.0
398.0
323.0
326.0
251.0
252.0
289.0
356.0
360.0
411.0
275.0
220.0
329.0
375.0
318.0
240.0
208.0
234.0
372.0
300.0
283.0
351.0
233.0
333.0
272.0
169.0
428.0
204.0
297.0
390.0
264.0
217.0
278.0
240.0
302.0
254.0
330.0
304.0
326.0
240.0
304.0
304.0
350.0
304.0
226.0
388.0
312.0
309.0
333.0
344.0
320.0
362.0
352.0
314.0
303.0
508.0
274.0
459.0
252.0
300.0
226.0
411.0
371.0
241.0
335.0
253.0
326.0
263.0
228.0
376.0
274.0
240.0
244.0
195.0
276.0
354.0
264.0
276.0
211.0
333.0
227.0
305.0
262.0
384.0
251.0
189.0
187.0
280.0
406.0
240.0
331.0
225.0
270.0
358.0
295.0
360.0
308.0
193.0
288.0
282.0
343.0
336.0
311.0
337.0
265.0
292.0
310.0
271.0
203.0
190.0
275.0
264.0
439.0
313.0
240.0
265.0
253.0
408.0
215.0
213.0
223.0
270.0
229.0
323.0
314.0
309.0
328.0
345.0
208.0
275.0
215.0
354.0
367.0
266.0
245.0
265.0
405.0
289.0
288.0
329.0
176.0
450.0
222.0
238.0
257.0
410.0
288.0
326.0
296.0
265.0
386.0
289.0
305.0
319.0
225.0
419.0
283.0
380.0
273.0
309.0
313.0
299.0
202.0
348.0
395.0
198.0
426.0
429.0
277.0
302.0
299.0
264.0
223.0
299.0
274.0
274.0
233.0
232.0
329.0
257.0
240.0
236.0
238.0
335.0
365.0
298.0
254.0
336.0
384.0
217.0
325.0
337.0
247.0
336.0
308.0
275.0
284.0
392.0
246.0
247.0
308.0
233.0
336.0
305.0
382.0
287.0
244.0
216.0
321.0
308.0
320.0
366.0
303.0
215.0
216.0
483.0
313.0
216.0
317.0
353.0
284.0
246.0
257.0
218.0
247.0
253.0
319.0
262.0
307.0
237.0
497.0
385.0
255.0
165.0
244.0
307.0
353.0
477.0
391.0
286.0
377.0
277.0
298.0
226.0
325.0
316.0
252.0
271.0
333.0
302.0
168.0
206.0
353.0
275.0
469.0
350.0
383.0
205.0
233.0
217.0
452.0
223.0
270.0
268.0
242.0
261.0
310.0
304.0
278.0
198.0
257.0
240.0
237.0
225.0
336.0
278.0
332.0
276.0
233.0
374.0
333.0
370.0
314.0
238.0
171.0
235.0
314.0
261.0
225.0
310.0
413.0
259.0
239.0
300.0
375.0
474.0
176.0
329.0
284.0
258.0
279.0
301.0
267.0
285.0
253.0
270.0
357.0
240.0
299.0
262.0
366.0
210.0
285.0
304.0
353.0
192.0
327.0
252.0
222.0
329.0
305.0
416.0
207.0
256.0
244.0
227.0
212.0
286.0
213.0
314.0
282.0
215.0
277.0
261.0
398.0
325.0
166.0
275.0
206.0
341.0
546.0
314.0
167.0
433.0
215.0
240.0
326.0
456.0
254.0
231.0
347.0
218.0
205.0
281.0
201.0
283.0
318.0
325.0
284.0
245.0
209.0
314.0
247.0
317.0
311.0
221.0
271.0
324.0
295.0
242.0
230.0
284.0
265.0
273.0
361.0
271.0
284.0
294.0
420.0
234.0
228.0
311.0
255.0
323.0
284.0
413.0
345.0
263.0
287.0
339.0
307.0
410.0
177.0
192.0
303.0
248.0
286.0
283.0
321.0
278.0
380.0
275.0
231.0
214.0
291.0
209.0
259.0
223.0
201.0
312.0
287.0
231.0
274.0
389.0
289.0
257.0
404.0
280.0
321.0
375.0
303.0
240.0
300.0
341.0
226.0
257.0
216.0
260.0
325.0
273.0
369.0
229.0
286.0
224.0
385.0
274.0
318.0
236.0
478.0
285.0
219.0
359.0
307.0
271.0
333.0
288.0
386.0
263.0
333.0
355.0
238.0
421.0
186.0
356.0
201.0
286.0
148.0
351.0
265.0
213.0
277.0
230.0
207.0
267.0
360.0
298.0
338.0
248.0
289.0
217.0
358.0
258.0
274.0
271.0
206.0
416.0
350.0
278.0
270.0
218.0
341.0
306.0
318.0
276.0
249.0
349.0
344.0
250.0
303.0
325.0
194.0
243.0
279.0
236.0
235.0
327.0
270.0
254.0
376.0
322.0
317.0
306.0
376.0
279.0
219.0
290.0
331.0
317.0
261.0
276.0
253.0
314.0
453.0
199.0
300.0
308.0
229.0
400.0
258.0
252.0
341.0
236.0
321.0
332.0
254.0
726.0
198.0
304.0
279.0
234.0
305.0
297.0
131.0
475.0
251.0
283.0
277.0
252.0
328.0
238.0
249.0
392.0
224.0
414.0
441.0
329.0
333.0
290.0
372.0
309.0
308.0
209.0
456.0
275.0
272.0
264.0
205.0
318.0
293.0
211.0
309.0
356.0
329.0
202.0
318.0
292.0
320.0
298.0
344.0
284.0
354.0
238.0
224.0
312.0
366.0
332.0
271.0
294.0
220.0
426.0
322.0
280.0
403.0
286.0
277.0
416.0
282.0
272.0
234.0
352.0
269.0
284.0
328.0
367.0
273.0
243.0
291.0
232.0
187.0
236.0
450.0
251.0
340.0
259.0
326.0
374.0
392.0
333.0
336.0
234.0
344.0
235.0
289.0
234.0
309.0
233.0
286.0
260.0
304.0
366.0
230.0
263.0
252.0
244.0
440.0
292.0
449.0
435.0
277.0
289.0
278.0
199.0
249.0
203.0
248.0
286.0
252.0
349.0
257.0
289.0
225.0
358.0
350.0
235.0
208.0
403.0
378.0
252.0
289.0
300.0
366.0
200.0
273.0
335.0
254.0
240.0
326.0
338.0
303.0
290.0
186.0
196.0
264.0
361.0
270.0
235.0
370.0
264.0
205.0
416.0
350.0
255.0
271.0
218.0
465.0
228.0
267.0
314.0
231.0
454.0
403.0
223.0
361.0
252.0
268.0
338.0
329.0
363.0
219.0
320.0
389.0
198.0
351.0
347.0
329.0
346.0
341.0
257.0
299.0
294.0
287.0
324.0
333.0
353.0
208.0
417.0
355.0
258.0
324.0
263.0
290.0
260.0
289.0
227.0
388.0
270.0
222.0
339.0
205.0
315.0
280.0
310.0
213.0
242.0
218.0
282.0
222.0
249.0
284.0
271.0
286.0
400.0
368.0
292.0
294.0
352.0
298.0
218.0
388.0
258.0
307.0
263.0
423.0
201.0
334.0
241.0
314.0
297.0
227.0
443.0
303.0
403.0
275.0
373.0
280.0
404.0
227.0
335.0
195.0
231.0
252.0
220.0
307.0
255.0
239.0
216.0
390.0
311.0
312.0
298.0
359.0
270.0
275.0
412.0
295.0
238.0
302.0
328.0
388.0
276.0
279.0
391.0
207.0
260.0
212.0
335.0
469.0
232.0
292.0
224.0
316.0
277.0
503.0
301.0
297.0
323.0
361.0
430.0
344.0
266.0
298.0
334.0
235.0
205.0
230.0
347.0
262.0
403.0
324.0
230.0
308.0
225.0
287.0
258.0
287.0
270.0
254.0
320.0
212.0
312.0
362.0
226.0
379.0
327.0
209.0
319.0
364.0
296.0
436.0
411.0
218.0
331.0
338.0
318.0
316.0
217.0
364.0
197.0
308.0
244.0
252.0
298.0
322.0
255.0
416.0
336.0
371.0
361.0
467.0
303.0
268.0
241.0
259.0
356.0
229.0
329.0
285.0
317.0
357.0
368.0
282.0
249.0
273.0
237.0
224.0
265.0
356.0
181.0
362.0
216.0
254.0
338.0
322.0
411.0
309.0
342.0
365.0
194.0
243.0
290.0
322.0
589.0
243.0
331.0
254.0
222.0
216.0
251.0
240.0
421.0
332.0
334.0
280.0
330.0
302.0
269.0
292.0
404.0
293.0
241.0
295.0
264.0
269.0
406.0
348.0
232.0
250.0
343.0
232.0
290.0
265.0
331.0
558.0
370.0
266.0
284.0
247.0
339.0
306.0
386.0
184.0
261.0
259.0
178.0
349.0
750.0
341.0
296.0
297.0
331.0
367.0
201.0
360.0
316.0
251.0
429.0
322.0
347.0
354.0
195.0
270.0
370.0
309.0
272.0
292.0
335.0
472.0
288.0
355.0
283.0
333.0
339.0
308.0
415.0
223.0
225.0
286.0
263.0
269.0
152.0
380.0
342.0
268.0
167.0
203.0
269.0
334.0
366.0
303.0
236.0
364.0
244.0
316.0
287.0
412.0
360.0
287.0
280.0
285.0
270.0
406.0
355.0
484.0
307.0
225.0
272.0
389.0
270.0
277.0
361.0
354.0
367.0
369.0
420.0
340.0
231.0
233.0
240.0
498.0
274.0
315.0
504.0
306.0
250.0
449.0
295.0
298.0
368.0
321.0
302.0
224.0
192.0
292.0
352.0
325.0
294.0
293.0
408.0
381.0
247.0
329.0
263.0
389.0
327.0
282.0
329.0
311.0
221.0
379.0
326.0
211.0
351.0
212.0
282.0
348.0
259.0
334.0
252.0
301.0
232.0
365.0
254.0
296.0
365.0
376.0
333.0
213.0
355.0
287.0
438.0
244.0
303.0
296.0
322.0
348.0
321.0
245.0
382.0
245.0
221.0
276.0
410.0
318.0
222.0
240.0
317.0
271.0
372.0
289.0
301.0
238.0
226.0
207.0
355.0
281.0
326.0
171.0
304.0
267.0
341.0
333.0
325.0
197.0
386.0
262.0
425.0
206.0
250.0
293.0
249.0
378.0
345.0
387.0
255.0
348.0
246.0
370.0
259.0
230.0
286.0
292.0
212.0
192.0
406.0
308.0
306.0
235.0
227.0
274.0
273.0
254.0
227.0
300.0
241.0
304.0
300.0
452.0
283.0
324.0
299.0
403.0
316.0
347.0
246.0
342.0
303.0
251.0
369.0
337.0
345.0
245.0
231.0
280.0
314.0
225.0
280.0
294.0
190.0
218.0
214.0
200.0
368.0
198.0
217.0
267.0
325.0
286.0
371.0
253.0
300.0
259.0
383.0
329.0
237.0
341.0
214.0
323.0
269.0
291.0
254.0
357.0
497.0
350.0
208.0
241.0
317.0
347.0
382.0
235.0
261.0
334.0
214.0
489.0
288.0
314.0
226.0
244.0
271.0
402.0
397.0
198.0
410.0
223.0
306.0
275.0
285.0
351.0
275.0
243.0
344.0
295.0
287.0
304.0
469.0
223.0
279.0
295.0
442.0
240.0
291.0
239.0
294.0
220.0
325.0
263.0
193.0
246.0
396.0
268.0
266.0
240.0
949.0
287.0
253.0
321.0
162.0
194.0
223.0
306.0
392.0
189.0
219.0
299.0
228.0
443.0
298.0
242.0
296.0
239.0
270.0
334.0
400.0
242.0
270.0
251.0
576.0
293.0
275.0
204.0
458.0
309.0
216.0
249.0
201.0
262.0
313.0
350.0
282.0
209.0
305.0
229.0
498.0
339.0
223.0
227.0
345.0
289.0
214.0
225.0
252.0
317.0
226.0
297.0
292.0
262.0
349.0
282.0
311.0
332.0
334.0
272.0
155.0
276.0
287.0
232.0
442.0
324.0
247.0
278.0
390.0
286.0
231.0
223.0
249.0
382.0
262.0
199.0
271.0
245.0
234.0
307.0
243.0
264.0
224.0
293.0
221.0
223.0
276.0
311.0
265.0
273.0
333.0
340.0
432.0
213.0
231.0
281.0
360.0
201.0
344.0
263.0
222.0
437.0
201.0
231.0
284.0
324.0
293.0
375.0
206.0
273.0
273.0
224.0
307.0
305.0
271.0
307.0
309.0
240.0
203.0
256.0
302.0
262.0
240.0
354.0
237.0
241.0
292.0
409.0
248.0
495.0
292.0
206.0
342.0
156.0
256.0
307.0
301.0
333.0
217.0
253.0
265.0
279.0
266.0
218.0
265.0
263.0
240.0
486.0
235.0
272.0
225.0
264.0
375.0
321.0
277.0
302.0
358.0
296.0
319.0
243.0
292.0
302.0
225.0
270.0
492.0
274.0
332.0
422.0
385.0
243.0
292.0
379.0
282.0
507.0
255.0
279.0
194.0
319.0
296.0
309.0
348.0
225.0
266.0
347.0
210.0
186.0
305.0
252.0
258.0
190.0
272.0
268.0
320.0
173.0
207.0
254.0
401.0
297.0
260.0
430.0
186.0
222.0
426.0
196.0
347.0
285.0
285.0
362.0
270.0
164.0
233.0
259.0
290.0
253.0
336.0
304.0
233.0
319.0
196.0
482.0
237.0
290.0
489.0
287.0
284.0
258.0
361.0
252.0
442.0
261.0
330.0
359.0
274.0
262.0
199.0
270.0
331.0
238.0
201.0
307.0
319.0
246.0
285.0
224.0
407.0
519.0
218.0
350.0
289.0
242.0
288.0
226.0
353.0
258.0
307.0
306.0
386.0
320.0
454.0
220.0
343.0
236.0
233.0
232.0
311.0
290.0
312.0
253.0
309.0
271.0
270.0
392.0
321.0
256.0
313.0
467.0
374.0
288.0
206.0
413.0
283.0
231.0
297.0
255.0
251.0
233.0
281.0
246.0
575.0
306.0
271.0
194.0
261.0
227.0
248.0
346.0
378.0
242.0
259.0
313.0
388.0
312.0
249.0
191.0
281.0
218.0
456.0
302.0
504.0
263.0
233.0
568.0
188.0
340.0
317.0
404.0
329.0
365.0
277.0
265.0
298.0
299.0
222.0
320.0
362.0
311.0
276.0
251.0
430.0
317.0
339.0
410.0
275.0
217.0
220.0
290.0
360.0
233.0
332.0
169.0
368.0
320.0
238.0
387.0
214.0
219.0
288.0
299.0
265.0
349.0
258.0
289.0
457.0
331.0
244.0
283.0
294.0
258.0
222.0
268.0
428.0
280.0
264.0
209.0
249.0
268.0
370.0
357.0
446.0
277.0
242.0
424.0
366.0
244.0
246.0
239.0
231.0
379.0
241.0
408.0
296.0
331.0
336.0
335.0
264.0
255.0
260.0
294.0
167.0
285.0
365.0
193.0
395.0
374.0
237.0
319.0
239.0
244.0
207.0
344.0
292.0
347.0
364.0
203.0
327.0
278.0
238.0
254.0
456.0
213.0
252.0
414.0
290.0
262.0
379.0
409.0
238.0
291.0
235.0
267.0
224.0
221.0
225.0
239.0
279.0
412.0
409.0
302.0
252.0
329.0
234.0
333.0
253.0
276.0
245.0
252.0
374.0
221.0
243.0
265.0
389.0
266.0
308.0
199.0
296.0
270.0
314.0
231.0
232.0
277.0
329.0
314.0
308.0
226.0
382.0
258.0
382.0
310.0
258.0
330.0
201.0
480.0
316.0
496.0
265.0
276.0
319.0
293.0
244.0
260.0
268.0
280.0
201.0
253.0
334.0
231.0
270.0
383.0
259.0
270.0
226.0
215.0
381.0
211.0
305.0
413.0
253.0
276.0
327.0
312.0
313.0
258.0
303.0
228.0
316.0
273.0
332.0
271.0
473.0
460.0
237.0
205.0
422.0
325.0
278.0
221.0
333.0
286.0
343.0
406.0
390.0
233.0
296.0
324.0
209.0
355.0
346.0
452.0
413.0
270.0
387.0
307.0
302.0
228.0
267.0
267.0
243.0
405.0
213.0
223.0
338.0
303.0
408.0
253.0
261.0
287.0
251.0
414.0
315.0
414.0
369.0
331.0
344.0
291.0
301.0
292.0
276.0
284.0
274.0
331.0
245.0
421.0
206.0
439.0
268.0
309.0
219.0
385.0
250.0
221.0
290.0
249.0
377.0
332.0
338.0
168.0
367.0
335.0
414.0
225.0
241.0
302.0
290.0
466.0
256.0
216.0
212.0
304.0
333.0
226.0
386.0
223.0
300.0
225.0
352.0
205.0
316.0
297.0
235.0
222.0
349.0
206.0
188.0
304.0
228.0
198.0
204.0
352.0
242.0
363.0
408.0
412.0
415.0
380.0
379.0
470.0
269.0
246.0
297.0
377.0
319.0
230.0
427.0
314.0
271.0
283.0
259.0
367.0
275.0
311.0
304.0
265.0
276.0
317.0
295.0
300.0
467.0
233.0
244.0
412.0
296.0
205.0
384.0
309.0
216.0
302.0
315.0
338.0
331.0
528.0
376.0
386.0
280.0
429.0
636.0
159.0
280.0
274.0
301.0
276.0
277.0
287.0
495.0
305.0
413.0
456.0
260.0
287.0
353.0
274.0
475.0
269.0
295.0
170.0
251.0
222.0
244.0
338.0
353.0
262.0
208.0
292.0
333.0
259.0
271.0
304.0
365.0
241.0
266.0
243.0
371.0
238.0
247.0
181.0
253.0
351.0
268.0
613.0
307.0
247.0
276.0
350.0
277.0
203.0
350.0
272.0
349.0
281.0
507.0
263.0
181.0
274.0
342.0
347.0
395.0
315.0
391.0
241.0
334.0
237.0
359.0
333.0
267.0
421.0
339.0
243.0
218.0
288.0
337.0
284.0
184.0
206.0
276.0
284.0
245.0
311.0
531.0
251.0
298.0
257.0
407.0
222.0
290.0
244.0
308.0
401.0
470.0
231.0
473.0
467.0
349.0
231.0
409.0
297.0
421.0
336.0
262.0
417.0
230.0
295.0
363.0
397.0
261.0
288.0
341.0
294.0
294.0
325.0
291.0
341.0
225.0
318.0
325.0
298.0
133.0
407.0
333.0
236.0
320.0
245.0
376.0
427.0
282.0
408.0
281.0
387.0
332.0
325.0
361.0
296.0
288.0
294.0
437.0
245.0
269.0
237.0
341.0
200.0
200.0
455.0
439.0
235.0
379.0
207.0
274.0
343.0
305.0
288.0
226.0
357.0
234.0
232.0
253.0
326.0
281.0
296.0
441.0
241.0
289.0
428.0
336.0
375.0
302.0
390.0
226.0
245.0
238.0
227.0
313.0
205.0
293.0
222.0
204.0
446.0
268.0
277.0
234.0
254.0
275.0
310.0
342.0
290.0
380.0
398.0
283.0
307.0
233.0
297.0
237.0
393.0
310.0
367.0
258.0
275.0
313.0
197.0
212.0
275.0
177.0
349.0
463.0
264.0
197.0
302.0
232.0
287.0
303.0
289.0
227.0
228.0
281.0
306.0
299.0
229.0
270.0
283.0
382.0
336.0
242.0
326.0
261.0
353.0
341.0
461.0
301.0
334.0
349.0
388.0
237.0
319.0
327.0
758.0
274.0
321.0
448.0
270.0
269.0
286.0
240.0
213.0
242.0
307.0
467.0
312.0
374.0
261.0
267.0
270.0
273.0
396.0
219.0
354.0
248.0
415.0
331.0
289.0
225.0
275.0
189.0
401.0
140.0
259.0
295.0
321.0
269.0
245.0
348.0
299.0
237.0
197.0
304.0
258.0
312.0
369.0
326.0
245.0
373.0
176.0
191.0
434.0
257.0
320.0
300.0
203.0
487.0
438.0
239.0
222.0
453.0
175.0
267.0
261.0
256.0
272.0
374.0
406.0
227.0
294.0
339.0
350.0
326.0
277.0
342.0
264.0
185.0
309.0
177.0
382.0
338.0
282.0
342.0
252.0
290.0
219.0
318.0
286.0
312.0
253.0
333.0
264.0
218.0
275.0
276.0
1229.0
250.0
187.0
229.0
422.0
274.0
292.0
315.0
289.0
198.0
275.0
277.0
245.0
346.0
268.0
297.0
289.0
389.0
312.0
298.0
245.0
431.0
387.0
231.0
353.0
354.0
208.0
249.0
247.0
282.0
277.0
241.0
353.0
337.0
308.0
315.0
210.0
197.0
201.0
335.0
210.0
435.0
306.0
320.0
144.0
263.0
243.0
192.0
184.0
262.0
396.0
376.0
319.0
318.0
375.0
315.0
285.0
266.0
251.0
266.0
423.0
354.0
290.0
322.0
232.0
190.0
240.0
263.0
499.0
240.0
230.0
271.0
338.0
322.0
225.0
253.0
284.0
340.0
199.0
195.0
301.0
247.0
364.0
401.0
323.0
428.0
237.0
277.0
221.0
439.0
212.0
239.0
288.0
297.0
273.0
367.0
419.0
259.0
195.0
360.0
221.0
226.0
188.0
216.0
305.0
247.0
241.0
293.0
199.0
358.0
338.0
219.0
357.0
199.0
267.0
589.0
362.0
259.0
167.0
296.0
212.0
287.0
210.0
327.0
305.0
257.0
364.0
213.0
308.0
296.0
293.0
295.0
310.0
414.0
260.0
307.0
216.0
271.0
359.0
193.0
308.0
286.0
202.0
368.0
245.0
222.0
353.0
238.0
239.0
336.0
276.0
424.0
251.0
444.0
347.0
309.0
342.0
264.0
265.0
236.0
332.0
232.0
209.0
273.0
270.0
270.0
371.0
179.0
261.0
283.0
263.0
297.0
414.0
451.0
265.0
201.0
254.0
356.0
429.0
311.0
352.0
160.0
272.0
313.0
270.0
383.0
359.0
306.0
340.0
393.0
418.0
254.0
247.0
377.0
267.0
298.0
340.0
307.0
315.0
236.0
279.0
241.0
250.0
196.0
277.0
261.0
249.0
316.0
184.0
406.0
214.0
281.0
270.0
253.0
269.0
268.0
273.0
283.0
302.0
317.0
288.0
211.0
374.0
286.0
291.0
359.0
262.0
283.0
281.0
272.0
230.0
232.0
510.0
274.0
269.0
251.0
336.0
318.0
133.0
338.0
377.0
254.0
341.0
303.0
290.0
369.0
443.0
322.0
219.0
396.0
252.0
198.0
306.0
258.0
250.0
306.0
380.0
334.0
308.0
253.0
349.0
333.0
241.0
176.0
239.0
281.0
237.0
312.0
278.0
164.0
411.0
203.0
382.0
351.0
278.0
280.0
411.0
267.0
448.0
277.0
218.0
483.0
416.0
266.0
230.0
257.0
298.0
314.0
280.0
301.0
263.0
290.0
401.0
229.0
327.0
330.0
500.0
198.0
406.0
215.0
316.0
395.0
271.0
326.0
295.0
388.0
330.0
260.0
243.0
326.0
348.0
202.0
299.0
317.0
465.0
381.0
157.0
300.0
230.0
284.0
228.0
304.0
277.0
273.0
255.0
281.0
530.0
160.0
369.0
308.0
354.0
227.0
239.0
426.0
522.0
220.0
300.0
289.0
188.0
379.0
346.0
391.0
186.0
353.0
544.0
254.0
381.0
226.0
457.0
280.0
355.0
243.0
333.0
283.0
196.0
294.0
199.0
195.0
200.0
236.0
302.0
157.0
215.0
301.0
264.0
440.0
210.0
376.0
238.0
243.0
197.0
400.0
341.0
346.0
334.0
290.0
395.0
388.0
272.0
256.0
386.0
368.0
331.0
344.0
264.0
249.0
274.0
423.0
196.0
297.0
220.0
339.0
223.0
315.0
253.0
376.0
308.0
292.0
237.0
388.0
243.0
190.0
401.0
357.0
256.0
272.0
291.0
269.0
325.0
343.0
351.0
260.0
202.0
477.0
283.0
211.0
321.0
173.0
236.0
189.0
284.0
328.0
329.0
318.0
343.0
190.0
289.0
380.0
246.0
232.0
400.0
241.0
258.0
325.0
316.0
392.0
263.0
293.0
248.0
168.0
273.0
297.0
372.0
248.0
204.0
355.0
271.0
288.0
262.0
290.0
299.0
448.0
310.0
289.0
275.0
305.0
304.0
168.0
265.0
255.0
219.0
429.0
333.0
406.0
376.0
269.0
281.0
228.0
362.0
328.0
257.0
271.0
227.0
247.0
376.0
259.0
307.0
306.0
302.0
323.0
265.0
461.0
317.0
234.0
353.0
363.0
232.0
350.0
245.0
251.0
204.0
305.0
331.0
321.0
253.0
293.0
206.0
309.0
238.0
224.0
176.0
315.0
254.0
354.0
190.0
223.0
337.0
257.0
265.0
241.0
330.0
349.0
264.0
310.0
273.0
220.0
504.0
401.0
223.0
185.0
334.0
254.0
352.0
294.0
300.0
374.0
426.0
279.0
220.0
421.0
357.0
280.0
194.0
382.0
234.0
368.0
273.0
270.0
377.0
238.0
372.0
317.0
338.0
244.0
198.0
272.0
265.0
215.0
214.0
276.0
326.0
214.0
464.0
267.0
283.0
240.0
401.0
354.0
248.0
326.0
248.0
298.0
291.0
305.0
290.0
191.0
357.0
294.0
388.0
296.0
283.0
241.0
331.0
349.0
322.0
289.0
297.0
303.0
320.0
280.0
230.0
248.0
279.0
437.0
249.0
313.0
243.0
223.0
239.0
230.0
337.0
254.0
287.0
265.0
356.0
303.0
388.0
270.0
234.0
242.0
312.0
236.0
255.0
292.0
285.0
222.0
180.0
373.0
226.0
260.0
329.0
234.0
319.0
298.0
332.0
354.0
418.0
309.0
503.0
262.0
270.0
259.0
207.0
280.0
285.0
210.0
380.0
206.0
407.0
238.0
324.0
286.0
240.0
250.0
315.0
334.0
244.0
387.0
334.0
316.0
269.0
233.0
561.0
427.0
274.0
277.0
361.0
231.0
352.0
238.0
312.0
268.0
355.0
608.0
393.0
438.0
231.0
199.0
253.0
226.0
423.0
256.0
212.0
466.0
236.0
348.0
335.0
240.0
340.0
222.0
391.0
196.0
331.0
346.0
294.0
344.0
292.0
265.0
286.0
305.0
307.0
249.0
255.0
253.0
264.0
431.0
422.0
360.0
221.0
262.0
253.0
195.0
182.0
285.0
502.0
419.0
245.0
196.0
260.0
332.0
256.0
187.0
295.0
219.0
215.0
230.0
306.0
411.0
340.0
481.0
193.0
267.0
291.0
255.0
332.0
252.0
137.0
220.0
1141.0
234.0
269.0
503.0
231.0
224.0
404.0
288.0
414.0
268.0
226.0
253.0
288.0
254.0
373.0
282.0
263.0
218.0
326.0
336.0
454.0
202.0
342.0
265.0
272.0
325.0
276.0
311.0
222.0
349.0
203.0
407.0
294.0
421.0
267.0
525.0
272.0
326.0
292.0
404.0
450.0
244.0
271.0
211.0
280.0
226.0
304.0
301.0
259.0
156.0
228.0
373.0
735.0
369.0
349.0
226.0
317.0
193.0
233.0
176.0
369.0
277.0
302.0
204.0
253.0
251.0
222.0
419.0
345.0
300.0
362.0
328.0
292.0
282.0
279.0
509.0
308.0
213.0
394.0
273.0
379.0
445.0
292.0
173.0
447.0
344.0
244.0
295.0
314.0
165.0
280.0
455.0
265.0
282.0
196.0
181.0
307.0
203.0
280.0
250.0
322.0
244.0
176.0
308.0
1446.0
387.0
208.0
440.0
369.0
275.0
350.0
253.0
283.0
247.0
254.0
356.0
223.0
248.0
263.0
294.0
238.0
311.0
288.0
362.0
200.0
241.0
363.0
229.0
324.0
338.0
314.0
218.0
587.0
289.0
298.0
313.0
285.0
340.0
177.0
226.0
426.0
292.0
339.0
259.0
309.0
323.0
310.0
345.0
403.0
230.0
218.0
255.0
229.0
210.0
392.0
297.0
285.0
312.0
386.0
399.0
199.0
394.0
519.0
191.0
272.0
307.0
323.0
210.0
272.0
233.0
481.0
165.0
356.0
210.0
359.0
436.0
328.0
335.0
286.0
249.0
276.0
224.0
240.0
497.0
227.0
381.0
580.0
444.0
299.0
432.0
430.0
281.0
232.0
293.0
339.0
268.0
273.0
322.0
224.0
328.0
359.0
333.0
270.0
255.0
367.0
244.0
274.0
288.0
260.0
287.0
293.0
216.0
595.0
341.0
299.0
216.0
232.0
225.0
256.0
379.0
363.0
481.0
221.0
231.0
292.0
272.0
310.0
351.0
234.0
282.0
242.0
283.0
447.0
564.0
396.0
179.0
274.0
515.0
282.0
300.0
282.0
293.0
283.0
269.0
358.0
224.0
261.0
305.0
338.0
174.0
346.0
263.0
344.0
251.0
260.0
239.0
169.0
252.0
322.0
292.0
272.0
389.0
318.0
242.0
359.0
338.0
205.0
283.0
260.0
258.0
232.0
425.0
247.0
372.0
258.0
290.0
333.0
201.0
308.0
242.0
242.0
448.0
251.0
407.0
370.0
276.0
433.0
230.0
267.0
296.0
253.0
245.0
241.0
395.0
307.0
322.0
279.0
377.0
258.0
285.0
295.0
344.0
267.0
429.0
177.0
269.0
215.0
354.0
264.0
408.0
346.0
135.0
422.0
302.0
277.0
242.0
239.0
343.0
383.0
176.0
303.0
206.0
415.0
462.0
311.0
436.0
359.0
235.0
361.0
316.0
287.0
341.0
284.0
360.0
377.0
337.0
375.0
487.0
322.0
289.0
342.0
307.0
233.0
254.0
281.0
207.0
360.0
364.0
210.0
275.0
283.0
235.0
277.0
216.0
157.0
248.0
397.0
241.0
361.0
334.0
272.0
269.0
269.0
231.0
228.0
333.0
317.0
289.0
309.0
260.0
262.0
292.0
174.0
415.0
273.0
396.0
281.0
275.0
306.0
303.0
292.0
254.0
273.0
293.0
219.0
223.0
354.0
292.0
226.0
303.0
320.0
304.0
361.0
296.0
193.0
322.0
327.0
354.0
165.0
238.0
263.0
538.0
288.0
201.0
201.0
294.0
340.0
297.0
296.0
383.0
229.0
236.0
331.0
163.0
367.0
289.0
201.0
234.0
312.0
260.0
318.0
252.0
422.0
171.0
224.0
751.0
249.0
365.0
391.0
307.0
355.0
226.0
295.0
231.0
326.0
369.0
303.0
263.0
291.0
318.0
304.0
252.0
395.0
206.0
276.0
238.0
308.0
323.0
292.0
222.0
206.0
272.0
303.0
301.0
269.0
352.0
257.0
310.0
180.0
318.0
384.0
299.0
291.0
232.0
269.0
174.0
357.0
358.0
190.0
281.0
317.0
257.0
335.0
370.0
267.0
266.0
246.0
315.0
359.0
277.0
263.0
248.0
305.0
434.0
221.0
238.0
227.0
281.0
276.0
233.0
202.0
238.0
210.0
250.0
315.0
306.0
363.0
308.0
309.0
324.0
261.0
352.0
317.0
231.0
231.0
263.0
262.0
245.0
223.0
579.0
196.0
218.0
300.0
310.0
387.0
254.0
285.0
563.0
331.0
230.0
286.0
245.0
296.0
228.0
447.0
337.0
314.0
191.0
288.0
355.0
323.0
256.0
272.0
230.0
237.0
277.0
211.0
302.0
277.0
236.0
190.0
415.0
306.0
326.0
319.0
239.0
300.0
254.0
356.0
309.0
182.0
329.0
310.0
377.0
272.0
212.0
260.0
234.0
327.0
279.0
292.0
216.0
260.0
371.0
203.0
227.0
246.0
284.0
249.0
339.0
368.0
268.0
667.0
249.0
354.0
238.0
433.0
327.0
226.0
201.0
252.0
158.0
341.0
355.0
352.0
259.0
483.0
171.0
190.0
424.0
301.0
359.0
193.0
265.0
357.0
200.0
257.0
314.0
480.0
313.0
202.0
204.0
300.0
231.0
334.0
1148.0
311.0
377.0
321.0
426.0
224.0
301.0
303.0
298.0
217.0
221.0
361.0
209.0
202.0
323.0
227.0
341.0
303.0
205.0
417.0
257.0
278.0
214.0
267.0
306.0
257.0
218.0
346.0
371.0
229.0
355.0
458.0
193.0
375.0
302.0
252.0
298.0
215.0
174.0
349.0
252.0
257.0
171.0
354.0
309.0
235.0
326.0
331.0
238.0
443.0
407.0
341.0
192.0
239.0
320.0
267.0
401.0
275.0
297.0
480.0
223.0
345.0
249.0
241.0
484.0
279.0
185.0
218.0
299.0
244.0
335.0
311.0
267.0
335.0
248.0
347.0
372.0
382.0
472.0
328.0
194.0
276.0
311.0
368.0
235.0
247.0
345.0
289.0
294.0
269.0
325.0
365.0
190.0
302.0
162.0
272.0
254.0
265.0
251.0
161.0
267.0
294.0
644.0
439.0
445.0
322.0
240.0
311.0
262.0
342.0
235.0
226.0
158.0
234.0
215.0
341.0
315.0
365.0
318.0
379.0
180.0
263.0
395.0
329.0
224.0
231.0
277.0
405.0
260.0
312.0
288.0
248.0
347.0
221.0
296.0
209.0
230.0
182.0
197.0
185.0
364.0
173.0
259.0
277.0
349.0
238.0
278.0
519.0
191.0
175.0
299.0
536.0
294.0
289.0
218.0
218.0
443.0
211.0
184.0
329.0
345.0
302.0
260.0
300.0
237.0
263.0
278.0
242.0
518.0
268.0
400.0
283.0
314.0
218.0
299.0
335.0
348.0
292.0
250.0
229.0
382.0
365.0
290.0
341.0
229.0
213.0
308.0
310.0
299.0
253.0
185.0
314.0
225.0
319.0
334.0
230.0
145.0
243.0
146.0
189.0
292.0
486.0
369.0
210.0
343.0
479.0
639.0
241.0
194.0
166.0
350.0
413.0
219.0
237.0
279.0
246.0
216.0
306.0
301.0
222.0
235.0
219.0
227.0
520.0
377.0
283.0
314.0
333.0
233.0
242.0
280.0
297.0
295.0
283.0
322.0
405.0
383.0
240.0
446.0
158.0
419.0
297.0
413.0
270.0
167.0
326.0
270.0
266.0
337.0
338.0
224.0
257.0
296.0
262.0
327.0
478.0
185.0
261.0
211.0
145.0
247.0
247.0
367.0
276.0
170.0
240.0
306.0
227.0
364.0
323.0
349.0
365.0
262.0
247.0
248.0
217.0
271.0
346.0
285.0
365.0
301.0
351.0
208.0
237.0
436.0
247.0
305.0
296.0
220.0
223.0
277.0
341.0
225.0
304.0
236.0
300.0
284.0
255.0
249.0
265.0
324.0
224.0
301.0
314.0
256.0
277.0
413.0
240.0
3478.0
490.0
504.0
240.0
255.0
333.0
240.0
285.0
192.0
191.0
282.0
288.0
412.0
317.0
417.0
372.0
309.0
290.0
229.0
324.0
207.0
234.0
273.0
237.0
266.0
244.0
280.0
188.0
269.0
428.0
348.0
287.0
796.0
259.0
258.0
407.0
274.0
274.0
193.0
294.0
210.0
351.0
187.0
207.0
320.0
269.0
272.0
319.0
385.0
298.0
405.0
277.0
364.0
242.0
216.0
241.0
229.0
284.0
365.0
278.0
261.0
278.0
199.0
257.0
301.0
443.0
225.0
292.0
227.0
182.0
353.0
311.0
271.0
287.0
294.0
300.0
432.0
250.0
252.0
274.0
216.0
279.0
316.0
538.0
350.0
184.0
323.0
438.0
435.0
333.0
303.0
240.0
215.0
299.0
309.0
775.0
225.0
288.0
329.0
269.0
338.0
326.0
237.0
286.0
350.0
357.0
556.0
352.0
286.0
215.0
415.0
325.0
305.0
174.0
265.0
563.0
179.0
260.0
308.0
312.0
208.0
322.0
209.0
297.0
217.0
259.0
209.0
401.0
204.0
237.0
318.0
314.0
230.0
229.0
205.0
293.0
240.0
269.0
335.0
286.0
237.0
522.0
252.0
141.0
287.0
380.0
350.0
444.0
345.0
246.0
367.0
277.0
279.0
391.0
314.0
295.0
312.0
382.0
245.0
308.0
137.0
286.0
218.0
262.0
375.0
317.0
282.0
298.0
349.0
268.0
477.0
242.0
279.0
274.0
402.0
281.0
291.0
202.0
331.0
389.0
342.0
311.0
349.0
151.0
358.0
258.0
211.0
208.0
207.0
333.0
237.0
384.0
392.0
186.0
393.0
384.0
304.0
220.0
258.0
187.0
350.0
335.0
232.0
201.0
330.0
333.0
217.0
282.0
409.0
446.0
260.0
324.0
236.0
276.0
278.0
362.0
323.0
407.0
182.0
261.0
334.0
295.0
329.0
260.0
376.0
347.0
359.0
243.0
198.0
287.0
362.0
331.0
392.0
157.0
270.0
303.0
420.0
363.0
383.0
246.0
195.0
354.0
311.0
224.0
326.0
279.0
413.0
209.0
290.0
439.0
291.0
277.0
342.0
297.0
259.0
212.0
310.0
345.0
229.0
322.0
376.0
330.0
431.0
234.0
371.0
274.0
381.0
349.0
397.0
379.0
577.0
227.0
254.0
468.0
259.0
317.0
197.0
304.0
444.0
339.0
329.0
335.0
222.0
309.0
261.0
307.0
222.0
326.0
186.0
387.0
217.0
416.0
329.0
297.0
165.0
441.0
202.0
183.0
320.0
309.0
456.0
378.0
307.0
226.0
281.0
241.0
334.0
266.0
292.0
257.0
310.0
246.0
234.0
333.0
208.0
379.0
248.0
459.0
242.0
230.0
195.0
350.0
290.0
329.0
272.0
235.0
293.0
304.0
313.0
313.0
221.0
306.0
271.0
270.0
303.0
221.0
304.0
333.0
348.0
333.0
253.0
323.0
292.0
252.0
402.0
227.0
260.0
381.0
311.0
247.0
358.0
347.0
386.0
324.0
321.0
186.0
298.0
247.0
407.0
342.0
402.0
335.0
250.0
312.0
1098.0
424.0
179.0
518.0
243.0
332.0
268.0
200.0
344.0
301.0
451.0
265.0
338.0
256.0
302.0
210.0
383.0
220.0
313.0
536.0
322.0
293.0
225.0
257.0
383.0
259.0
235.0
435.0
368.0
454.0
341.0
179.0
230.0
248.0
277.0
279.0
386.0
395.0
274.0
398.0
300.0
265.0
376.0
294.0
228.0
321.0
204.0
308.0
336.0
275.0
258.0
481.0
224.0
350.0
240.0
163.0
439.0
304.0
304.0
216.0
326.0
289.0
335.0
285.0
246.0
237.0
313.0
360.0
280.0
204.0
248.0
466.0
217.0
280.0
229.0
407.0
211.0
428.0
189.0
317.0
230.0
244.0
204.0
208.0
426.0
185.0
229.0
347.0
209.0
268.0
374.0
228.0
452.0
247.0
244.0
334.0
285.0
226.0
302.0
379.0
182.0
174.0
465.0
302.0
341.0
236.0
230.0
351.0
312.0
335.0
263.0
440.0
276.0
242.0
333.0
251.0
299.0
320.0
310.0
336.0
394.0
287.0
237.0
481.0
354.0
327.0
233.0
353.0
337.0
215.0
247.0
382.0
296.0
269.0
175.0
195.0
228.0
550.0
216.0
344.0
296.0
349.0
290.0
326.0
263.0
328.0
329.0
262.0
228.0
282.0
483.0
333.0
291.0
370.0
331.0
283.0
272.0
336.0
273.0
188.0
256.0
201.0
342.0
220.0
295.0
302.0
197.0
333.0
252.0
287.0
324.0
223.0
218.0
197.0
304.0
186.0
181.0
319.0
234.0
354.0
297.0
221.0
316.0
253.0
347.0
304.0
243.0
210.0
289.0
250.0
405.0
301.0
297.0
219.0
387.0
319.0
331.0
327.0
219.0
223.0
301.0
238.0
207.0
254.0
193.0
340.0
354.0
339.0
214.0
261.0
329.0
249.0
277.0
303.0
243.0
399.0
345.0
224.0
213.0
330.0
253.0
684.0
476.0
243.0
363.0
242.0
201.0
376.0
380.0
396.0
306.0
258.0
243.0
239.0
295.0
290.0
230.0
338.0
221.0
296.0
224.0
761.0
229.0
475.0
420.0
314.0
260.0
299.0
239.0
321.0
200.0
296.0
264.0
271.0
364.0
197.0
177.0
336.0
310.0
252.0
277.0
213.0
219.0
258.0
286.0
251.0
314.0
227.0
262.0
310.0
150.0
320.0
263.0
369.0
268.0
238.0
227.0
328.0
334.0
222.0
316.0
258.0
307.0
279.0
213.0
335.0
274.0
286.0
370.0
311.0
206.0
224.0
242.0
210.0
304.0
215.0
374.0
307.0
253.0
248.0
282.0
367.0
186.0
293.0
303.0
278.0
1311.0
429.0
426.0
379.0
255.0
340.0
407.0
274.0
262.0
291.0
239.0
199.0
220.0
298.0
327.0
372.0
285.0
361.0
260.0
230.0
348.0
367.0
304.0
322.0
348.0
335.0
251.0
379.0
218.0
256.0
469.0
240.0
242.0
291.0
230.0
272.0
306.0
411.0
283.0
203.0
112.0
387.0
245.0
266.0
354.0
282.0
442.0
340.0
189.0
187.0
249.0
339.0
339.0
215.0
235.0
244.0
275.0
268.0
279.0
260.0
210.0
234.0
312.0
370.0
245.0
301.0
378.0
275.0
272.0
217.0
350.0
537.0
239.0
265.0
326.0
207.0
261.0
242.0
352.0
367.0
284.0
331.0
498.0
333.0
240.0
305.0
252.0
291.0
236.0
166.0
533.0
340.0
155.0
282.0
518.0
335.0
299.0
401.0
206.0
205.0
306.0
452.0
246.0
394.0
458.0
334.0
228.0
253.0
295.0
276.0
279.0
203.0
440.0
253.0
348.0
148.0
286.0
310.0
591.0
357.0
189.0
256.0
308.0
183.0
340.0
280.0
256.0
178.0
452.0
365.0
363.0
196.0
255.0
231.0
325.0
286.0
365.0
271.0
215.0
290.0
347.0
413.0
201.0
232.0
277.0
172.0
369.0
215.0
299.0
499.0
270.0
233.0
203.0
327.0
220.0
299.0
359.0
238.0
240.0
307.0
211.0
269.0
318.0
261.0
262.0
233.0
275.0
360.0
255.0
301.0
564.0
194.0
356.0
328.0
224.0
267.0
248.0
257.0
264.0
397.0
295.0
239.0
351.0
221.0
305.0
305.0
366.0
320.0
322.0
287.0
305.0
328.0
270.0
248.0
370.0
382.0
485.0
266.0
320.0
340.0
277.0
170.0
277.0
333.0
224.0
257.0
274.0
307.0
257.0
408.0
299.0
229.0
234.0
370.0
261.0
262.0
345.0
267.0
385.0
245.0
211.0
372.0
317.0
247.0
332.0
216.0
291.0
238.0
283.0
220.0
218.0
242.0
417.0
279.0
409.0
212.0
279.0
262.0
362.0
373.0
308.0
247.0
187.0
256.0
385.0
448.0
220.0
365.0
316.0
238.0
326.0
248.0
337.0
199.0
315.0
349.0
187.0
241.0
259.0
400.0
397.0
273.0
239.0
253.0
304.0
421.0
257.0
314.0
257.0
413.0
182.0
264.0
250.0
284.0
298.0
232.0
440.0
320.0
262.0
328.0
374.0
254.0
296.0
256.0
328.0
213.0
240.0
416.0
349.0
330.0
252.0
266.0
308.0
310.0
288.0
382.0
282.0
237.0
311.0
307.0
272.0
355.0
384.0
157.0
296.0
206.0
333.0
264.0
612.0
408.0
244.0
257.0
325.0
280.0
245.0
222.0
247.0
162.0
389.0
544.0
314.0
260.0
426.0
361.0
262.0
299.0
255.0
334.0
362.0
168.0
675.0
244.0
257.0
294.0
412.0
312.0
322.0
260.0
244.0
191.0
284.0
358.0
193.0
427.0
328.0
447.0
152.0
437.0
582.0
282.0
269.0
349.0
250.0
349.0
361.0
265.0
312.0
288.0
540.0
237.0
341.0
178.0
214.0
268.0
312.0
281.0
310.0
261.0
315.0
317.0
238.0
305.0
428.0
291.0
273.0
262.0
313.0
349.0
324.0
240.0
237.0
273.0
226.0
377.0
344.0
223.0
440.0
242.0
277.0
322.0
238.0
224.0
323.0
338.0
299.0
293.0
286.0
289.0
269.0
425.0
399.0
281.0
307.0
288.0
575.0
330.0
240.0
318.0
487.0
351.0
322.0
253.0
240.0
319.0
322.0
225.0
320.0
313.0
160.0
264.0
202.0
259.0
361.0
283.0
293.0
312.0
223.0
386.0
316.0
287.0
261.0
307.0
226.0
197.0
417.0
256.0
359.0
297.0
433.0
238.0
241.0
289.0
273.0
205.0
224.0
325.0
241.0
453.0
399.0
337.0
312.0
273.0
334.0
249.0
305.0
362.0
186.0
237.0
229.0
214.0
358.0
412.0
238.0
257.0
272.0
193.0
310.0
351.0
441.0
307.0
180.0
331.0
225.0
309.0
298.0
313.0
325.0
284.0
283.0
334.0
256.0
321.0
393.0
342.0
339.0
237.0
290.0
342.0
295.0
243.0
306.0
129.0
242.0
291.0
264.0
240.0
330.0
311.0
333.0
393.0
339.0
300.0
204.0
395.0
245.0
265.0
262.0
340.0
277.0
169.0
304.0
303.0
237.0
248.0
270.0
359.0
252.0
306.0
299.0
203.0
225.0
352.0
289.0
241.0
323.0
460.0
366.0
310.0
285.0
369.0
198.0
299.0
161.0
223.0
554.0
270.0
198.0
291.0
331.0
253.0
297.0
463.0
366.0
351.0
519.0
227.0
292.0
311.0
216.0
474.0
254.0
297.0
396.0
344.0
304.0
276.0
312.0
297.0
278.0
239.0
345.0
377.0
336.0
231.0
326.0
287.0
235.0
255.0
317.0
300.0
216.0
236.0
273.0
265.0
400.0
328.0
232.0
398.0
351.0
293.0
198.0
236.0
377.0
373.0
378.0
451.0
343.0
299.0
168.0
354.0
376.0
281.0
306.0
210.0
316.0
355.0
429.0
202.0
232.0
290.0
236.0
218.0
585.0
376.0
277.0
227.0
246.0
368.0
207.0
230.0
480.0
247.0
218.0
286.0
333.0
307.0
250.0
308.0
336.0
263.0
249.0
354.0
368.0
309.0
302.0
345.0
274.0
309.0
370.0
341.0
210.0
331.0
518.0
381.0
236.0
270.0
290.0
318.0
342.0
271.0
271.0
444.0
193.0
207.0
220.0
385.0
269.0
195.0
357.0
302.0
273.0
319.0
233.0
225.0
384.0
260.0
307.0
262.0
279.0
350.0
334.0
339.0
250.0
307.0
239.0
254.0
474.0
240.0
568.0
306.0
277.0
378.0
271.0
364.0
373.0
255.0
307.0
328.0
372.0
274.0
529.0
426.0
194.0
276.0
311.0
225.0
237.0
412.0
347.0
265.0
621.0
228.0
240.0
293.0
356.0
371.0
281.0
317.0
356.0
325.0
272.0
290.0
306.0
279.0
234.0
375.0
384.0
305.0
265.0
270.0
148.0
208.0
229.0
242.0
303.0
281.0
188.0
243.0
421.0
175.0
321.0
335.0
348.0
409.0
277.0
275.0
379.0
335.0
286.0
323.0
270.0
427.0
307.0
281.0
197.0
270.0
204.0
438.0
288.0
198.0
421.0
346.0
146.0
382.0
380.0
321.0
229.0
329.0
324.0
376.0
263.0
175.0
297.0
308.0
309.0
341.0
325.0
212.0
292.0
475.0
247.0
311.0
428.0
335.0
265.0
234.0
236.0
196.0
293.0
203.0
459.0
263.0
228.0
249.0
207.0
220.0
371.0
400.0
302.0
376.0
368.0
259.0
296.0
278.0
266.0
296.0
243.0
181.0
262.0
373.0
188.0
283.0
324.0
344.0
257.0
251.0
249.0
206.0
217.0
247.0
243.0
354.0
241.0
259.0
315.0
399.0
564.0
219.0
338.0
308.0
497.0
297.0
354.0
316.0
240.0
292.0
214.0
317.0
221.0
239.0
374.0
268.0
281.0
325.0
284.0
223.0
272.0
347.0
268.0
361.0
223.0
509.0
255.0
403.0
288.0
207.0
201.0
288.0
319.0
208.0
228.0
274.0
251.0
306.0
221.0
368.0
248.0
430.0
371.0
240.0
344.0
180.0
262.0
378.0
264.0
199.0
206.0
321.0
239.0
248.0
355.0
236.0
335.0
383.0
281.0
274.0
269.0
273.0
251.0
287.0
178.0
207.0
216.0
348.0
632.0
384.0
191.0
176.0
222.0
434.0
268.0
262.0
189.0
313.0
384.0
206.0
416.0
229.0
246.0
232.0
316.0
361.0
340.0
368.0
338.0
271.0
244.0
335.0
296.0
313.0
317.0
335.0
177.0
280.0
414.0
355.0
321.0
323.0
246.0
232.0
722.0
300.0
294.0
223.0
317.0
367.0
424.0
318.0
358.0
264.0
309.0
225.0
254.0
321.0
293.0
281.0
300.0
211.0
263.0
233.0
226.0
280.0
222.0
135.0
374.0
422.0
316.0
359.0
275.0
363.0
281.0
377.0
243.0
309.0
202.0
256.0
533.0
364.0
245.0
331.0
302.0
206.0
405.0
253.0
255.0
246.0
318.0
357.0
277.0
358.0
191.0
250.0
474.0
280.0
238.0
238.0
280.0
299.0
292.0
266.0
238.0
278.0
216.0
184.0
333.0
215.0
338.0
241.0
643.0
261.0
305.0
302.0
217.0
297.0
310.0
289.0
328.0
259.0
417.0
453.0
362.0
205.0
287.0
303.0
259.0
384.0
261.0
203.0
270.0
329.0
381.0
293.0
324.0
423.0
293.0
273.0
388.0
395.0
286.0
298.0
300.0
203.0
276.0
446.0
280.0
221.0
226.0
320.0
352.0
239.0
302.0
229.0
331.0
400.0
169.0
249.0
283.0
222.0
322.0
339.0
285.0
328.0
278.0
237.0
167.0
359.0
259.0
261.0
501.0
313.0
372.0
332.0
260.0
425.0
318.0
340.0
325.0
167.0
191.0
209.0
455.0
383.0
250.0
358.0
283.0
269.0
208.0
242.0
212.0
202.0
342.0
303.0
242.0
257.0
253.0
260.0
226.0
302.0
270.0
333.0
409.0
334.0
177.0
486.0
163.0
388.0
181.0
298.0
359.0
321.0
152.0
312.0
412.0
291.0
227.0
310.0
354.0
268.0
340.0
335.0
293.0
499.0
254.0
280.0
277.0
325.0
286.0
249.0
283.0
345.0
266.0
249.0
332.0
281.0
253.0
321.0
311.0
191.0
252.0
205.0
365.0
222.0
398.0
156.0
440.0
205.0
321.0
260.0
330.0
249.0
187.0
272.0
410.0
221.0
370.0
319.0
300.0
208.0
353.0
435.0
282.0
238.0
338.0
282.0
229.0
398.0
359.0
248.0
380.0
221.0
165.0
202.0
286.0
447.0
229.0
285.0
136.0
308.0
351.0
355.0
256.0
277.0
220.0
211.0
219.0
317.0
295.0
265.0
268.0
309.0
233.0
331.0
290.0
267.0
478.0
405.0
226.0
333.0
255.0
343.0
413.0
324.0
318.0
307.0
229.0
232.0
231.0
448.0
395.0
419.0
283.0
299.0
200.0
283.0
212.0
342.0
285.0
288.0
399.0
224.0
323.0
301.0
255.0
248.0
275.0
283.0
359.0
388.0
220.0
343.0
265.0
245.0
214.0
229.0
255.0
162.0
293.0
304.0
294.0
208.0
371.0
194.0
391.0
382.0
255.0
428.0
196.0
467.0
110.0
307.0
184.0
305.0
428.0
243.0
205.0
317.0
334.0
169.0
289.0
349.0
301.0
287.0
492.0
391.0
245.0
249.0
216.0
290.0
383.0
458.0
340.0
221.0
234.0
209.0
178.0
298.0
237.0
424.0
389.0
257.0
218.0
298.0
285.0
305.0
366.0
231.0
256.0
276.0
359.0
460.0
316.0
278.0
250.0
403.0
215.0
229.0
348.0
260.0
348.0
270.0
399.0
223.0
240.0
275.0
393.0
283.0
401.0
346.0
324.0
400.0
280.0
334.0
231.0
209.0
240.0
264.0
262.0
382.0
388.0
264.0
294.0
305.0
315.0
225.0
200.0
339.0
273.0
269.0
248.0
267.0
268.0
250.0
316.0
295.0
382.0
376.0
266.0
236.0
282.0
315.0
300.0
308.0
280.0
277.0
339.0
217.0
1648.0
363.0
342.0
380.0
340.0
269.0
530.0
262.0
256.0
189.0
333.0
231.0
285.0
324.0
283.0
429.0
229.0
210.0
288.0
204.0
287.0
419.0
363.0
355.0
278.0
194.0
249.0
225.0
296.0
312.0
303.0
278.0
299.0
254.0
256.0
312.0
327.0
436.0
293.0
257.0
240.0
470.0
331.0
346.0
228.0
351.0
263.0
307.0
267.0
288.0
292.0
341.0
258.0
306.0
267.0
301.0
477.0
405.0
225.0
183.0
332.0
260.0
300.0
277.0
170.0
331.0
314.0
346.0
381.0
331.0
219.0
249.0
234.0
269.0
253.0
219.0
259.0
294.0
352.0
339.0
242.0
200.0
311.0
421.0
170.0
188.0
366.0
347.0
388.0
226.0
312.0
508.0
304.0
195.0
217.0
266.0
388.0
421.0
379.0
277.0
238.0
270.0
349.0
270.0
280.0
543.0
252.0
457.0
208.0
281.0
366.0
236.0
273.0
213.0
257.0
309.0
371.0
261.0
227.0
244.0
416.0
241.0
215.0
319.0
360.0
263.0
469.0
181.0
203.0
303.0
284.0
466.0
391.0
254.0
211.0
340.0
296.0
311.0
266.0
305.0
278.0
442.0
210.0
255.0
283.0
343.0
293.0
206.0
199.0
396.0
358.0
324.0
251.0
266.0
199.0
505.0
313.0
195.0
235.0
201.0
242.0
324.0
176.0
216.0
302.0
281.0
353.0
198.0
290.0
322.0
348.0
284.0
352.0
327.0
186.0
320.0
302.0
239.0
167.0
282.0
259.0
619.0
272.0
264.0
325.0
999.0
316.0
355.0
235.0
337.0
421.0
428.0
296.0
184.0
377.0
330.0
313.0
217.0
360.0
373.0
337.0
270.0
273.0
336.0
373.0
387.0
225.0
364.0
360.0
383.0
273.0
185.0
194.0
333.0
393.0
251.0
362.0
284.0
384.0
295.0
404.0
198.0
283.0
251.0
271.0
246.0
308.0
220.0
267.0
270.0
259.0
410.0
316.0
309.0
243.0
392.0
234.0
357.0
257.0
245.0
218.0
324.0
212.0
360.0
227.0
262.0
392.0
239.0
268.0
333.0
232.0
341.0
315.0
246.0
276.0
328.0
262.0
204.0
368.0
457.0
278.0
279.0
310.0
349.0
223.0
300.0
219.0
288.0
231.0
290.0
333.0
236.0
244.0
367.0
261.0
257.0
277.0
257.0
470.0
392.0
224.0
284.0
300.0
317.0
248.0
437.0
304.0
336.0
350.0
357.0
388.0
285.0
292.0
274.0
347.0
444.0
265.0
320.0
474.0
215.0
334.0
356.0
295.0
283.0
386.0
416.0
250.0
289.0
249.0
325.0
372.0
210.0
297.0
263.0
292.0
351.0
429.0
276.0
272.0
336.0
234.0
260.0
325.0
287.0
247.0
210.0
193.0
186.0
189.0
350.0
342.0
251.0
218.0
305.0
369.0
211.0
310.0
289.0
297.0
367.0
230.0
299.0
279.0
351.0
317.0
267.0
343.0
270.0
360.0
171.0
326.0
265.0
203.0
251.0
285.0
286.0
343.0
377.0
289.0
322.0
499.0
254.0
444.0
313.0
321.0
291.0
373.0
258.0
276.0
268.0
377.0
355.0
267.0
201.0
222.0
304.0
363.0
324.0
314.0
231.0
360.0
228.0
364.0
282.0
310.0
336.0
252.0
300.0
234.0
247.0
301.0
266.0
216.0
245.0
387.0
200.0
237.0
267.0
286.0
391.0
181.0
249.0
259.0
279.0
378.0
406.0
285.0
216.0
415.0
273.0
409.0
331.0
218.0
291.0
267.0
342.0
278.0
336.0
338.0
260.0
236.0
200.0
370.0
272.0
259.0
252.0
416.0
415.0
182.0
414.0
289.0
281.0
212.0
294.0
268.0
331.0
290.0
297.0
431.0
235.0
223.0
190.0
253.0
140.0
274.0
255.0
275.0
269.0
251.0
318.0
236.0
274.0
259.0
664.0
185.0
269.0
284.0
290.0
279.0
259.0
270.0
304.0
333.0
679.0
453.0
230.0
209.0
215.0
392.0
302.0
604.0
257.0
328.0
285.0
246.0
350.0
302.0
303.0
327.0
244.0
364.0
404.0
370.0
279.0
290.0
249.0
254.0
379.0
419.0
452.0
236.0
304.0
240.0
341.0
286.0
203.0
231.0
346.0
297.0
249.0
315.0
323.0
395.0
335.0
151.0
267.0
314.0
370.0
321.0
232.0
376.0
384.0
259.0
352.0
171.0
250.0
233.0
315.0
257.0
247.0
312.0
325.0
291.0
350.0
294.0
425.0
286.0
356.0
346.0
252.0
460.0
428.0
363.0
309.0
350.0
239.0
356.0
228.0
392.0
219.0
292.0
302.0
299.0
380.0
280.0
365.0
217.0
271.0
326.0
223.0
327.0
226.0
323.0
399.0
233.0
183.0
383.0
314.0
304.0
295.0
221.0
277.0
242.0
273.0
228.0
252.0
313.0
226.0
285.0
454.0
302.0
321.0
235.0
322.0
313.0
385.0
200.0
283.0
358.0
310.0
282.0
402.0
236.0
440.0
265.0
260.0
449.0
351.0
334.0
1144.0
363.0
299.0
319.0
308.0
289.0
223.0
248.0
276.0
310.0
240.0
431.0
348.0
301.0
492.0
256.0
255.0
289.0
407.0
271.0
325.0
354.0
233.0
314.0
244.0
219.0
177.0
236.0
313.0
314.0
212.0
280.0
261.0
255.0
283.0
367.0
341.0
209.0
291.0
267.0
376.0
311.0
267.0
373.0
295.0
397.0
401.0
328.0
312.0
301.0
261.0
319.0
212.0
319.0
275.0
228.0
293.0
238.0
190.0
243.0
256.0
323.0
369.0
361.0
194.0
350.0
301.0
331.0
273.0
258.0
271.0
402.0
290.0
297.0
281.0
260.0
377.0
371.0
283.0
252.0
178.0
310.0
310.0
279.0
242.0
607.0
273.0
238.0
363.0
221.0
423.0
408.0
357.0
195.0
315.0
215.0
314.0
158.0
281.0
223.0
353.0
301.0
263.0
327.0
340.0
244.0
276.0
277.0
351.0
201.0
257.0
261.0
321.0
254.0
318.0
334.0
387.0
231.0
214.0
297.0
310.0
438.0
344.0
331.0
261.0
255.0
338.0
314.0
154.0
215.0
323.0
251.0
378.0
290.0
255.0
276.0
256.0
249.0
273.0
305.0
335.0
281.0
289.0
306.0
217.0
375.0
263.0
348.0
308.0
332.0
295.0
304.0
344.0
318.0
308.0
277.0
258.0
198.0
427.0
290.0
290.0
208.0
327.0
281.0
225.0
266.0
337.0
331.0
272.0
320.0
339.0
288.0
289.0
223.0
245.0
256.0
356.0
265.0
410.0
260.0
308.0
474.0
401.0
305.0
262.0
295.0
243.0
365.0
197.0
226.0
244.0
234.0
234.0
232.0
389.0
217.0
374.0
279.0
278.0
248.0
258.0
235.0
256.0
280.0
307.0
316.0
496.0
191.0
382.0
236.0
217.0
385.0
295.0
420.0
270.0
293.0
338.0
397.0
300.0
330.0
234.0
289.0
259.0
391.0
301.0
350.0
387.0
298.0
206.0
440.0
303.0
317.0
243.0
246.0
197.0
295.0
332.0
257.0
249.0
441.0
313.0
247.0
334.0
311.0
273.0
869.0
280.0
249.0
217.0
245.0
379.0
334.0
345.0
344.0
193.0
249.0
474.0
492.0
374.0
363.0
277.0
359.0
370.0
330.0
228.0
231.0
205.0
222.0
343.0
209.0
296.0
344.0
367.0
228.0
365.0
162.0
235.0
225.0
245.0
294.0
309.0
379.0
368.0
268.0
377.0
390.0
302.0
189.0
311.0
310.0
321.0
223.0
319.0
265.0
326.0
235.0
223.0
218.0
214.0
265.0
296.0
360.0
359.0
280.0
194.0
293.0
1183.0
341.0
275.0
296.0
240.0
292.0
367.0
299.0
259.0
389.0
356.0
352.0
209.0
243.0
391.0
204.0
333.0
303.0
304.0
235.0
323.0
290.0
334.0
231.0
250.0
278.0
267.0
478.0
266.0
269.0
293.0
250.0
219.0
264.0
329.0
433.0
347.0
454.0
419.0
243.0
292.0
153.0
275.0
425.0
215.0
302.0
265.0
356.0
269.0
255.0
297.0
220.0
359.0
226.0
196.0
257.0
306.0
301.0
269.0
303.0
299.0
333.0
241.0
388.0
418.0
254.0
209.0
261.0
274.0
309.0
310.0
296.0
312.0
198.0
227.0
364.0
330.0
282.0
416.0
343.0
237.0
273.0
246.0
228.0
314.0
250.0
319.0
274.0
294.0
464.0
345.0
346.0
426.0
277.0
228.0
225.0
212.0
297.0
380.0
341.0
508.0
294.0
245.0
255.0
868.0
305.0
294.0
292.0
251.0
316.0
243.0
373.0
264.0
261.0
360.0
336.0
324.0
294.0
341.0
233.0
304.0
238.0
277.0
156.0
300.0
220.0
437.0
210.0
258.0
292.0
300.0
303.0
239.0
375.0
320.0
260.0
214.0
215.0
252.0
297.0
334.0
336.0
361.0
279.0
369.0
324.0
290.0
391.0
384.0
261.0
368.0
281.0
190.0
372.0
287.0
308.0
239.0
226.0
294.0
248.0
197.0
339.0
229.0
255.0
300.0
267.0
304.0
327.0
321.0
416.0
304.0
342.0
287.0
314.0
198.0
183.0
211.0
299.0
339.0
321.0
252.0
323.0
315.0
322.0
288.0
353.0
303.0
326.0
321.0
263.0
418.0
202.0
377.0
270.0
269.0
376.0
401.0
282.0
310.0
265.0
245.0
266.0
277.0
276.0
276.0
375.0
333.0
260.0
273.0
271.0
308.0
295.0
344.0
289.0
261.0
292.0
342.0
324.0
234.0
394.0
204.0
393.0
404.0
364.0
247.0
361.0
405.0
302.0
395.0
269.0
256.0
316.0
331.0
272.0
290.0
389.0
284.0
146.0
347.0
218.0
287.0
247.0
203.0
287.0
292.0
223.0
288.0
250.0
229.0
239.0
227.0
277.0
236.0
376.0
288.0
272.0
323.0
318.0
270.0
253.0
222.0
247.0
327.0
210.0
259.0
290.0
253.0
167.0
412.0
294.0
490.0
219.0
316.0
283.0
300.0
402.0
266.0
221.0
196.0
331.0
281.0
469.0
445.0
287.0
482.0
471.0
455.0
266.0
392.0
386.0
310.0
421.0
323.0
218.0
316.0
390.0
269.0
259.0
257.0
342.0
393.0
340.0
319.0
304.0
408.0
210.0
374.0
342.0
267.0
395.0
228.0
369.0
291.0
306.0
210.0
333.0
248.0
361.0
257.0
262.0
241.0
385.0
330.0
329.0
251.0
267.0
447.0
486.0
272.0
328.0
246.0
264.0
350.0
207.0
344.0
350.0
246.0
229.0
373.0
405.0
333.0
222.0
391.0
156.0
212.0
268.0
314.0
224.0
305.0
229.0
198.0
351.0
347.0
265.0
339.0
440.0
344.0
199.0
464.0
279.0
330.0
240.0
306.0
425.0
334.0
256.0
225.0
313.0
312.0
309.0
267.0
385.0
449.0
264.0
326.0
389.0
411.0
345.0
298.0
226.0
225.0
271.0
320.0
323.0
257.0
407.0
265.0
287.0
280.0
266.0
231.0
284.0
334.0
347.0
280.0
434.0
233.0
283.0
337.0
397.0
238.0
538.0
228.0
258.0
268.0
268.0
338.0
192.0
389.0
282.0
284.0
194.0
372.0
326.0
353.0
287.0
278.0
300.0
186.0
397.0
248.0
413.0
190.0
286.0
328.0
398.0
366.0
128.0
377.0
206.0
356.0
340.0
267.0
197.0
311.0
201.0
333.0
372.0
248.0
271.0
300.0
233.0
366.0
245.0
300.0
332.0
246.0
287.0
338.0
304.0
240.0
278.0
261.0
230.0
185.0
442.0
245.0
296.0
287.0
296.0
286.0
227.0
309.0
278.0
296.0
584.0
343.0
468.0
367.0
212.0
425.0
360.0
225.0
316.0
273.0
276.0
206.0
247.0
356.0
231.0
301.0
261.0
428.0
285.0
259.0
299.0
232.0
213.0
274.0
199.0
424.0
349.0
180.0
362.0
228.0
285.0
657.0
245.0
285.0
401.0
379.0
321.0
329.0
335.0
257.0
260.0
323.0
278.0
317.0
256.0
321.0
239.0
306.0
296.0
215.0
274.0
324.0
259.0
245.0
213.0
247.0
415.0
347.0
308.0
314.0
239.0
241.0
219.0
176.0
317.0
330.0
301.0
421.0
314.0
248.0
252.0
477.0
333.0
415.0
175.0
333.0
284.0
262.0
377.0
311.0
320.0
289.0
267.0
298.0
420.0
242.0
280.0
229.0
287.0
228.0
572.0
200.0
290.0
265.0
377.0
401.0
342.0
303.0
236.0
354.0
273.0
301.0
1309.0
421.0
215.0
260.0
417.0
362.0
302.0
330.0
235.0
426.0
324.0
274.0
353.0
237.0
207.0
340.0
259.0
249.0
294.0
227.0
321.0
395.0
331.0
301.0
291.0
255.0
229.0
285.0
247.0
295.0
308.0
328.0
295.0
246.0
295.0
300.0
288.0
349.0
323.0
321.0
279.0
282.0
192.0
524.0
233.0
243.0
245.0
252.0
359.0
264.0
302.0
299.0
327.0
406.0
267.0
361.0
399.0
217.0
276.0
284.0
302.0
274.0
385.0
412.0
273.0
225.0
412.0
398.0
416.0
306.0
241.0
366.0
335.0
336.0
194.0
308.0
289.0
275.0
332.0
315.0
280.0
240.0
296.0
267.0
349.0
295.0
309.0
289.0
220.0
309.0
258.0
274.0
232.0
280.0
334.0
269.0
255.0
376.0
283.0
423.0
373.0
427.0
307.0
433.0
364.0
266.0
321.0
257.0
228.0
273.0
319.0
269.0
245.0
341.0
375.0
234.0
352.0
218.0
254.0
248.0
349.0
574.0
272.0
358.0
240.0
371.0
232.0
457.0
422.0
309.0
270.0
211.0
252.0
356.0
286.0
267.0
286.0
231.0
372.0
279.0
291.0
286.0
246.0
291.0
214.0
246.0
277.0
328.0
212.0
308.0
243.0
352.0
217.0
285.0
330.0
303.0
298.0
248.0
344.0
387.0
273.0
281.0
228.0
225.0
336.0
437.0
323.0
345.0
180.0
364.0
243.0
309.0
318.0
259.0
189.0
194.0
279.0
435.0
409.0
249.0
311.0
327.0
270.0
246.0
249.0
291.0
335.0
360.0
232.0
257.0
373.0
318.0
279.0
317.0
233.0
229.0
279.0
450.0
187.0
398.0
330.0
194.0
287.0
339.0
533.0
283.0
289.0
276.0
255.0
299.0
285.0
390.0
509.0
303.0
253.0
342.0
344.0
197.0
338.0
340.0
302.0
317.0
231.0
360.0
239.0
318.0
295.0
376.0
466.0
395.0
318.0
290.0
355.0
284.0
215.0
245.0
286.0
359.0
263.0
406.0
208.0
327.0
261.0
258.0
340.0
194.0
233.0
344.0
404.0
221.0
252.0
191.0
263.0
311.0
300.0
281.0
191.0
314.0
306.0
321.0
217.0
302.0
222.0
271.0
260.0
588.0
370.0
771.0
223.0
308.0
264.0
235.0
283.0
379.0
226.0
233.0
301.0
329.0
301.0
245.0
299.0
245.0
480.0
268.0
242.0
484.0
329.0
316.0
348.0
262.0
230.0
449.0
345.0
215.0
213.0
336.0
295.0
237.0
284.0
198.0
239.0
194.0
285.0
351.0
328.0
292.0
261.0
303.0
286.0
306.0
240.0
283.0
295.0
327.0
291.0
303.0
338.0
282.0
287.0
174.0
296.0
343.0
284.0
232.0
300.0
324.0
245.0
353.0
291.0
336.0
210.0
270.0
576.0
433.0
307.0
225.0
325.0
300.0
258.0
271.0
275.0
288.0
245.0
273.0
313.0
242.0
339.0
462.0
260.0
297.0
217.0
303.0
427.0
307.0
221.0
274.0
372.0
283.0
316.0
280.0
290.0
332.0
291.0
384.0
252.0
302.0
257.0
173.0
348.0
224.0
289.0
1135.0
283.0
300.0
333.0
342.0
206.0
276.0
272.0
245.0
367.0
301.0
354.0
315.0
303.0
324.0
345.0
286.0
292.0
290.0
287.0
296.0
198.0
265.0
300.0
344.0
204.0
444.0
188.0
262.0
256.0
251.0
280.0
379.0
382.0
259.0
403.0
241.0
173.0
212.0
399.0
325.0
346.0
210.0
260.0
265.0
420.0
279.0
169.0
298.0
158.0
199.0
356.0
292.0
239.0
245.0
400.0
347.0
312.0
372.0
324.0
506.0
377.0
561.0
433.0
166.0
303.0
328.0
413.0
449.0
272.0
270.0
346.0
220.0
269.0
228.0
385.0
230.0
269.0
266.0
366.0
365.0
278.0
289.0
312.0
349.0
276.0
269.0
347.0
496.0
248.0
349.0
294.0
313.0
312.0
422.0
248.0
228.0
409.0
340.0
323.0
269.0
214.0
248.0
369.0
289.0
397.0
327.0
201.0
265.0
231.0
275.0
336.0
476.0
364.0
380.0
357.0
169.0
284.0
471.0
254.0
176.0
320.0
190.0
372.0
396.0
297.0
253.0
286.0
334.0
249.0
362.0
368.0
231.0
228.0
272.0
299.0
401.0
298.0
491.0
266.0
263.0
316.0
225.0
330.0
275.0
211.0
392.0
326.0
417.0
324.0
289.0
247.0
266.0
271.0
249.0
266.0
177.0
298.0
289.0
313.0
374.0
295.0
343.0
261.0
251.0
358.0
255.0
237.0
375.0
288.0
289.0
354.0
230.0
333.0
217.0
277.0
304.0
241.0
296.0
292.0
390.0
390.0
302.0
344.0
345.0
208.0
290.0
339.0
380.0
253.0
381.0
348.0
343.0
362.0
277.0
543.0
311.0
269.0
265.0
339.0
319.0
256.0
273.0
305.0
252.0
244.0
324.0
339.0
386.0
310.0
245.0
200.0
291.0
304.0
256.0
298.0
278.0
317.0
273.0
265.0
241.0
252.0
271.0
322.0
329.0
338.0
282.0
280.0
257.0
476.0
213.0
407.0
304.0
205.0
305.0
417.0
219.0
275.0
454.0
229.0
311.0
285.0
540.0
296.0
398.0
235.0
356.0
282.0
245.0
328.0
269.0
321.0
376.0
353.0
292.0
283.0
237.0
243.0
316.0
235.0
352.0
356.0
305.0
288.0
243.0
286.0
233.0
375.0
311.0
289.0
381.0
409.0
312.0
254.0
205.0
323.0
280.0
275.0
206.0
282.0
283.0
312.0
350.0
483.0
311.0
240.0
334.0
331.0
327.0
230.0
225.0
255.0
467.0
354.0
280.0
217.0
216.0
288.0
302.0
291.0
252.0
198.0
311.0
358.0
269.0
268.0
292.0
185.0
288.0
328.0
444.0
246.0
392.0
237.0
224.0
520.0
376.0
332.0
199.0
228.0
385.0
260.0
300.0
319.0
223.0
336.0
290.0
617.0
209.0
370.0
291.0
318.0
290.0
250.0
279.0
406.0
315.0
489.0
357.0
190.0
227.0
359.0
308.0
440.0
391.0
259.0
218.0
371.0
333.0
265.0
227.0
280.0
372.0
333.0
191.0
351.0
341.0
341.0
311.0
684.0
234.0
233.0
307.0
274.0
265.0
500.0
268.0
254.0
364.0
254.0
271.0
236.0
357.0
268.0
300.0
278.0
224.0
341.0
445.0
300.0
326.0
218.0
407.0
206.0
270.0
383.0
333.0
504.0
391.0
253.0
230.0
349.0
241.0
332.0
307.0
334.0
331.0
292.0
364.0
257.0
364.0
256.0
229.0
327.0
221.0
328.0
239.0
338.0
397.0
319.0
229.0
275.0
253.0
255.0
408.0
484.0
254.0
207.0
303.0
218.0
375.0
191.0
218.0
262.0
321.0
396.0
287.0
334.0
273.0
398.0
308.0
203.0
197.0
304.0
322.0
223.0
333.0
253.0
335.0
324.0
320.0
310.0
296.0
357.0
326.0
276.0
312.0
346.0
263.0
255.0
278.0
318.0
288.0
244.0
181.0
288.0
302.0
246.0
339.0
307.0
338.0
191.0
760.0
161.0
192.0
231.0
300.0
376.0
283.0
345.0
542.0
308.0
196.0
385.0
234.0
329.0
305.0
276.0
406.0
333.0
230.0
311.0
311.0
248.0
250.0
296.0
278.0
314.0
267.0
228.0
420.0
226.0
322.0
279.0
238.0
320.0
184.0
471.0
326.0
363.0
224.0
381.0
287.0
264.0
291.0
291.0
177.0
203.0
301.0
255.0
375.0
400.0
327.0
353.0
274.0
277.0
345.0
331.0
333.0
275.0
230.0
222.0
389.0
289.0
310.0
253.0
772.0
306.0
372.0
233.0
519.0
349.0
206.0
209.0
302.0
326.0
227.0
369.0
250.0
316.0
251.0
284.0
291.0
407.0
289.0
285.0
295.0
340.0
254.0
241.0
263.0
298.0
367.0
200.0
357.0
185.0
707.0
225.0
356.0
406.0
302.0
353.0
332.0
305.0
269.0
240.0
239.0
243.0
321.0
278.0
242.0
245.0
269.0
349.0
287.0
263.0
196.0
283.0
367.0
195.0
343.0
333.0
312.0
399.0
275.0
275.0
304.0
305.0
181.0
265.0
233.0
299.0
403.0
381.0
302.0
170.0
179.0
337.0
375.0
296.0
328.0
301.0
279.0
407.0
296.0
353.0
332.0
363.0
337.0
256.0
370.0
215.0
308.0
248.0
259.0
315.0
404.0
253.0
401.0
240.0
407.0
314.0
283.0
303.0
329.0
278.0
351.0
249.0
382.0
767.0
362.0
346.0
351.0
261.0
290.0
407.0
292.0
243.0
311.0
245.0
304.0
258.0
244.0
295.0
256.0
263.0
396.0
327.0
268.0
250.0
262.0
186.0
353.0
291.0
332.0
264.0
328.0
298.0
239.0
420.0
266.0
221.0
242.0
328.0
336.0
246.0
198.0
211.0
282.0
302.0
281.0
307.0
296.0
253.0
300.0
235.0
300.0
306.0
266.0
392.0
318.0
269.0
599.0
273.0
311.0
267.0
317.0
340.0
239.0
421.0
257.0
400.0
285.0
273.0
268.0
417.0
329.0
291.0
397.0
234.0
300.0
444.0
346.0
218.0
341.0
315.0
302.0
344.0
298.0
282.0
222.0
332.0
259.0
207.0
318.0
317.0
208.0
187.0
336.0
325.0
197.0
263.0
274.0
267.0
350.0
285.0
436.0
385.0
466.0
288.0
172.0
321.0
325.0
233.0
417.0
366.0
173.0
240.0
248.0
288.0
331.0
325.0
353.0
330.0
286.0
224.0
300.0
296.0
340.0
302.0
284.0
267.0
276.0
287.0
254.0
325.0
261.0
272.0
338.0
234.0
265.0
233.0
294.0
320.0
250.0
225.0
295.0
287.0
256.0
309.0
568.0
247.0
348.0
291.0
289.0
270.0
312.0
288.0
303.0
278.0
324.0
286.0
219.0
329.0
356.0
276.0
355.0
405.0
389.0
348.0
273.0
267.0
267.0
255.0
301.0
439.0
359.0
261.0
303.0
279.0
264.0
362.0
231.0
415.0
309.0
552.0
304.0
309.0
319.0
263.0
320.0
240.0
344.0
211.0
303.0
317.0
323.0
359.0
256.0
340.0
296.0
232.0
349.0
330.0
221.0
247.0
394.0
333.0
499.0
240.0
405.0
463.0
234.0
261.0
342.0
334.0
370.0
320.0
265.0
207.0
245.0
193.0
279.0
418.0
298.0
270.0
269.0
237.0
272.0
299.0
374.0
338.0
373.0
274.0
351.0
261.0
298.0
238.0
274.0
352.0
240.0
252.0
430.0
202.0
362.0
239.0
263.0
258.0
285.0
413.0
387.0
303.0
389.0
304.0
343.0
418.0
266.0
294.0
248.0
307.0
261.0
298.0
258.0
349.0
230.0
239.0
275.0
262.0
284.0
318.0
277.0
262.0
262.0
228.0
296.0
726.0
331.0
272.0
292.0
229.0
341.0
228.0
389.0
238.0
404.0
314.0
237.0
294.0
327.0
295.0
287.0
290.0
272.0
272.0
325.0
227.0
302.0
281.0
306.0
258.0
353.0
244.0
205.0
258.0
370.0
215.0
271.0
335.0
177.0
299.0
193.0
498.0
337.0
320.0
172.0
277.0
270.0
277.0
332.0
251.0
311.0
347.0
234.0
240.0
292.0
283.0
290.0
438.0
308.0
238.0
217.0
367.0
269.0
253.0
232.0
372.0
495.0
299.0
267.0
372.0
305.0
255.0
264.0
328.0
379.0
374.0
293.0
309.0
242.0
341.0
358.0
210.0
368.0
298.0
459.0
271.0
278.0
194.0
315.0
288.0
218.0
361.0
307.0
274.0
301.0
251.0
249.0
314.0
363.0
207.0
395.0
259.0
276.0
274.0
423.0
201.0
487.0
347.0
700.0
388.0
294.0
368.0
253.0
322.0
234.0
344.0
221.0
192.0
253.0
286.0
296.0
311.0
310.0
215.0
301.0
239.0
441.0
320.0
373.0
232.0
393.0
278.0
356.0
238.0
402.0
327.0
277.0
393.0
242.0
266.0
199.0
365.0
333.0
207.0
308.0
224.0
182.0
277.0
206.0
401.0
390.0
380.0
264.0
251.0
390.0
328.0
222.0
172.0
234.0
280.0
372.0
381.0
220.0
459.0
336.0
313.0
314.0
269.0
230.0
399.0
374.0
522.0
244.0
246.0
290.0
206.0
240.0
367.0
344.0
339.0
297.0
270.0
344.0
214.0
236.0
172.0
320.0
399.0
323.0
314.0
365.0
416.0
461.0
332.0
233.0
259.0
431.0
444.0
281.0
237.0
345.0
272.0
233.0
340.0
272.0
389.0
363.0
284.0
298.0
507.0
258.0
270.0
240.0
285.0
303.0
274.0
261.0
353.0
276.0
230.0
204.0
281.0
853.0
350.0
273.0
237.0
286.0
308.0
224.0
325.0
235.0
314.0
323.0
384.0
457.0
265.0
304.0
381.0
294.0
384.0
274.0
231.0
275.0
270.0
222.0
199.0
325.0
255.0
306.0
287.0
295.0
239.0
304.0
466.0
162.0
248.0
410.0
310.0
495.0
251.0
250.0
351.0
226.0
352.0
291.0
237.0
199.0
249.0
300.0
292.0
258.0
239.0
208.0
189.0
354.0
332.0
378.0
366.0
440.0
339.0
265.0
441.0
290.0
388.0
352.0
175.0
288.0
269.0
299.0
318.0
391.0
314.0
352.0
246.0
332.0
195.0
309.0
394.0
283.0
321.0
218.0
324.0
170.0
356.0
279.0
414.0
434.0
244.0
369.0
233.0
538.0
252.0
369.0
221.0
239.0
309.0
308.0
292.0
389.0
308.0
411.0
351.0
322.0
267.0
220.0
339.0
276.0
244.0
320.0
352.0
432.0
299.0
308.0
225.0
362.0
356.0
433.0
335.0
236.0
238.0
340.0
400.0
284.0
248.0
289.0
234.0
280.0
224.0
320.0
433.0
249.0
277.0
273.0
333.0
280.0
202.0
348.0
287.0
205.0
263.0
367.0
252.0
409.0
363.0
207.0
210.0
251.0
225.0
330.0
244.0
413.0
355.0
271.0
205.0
367.0
299.0
175.0
374.0
258.0
314.0
357.0
244.0
416.0
249.0
181.0
307.0
326.0
251.0
335.0
328.0
256.0
240.0
257.0
263.0
243.0
312.0
372.0
295.0
559.0
204.0
221.0
403.0
207.0
218.0
280.0
310.0
295.0
471.0
283.0
301.0
258.0
323.0
714.0
308.0
245.0
224.0
439.0
297.0
329.0
414.0
412.0
222.0
319.0
274.0
374.0
311.0
294.0
329.0
267.0
374.0
318.0
207.0
252.0
282.0
425.0
356.0
275.0
412.0
313.0
271.0
294.0
260.0
349.0
225.0
327.0
263.0
352.0
389.0
219.0
275.0
209.0
392.0
260.0
396.0
316.0
228.0
247.0
216.0
231.0
173.0
399.0
343.0
212.0
387.0
201.0
317.0
399.0
338.0
891.0
216.0
315.0
299.0
282.0
203.0
260.0
448.0
262.0
257.0
338.0
427.0
221.0
285.0
277.0
258.0
277.0
305.0
340.0
190.0
432.0
299.0
363.0
210.0
322.0
267.0
340.0
249.0
235.0
286.0
317.0
282.0
270.0
272.0
486.0
332.0
535.0
240.0
302.0
303.0
279.0
316.0
340.0
292.0
325.0
312.0
302.0
563.0
317.0
298.0
264.0
236.0
206.0
264.0
495.0
315.0
306.0
308.0
247.0
227.0
328.0
196.0
295.0
267.0
211.0
329.0
290.0
392.0
322.0
348.0
194.0
267.0
294.0
339.0
239.0
282.0
197.0
301.0
291.0
201.0
396.0
241.0
225.0
314.0
294.0
331.0
270.0
376.0
248.0
292.0
232.0
206.0
276.0
325.0
269.0
261.0
369.0
363.0
265.0
266.0
384.0
319.0
378.0
353.0
343.0
363.0
379.0
257.0
284.0
354.0
264.0
253.0
296.0
308.0
270.0
284.0
317.0
299.0
209.0
231.0
251.0
211.0
331.0
264.0
318.0
337.0
349.0
190.0
294.0
254.0
320.0
228.0
369.0
334.0
282.0
409.0
234.0
396.0
267.0
484.0
287.0
229.0
244.0
300.0
261.0
245.0
388.0
322.0
281.0
343.0
237.0
296.0
239.0
392.0
379.0
282.0
253.0
337.0
297.0
419.0
285.0
305.0
239.0
293.0
278.0
254.0
307.0
304.0
418.0
239.0
333.0
245.0
215.0
415.0
232.0
256.0
349.0
287.0
281.0
345.0
295.0
273.0
229.0
292.0
322.0
246.0
226.0
239.0
301.0
211.0
307.0
253.0
236.0
301.0
353.0
201.0
503.0
240.0
278.0
350.0
275.0
350.0
223.0
203.0
406.0
301.0
300.0
330.0
243.0
303.0
253.0
411.0
291.0
281.0
396.0
289.0
272.0
348.0
322.0
293.0
402.0
285.0
232.0
219.0
288.0
285.0
209.0
223.0
155.0
272.0
316.0
278.0
395.0
300.0
283.0
334.0
283.0
237.0
341.0
276.0
238.0
296.0
425.0
327.0
194.0
452.0
314.0
242.0
393.0
421.0
302.0
321.0
310.0
223.0
274.0
240.0
294.0
316.0
268.0
387.0
257.0
350.0
231.0
276.0
391.0
231.0
422.0
300.0
300.0
215.0
196.0
581.0
301.0
342.0
338.0
356.0
244.0
345.0
292.0
248.0
215.0
226.0
293.0
246.0
348.0
333.0
260.0
475.0
337.0
193.0
358.0
186.0
373.0
231.0
376.0
353.0
322.0
322.0
266.0
345.0
265.0
253.0
345.0
295.0
311.0
290.0
203.0
274.0
248.0
422.0
267.0
319.0
247.0
374.0
314.0
268.0
278.0
307.0
298.0
379.0
308.0
253.0
281.0
246.0
313.0
273.0
264.0
290.0
410.0
237.0
238.0
236.0
268.0
274.0
206.0
357.0
293.0
322.0
310.0
238.0
294.0
286.0
289.0
276.0
269.0
263.0
191.0
300.0
354.0
257.0
240.0
323.0
303.0
228.0
561.0
331.0
258.0
295.0
257.0
314.0
264.0
247.0
302.0
411.0
217.0
311.0
280.0
281.0
294.0
249.0
276.0
293.0
396.0
330.0
180.0
285.0
231.0
350.0
301.0
256.0
204.0
243.0
353.0
275.0
379.0
343.0
218.0
414.0
307.0
365.0
275.0
305.0
220.0
255.0
353.0
252.0
303.0
417.0
289.0
279.0
379.0
347.0
178.0
366.0
342.0
298.0
585.0
194.0
276.0
261.0
741.0
281.0
358.0
296.0
241.0
314.0
208.0
189.0
241.0
268.0
290.0
339.0
220.0
353.0
235.0
501.0
363.0
377.0
252.0
375.0
284.0
203.0
433.0
303.0
204.0
315.0
414.0
364.0
529.0
412.0
336.0
308.0
183.0
458.0
271.0
340.0
413.0
187.0
276.0
283.0
249.0
332.0
347.0
229.0
304.0
251.0
341.0
269.0
353.0
433.0
249.0
296.0
235.0
283.0
317.0
276.0
310.0
477.0
403.0
288.0
436.0
178.0
424.0
244.0
326.0
249.0
224.0
320.0
247.0
309.0
330.0
378.0
294.0
311.0
268.0
264.0
315.0
312.0
371.0
318.0
317.0
224.0
341.0
357.0
342.0
275.0
301.0
299.0
406.0
363.0
211.0
163.0
236.0
339.0
461.0
377.0
435.0
361.0
199.0
439.0
339.0
364.0
164.0
331.0
300.0
262.0
270.0
237.0
329.0
241.0
228.0
282.0
267.0
439.0
246.0
309.0
281.0
306.0
342.0
324.0
209.0
326.0
349.0
320.0
257.0
304.0
423.0
373.0
304.0
252.0
183.0
162.0
359.0
347.0
223.0
306.0
286.0
368.0
324.0
307.0
227.0
323.0
323.0
257.0
208.0
362.0
330.0
341.0
392.0
392.0
244.0
336.0
372.0
324.0
507.0
220.0
252.0
245.0
239.0
315.0
306.0
370.0
214.0
456.0
414.0
257.0
307.0
333.0
417.0
246.0
285.0
287.0
218.0
349.0
211.0
180.0
303.0
388.0
288.0
224.0
343.0
306.0
350.0
324.0
311.0
381.0
481.0
424.0
361.0
237.0
342.0
303.0
289.0
351.0
234.0
223.0
209.0
301.0
371.0
388.0
350.0
245.0
233.0
405.0
284.0
256.0
172.0
282.0
390.0
300.0
213.0
322.0
345.0
265.0
279.0
319.0
286.0
333.0
433.0
170.0
404.0
303.0
519.0
172.0
331.0
252.0
222.0
267.0
380.0
334.0
413.0
304.0
345.0
284.0
183.0
341.0
357.0
275.0
413.0
259.0
306.0
359.0
350.0
252.0
211.0
277.0
221.0
302.0
346.0
138.0
522.0
327.0
242.0
246.0
225.0
367.0
195.0
302.0
324.0
320.0
271.0
389.0
313.0
554.0
277.0
340.0
454.0
327.0
258.0
330.0
198.0
267.0
218.0
205.0
329.0
327.0
250.0
305.0
321.0
335.0
209.0
379.0
236.0
288.0
469.0
294.0
322.0
368.0
210.0
295.0
499.0
315.0
231.0
448.0
284.0
365.0
321.0
237.0
270.0
194.0
256.0
354.0
477.0
215.0
321.0
335.0
318.0
287.0
333.0
206.0
385.0
242.0
402.0
236.0
231.0
266.0
193.0
382.0
872.0
343.0
322.0
246.0
291.0
217.0
302.0
299.0
350.0
307.0
307.0
212.0
232.0
255.0
235.0
352.0
331.0
231.0
262.0
196.0
375.0
338.0
284.0
362.0
266.0
169.0
307.0
401.0
424.0
288.0
262.0
260.0
278.0
303.0
237.0
368.0
302.0
393.0
291.0
236.0
338.0
274.0
215.0
212.0
285.0
317.0
257.0
366.0
253.0
360.0
283.0
367.0
239.0
276.0
348.0
427.0
254.0
365.0
271.0
300.0
247.0
311.0
244.0
391.0
251.0
310.0
235.0
211.0
209.0
257.0
210.0
385.0
362.0
251.0
362.0
336.0
266.0
344.0
270.0
245.0
337.0
342.0
389.0
441.0
204.0
310.0
508.0
178.0
286.0
367.0
367.0
269.0
212.0
246.0
319.0
302.0
313.0
251.0
328.0
315.0
290.0
179.0
191.0
308.0
201.0
316.0
302.0
290.0
278.0
503.0
243.0
428.0
304.0
297.0
238.0
312.0
267.0
256.0
381.0
372.0
273.0
416.0
268.0
224.0
475.0
275.0
318.0
271.0
346.0
245.0
227.0
149.0
401.0
193.0
311.0
340.0
224.0
275.0
266.0
376.0
302.0
323.0
321.0
228.0
319.0
248.0
351.0
208.0
387.0
250.0
366.0
268.0
318.0
414.0
346.0
257.0
223.0
299.0
252.0
315.0
313.0
285.0
211.0
330.0
329.0
374.0
273.0
488.0
288.0
258.0
464.0
221.0
226.0
274.0
301.0
268.0
369.0
199.0
258.0
256.0
491.0
451.0
330.0
441.0
296.0
319.0
293.0
218.0
266.0
339.0
244.0
485.0
357.0
320.0
242.0
404.0
202.0
373.0
242.0
288.0
186.0
303.0
894.0
305.0
247.0
210.0
285.0
363.0
313.0
294.0
351.0
442.0
246.0
305.0
277.0
361.0
257.0
381.0
273.0
327.0
299.0
267.0
420.0
207.0
273.0
330.0
297.0
180.0
306.0
301.0
441.0
164.0
218.0
258.0
294.0
255.0
318.0
219.0
341.0
333.0
212.0
527.0
279.0
285.0
316.0
350.0
226.0
300.0
256.0
290.0
265.0
353.0
322.0
236.0
311.0
236.0
241.0
363.0
283.0
287.0
360.0
285.0
241.0
461.0
293.0
196.0
271.0
233.0
387.0
318.0
324.0
312.0
405.0
213.0
366.0
267.0
286.0
261.0
317.0
280.0
333.0
332.0
323.0
304.0
263.0
240.0
322.0
395.0
242.0
321.0
344.0
279.0
362.0
276.0
983.0
305.0
297.0
248.0
290.0
254.0
307.0
303.0
244.0
361.0
600.0
219.0
301.0
335.0
282.0
237.0
329.0
269.0
358.0
332.0
323.0
315.0
236.0
209.0
350.0
240.0
360.0
310.0
277.0
234.0
262.0
196.0
386.0
248.0
256.0
422.0
307.0
258.0
286.0
234.0
354.0
240.0
177.0
252.0
241.0
257.0
309.0
180.0
266.0
322.0
227.0
247.0
200.0
308.0
314.0
328.0
353.0
324.0
278.0
315.0
281.0
236.0
432.0
374.0
210.0
198.0
301.0
363.0
427.0
219.0
190.0
371.0
248.0
288.0
323.0
275.0
312.0
319.0
323.0
398.0
320.0
287.0
319.0
261.0
431.0
300.0
217.0
267.0
353.0
404.0
221.0
329.0
226.0
232.0
384.0
190.0
218.0
376.0
280.0
279.0
227.0
362.0
402.0
379.0
311.0
242.0
293.0
250.0
274.0
546.0
415.0
310.0
337.0
359.0
187.0
287.0
249.0
348.0
227.0
306.0
332.0
321.0
482.0
195.0
232.0
250.0
270.0
363.0
344.0
280.0
300.0
241.0
294.0
276.0
202.0
394.0
317.0
318.0
255.0
276.0
233.0
275.0
233.0
248.0
283.0
217.0
256.0
220.0
360.0
263.0
289.0
195.0
359.0
229.0
355.0
288.0
304.0
310.0
328.0
387.0
176.0
379.0
247.0
297.0
407.0
265.0
225.0
298.0
267.0
309.0
218.0
264.0
479.0
265.0
196.0
368.0
257.0
368.0
391.0
265.0
249.0
435.0
476.0
285.0
250.0
211.0
369.0
312.0
351.0
239.0
491.0
372.0
177.0
224.0
293.0
226.0
203.0
556.0
217.0
294.0
328.0
373.0
280.0
326.0
381.0
176.0
372.0
293.0
257.0
292.0
449.0
144.0
322.0
289.0
338.0
421.0
397.0
165.0
432.0
298.0
180.0
319.0
254.0
375.0
224.0
247.0
257.0
191.0
421.0
227.0
315.0
260.0
337.0
510.0
348.0
336.0
322.0
441.0
337.0
289.0
256.0
282.0
179.0
397.0
282.0
273.0
267.0
210.0
333.0
316.0
276.0
352.0
331.0
279.0
280.0
312.0
393.0
312.0
223.0
341.0
302.0
343.0
351.0
530.0
202.0
320.0
326.0
235.0
320.0
255.0
306.0
185.0
234.0
268.0
290.0
401.0
299.0
309.0
206.0
313.0
344.0
209.0
258.0
334.0
147.0
296.0
338.0
368.0
370.0
309.0
300.0
290.0
293.0
470.0
354.0
305.0
214.0
304.0
283.0
284.0
198.0
259.0
211.0
382.0
272.0
214.0
507.0
337.0
278.0
412.0
342.0
297.0
250.0
412.0
285.0
156.0
252.0
242.0
376.0
478.0
275.0
207.0
219.0
295.0
378.0
207.0
241.0
236.0
253.0
389.0
254.0
464.0
256.0
270.0
237.0
257.0
347.0
302.0
373.0
261.0
246.0
336.0
464.0
285.0
279.0
299.0
274.0
349.0
187.0
223.0
260.0
316.0
406.0
304.0
268.0
564.0
239.0
207.0
244.0
257.0
374.0
212.0
275.0
283.0
246.0
338.0
394.0
321.0
269.0
186.0
229.0
444.0
228.0
290.0
260.0
235.0
315.0
420.0
492.0
375.0
238.0
485.0
331.0
254.0
314.0
228.0
315.0
268.0
301.0
619.0
325.0
318.0
422.0
394.0
215.0
274.0
346.0
363.0
255.0
201.0
230.0
244.0
281.0
231.0
273.0
237.0
270.0
374.0
297.0
308.0
317.0
365.0
244.0
358.0
310.0
312.0
230.0
302.0
176.0
431.0
224.0
445.0
189.0
438.0
304.0
279.0
441.0
204.0
663.0
180.0
228.0
232.0
385.0
338.0
356.0
483.0
358.0
308.0
367.0
243.0
350.0
257.0
390.0
177.0
430.0
206.0
346.0
226.0
238.0
282.0
213.0
322.0
278.0
430.0
241.0
354.0
285.0
370.0
398.0
395.0
389.0
325.0
284.0
336.0
310.0
348.0
259.0
367.0
257.0
274.0
299.0
395.0
268.0
225.0
319.0
341.0
275.0
233.0
375.0
300.0
417.0
307.0
358.0
235.0
279.0
336.0
327.0
151.0
258.0
182.0
260.0
394.0
387.0
292.0
421.0
269.0
304.0
305.0
330.0
356.0
360.0
260.0
240.0
243.0
267.0
343.0
314.0
317.0
266.0
294.0
247.0
339.0
203.0
217.0
357.0
376.0
262.0
340.0
303.0
378.0
297.0
128.0
336.0
246.0
421.0
447.0
445.0
322.0
400.0
241.0
360.0
390.0
349.0
273.0
245.0
264.0
344.0
408.0
355.0
264.0
282.0
242.0
276.0
286.0
266.0
428.0
387.0
243.0
486.0
210.0
300.0
221.0
334.0
246.0
278.0
235.0
286.0
231.0
343.0
378.0
355.0
273.0
227.0
415.0
395.0
318.0
228.0
212.0
356.0
453.0
247.0
269.0
414.0
199.0
376.0
302.0
371.0
257.0
435.0
183.0
246.0
228.0
373.0
194.0
285.0
319.0
522.0
178.0
359.0
228.0
307.0
404.0
207.0
197.0
248.0
545.0
222.0
560.0
342.0
333.0
502.0
230.0
570.0
279.0
723.0
264.0
349.0
337.0
335.0
382.0
301.0
297.0
236.0
434.0
225.0
264.0
318.0
330.0
297.0
427.0
228.0
236.0
357.0
305.0
401.0
260.0
307.0
494.0
375.0
289.0
271.0
254.0
356.0
301.0
339.0
266.0
321.0
299.0
273.0
397.0
278.0
263.0
192.0
250.0
317.0
309.0
351.0
386.0
477.0
495.0
202.0
285.0
200.0
305.0
190.0
205.0
221.0
364.0
310.0
163.0
336.0
266.0
340.0
311.0
325.0
373.0
237.0
290.0
283.0
280.0
193.0
467.0
319.0
453.0
200.0
293.0
394.0
376.0
249.0
361.0
309.0
476.0
270.0
223.0
265.0
354.0
391.0
183.0
487.0
266.0
374.0
261.0
442.0
216.0
246.0
300.0
290.0
288.0
213.0
445.0
218.0
247.0
470.0
318.0
394.0
245.0
383.0
326.0
341.0
257.0
375.0
217.0
302.0
204.0
288.0
272.0
230.0
215.0
425.0
222.0
308.0
321.0
343.0
374.0
266.0
313.0
313.0
308.0
377.0
335.0
340.0
290.0
515.0
238.0
258.0
340.0
228.0
318.0
220.0
300.0
403.0
397.0
296.0
309.0
271.0
262.0
334.0
287.0
280.0
417.0
234.0
270.0
376.0
303.0
252.0
328.0
442.0
208.0
190.0
217.0
302.0
214.0
264.0
182.0
265.0
163.0
312.0
301.0
242.0
253.0
313.0
291.0
336.0
281.0
326.0
236.0
322.0
383.0
252.0
356.0
289.0
251.0
231.0
345.0
338.0
417.0
277.0
223.0
347.0
421.0
290.0
262.0
326.0
253.0
349.0
272.0
246.0
212.0
202.0
237.0
377.0
179.0
461.0
303.0
233.0
514.0
222.0
275.0
316.0
219.0
396.0
339.0
323.0
279.0
232.0
202.0
217.0
278.0
311.0
381.0
255.0
304.0
317.0
385.0
364.0
248.0
260.0
337.0
267.0
382.0
273.0
235.0
361.0
296.0
297.0
491.0
418.0
173.0
246.0
308.0
351.0
324.0
229.0
242.0
145.0
408.0
285.0
262.0
446.0
236.0
168.0
448.0
239.0
276.0
484.0
231.0
352.0
357.0
226.0
229.0
328.0
257.0
239.0
207.0
240.0
256.0
314.0
332.0
618.0
247.0
336.0
375.0
233.0
409.0
268.0
314.0
506.0
405.0
234.0
212.0
200.0
434.0
210.0
186.0
318.0
348.0
235.0
319.0
402.0
293.0
258.0
297.0
276.0
414.0
264.0
519.0
249.0
290.0
657.0
300.0
233.0
240.0
317.0
310.0
245.0
300.0
271.0
688.0
333.0
156.0
258.0
273.0
285.0
417.0
197.0
282.0
419.0
256.0
197.0
290.0
242.0
255.0
287.0
290.0
268.0
385.0
188.0
319.0
275.0
308.0
268.0
255.0
302.0
348.0
283.0
367.0
254.0
261.0
318.0
344.0
404.0
258.0
351.0
345.0
323.0
540.0
297.0
283.0
178.0
423.0
199.0
369.0
328.0
224.0
250.0
224.0
222.0
309.0
258.0
366.0
341.0
347.0
145.0
331.0
277.0
280.0
166.0
256.0
419.0
342.0
372.0
285.0
366.0
332.0
405.0
346.0
395.0
336.0
213.0
379.0
283.0
369.0
275.0
135.0
312.0
228.0
264.0
369.0
232.0
175.0
305.0
320.0
718.0
223.0
199.0
250.0
207.0
298.0
267.0
770.0
304.0
278.0
385.0
385.0
252.0
185.0
314.0
244.0
182.0
419.0
250.0
223.0
233.0
265.0
236.0
239.0
327.0
253.0
190.0
262.0
309.0
279.0
204.0
438.0
220.0
294.0
270.0
280.0
190.0
225.0
350.0
224.0
446.0
324.0
361.0
258.0
380.0
268.0
211.0
230.0
250.0
238.0
213.0
247.0
623.0
307.0
311.0
269.0
225.0
225.0
274.0
273.0
231.0
322.0
343.0
308.0
303.0
298.0
216.0
273.0
334.0
238.0
216.0
339.0
298.0
202.0
223.0
281.0
288.0
397.0
343.0
434.0
385.0
178.0
254.0
223.0
357.0
297.0
453.0
225.0
421.0
269.0
412.0
237.0
366.0
345.0
373.0
233.0
212.0
307.0
292.0
340.0
302.0
224.0
273.0
431.0
379.0
327.0
280.0
306.0
513.0
301.0
299.0
335.0
316.0
291.0
196.0
285.0
221.0
219.0
305.0
217.0
321.0
232.0
287.0
293.0
228.0
141.0
394.0
526.0
395.0
335.0
233.0
210.0
289.0
466.0
366.0
540.0
343.0
327.0
208.0
236.0
254.0
289.0
257.0
249.0
331.0
295.0
362.0
271.0
257.0
303.0
343.0
284.0
250.0
509.0
193.0
484.0
236.0
282.0
427.0
385.0
256.0
362.0
305.0
276.0
274.0
339.0
344.0
273.0
365.0
184.0
240.0
235.0
426.0
342.0
226.0
299.0
322.0
268.0
305.0
411.0
303.0
263.0
471.0
263.0
338.0
238.0
324.0
516.0
311.0
289.0
436.0
329.0
323.0
228.0
133.0
234.0
329.0
447.0
323.0
389.0
317.0
192.0
409.0
323.0
256.0
240.0
255.0
291.0
328.0
321.0
287.0
240.0
366.0
305.0
328.0
519.0
213.0
354.0
435.0
190.0
316.0
156.0
312.0
314.0
357.0
365.0
271.0
301.0
395.0
234.0
397.0
272.0
279.0
311.0
425.0
310.0
179.0
296.0
277.0
358.0
525.0
250.0
512.0
325.0
333.0
251.0
360.0
281.0
391.0
350.0
360.0
376.0
350.0
349.0
381.0
306.0
249.0
260.0
275.0
372.0
326.0
284.0
270.0
373.0
267.0
293.0
258.0
345.0
300.0
333.0
132.0
316.0
382.0
472.0
365.0
288.0
217.0
177.0
505.0
252.0
340.0
197.0
251.0
254.0
401.0
201.0
390.0
227.0
410.0
246.0
416.0
278.0
276.0
360.0
336.0
224.0
399.0
144.0
237.0
281.0
304.0
264.0
369.0
341.0
287.0
197.0
303.0
220.0
231.0
193.0
376.0
239.0
359.0
498.0
278.0
345.0
571.0
306.0
479.0
434.0
206.0
198.0
229.0
253.0
206.0
348.0
261.0
302.0
224.0
407.0
187.0
237.0
221.0
291.0
197.0
222.0
237.0
130.0
289.0
397.0
162.0
349.0
248.0
337.0
315.0
439.0
311.0
206.0
243.0
360.0
330.0
395.0
366.0
330.0
354.0
274.0
286.0
245.0
452.0
371.0
220.0
330.0
279.0
314.0
298.0
266.0
287.0
246.0
341.0
231.0
523.0
216.0
235.0
354.0
304.0
239.0
366.0
254.0
421.0
447.0
225.0
350.0
180.0
416.0
329.0
312.0
263.0
314.0
273.0
400.0
387.0
264.0
332.0
304.0
260.0
275.0
392.0
354.0
234.0
303.0
281.0
205.0
297.0
210.0
305.0
239.0
296.0
379.0
232.0
301.0
202.0
339.0
254.0
286.0
224.0
381.0
378.0
223.0
270.0
280.0
282.0
239.0
324.0
353.0
301.0
248.0
296.0
364.0
236.0
250.0
388.0
224.0
266.0
267.0
346.0
297.0
234.0
251.0
171.0
304.0
263.0
270.0
291.0
187.0
349.0
401.0
256.0
292.0
383.0
264.0
205.0
296.0
271.0
366.0
273.0
257.0
230.0
269.0
398.0
280.0
362.0
328.0
317.0
266.0
360.0
378.0
296.0
339.0
217.0
322.0
333.0
277.0
271.0
242.0
237.0
313.0
316.0
272.0
295.0
409.0
339.0
386.0
374.0
255.0
390.0
258.0
259.0
322.0
202.0
239.0
315.0
291.0
366.0
386.0
318.0
225.0
405.0
328.0
339.0
541.0
380.0
315.0
190.0
233.0
500.0
381.0
262.0
368.0
382.0
206.0
201.0
281.0
344.0
355.0
262.0
311.0
243.0
257.0
199.0
247.0
328.0
332.0
242.0
486.0
454.0
482.0
345.0
223.0
249.0
322.0
253.0
257.0
377.0
314.0
269.0
402.0
318.0
322.0
303.0
338.0
224.0
348.0
262.0
363.0
304.0
342.0
383.0
295.0
355.0
567.0
365.0
227.0
260.0
282.0
459.0
220.0
378.0
273.0
222.0
267.0
428.0
341.0
269.0
450.0
388.0
226.0
270.0
423.0
289.0
257.0
409.0
201.0
297.0
253.0
317.0
273.0
293.0
283.0
264.0
367.0
482.0
393.0
270.0
319.0
375.0
275.0
214.0
464.0
283.0
293.0
221.0
243.0
335.0
281.0
371.0
504.0
263.0
294.0
243.0
322.0
321.0
234.0
291.0
144.0
1910.0
317.0
524.0
250.0
242.0
306.0
273.0
160.0
227.0
351.0
329.0
280.0
413.0
219.0
305.0
250.0
287.0
251.0
190.0
347.0
269.0
300.0
298.0
460.0
265.0
254.0
310.0
204.0
336.0
269.0
252.0
400.0
364.0
244.0
398.0
219.0
359.0
214.0
342.0
200.0
389.0
256.0
315.0
256.0
252.0
325.0
241.0
390.0
255.0
235.0
360.0
215.0
258.0
275.0
296.0
356.0
222.0
293.0
252.0
236.0
326.0
342.0
265.0
383.0
273.0
790.0
396.0
508.0
190.0
295.0
266.0
213.0
170.0
299.0
302.0
268.0
486.0
232.0
281.0
363.0
356.0
535.0
293.0
150.0
457.0
282.0
269.0
434.0
278.0
226.0
233.0
283.0
247.0
451.0
268.0
299.0
246.0
359.0
191.0
242.0
416.0
249.0
441.0
286.0
458.0
389.0
162.0
395.0
324.0
294.0
316.0
216.0
196.0
342.0
359.0
273.0
286.0
288.0
178.0
279.0
418.0
323.0
295.0
370.0
231.0
386.0
239.0
251.0
220.0
298.0
230.0
183.0
314.0
228.0
383.0
422.0
439.0
396.0
253.0
217.0
321.0
638.0
227.0
267.0
261.0
422.0
302.0
230.0
370.0
312.0
322.0
301.0
250.0
402.0
243.0
194.0
329.0
299.0
332.0
227.0
304.0
306.0
253.0
229.0
325.0
371.0
443.0
400.0
464.0
313.0
327.0
220.0
272.0
346.0
203.0
262.0
299.0
383.0
260.0
287.0
310.0
403.0
423.0
261.0
277.0
250.0
376.0
337.0
618.0
305.0
420.0
479.0
318.0
321.0
350.0
262.0
224.0
357.0
278.0
270.0
200.0
279.0
212.0
286.0
297.0
415.0
553.0
184.0
261.0
389.0
293.0
180.0
331.0
375.0
220.0
249.0
495.0
232.0
356.0
326.0
173.0
393.0
326.0
436.0
202.0
323.0
252.0
309.0
200.0
438.0
856.0
370.0
277.0
293.0
342.0
278.0
343.0
213.0
214.0
235.0
213.0
232.0
410.0
366.0
263.0
223.0
313.0
599.0
219.0
399.0
370.0
159.0
240.0
256.0
237.0
312.0
263.0
240.0
288.0
266.0
248.0
382.0
357.0
330.0
374.0
337.0
447.0
246.0
295.0
282.0
338.0
230.0
286.0
392.0
266.0
324.0
303.0
452.0
278.0
289.0
314.0
315.0
204.0
341.0
277.0
431.0
317.0
387.0
425.0
311.0
365.0
700.0
340.0
290.0
363.0
226.0
345.0
344.0
304.0
239.0
203.0
362.0
277.0
196.0
235.0
293.0
230.0
303.0
245.0
284.0
322.0
339.0
298.0
225.0
288.0
303.0
288.0
202.0
329.0
159.0
362.0
359.0
276.0
289.0
353.0
216.0
222.0
171.0
283.0
400.0
367.0
262.0
440.0
346.0
302.0
332.0
266.0
620.0
309.0
339.0
212.0
386.0
354.0
359.0
253.0
317.0
308.0
121.0
392.0
299.0
460.0
308.0
326.0
421.0
220.0
244.0
345.0
278.0
200.0
306.0
246.0
363.0
213.0
290.0
361.0
242.0
211.0
539.0
329.0
252.0
282.0
293.0
302.0
292.0
291.0
332.0
339.0
254.0
277.0
206.0
154.0
310.0
340.0
417.0
266.0
262.0
312.0
285.0
328.0
239.0
229.0
213.0
246.0
252.0
225.0
416.0
311.0
328.0
285.0
236.0
290.0
415.0
314.0
378.0
161.0
323.0
235.0
268.0
277.0
267.0
334.0
251.0
235.0
283.0
321.0
211.0
300.0
228.0
282.0
257.0
246.0
293.0
192.0
285.0
178.0
217.0
373.0
237.0
448.0
179.0
297.0
340.0
293.0
303.0
344.0
310.0
343.0
298.0
194.0
227.0
260.0
259.0
318.0
192.0
361.0
417.0
1031.0
314.0
263.0
334.0
320.0
265.0
379.0
174.0
273.0
189.0
246.0
239.0
316.0
336.0
289.0
286.0
177.0
218.0
220.0
264.0
308.0
366.0
219.0
281.0
323.0
351.0
279.0
301.0
364.0
341.0
192.0
290.0
318.0
399.0
479.0
274.0
304.0
346.0
238.0
232.0
361.0
290.0
272.0
291.0
314.0
213.0
263.0
204.0
285.0
502.0
251.0
467.0
302.0
335.0
206.0
253.0
377.0
338.0
205.0
211.0
228.0
222.0
256.0
356.0
369.0
205.0
381.0
261.0
225.0
365.0
331.0
308.0
245.0
421.0
355.0
304.0
272.0
250.0
211.0
346.0
320.0
275.0
223.0
268.0
321.0
306.0
415.0
320.0
256.0
340.0
294.0
287.0
227.0
323.0
280.0
408.0
248.0
252.0
390.0
150.0
215.0
311.0
283.0
344.0
344.0
437.0
292.0
262.0
557.0
361.0
300.0
266.0
513.0
316.0
247.0
297.0
283.0
292.0
398.0
253.0
205.0
310.0
350.0
325.0
233.0
297.0
311.0
325.0
342.0
487.0
245.0
286.0
335.0
194.0
224.0
235.0
328.0
286.0
296.0
221.0
367.0
299.0
272.0
310.0
348.0
215.0
232.0
318.0
248.0
522.0
356.0
522.0
300.0
464.0
254.0
293.0
451.0
236.0
402.0
343.0
213.0
240.0
305.0
290.0
319.0
240.0
244.0
354.0
410.0
275.0
274.0
331.0
348.0
252.0
300.0
236.0
253.0
186.0
249.0
418.0
230.0
237.0
402.0
278.0
291.0
323.0
460.0
338.0
222.0
291.0
311.0
417.0
321.0
241.0
324.0
388.0
238.0
258.0
390.0
349.0
266.0
243.0
250.0
297.0
304.0
253.0
232.0
285.0
325.0
276.0
581.0
257.0
319.0
220.0
259.0
320.0
304.0
336.0
307.0
341.0
128.0
189.0
296.0
304.0
311.0
236.0
274.0
358.0
254.0
394.0
330.0
265.0
389.0
204.0
257.0
347.0
297.0
304.0
262.0
278.0
263.0
236.0
412.0
320.0
217.0
291.0
286.0
317.0
341.0
281.0
291.0
388.0
217.0
374.0
394.0
312.0
370.0
328.0
382.0
376.0
377.0
396.0
193.0
313.0
320.0
254.0
372.0
285.0
174.0
330.0
198.0
208.0
242.0
215.0
303.0
368.0
359.0
241.0
310.0
258.0
293.0
399.0
311.0
178.0
286.0
283.0
310.0
253.0
334.0
265.0
238.0
265.0
365.0
246.0
283.0
384.0
289.0
276.0
340.0
420.0
309.0
219.0
251.0
185.0
292.0
266.0
199.0
263.0
378.0
244.0
277.0
296.0
931.0
282.0
233.0
226.0
382.0
298.0
387.0
230.0
395.0
275.0
256.0
302.0
239.0
310.0
279.0
285.0
307.0
224.0
330.0
306.0
409.0
315.0
368.0
201.0
344.0
358.0
391.0
259.0
275.0
242.0
464.0
207.0
480.0
254.0
352.0
258.0
234.0
320.0
251.0
296.0
331.0
258.0
193.0
308.0
309.0
272.0
348.0
227.0
333.0
305.0
251.0
321.0
279.0
325.0
344.0
372.0
272.0
241.0
216.0
432.0
248.0
170.0
217.0
197.0
347.0
266.0
435.0
357.0
419.0
360.0
296.0
216.0
217.0
280.0
282.0
437.0
291.0
269.0
321.0
251.0
322.0
298.0
278.0
291.0
449.0
505.0
342.0
215.0
315.0
466.0
328.0
555.0
275.0
364.0
220.0
247.0
343.0
264.0
241.0
316.0
282.0
215.0
379.0
258.0
303.0
360.0
276.0
337.0
310.0
432.0
319.0
384.0
367.0
234.0
310.0
406.0
273.0
286.0
190.0
329.0
185.0
489.0
289.0
408.0
186.0
399.0
311.0
281.0
343.0
218.0
235.0
296.0
180.0
303.0
429.0
233.0
271.0
259.0
249.0
336.0
402.0
212.0
421.0
341.0
199.0
287.0
398.0
458.0
305.0
208.0
255.0
262.0
253.0
284.0
320.0
202.0
291.0
149.0
188.0
535.0
357.0
214.0
231.0
269.0
308.0
399.0
337.0
260.0
364.0
291.0
332.0
270.0
369.0
456.0
372.0
349.0
455.0
300.0
272.0
352.0
308.0
282.0
166.0
373.0
207.0
228.0
231.0
1643.0
321.0
449.0
318.0
241.0
366.0
198.0
299.0
335.0
282.0
267.0
281.0
289.0
338.0
315.0
377.0
454.0
310.0
239.0
316.0
275.0
266.0
319.0
367.0
262.0
217.0
345.0
321.0
226.0
359.0
318.0
215.0
489.0
260.0
308.0
401.0
233.0
189.0
290.0
363.0
220.0
209.0
244.0
287.0
342.0
540.0
300.0
219.0
337.0
381.0
246.0
278.0
340.0
402.0
299.0
330.0
241.0
284.0
380.0
193.0
223.0
349.0
251.0
246.0
344.0
263.0
330.0
249.0
359.0
439.0
317.0
325.0
227.0
242.0
259.0
195.0
373.0
375.0
308.0
229.0
202.0
215.0
371.0
335.0
309.0
446.0
329.0
297.0
201.0
437.0
266.0
294.0
344.0
315.0
264.0
243.0
409.0
276.0
245.0
185.0
235.0
228.0
241.0
254.0
398.0
686.0
301.0
153.0
295.0
371.0
308.0
304.0
459.0
275.0
309.0
300.0
349.0
303.0
247.0
236.0
272.0
364.0
229.0
295.0
321.0
343.0
305.0
374.0
349.0
251.0
337.0
331.0
384.0
218.0
482.0
288.0
503.0
280.0
310.0
320.0
231.0
300.0
279.0
402.0
317.0
283.0
245.0
347.0
270.0
304.0
292.0
260.0
447.0
297.0
352.0
420.0
364.0
245.0
259.0
330.0
315.0
265.0
369.0
260.0
299.0
273.0
239.0
375.0
314.0
346.0
293.0
251.0
351.0
217.0
277.0
286.0
260.0
198.0
229.0
285.0
238.0
205.0
193.0
268.0
333.0
273.0
363.0
304.0
419.0
798.0
371.0
367.0
378.0
318.0
237.0
320.0
353.0
229.0
305.0
262.0
436.0
285.0
276.0
297.0
362.0
279.0
343.0
339.0
407.0
455.0
509.0
243.0
247.0
229.0
539.0
250.0
348.0
343.0
281.0
333.0
146.0
387.0
381.0
307.0
227.0
245.0
331.0
495.0
257.0
593.0
353.0
325.0
228.0
420.0
515.0
344.0
276.0
293.0
378.0
331.0
410.0
219.0
323.0
277.0
252.0
258.0
309.0
227.0
460.0
223.0
269.0
314.0
402.0
251.0
417.0
361.0
355.0
225.0
293.0
266.0
319.0
268.0
369.0
411.0
195.0
434.0
280.0
234.0
307.0
359.0
247.0
427.0
412.0
275.0
319.0
244.0
298.0
355.0
293.0
349.0
375.0
313.0
297.0
356.0
276.0
395.0
262.0
375.0
281.0
520.0
272.0
425.0
249.0
242.0
256.0
271.0
192.0
308.0
282.0
161.0
260.0
218.0
238.0
325.0
364.0
340.0
351.0
370.0
261.0
259.0
405.0
334.0
369.0
324.0
460.0
311.0
270.0
244.0
325.0
228.0
498.0
301.0
314.0
195.0
216.0
262.0
311.0
324.0
273.0
397.0
212.0
263.0
260.0
228.0
324.0
325.0
236.0
220.0
387.0
261.0
297.0
294.0
385.0
268.0
413.0
221.0
233.0
182.0
313.0
178.0
390.0
345.0
257.0
246.0
311.0
272.0
311.0
377.0
292.0
281.0
297.0
304.0
279.0
297.0
185.0
343.0
179.0
300.0
239.0
314.0
247.0
401.0
413.0
528.0
260.0
315.0
231.0
417.0
306.0
252.0
202.0
292.0
286.0
488.0
346.0
409.0
269.0
293.0
374.0
360.0
265.0
495.0
270.0
214.0
263.0
239.0
144.0
363.0
295.0
180.0
200.0
377.0
245.0
226.0
204.0
269.0
309.0
215.0
309.0
333.0
282.0
262.0
333.0
233.0
220.0
242.0
518.0
509.0
220.0
251.0
318.0
232.0
242.0
195.0
348.0
231.0
322.0
303.0
231.0
325.0
210.0
315.0
313.0
372.0
332.0
322.0
289.0
303.0
238.0
252.0
443.0
239.0
313.0
314.0
226.0
388.0
290.0
391.0
230.0
283.0
196.0
216.0
278.0
148.0
184.0
359.0
228.0
392.0
232.0
374.0
385.0
310.0
183.0
358.0
231.0
319.0
293.0
320.0
256.0
390.0
306.0
263.0
249.0
316.0
301.0
373.0
277.0
218.0
432.0
277.0
414.0
359.0
332.0
269.0
393.0
260.0
338.0
306.0
307.0
403.0
434.0
344.0
231.0
236.0
353.0
347.0
289.0
246.0
276.0
262.0
279.0
479.0
384.0
233.0
252.0
245.0
282.0
272.0
215.0
318.0
254.0
264.0
289.0
272.0
321.0
288.0
388.0
308.0
236.0
258.0
218.0
306.0
321.0
343.0
436.0
274.0
266.0
159.0
277.0
229.0
398.0
308.0
186.0
409.0
309.0
356.0
292.0
377.0
272.0
255.0
250.0
301.0
304.0
330.0
231.0
226.0
251.0
189.0
338.0
275.0
308.0
199.0
276.0
232.0
334.0
216.0
328.0
244.0
302.0
504.0
350.0
510.0
315.0
255.0
547.0
344.0
350.0
256.0
273.0
241.0
457.0
329.0
307.0
169.0
397.0
329.0
315.0
257.0
243.0
223.0
551.0
292.0
263.0
278.0
372.0
288.0
419.0
366.0
322.0
277.0
164.0
403.0
224.0
244.0
349.0
251.0
274.0
301.0
339.0
234.0
312.0
279.0
322.0
208.0
427.0
395.0
217.0
292.0
223.0
323.0
343.0
382.0
403.0
474.0
298.0
446.0
252.0
224.0
235.0
256.0
285.0
269.0
328.0
416.0
185.0
224.0
218.0
269.0
250.0
245.0
325.0
202.0
136.0
316.0
342.0
365.0
287.0
472.0
399.0
212.0
228.0
342.0
296.0
274.0
208.0
358.0
356.0
320.0
260.0
530.0
331.0
203.0
309.0
265.0
309.0
292.0
303.0
342.0
313.0
218.0
305.0
342.0
355.0
418.0
379.0
653.0
261.0
362.0
430.0
352.0
196.0
378.0
267.0
273.0
142.0
373.0
227.0
176.0
298.0
376.0
339.0
311.0
315.0
204.0
275.0
379.0
225.0
314.0
297.0
218.0
279.0
351.0
270.0
329.0
271.0
431.0
334.0
318.0
390.0
438.0
246.0
185.0
202.0
314.0
329.0
221.0
453.0
342.0
257.0
310.0
326.0
368.0
308.0
384.0
287.0
402.0
356.0
216.0
240.0
297.0
196.0
321.0
209.0
390.0
210.0
308.0
301.0
699.0
325.0
388.0
308.0
295.0
230.0
324.0
203.0
255.0
313.0
330.0
253.0
310.0
340.0
312.0
328.0
250.0
407.0
383.0
272.0
209.0
213.0
301.0
213.0
293.0
303.0
319.0
361.0
290.0
253.0
542.0
299.0
347.0
432.0
227.0
192.0
417.0
282.0
184.0
253.0
202.0
303.0
250.0
383.0
309.0
378.0
276.0
259.0
228.0
280.0
231.0
204.0
280.0
414.0
242.0
226.0
312.0
235.0
346.0
327.0
493.0
422.0
794.0
351.0
241.0
443.0
248.0
420.0
237.0
188.0
259.0
271.0
361.0
352.0
267.0
322.0
216.0
309.0
261.0
293.0
342.0
274.0
285.0
278.0
302.0
254.0
368.0
241.0
254.0
498.0
225.0
478.0
317.0
353.0
233.0
400.0
346.0
208.0
355.0
314.0
289.0
389.0
270.0
258.0
408.0
351.0
368.0
252.0
218.0
280.0
262.0
210.0
268.0
300.0
398.0
288.0
316.0
332.0
275.0
223.0
235.0
439.0
222.0
435.0
347.0
356.0
273.0
274.0
319.0
255.0
269.0
278.0
287.0
240.0
300.0
260.0
431.0
243.0
310.0
344.0
357.0
394.0
207.0
222.0
214.0
240.0
421.0
286.0
265.0
583.0
245.0
373.0
233.0
186.0
309.0
331.0
276.0
332.0
337.0
394.0
365.0
270.0
275.0
308.0
310.0
386.0
269.0
279.0
320.0
415.0
270.0
211.0
357.0
318.0
414.0
283.0
341.0
478.0
387.0
282.0
342.0
235.0
266.0
253.0
313.0
318.0
410.0
325.0
365.0
464.0
246.0
430.0
330.0
298.0
245.0
203.0
292.0
309.0
257.0
268.0
310.0
302.0
239.0
267.0
222.0
454.0
293.0
373.0
387.0
292.0
267.0
464.0
432.0
238.0
297.0
262.0
373.0
505.0
355.0
317.0
246.0
389.0
269.0
265.0
298.0
376.0
303.0
286.0
331.0
244.0
358.0
250.0
354.0
331.0
233.0
285.0
306.0
282.0
322.0
300.0
365.0
391.0
279.0
254.0
263.0
301.0
271.0
245.0
396.0
311.0
267.0
370.0
361.0
257.0
332.0
221.0
390.0
181.0
276.0
238.0
380.0
378.0
430.0
227.0
393.0
313.0
271.0
336.0
305.0
446.0
264.0
185.0
313.0
901.0
356.0
279.0
282.0
354.0
474.0
186.0
349.0
277.0
294.0
426.0
229.0
248.0
282.0
309.0
332.0
325.0
299.0
404.0
539.0
327.0
194.0
350.0
302.0
196.0
273.0
292.0
310.0
241.0
198.0
262.0
263.0
420.0
380.0
258.0
375.0
145.0
277.0
229.0
279.0
209.0
364.0
250.0
240.0
304.0
341.0
299.0
398.0
290.0
302.0
398.0
242.0
317.0
231.0
293.0
237.0
331.0
228.0
183.0
365.0
286.0
374.0
414.0
259.0
424.0
288.0
235.0
442.0
373.0
381.0
298.0
343.0
393.0
418.0
292.0
333.0
299.0
304.0
379.0
204.0
258.0
329.0
320.0
360.0
528.0
190.0
305.0
317.0
244.0
294.0
493.0
331.0
277.0
323.0
258.0
339.0
323.0
309.0
224.0
330.0
382.0
322.0
240.0
283.0
409.0
416.0
347.0
283.0
318.0
314.0
394.0
377.0
269.0
270.0
181.0
273.0
354.0
289.0
236.0
285.0
306.0
316.0
292.0
412.0
300.0
284.0
277.0
263.0
267.0
343.0
357.0
379.0
309.0
241.0
270.0
306.0
372.0
297.0
294.0
292.0
287.0
247.0
239.0
408.0
247.0
322.0
225.0
306.0
382.0
381.0
309.0
422.0
474.0
230.0
287.0
287.0
284.0
360.0
249.0
278.0
288.0
422.0
320.0
288.0
404.0
280.0
314.0
308.0
246.0
298.0
376.0
235.0
275.0
380.0
369.0
303.0
238.0
240.0
265.0
249.0
207.0
281.0
342.0
273.0
441.0
320.0
354.0
407.0
305.0
451.0
289.0
332.0
340.0
349.0
360.0
341.0
314.0
260.0
347.0
393.0
350.0
323.0
348.0
244.0
359.0
256.0
311.0
289.0
383.0
262.0
376.0
291.0
257.0
343.0
368.0
266.0
251.0
310.0
293.0
239.0
310.0
327.0
382.0
245.0
328.0
346.0
312.0
368.0
347.0
271.0
367.0
319.0
363.0
311.0
324.0
244.0
394.0
306.0
222.0
252.0
342.0
332.0
342.0
255.0
343.0
323.0
391.0
202.0
424.0
293.0
341.0
347.0
199.0
220.0
320.0
423.0
379.0
279.0
249.0
294.0
259.0
399.0
253.0
282.0
312.0
341.0
248.0
283.0
355.0
348.0
308.0
396.0
274.0
237.0
370.0
404.0
414.0
256.0
274.0
382.0
337.0
377.0
243.0
286.0
251.0
328.0
325.0
304.0
172.0
351.0
347.0
301.0
297.0
205.0
189.0
355.0
389.0
251.0
239.0
307.0
260.0
269.0
368.0
309.0
365.0
369.0
347.0
239.0
391.0
292.0
302.0
211.0
338.0
290.0
442.0
299.0
309.0
337.0
302.0
270.0
210.0
230.0
333.0
248.0
276.0
251.0
325.0
373.0
293.0
307.0
247.0
316.0
270.0
333.0
238.0
377.0
271.0
188.0
315.0
515.0
267.0
319.0
342.0
309.0
234.0
382.0
349.0
428.0
252.0
281.0
300.0
207.0
255.0
295.0
341.0
311.0
282.0
281.0
184.0
297.0
235.0
359.0
284.0
265.0
379.0
379.0
231.0
250.0
297.0
330.0
375.0
292.0
305.0
549.0
279.0
374.0
303.0
365.0
168.0
348.0
338.0
305.0
258.0
330.0
348.0
215.0
316.0
300.0
262.0
421.0
300.0
264.0
284.0
265.0
344.0
228.0
423.0
296.0
238.0
169.0
195.0
293.0
273.0
345.0
274.0
549.0
326.0
233.0
337.0
213.0
367.0
324.0
252.0
267.0
324.0
288.0
397.0
195.0
344.0
294.0
274.0
257.0
503.0
303.0
221.0
228.0
294.0
276.0
260.0
317.0
246.0
204.0
366.0
257.0
385.0
204.0
311.0
208.0
234.0
284.0
334.0
374.0
268.0
377.0
282.0
367.0
215.0
528.0
249.0
307.0
269.0
209.0
357.0
427.0
244.0
230.0
363.0
326.0
346.0
318.0
300.0
309.0
453.0
445.0
264.0
220.0
264.0
306.0
371.0
264.0
393.0
345.0
315.0
288.0
286.0
340.0
378.0
253.0
339.0
350.0
296.0
225.0
348.0
241.0
331.0
330.0
295.0
315.0
224.0
303.0
324.0
209.0
274.0
209.0
357.0
262.0
427.0
305.0
335.0
238.0
243.0
238.0
283.0
403.0
297.0
269.0
274.0
304.0
230.0
348.0
288.0
249.0
271.0
275.0
353.0
250.0
225.0
290.0
208.0
331.0
242.0
337.0
242.0
325.0
374.0
231.0
437.0
264.0
277.0
307.0
163.0
1235.0
392.0
230.0
185.0
290.0
354.0
257.0
287.0
268.0
278.0
281.0
281.0
272.0
256.0
345.0
268.0
260.0
190.0
411.0
222.0
306.0
329.0
352.0
386.0
417.0
335.0
211.0
390.0
289.0
294.0
253.0
444.0
305.0
280.0
233.0
468.0
386.0
336.0
289.0
265.0
231.0
319.0
262.0
437.0
304.0
438.0
238.0
308.0
272.0
289.0
278.0
328.0
304.0
236.0
274.0
264.0
289.0
199.0
319.0
222.0
210.0
372.0
279.0
223.0
239.0
332.0
289.0
309.0
226.0
326.0
334.0
243.0
235.0
278.0
198.0
250.0
283.0
347.0
320.0
296.0
268.0
522.0
350.0
287.0
238.0
243.0
254.0
314.0
331.0
255.0
190.0
288.0
313.0
317.0
372.0
338.0
366.0
290.0
270.0
185.0
201.0
377.0
300.0
333.0
354.0
389.0
263.0
221.0
229.0
364.0
323.0
362.0
273.0
438.0
304.0
245.0
265.0
275.0
283.0
241.0
328.0
347.0
422.0
254.0
318.0
252.0
431.0
228.0
360.0
392.0
285.0
303.0
297.0
306.0
275.0
356.0
260.0
255.0
300.0
374.0
342.0
274.0
289.0
360.0
404.0
243.0
271.0
241.0
335.0
217.0
321.0
322.0
308.0
320.0
316.0
486.0
309.0
309.0
271.0
207.0
251.0
205.0
347.0
358.0
418.0
301.0
323.0
382.0
339.0
258.0
406.0
271.0
218.0
291.0
453.0
306.0
147.0
195.0
311.0
250.0
276.0
372.0
225.0
351.0
496.0
288.0
337.0
280.0
236.0
199.0
298.0
270.0
343.0
237.0
283.0
247.0
215.0
323.0
237.0
257.0
270.0
290.0
459.0
345.0
301.0
215.0
272.0
297.0
431.0
812.0
204.0
275.0
279.0
386.0
288.0
265.0
362.0
289.0
297.0
256.0
333.0
321.0
344.0
359.0
348.0
371.0
312.0
313.0
269.0
281.0
379.0
223.0
302.0
209.0
390.0
421.0
373.0
328.0
267.0
307.0
266.0
291.0
298.0
376.0
184.0
298.0
320.0
313.0
261.0
337.0
301.0
288.0
515.0
243.0
400.0
416.0
294.0
283.0
373.0
314.0
342.0
342.0
287.0
275.0
281.0
242.0
277.0
378.0
262.0
315.0
388.0
290.0
383.0
232.0
241.0
213.0
260.0
259.0
264.0
151.0
293.0
373.0
357.0
183.0
193.0
275.0
434.0
325.0
319.0
248.0
299.0
339.0
264.0
406.0
280.0
234.0
199.0
275.0
326.0
302.0
258.0
262.0
307.0
405.0
330.0
292.0
270.0
345.0
268.0
544.0
363.0
223.0
370.0
352.0
356.0
345.0
334.0
239.0
283.0
301.0
424.0
317.0
191.0
332.0
431.0
397.0
251.0
261.0
243.0
245.0
290.0
410.0
285.0
301.0
374.0
343.0
210.0
304.0
242.0
316.0
201.0
331.0
377.0
278.0
228.0
369.0
365.0
340.0
287.0
339.0
354.0
489.0
334.0
291.0
369.0
343.0
320.0
299.0
309.0
312.0
447.0
217.0
290.0
381.0
278.0
272.0
254.0
245.0
323.0
334.0
329.0
260.0
404.0
390.0
363.0
456.0
253.0
300.0
287.0
317.0
220.0
323.0
345.0
232.0
304.0
245.0
330.0
376.0
220.0
244.0
154.0
359.0
188.0
200.0
391.0
316.0
340.0
249.0
184.0
232.0
276.0
437.0
241.0
407.0
272.0
278.0
313.0
349.0
424.0
324.0
306.0
155.0
234.0
283.0
337.0
489.0
403.0
296.0
243.0
223.0
393.0
309.0
499.0
241.0
296.0
275.0
346.0
255.0
296.0
272.0
353.0
282.0
237.0
354.0
367.0
313.0
302.0
328.0
234.0
387.0
393.0
435.0
360.0
266.0
288.0
301.0
350.0
560.0
239.0
306.0
305.0
321.0
273.0
305.0
393.0
325.0
362.0
270.0
311.0
552.0
397.0
378.0
380.0
280.0
477.0
236.0
183.0
321.0
460.0
430.0
429.0
329.0
190.0
273.0
348.0
339.0
336.0
317.0
371.0
277.0
239.0
285.0
427.0
231.0
341.0
289.0
246.0
481.0
238.0
283.0
311.0
176.0
223.0
404.0
292.0
291.0
332.0
233.0
401.0
367.0
338.0
280.0
274.0
355.0
246.0
318.0
334.0
257.0
262.0
306.0
338.0
300.0
272.0
262.0
263.0
329.0
444.0
305.0
321.0
236.0
295.0
432.0
383.0
232.0
401.0
313.0
547.0
299.0
233.0
201.0
303.0
437.0
215.0
346.0
301.0
323.0
302.0
329.0
356.0
270.0
328.0
413.0
319.0
271.0
470.0
291.0
413.0
282.0
288.0
267.0
315.0
314.0
229.0
339.0
269.0
395.0
453.0
314.0
462.0
183.0
330.0
316.0
352.0
317.0
305.0
279.0
340.0
361.0
281.0
278.0
182.0
158.0
313.0
435.0
300.0
386.0
279.0
273.0
352.0
209.0
491.0
290.0
369.0
239.0
322.0
293.0
249.0
346.0
283.0
488.0
286.0
246.0
199.0
355.0
299.0
166.0
290.0
379.0
285.0
475.0
325.0
288.0
258.0
423.0
150.0
258.0
328.0
308.0
319.0
312.0
427.0
264.0
269.0
281.0
378.0
284.0
296.0
332.0
285.0
271.0
427.0
505.0
241.0
259.0
388.0
335.0
277.0
212.0
430.0
287.0
261.0
260.0
359.0
246.0
444.0
451.0
310.0
281.0
364.0
351.0
224.0
219.0
299.0
340.0
384.0
406.0
223.0
251.0
427.0
297.0
358.0
268.0
281.0
417.0
194.0
328.0
247.0
240.0
529.0
316.0
336.0
265.0
386.0
271.0
191.0
295.0
223.0
335.0
432.0
377.0
367.0
279.0
285.0
281.0
296.0
221.0
341.0
362.0
286.0
384.0
364.0
344.0
295.0
281.0
243.0
231.0
263.0
254.0
345.0
231.0
330.0
297.0
250.0
290.0
342.0
337.0
341.0
222.0
376.0
320.0
264.0
210.0
238.0
415.0
372.0
318.0
278.0
286.0
204.0
216.0
416.0
290.0
386.0
233.0
284.0
438.0
295.0
308.0
323.0
287.0
220.0
274.0
312.0
291.0
321.0
276.0
385.0
316.0
391.0
329.0
334.0
288.0
313.0
305.0
249.0
336.0
316.0
518.0
387.0
245.0
431.0
282.0
335.0
311.0
302.0
295.0
374.0
509.0
276.0
354.0
369.0
219.0
274.0
274.0
185.0
302.0
368.0
263.0
414.0
298.0
318.0
280.0
244.0
323.0
272.0
224.0
259.0
362.0
228.0
396.0
196.0
469.0
290.0
305.0
322.0
291.0
326.0
280.0
321.0
302.0
248.0
345.0
271.0
345.0
224.0
275.0
296.0
304.0
288.0
209.0
204.0
351.0
346.0
325.0
205.0
243.0
392.0
372.0
367.0
338.0
366.0
222.0
227.0
306.0
257.0
322.0
381.0
343.0
502.0
524.0
389.0
316.0
254.0
290.0
296.0
307.0
185.0
258.0
290.0
246.0
270.0
340.0
305.0
434.0
217.0
210.0
223.0
228.0
421.0
419.0
423.0
327.0
326.0
275.0
245.0
445.0
273.0
295.0
321.0
327.0
323.0
281.0
316.0
351.0
224.0
283.0
236.0
281.0
275.0
257.0
349.0
368.0
303.0
295.0
229.0
339.0
253.0
241.0
298.0
333.0
259.0
360.0
297.0
289.0
391.0
319.0
405.0
269.0
248.0
272.0
346.0
305.0
408.0
228.0
365.0
276.0
383.0
379.0
268.0
229.0
341.0
429.0
285.0
287.0
295.0
293.0
282.0
301.0
285.0
300.0
285.0
213.0
211.0
268.0
384.0
222.0
242.0
322.0
255.0
328.0
298.0
248.0
351.0
212.0
250.0
290.0
239.0
274.0
279.0
292.0
363.0
491.0
286.0
235.0
470.0
247.0
264.0
331.0
278.0
293.0
284.0
346.0
307.0
379.0
268.0
262.0
218.0
306.0
361.0
291.0
321.0
319.0
576.0
252.0
246.0
249.0
425.0
349.0
332.0
297.0
267.0
278.0
315.0
360.0
345.0
267.0
262.0
325.0
293.0
263.0
252.0
469.0
226.0
299.0
353.0
230.0
247.0
276.0
381.0
351.0
282.0
317.0
267.0
264.0
253.0
304.0
354.0
326.0
339.0
341.0
276.0
296.0
351.0
342.0
228.0
323.0
217.0
349.0
244.0
475.0
205.0
374.0
280.0
306.0
302.0
275.0
306.0
382.0
320.0
219.0
250.0
262.0
273.0
220.0
320.0
604.0
342.0
324.0
392.0
421.0
376.0
153.0
382.0
338.0
280.0
306.0
308.0
273.0
360.0
289.0
293.0
248.0
215.0
205.0
386.0
413.0
353.0
203.0
358.0
399.0
380.0
306.0
302.0
217.0
341.0
200.0
230.0
251.0
290.0
246.0
338.0
345.0
374.0
332.0
239.0
402.0
335.0
266.0
237.0
252.0
283.0
382.0
233.0
248.0
302.0
343.0
313.0
302.0
320.0
279.0
309.0
286.0
265.0
239.0
363.0
275.0
270.0
204.0
411.0
348.0
316.0
318.0
218.0
401.0
365.0
412.0
310.0
300.0
335.0
318.0
332.0
246.0
387.0
299.0
177.0
268.0
241.0
409.0
415.0
231.0
379.0
382.0
318.0
357.0
396.0
249.0
284.0
316.0
305.0
265.0
380.0
236.0
297.0
219.0
385.0
291.0
297.0
268.0
274.0
333.0
484.0
325.0
347.0
305.0
328.0
261.0
305.0
271.0
237.0
298.0
250.0
358.0
376.0
233.0
332.0
250.0
334.0
307.0
245.0
420.0
337.0
255.0
335.0
287.0
358.0
232.0
230.0
319.0
173.0
359.0
271.0
382.0
263.0
362.0
339.0
212.0
335.0
330.0
333.0
403.0
345.0
330.0
240.0
283.0
301.0
310.0
366.0
185.0
285.0
300.0
290.0
253.0
363.0
272.0
221.0
418.0
266.0
276.0
230.0
376.0
375.0
460.0
291.0
274.0
292.0
287.0
349.0
279.0
329.0
257.0
243.0
321.0
239.0
300.0
304.0
281.0
353.0
423.0
266.0
312.0
340.0
409.0
404.0
355.0
302.0
271.0
326.0
376.0
217.0
300.0
322.0
252.0
240.0
308.0
277.0
299.0
287.0
339.0
259.0
309.0
287.0
250.0
219.0
385.0
487.0
368.0
250.0
243.0
367.0
266.0
304.0
255.0
287.0
350.0
372.0
375.0
297.0
207.0
452.0
326.0
281.0
306.0
384.0
262.0
205.0
275.0
219.0
291.0
240.0
331.0
326.0
233.0
272.0
227.0
304.0
302.0
259.0
269.0
344.0
278.0
240.0
262.0
251.0
355.0
287.0
318.0
278.0
471.0
231.0
299.0
291.0
294.0
344.0
301.0
185.0
381.0
220.0
309.0
409.0
356.0
378.0
326.0
348.0
323.0
321.0
303.0
317.0
286.0
297.0
364.0
187.0
308.0
322.0
290.0
234.0
195.0
303.0
205.0
237.0
321.0
441.0
401.0
269.0
329.0
233.0
304.0
333.0
286.0
356.0
250.0
232.0
301.0
270.0
364.0
361.0
377.0
247.0
260.0
215.0
301.0
218.0
285.0
339.0
478.0
280.0
316.0
368.0
306.0
389.0
332.0
272.0
384.0
290.0
427.0
270.0
228.0
351.0
300.0
380.0
241.0
228.0
285.0
415.0
297.0
385.0
269.0
298.0
290.0
279.0
378.0
216.0
268.0
415.0
438.0
226.0
376.0
220.0
254.0
294.0
359.0
301.0
290.0
263.0
306.0
297.0
353.0
357.0
351.0
287.0
389.0
297.0
250.0
322.0
251.0
232.0
331.0
373.0
274.0
351.0
292.0
359.0
328.0
430.0
287.0
212.0
300.0
357.0
284.0
314.0
312.0
208.0
323.0
468.0
346.0
250.0
330.0
351.0
287.0
233.0
248.0
240.0
330.0
269.0
306.0
356.0
339.0
479.0
338.0
301.0
195.0
413.0
317.0
389.0
304.0
272.0
334.0
261.0
436.0
248.0
317.0
340.0
271.0
362.0
353.0
252.0
297.0
343.0
323.0
317.0
332.0
208.0
314.0
301.0
261.0
327.0
359.0
406.0
467.0
280.0
192.0
203.0
249.0
342.0
243.0
262.0
329.0
269.0
235.0
277.0
261.0
302.0
314.0
430.0
272.0
370.0
399.0
329.0
649.0
200.0
338.0
280.0
333.0
173.0
386.0
333.0
342.0
490.0
315.0
235.0
364.0
386.0
222.0
202.0
303.0
424.0
316.0
319.0
384.0
511.0
286.0
238.0
263.0
384.0
229.0
224.0
377.0
435.0
473.0
364.0
265.0
258.0
341.0
336.0
308.0
330.0
376.0
465.0
332.0
249.0
306.0
283.0
346.0
268.0
395.0
273.0
296.0
300.0
233.0
357.0
337.0
323.0
317.0
259.0
539.0
356.0
347.0
258.0
313.0
355.0
285.0
361.0
226.0
304.0
286.0
237.0
419.0
320.0
364.0
357.0
360.0
481.0
310.0
267.0
242.0
340.0
242.0
329.0
302.0
356.0
242.0
352.0
348.0
395.0
342.0
237.0
383.0
288.0
322.0
229.0
165.0
276.0
325.0
266.0
330.0
283.0
452.0
286.0
332.0
392.0
275.0
261.0
421.0
394.0
394.0
224.0
255.0
268.0
278.0
246.0
439.0
199.0
209.0
337.0
394.0
407.0
447.0
336.0
341.0
346.0
266.0
242.0
259.0
346.0
287.0
254.0
335.0
299.0
415.0
204.0
238.0
227.0
331.0
376.0
296.0
326.0
297.0
258.0
418.0
350.0
201.0
400.0
392.0
228.0
460.0
385.0
241.0
239.0
426.0
339.0
377.0
285.0
233.0
287.0
519.0
239.0
232.0
382.0
313.0
378.0
263.0
389.0
326.0
362.0
322.0
340.0
239.0
303.0
444.0
341.0
411.0
314.0
209.0
264.0
219.0
369.0
350.0
270.0
366.0
268.0
229.0
270.0
371.0
244.0
415.0
319.0
231.0
239.0
302.0
227.0
267.0
260.0
248.0
421.0
258.0
341.0
259.0
300.0
351.0
273.0
319.0
359.0
278.0
388.0
296.0
300.0
220.0
448.0
323.0
300.0
348.0
234.0
470.0
317.0
249.0
234.0
342.0
308.0
248.0
285.0
326.0
204.0
361.0
255.0
308.0
293.0
335.0
321.0
212.0
433.0
393.0
250.0
306.0
467.0
211.0
276.0
270.0
276.0
265.0
214.0
238.0
286.0
279.0
325.0
242.0
338.0
279.0
319.0
387.0
337.0
326.0
314.0
215.0
367.0
252.0
268.0
313.0
285.0
439.0
270.0
321.0
331.0
250.0
371.0
262.0
422.0
437.0
379.0
418.0
169.0
237.0
330.0
252.0
340.0
302.0
261.0
232.0
308.0
355.0
274.0
305.0
324.0
352.0
284.0
239.0
383.0
256.0
433.0
364.0
281.0
303.0
150.0
273.0
310.0
291.0
321.0
331.0
359.0
263.0
276.0
346.0
333.0
373.0
247.0
379.0
229.0
405.0
176.0
401.0
343.0
227.0
214.0
235.0
244.0
290.0
353.0
271.0
271.0
490.0
251.0
185.0
297.0
376.0
351.0
271.0
227.0
385.0
268.0
275.0
331.0
268.0
335.0
323.0
410.0
329.0
305.0
261.0
350.0
324.0
240.0
286.0
268.0
243.0
344.0
287.0
225.0
281.0
343.0
264.0
417.0
265.0
330.0
390.0
244.0
294.0
412.0
247.0
299.0
403.0
300.0
493.0
332.0
209.0
446.0
243.0
307.0
347.0
408.0
269.0
548.0
282.0
256.0
388.0
187.0
538.0
301.0
244.0
294.0
251.0
303.0
331.0
391.0
284.0
243.0
261.0
222.0
305.0
255.0
434.0
334.0
362.0
269.0
224.0
354.0
291.0
354.0
447.0
225.0
233.0
178.0
303.0
328.0
253.0
188.0
353.0
396.0
235.0
293.0
268.0
218.0
287.0
278.0
306.0
366.0
276.0
306.0
341.0
236.0
350.0
426.0
315.0
322.0
383.0
311.0
254.0
402.0
396.0
246.0
317.0
234.0
314.0
310.0
299.0
238.0
247.0
185.0
432.0
225.0
447.0
340.0
384.0
293.0
238.0
360.0
252.0
287.0
392.0
328.0
423.0
197.0
225.0
324.0
233.0
370.0
324.0
313.0
308.0
342.0
294.0
249.0
475.0
516.0
315.0
334.0
338.0
378.0
288.0
279.0
420.0
313.0
325.0
257.0
328.0
323.0
226.0
265.0
270.0
363.0
266.0
342.0
310.0
246.0
268.0
226.0
239.0
368.0
208.0
321.0
235.0
300.0
292.0
273.0
392.0
602.0
265.0
254.0
372.0
271.0
331.0
307.0
302.0
289.0
282.0
257.0
370.0
192.0
301.0
362.0
367.0
317.0
349.0
239.0
174.0
242.0
267.0
278.0
298.0
677.0
225.0
363.0
229.0
264.0
239.0
222.0
249.0
293.0
315.0
477.0
503.0
223.0
360.0
271.0
409.0
322.0
416.0
202.0
346.0
275.0
291.0
325.0
253.0
349.0
373.0
383.0
171.0
276.0
193.0
330.0
445.0
234.0
335.0
295.0
361.0
262.0
534.0
361.0
268.0
249.0
396.0
316.0
345.0
305.0
385.0
379.0
307.0
255.0
277.0
330.0
182.0
423.0
252.0
346.0
315.0
428.0
348.0
336.0
310.0
372.0
360.0
341.0
321.0
242.0
325.0
303.0
274.0
327.0
278.0
356.0
301.0
299.0
264.0
352.0
434.0
216.0
436.0
381.0
357.0
271.0
299.0
235.0
318.0
293.0
222.0
318.0
294.0
369.0
319.0
307.0
213.0
241.0
283.0
294.0
416.0
355.0
234.0
394.0
236.0
282.0
200.0
310.0
209.0
291.0
328.0
284.0
318.0
362.0
273.0
303.0
271.0
325.0
284.0
307.0
322.0
423.0
335.0
410.0
242.0
304.0
389.0
339.0
280.0
339.0
409.0
366.0
423.0
352.0
353.0
316.0
243.0
333.0
232.0
298.0
244.0
264.0
321.0
427.0
313.0
199.0
247.0
362.0
256.0
349.0
265.0
365.0
307.0
362.0
258.0
382.0
266.0
240.0
367.0
330.0
409.0
306.0
238.0
389.0
266.0
485.0
318.0
318.0
354.0
367.0
233.0
248.0
243.0
244.0
248.0
284.0
326.0
301.0
269.0
347.0
271.0
361.0
406.0
323.0
398.0
335.0
319.0
268.0
364.0
235.0
315.0
253.0
371.0
277.0
218.0
249.0
203.0
342.0
255.0
278.0
381.0
246.0
210.0
495.0
327.0
259.0
202.0
394.0
261.0
241.0
302.0
283.0
326.0
260.0
481.0
255.0
508.0
182.0
352.0
323.0
238.0
268.0
356.0
258.0
405.0
312.0
302.0
277.0
305.0
268.0
282.0
256.0
264.0
294.0
412.0
324.0
312.0
222.0
383.0
394.0
397.0
235.0
241.0
174.0
249.0
435.0
235.0
323.0
352.0
149.0
190.0
252.0
191.0
294.0
359.0
344.0
258.0
358.0
175.0
291.0
422.0
366.0
313.0
310.0
291.0
242.0
264.0
335.0
399.0
251.0
324.0
358.0
196.0
369.0
331.0
427.0
316.0
197.0
287.0
222.0
348.0
289.0
338.0
220.0
193.0
287.0
229.0
285.0
257.0
384.0
279.0
299.0
283.0
379.0
265.0
381.0
266.0
300.0
382.0
384.0
309.0
237.0
353.0
306.0
255.0
249.0
370.0
380.0
286.0
232.0
209.0
449.0
359.0
324.0
431.0
380.0
368.0
232.0
318.0
446.0
239.0
275.0
380.0
217.0
570.0
197.0
225.0
418.0
446.0
308.0
286.0
297.0
364.0
216.0
257.0
494.0
320.0
309.0
242.0
222.0
314.0
195.0
410.0
287.0
248.0
253.0
264.0
376.0
299.0
319.0
323.0
217.0
370.0
191.0
266.0
281.0
393.0
162.0
238.0
266.0
327.0
274.0
336.0
302.0
259.0
252.0
354.0
296.0
319.0
515.0
282.0
338.0
335.0
271.0
210.0
223.0
345.0
377.0
153.0
369.0
273.0
344.0
295.0
232.0
286.0
303.0
253.0
298.0
389.0
273.0
275.0
396.0
225.0
223.0
482.0
315.0
248.0
402.0
257.0
282.0
313.0
334.0
327.0
273.0
367.0
288.0
385.0
350.0
313.0
411.0
245.0
233.0
241.0
249.0
273.0
345.0
232.0
322.0
330.0
318.0
429.0
292.0
509.0
304.0
305.0
274.0
199.0
183.0
370.0
312.0
334.0
395.0
466.0
319.0
237.0
319.0
348.0
325.0
287.0
426.0
210.0
316.0
213.0
228.0
253.0
202.0
388.0
275.0
301.0
257.0
285.0
262.0
359.0
328.0
285.0
263.0
326.0
488.0
407.0
248.0
386.0
285.0
279.0
337.0
311.0
304.0
220.0
259.0
390.0
258.0
259.0
329.0
279.0
225.0
223.0
335.0
290.0
247.0
280.0
365.0
295.0
342.0
376.0
241.0
374.0
310.0
333.0
308.0
283.0
420.0
277.0
205.0
396.0
295.0
217.0
468.0
211.0
424.0
532.0
196.0
286.0
267.0
371.0
403.0
241.0
243.0
322.0
340.0
190.0
283.0
368.0
346.0
264.0
326.0
235.0
209.0
262.0
343.0
244.0
299.0
304.0
245.0
307.0
376.0
258.0
318.0
329.0
377.0
452.0
393.0
309.0
296.0
390.0
218.0
328.0
333.0
351.0
267.0
397.0
256.0
305.0
271.0
301.0
311.0
325.0
214.0
350.0
408.0
299.0
262.0
339.0
333.0
288.0
403.0
243.0
257.0
388.0
316.0
248.0
321.0
282.0
400.0
268.0
437.0
319.0
356.0
376.0
304.0
212.0
313.0
412.0
277.0
236.0
255.0
367.0
393.0
245.0
224.0
325.0
309.0
413.0
251.0
298.0
338.0
311.0
283.0
220.0
455.0
267.0
268.0
235.0
204.0
461.0
352.0
326.0
315.0
471.0
310.0
245.0
285.0
303.0
433.0
271.0
186.0
226.0
306.0
263.0
203.0
194.0
308.0
354.0
358.0
174.0
269.0
258.0
394.0
375.0
343.0
303.0
300.0
283.0
183.0
270.0
370.0
317.0
392.0
243.0
468.0
311.0
388.0
402.0
456.0
338.0
300.0
279.0
258.0
428.0
443.0
359.0
374.0
198.0
268.0
448.0
294.0
298.0
457.0
378.0
306.0
313.0
361.0
220.0
351.0
335.0
440.0
393.0
233.0
234.0
295.0
328.0
275.0
313.0
268.0
325.0
290.0
319.0
214.0
396.0
291.0
247.0
287.0
360.0
235.0
275.0
253.0
320.0
275.0
338.0
181.0
281.0
249.0
504.0
300.0
232.0
305.0
274.0
176.0
284.0
325.0
454.0
307.0
282.0
426.0
273.0
423.0
261.0
204.0
374.0
352.0
267.0
385.0
365.0
306.0
257.0
332.0
393.0
277.0
256.0
323.0
326.0
225.0
277.0
284.0
250.0
202.0
291.0
275.0
273.0
339.0
278.0
278.0
287.0
239.0
327.0
382.0
342.0
261.0
223.0
359.0
529.0
508.0
302.0
258.0
327.0
178.0
325.0
323.0
263.0
308.0
287.0
318.0
335.0
264.0
398.0
345.0
282.0
278.0
162.0
255.0
395.0
361.0
300.0
304.0
318.0
262.0
409.0
252.0
244.0
230.0
311.0
310.0
281.0
307.0
254.0
272.0
278.0
391.0
382.0
305.0
185.0
271.0
425.0
249.0
227.0
561.0
248.0
253.0
334.0
252.0
294.0
388.0
366.0
358.0
311.0
348.0
236.0
350.0
238.0
239.0
307.0
185.0
257.0
361.0
442.0
368.0
241.0
300.0
360.0
290.0
338.0
244.0
276.0
301.0
349.0
266.0
632.0
250.0
250.0
364.0
348.0
217.0
334.0
383.0
303.0
272.0
355.0
306.0
271.0
285.0
278.0
286.0
236.0
455.0
267.0
257.0
463.0
303.0
490.0
392.0
336.0
356.0
242.0
345.0
337.0
388.0
398.0
206.0
272.0
410.0
328.0
242.0
349.0
381.0
260.0
255.0
421.0
168.0
240.0
339.0
263.0
293.0
356.0
259.0
329.0
302.0
281.0
347.0
308.0
493.0
343.0
335.0
209.0
337.0
253.0
234.0
213.0
268.0
226.0
332.0
362.0
485.0
287.0
180.0
490.0
276.0
672.0
417.0
268.0
341.0
444.0
275.0
296.0
323.0
240.0
249.0
291.0
346.0
209.0
259.0
330.0
292.0
320.0
242.0
322.0
321.0
241.0
186.0
295.0
288.0
417.0
287.0
288.0
327.0
325.0
416.0
328.0
371.0
162.0
338.0
270.0
348.0
225.0
305.0
444.0
338.0
334.0
318.0
283.0
295.0
291.0
398.0
242.0
285.0
283.0
255.0
265.0
367.0
248.0
280.0
272.0
467.0
391.0
308.0
305.0
282.0
183.0
393.0
393.0
325.0
316.0
356.0
277.0
276.0
297.0
288.0
350.0
278.0
270.0
408.0
345.0
309.0
235.0
393.0
545.0
280.0
284.0
313.0
368.0
304.0
343.0
269.0
350.0
325.0
242.0
260.0
566.0
208.0
249.0
493.0
261.0
266.0
286.0
292.0
330.0
337.0
221.0
219.0
210.0
269.0
273.0
276.0
307.0
268.0
256.0
325.0
244.0
259.0
378.0
319.0
268.0
371.0
230.0
319.0
305.0
463.0
393.0
290.0
313.0
425.0
325.0
312.0
365.0
298.0
220.0
335.0
290.0
612.0
401.0
215.0
280.0
350.0
281.0
268.0
409.0
296.0
195.0
271.0
246.0
354.0
277.0
301.0
480.0
280.0
300.0
344.0
265.0
284.0
276.0
170.0
234.0
364.0
227.0
395.0
223.0
384.0
433.0
332.0
452.0
375.0
321.0
310.0
381.0
229.0
331.0
301.0
417.0
279.0
428.0
235.0
349.0
370.0
366.0
313.0
325.0
330.0
356.0
255.0
339.0
345.0
377.0
301.0
276.0
331.0
256.0
350.0
320.0
387.0
229.0
344.0
267.0
443.0
315.0
281.0
326.0
340.0
260.0
376.0
310.0
312.0
226.0
210.0
336.0
386.0
360.0
356.0
335.0
223.0
258.0
315.0
391.0
229.0
428.0
308.0
345.0
300.0
249.0
268.0
200.0
290.0
272.0
217.0
283.0
290.0
418.0
331.0
256.0
323.0
376.0
503.0
258.0
376.0
290.0
221.0
268.0
365.0
370.0
223.0
274.0
369.0
284.0
418.0
234.0
506.0
296.0
321.0
242.0
310.0
365.0
338.0
235.0
301.0
264.0
311.0
318.0
392.0
340.0
376.0
354.0
306.0
242.0
255.0
241.0
473.0
303.0
294.0
321.0
415.0
218.0
415.0
264.0
225.0
251.0
286.0
523.0
339.0
250.0
443.0
323.0
282.0
200.0
220.0
298.0
267.0
319.0
296.0
308.0
277.0
283.0
378.0
300.0
424.0
269.0
413.0
282.0
373.0
328.0
328.0
311.0
271.0
276.0
281.0
340.0
200.0
153.0
285.0
413.0
315.0
413.0
242.0
244.0
269.0
382.0
199.0
332.0
403.0
212.0
300.0
267.0
378.0
234.0
375.0
187.0
381.0
175.0
263.0
224.0
390.0
261.0
280.0
327.0
263.0
333.0
213.0
291.0
385.0
309.0
339.0
254.0
273.0
251.0
289.0
357.0
239.0
242.0
260.0
539.0
258.0
296.0
347.0
369.0
399.0
311.0
287.0
385.0
300.0
410.0
323.0
259.0
305.0
371.0
263.0
370.0
424.0
330.0
177.0
331.0
347.0
221.0
187.0
271.0
220.0
309.0
307.0
285.0
416.0
302.0
401.0
320.0
305.0
267.0
263.0
374.0
305.0
299.0
342.0
326.0
298.0
215.0
425.0
281.0
289.0
353.0
337.0
396.0
192.0
296.0
384.0
343.0
277.0
298.0
265.0
255.0
223.0
255.0
326.0
489.0
297.0
336.0
269.0
227.0
344.0
187.0
213.0
401.0
422.0
253.0
258.0
215.0
505.0
323.0
330.0
351.0
283.0
297.0
255.0
318.0
203.0
332.0
217.0
283.0
298.0
405.0
319.0
247.0
396.0
270.0
276.0
272.0
295.0
392.0
302.0
294.0
260.0
229.0
393.0
237.0
281.0
412.0
273.0
312.0
168.0
356.0
317.0
323.0
351.0
316.0
307.0
331.0
324.0
289.0
310.0
300.0
407.0
225.0
432.0
237.0
343.0
357.0
223.0
333.0
231.0
309.0
323.0
297.0
346.0
261.0
291.0
312.0
311.0
266.0
291.0
406.0
347.0
315.0
273.0
343.0
233.0
306.0
343.0
218.0
367.0
248.0
492.0
380.0
185.0
272.0
355.0
217.0
417.0
511.0
244.0
308.0
282.0
300.0
289.0
298.0
590.0
354.0
313.0
375.0
265.0
347.0
322.0
253.0
208.0
244.0
361.0
194.0
341.0
283.0
267.0
237.0
387.0
246.0
255.0
269.0
290.0
219.0
283.0
215.0
350.0
302.0
341.0
337.0
331.0
492.0
229.0
346.0
359.0
767.0
177.0
317.0
317.0
387.0
219.0
156.0
382.0
282.0
279.0
361.0
288.0
422.0
311.0
340.0
282.0
361.0
302.0
368.0
246.0
325.0
330.0
269.0
309.0
358.0
356.0
273.0
382.0
290.0
312.0
212.0
394.0
406.0
192.0
283.0
280.0
267.0
368.0
329.0
279.0
413.0
179.0
406.0
291.0
383.0
322.0
343.0
339.0
343.0
286.0
343.0
300.0
240.0
255.0
220.0
264.0
386.0
335.0
283.0
359.0
258.0
385.0
215.0
242.0
212.0
357.0
319.0
268.0
331.0
370.0
338.0
360.0
291.0
339.0
392.0
565.0
371.0
229.0
328.0
269.0
289.0
330.0
286.0
335.0
415.0
291.0
176.0
378.0
269.0
220.0
257.0
288.0
410.0
224.0
267.0
287.0
237.0
225.0
323.0
393.0
399.0
299.0
276.0
314.0
250.0
207.0
300.0
278.0
299.0
197.0
326.0
350.0
350.0
386.0
318.0
327.0
421.0
341.0
242.0
271.0
280.0
301.0
172.0
303.0
229.0
309.0
350.0
405.0
548.0
348.0
263.0
348.0
334.0
329.0
326.0
270.0
315.0
222.0
265.0
512.0
232.0
207.0
411.0
212.0
296.0
271.0
328.0
386.0
347.0
294.0
342.0
262.0
385.0
244.0
254.0
244.0
496.0
223.0
213.0
284.0
369.0
237.0
246.0
383.0
339.0
358.0
369.0
299.0
354.0
232.0
263.0
247.0
200.0
319.0
367.0
267.0
299.0
328.0
264.0
382.0
404.0
272.0
326.0
370.0
247.0
240.0
418.0
372.0
225.0
239.0
366.0
278.0
354.0
267.0
295.0
447.0
406.0
626.0
282.0
227.0
323.0
244.0
296.0
190.0
410.0
232.0
578.0
363.0
283.0
266.0
302.0
231.0
277.0
358.0
447.0
466.0
248.0
277.0
427.0
458.0
312.0
407.0
268.0
273.0
350.0
677.0
288.0
272.0
418.0
509.0
205.0
416.0
360.0
244.0
250.0
534.0
406.0
295.0
248.0
266.0
330.0
324.0
330.0
410.0
345.0
207.0
312.0
245.0
315.0
219.0
308.0
335.0
297.0
282.0
230.0
332.0
303.0
337.0
255.0
358.0
404.0
234.0
308.0
407.0
282.0
435.0
305.0
274.0
374.0
432.0
152.0
332.0
309.0
219.0
209.0
397.0
286.0
302.0
216.0
346.0
308.0
355.0
353.0
330.0
231.0
250.0
337.0
331.0
203.0
270.0
432.0
265.0
239.0
339.0
282.0
212.0
463.0
284.0
491.0
305.0
285.0
332.0
290.0
241.0
167.0
362.0
470.0
332.0
353.0
233.0
262.0
264.0
299.0
409.0
282.0
389.0
296.0
251.0
365.0
287.0
381.0
344.0
350.0
275.0
336.0
368.0
327.0
391.0
316.0
365.0
241.0
285.0
315.0
303.0
315.0
303.0
268.0
162.0
269.0
286.0
279.0
312.0
318.0
398.0
317.0
347.0
630.0
279.0
271.0
324.0
226.0
263.0
252.0
317.0
429.0
366.0
350.0
277.0
306.0
366.0
362.0
249.0
198.0
338.0
248.0
200.0
293.0
445.0
397.0
244.0
459.0
236.0
370.0
370.0
302.0
368.0
608.0
395.0
335.0
395.0
264.0
438.0
201.0
229.0
285.0
319.0
217.0
337.0
305.0
632.0
216.0
243.0
274.0
254.0
388.0
340.0
483.0
321.0
293.0
561.0
183.0
241.0
337.0
307.0
281.0
339.0
253.0
253.0
225.0
443.0
307.0
263.0
305.0
352.0
347.0
217.0
273.0
255.0
223.0
341.0
377.0
268.0
303.0
317.0
239.0
440.0
335.0
368.0
430.0
287.0
222.0
250.0
362.0
359.0
323.0
201.0
258.0
288.0
364.0
406.0
210.0
247.0
265.0
238.0
336.0
324.0
292.0
345.0
314.0
305.0
327.0
400.0
264.0
276.0
277.0
369.0
252.0
348.0
336.0
297.0
249.0
317.0
202.0
397.0
270.0
239.0
284.0
315.0
323.0
219.0
378.0
295.0
268.0
380.0
299.0
244.0
357.0
332.0
236.0
274.0
389.0
255.0
365.0
276.0
437.0
373.0
308.0
220.0
266.0
357.0
320.0
256.0
233.0
393.0
332.0
272.0
445.0
428.0
417.0
419.0
258.0
371.0
360.0
194.0
177.0
224.0
282.0
275.0
280.0
344.0
275.0
320.0
456.0
272.0
324.0
360.0
252.0
218.0
246.0
210.0
660.0
339.0
275.0
306.0
476.0
241.0
262.0
323.0
402.0
393.0
340.0
213.0
338.0
247.0
179.0
345.0
377.0
278.0
396.0
313.0
324.0
266.0
274.0
226.0
264.0
245.0
340.0
180.0
399.0
311.0
255.0
321.0
542.0
359.0
489.0
270.0
257.0
252.0
338.0
528.0
281.0
332.0
294.0
145.0
307.0
347.0
293.0
219.0
302.0
291.0
324.0
302.0
234.0
302.0
323.0
281.0
236.0
402.0
209.0
282.0
261.0
651.0
320.0
213.0
301.0
264.0
220.0
367.0
356.0
366.0
229.0
373.0
200.0
470.0
419.0
314.0
260.0
568.0
299.0
328.0
211.0
223.0
332.0
269.0
412.0
281.0
345.0
354.0
208.0
296.0
235.0
321.0
219.0
284.0
273.0
179.0
398.0
243.0
231.0
381.0
237.0
252.0
364.0
339.0
494.0
233.0
161.0
332.0
321.0
372.0
243.0
286.0
257.0
286.0
312.0
368.0
263.0
299.0
328.0
291.0
416.0
277.0
322.0
155.0
425.0
392.0
227.0
291.0
323.0
256.0
288.0
299.0
378.0
422.0
314.0
297.0
245.0
321.0
305.0
345.0
354.0
310.0
275.0
314.0
285.0
351.0
206.0
267.0
284.0
358.0
231.0
240.0
283.0
194.0
313.0
366.0
296.0
266.0
317.0
265.0
243.0
412.0
375.0
385.0
267.0
449.0
284.0
212.0
346.0
344.0
242.0
271.0
382.0
269.0
370.0
304.0
328.0
298.0
293.0
361.0
275.0
390.0
316.0
301.0
320.0
315.0
368.0
251.0
315.0
579.0
351.0
220.0
367.0
187.0
192.0
265.0
387.0
517.0
307.0
200.0
248.0
271.0
227.0
264.0
358.0
305.0
356.0
439.0
423.0
342.0
289.0
436.0
339.0
262.0
238.0
344.0
507.0
253.0
227.0
233.0
261.0
277.0
243.0
354.0
449.0
275.0
233.0
315.0
304.0
367.0
203.0
246.0
329.0
232.0
268.0
294.0
313.0
357.0
356.0
278.0
273.0
245.0
181.0
436.0
196.0
240.0
422.0
265.0
321.0
172.0
263.0
399.0
451.0
262.0
395.0
438.0
230.0
319.0
381.0
214.0
261.0
239.0
241.0
275.0
272.0
307.0
623.0
347.0
244.0
391.0
204.0
165.0
377.0
369.0
245.0
499.0
308.0
428.0
436.0
386.0
223.0
236.0
350.0
440.0
293.0
268.0
206.0
348.0
276.0
402.0
248.0
880.0
175.0
285.0
275.0
376.0
276.0
661.0
194.0
238.0
257.0
505.0
275.0
307.0
382.0
372.0
326.0
261.0
279.0
248.0
205.0
311.0
260.0
405.0
278.0
311.0
307.0
213.0
290.0
243.0
449.0
194.0
354.0
345.0
229.0
169.0
412.0
281.0
251.0
794.0
317.0
364.0
247.0
287.0
335.0
276.0
364.0
324.0
190.0
330.0
238.0
341.0
282.0
283.0
383.0
344.0
303.0
263.0
346.0
288.0
224.0
442.0
404.0
270.0
323.0
347.0
249.0
223.0
260.0
727.0
172.0
251.0
298.0
320.0
419.0
422.0
391.0
330.0
266.0
258.0
352.0
383.0
288.0
264.0
312.0
327.0
269.0
325.0
253.0
255.0
745.0
324.0
244.0
305.0
250.0
280.0
306.0
287.0
500.0
163.0
368.0
376.0
229.0
358.0
287.0
311.0
357.0
331.0
236.0
434.0
193.0
289.0
294.0
260.0
374.0
276.0
331.0
296.0
327.0
340.0
235.0
300.0
372.0
301.0
315.0
603.0
272.0
347.0
279.0
322.0
312.0
390.0
282.0
286.0
346.0
273.0
305.0
320.0
206.0
377.0
227.0
488.0
234.0
287.0
294.0
274.0
312.0
321.0
621.0
301.0
201.0
265.0
302.0
286.0
408.0
389.0
290.0
300.0
339.0
279.0
408.0
287.0
204.0
209.0
237.0
389.0
208.0
373.0
546.0
242.0
247.0
300.0
335.0
205.0
297.0
190.0
214.0
213.0
274.0
315.0
1072.0
212.0
304.0
234.0
280.0
292.0
391.0
301.0
230.0
304.0
266.0
295.0
312.0
330.0
374.0
280.0
333.0
297.0
219.0
165.0
415.0
303.0
330.0
280.0
267.0
371.0
316.0
205.0
291.0
385.0
351.0
350.0
286.0
292.0
302.0
385.0
334.0
360.0
215.0
298.0
372.0
340.0
255.0
396.0
276.0
253.0
377.0
385.0
315.0
382.0
262.0
263.0
339.0
265.0
375.0
301.0
230.0
291.0
264.0
207.0
208.0
393.0
367.0
201.0
296.0
399.0
273.0
322.0
205.0
251.0
250.0
470.0
335.0
280.0
331.0
255.0
416.0
384.0
332.0
367.0
384.0
287.0
323.0
319.0
364.0
433.0
213.0
384.0
362.0
203.0
371.0
277.0
369.0
268.0
293.0
225.0
303.0
412.0
466.0
237.0
380.0
245.0
311.0
238.0
292.0
250.0
258.0
179.0
315.0
479.0
339.0
424.0
299.0
314.0
235.0
322.0
195.0
284.0
323.0
266.0
323.0
418.0
267.0
306.0
372.0
447.0
262.0
324.0
417.0
281.0
246.0
269.0
364.0
304.0
364.0
215.0
283.0
346.0
324.0
361.0
414.0
288.0
409.0
289.0
320.0
298.0
280.0
383.0
435.0
228.0
243.0
436.0
364.0
285.0
303.0
298.0
237.0
206.0
246.0
257.0
255.0
330.0
278.0
193.0
285.0
408.0
349.0
246.0
269.0
236.0
337.0
239.0
231.0
261.0
343.0
249.0
267.0
216.0
346.0
309.0
458.0
335.0
303.0
358.0
257.0
249.0
346.0
319.0
251.0
244.0
328.0
330.0
268.0
412.0
348.0
312.0
314.0
186.0
397.0
268.0
559.0
276.0
266.0
236.0
302.0
441.0
248.0
502.0
154.0
337.0
288.0
364.0
309.0
298.0
395.0
335.0
316.0
291.0
315.0
405.0
346.0
371.0
359.0
289.0
356.0
498.0
216.0
257.0
339.0
331.0
317.0
298.0
326.0
286.0
278.0
308.0
606.0
261.0
264.0
297.0
227.0
244.0
352.0
350.0
240.0
394.0
256.0
263.0
377.0
405.0
397.0
272.0
375.0
165.0
219.0
273.0
330.0
384.0
370.0
393.0
207.0
481.0
318.0
203.0
247.0
406.0
277.0
278.0
292.0
233.0
235.0
288.0
118.0
380.0
329.0
272.0
394.0
362.0
341.0
301.0
182.0
203.0
255.0
318.0
183.0
266.0
349.0
331.0
212.0
342.0
484.0
197.0
380.0
300.0
257.0
325.0
323.0
348.0
329.0
320.0
233.0
243.0
342.0
276.0
302.0
202.0
236.0
962.0
435.0
315.0
322.0
327.0
171.0
343.0
284.0
326.0
428.0
269.0
254.0
377.0
356.0
316.0
336.0
648.0
354.0
383.0
277.0
269.0
259.0
310.0
320.0
295.0
294.0
233.0
229.0
215.0
326.0
319.0
261.0
311.0
257.0
446.0
219.0
324.0
347.0
335.0
214.0
288.0
305.0
231.0
323.0
299.0
267.0
258.0
284.0
180.0
300.0
281.0
239.0
200.0
260.0
392.0
367.0
388.0
197.0
350.0
372.0
227.0
224.0
305.0
215.0
510.0
237.0
305.0
299.0
303.0
304.0
238.0
471.0
359.0
233.0
237.0
436.0
196.0
265.0
470.0
224.0
273.0
161.0
370.0
261.0
339.0
258.0
412.0
287.0
276.0
236.0
427.0
271.0
574.0
238.0
266.0
313.0
413.0
234.0
304.0
278.0
278.0
339.0
262.0
433.0
324.0
266.0
277.0
436.0
392.0
362.0
237.0
408.0
334.0
386.0
268.0
302.0
355.0
310.0
434.0
215.0
309.0
245.0
226.0
270.0
287.0
202.0
151.0
344.0
353.0
397.0
292.0
251.0
388.0
400.0
284.0
244.0
388.0
312.0
270.0
322.0
252.0
378.0
310.0
304.0
436.0
343.0
219.0
242.0
405.0
370.0
229.0
290.0
448.0
268.0
264.0
292.0
209.0
252.0
244.0
235.0
208.0
245.0
403.0
277.0
264.0
316.0
388.0
358.0
338.0
246.0
225.0
280.0
277.0
393.0
288.0
420.0
345.0
301.0
287.0
269.0
336.0
295.0
494.0
274.0
225.0
394.0
305.0
270.0
258.0
472.0
288.0
255.0
328.0
438.0
238.0
288.0
301.0
417.0
294.0
277.0
294.0
384.0
216.0
455.0
198.0
397.0
222.0
235.0
314.0
314.0
293.0
261.0
295.0
399.0
378.0
346.0
319.0
309.0
313.0
274.0
338.0
252.0
299.0
237.0
309.0
309.0
312.0
229.0
319.0
222.0
393.0
432.0
247.0
416.0
238.0
203.0
310.0
286.0
511.0
322.0
354.0
197.0
284.0
338.0
218.0
372.0
405.0
250.0
348.0
313.0
298.0
227.0
205.0
242.0
332.0
396.0
350.0
370.0
188.0
194.0
369.0
189.0
209.0
238.0
270.0
313.0
291.0
374.0
309.0
318.0
313.0
346.0
234.0
358.0
225.0
231.0
427.0
265.0
344.0
277.0
436.0
257.0
223.0
508.0
439.0
286.0
258.0
315.0
430.0
187.0
366.0
269.0
314.0
285.0
267.0
371.0
249.0
371.0
439.0
284.0
286.0
285.0
232.0
315.0
340.0
262.0
301.0
228.0
195.0
448.0
211.0
212.0
260.0
378.0
279.0
334.0
336.0
243.0
370.0
334.0
343.0
278.0
282.0
328.0
354.0
373.0
287.0
319.0
283.0
298.0
508.0
235.0
425.0
281.0
383.0
191.0
413.0
259.0
320.0
247.0
263.0
297.0
491.0
258.0
189.0
261.0
315.0
341.0
255.0
387.0
245.0
439.0
261.0
222.0
231.0
347.0
344.0
386.0
304.0
564.0
273.0
195.0
187.0
476.0
338.0
275.0
230.0
257.0
350.0
334.0
538.0
247.0
310.0
373.0
329.0
284.0
428.0
269.0
255.0
381.0
473.0
286.0
394.0
288.0
374.0
256.0
294.0
500.0
374.0
494.0
322.0
268.0
211.0
313.0
279.0
395.0
425.0
324.0
332.0
447.0
383.0
278.0
333.0
213.0
361.0
220.0
398.0
465.0
286.0
307.0
283.0
339.0
206.0
330.0
388.0
246.0
211.0
280.0
249.0
347.0
257.0
593.0
306.0
317.0
360.0
259.0
321.0
210.0
364.0
285.0
186.0
226.0
248.0
209.0
267.0
348.0
348.0
439.0
308.0
448.0
236.0
356.0
209.0
394.0
276.0
442.0
368.0
338.0
308.0
306.0
359.0
239.0
267.0
225.0
292.0
335.0
337.0
193.0
379.0
456.0
305.0
239.0
225.0
380.0
247.0
254.0
260.0
282.0
379.0
244.0
300.0
231.0
326.0
273.0
327.0
258.0
366.0
340.0
261.0
350.0
255.0
319.0
435.0
322.0
352.0
260.0
469.0
254.0
301.0
308.0
302.0
291.0
894.0
290.0
369.0
134.0
271.0
288.0
287.0
403.0
262.0
325.0
284.0
219.0
228.0
410.0
329.0
268.0
300.0
129.0
267.0
1258.0
256.0
226.0
311.0
319.0
296.0
510.0
419.0
226.0
255.0
335.0
248.0
399.0
314.0
314.0
227.0
220.0
301.0
389.0
191.0
242.0
455.0
291.0
422.0
206.0
297.0
230.0
274.0
270.0
273.0
349.0
678.0
369.0
249.0
402.0
281.0
419.0
290.0
206.0
330.0
222.0
227.0
445.0
306.0
375.0
323.0
277.0
236.0
290.0
264.0
312.0
407.0
226.0
253.0
307.0
279.0
228.0
318.0
195.0
380.0
357.0
281.0
353.0
349.0
265.0
372.0
377.0
268.0
355.0
333.0
208.0
448.0
252.0
355.0
264.0
219.0
386.0
270.0
338.0
301.0
257.0
319.0
285.0
315.0
334.0
265.0
343.0
284.0
258.0
416.0
249.0
288.0
394.0
218.0
300.0
311.0
283.0
260.0
424.0
422.0
231.0
274.0
452.0
178.0
458.0
359.0
252.0
360.0
260.0
302.0
285.0
316.0
418.0
385.0
261.0
257.0
188.0
297.0
203.0
305.0
340.0
374.0
268.0
226.0
208.0
295.0
335.0
283.0
381.0
410.0
290.0
265.0
280.0
422.0
225.0
354.0
287.0
194.0
472.0
323.0
371.0
333.0
179.0
336.0
203.0
292.0
285.0
278.0
330.0
177.0
284.0
298.0
259.0
201.0
382.0
263.0
385.0
266.0
299.0
322.0
272.0
248.0
237.0
382.0
306.0
467.0
340.0
275.0
429.0
212.0
372.0
297.0
251.0
368.0
305.0
257.0
334.0
285.0
262.0
345.0
384.0
423.0
238.0
383.0
275.0
279.0
335.0
243.0
444.0
319.0
265.0
191.0
310.0
354.0
248.0
318.0
255.0
260.0
216.0
316.0
308.0
290.0
297.0
290.0
298.0
242.0
171.0
283.0
305.0
276.0
270.0
313.0
251.0
295.0
405.0
314.0
396.0
425.0
381.0
385.0
203.0
247.0
389.0
485.0
305.0
296.0
413.0
271.0
369.0
217.0
280.0
248.0
266.0
492.0
226.0
347.0
279.0
379.0
434.0
501.0
277.0
424.0
455.0
284.0
283.0
239.0
383.0
238.0
216.0
242.0
380.0
302.0
328.0
264.0
267.0
447.0
321.0
384.0
211.0
380.0
198.0
264.0
271.0
308.0
257.0
380.0
285.0
375.0
290.0
321.0
213.0
320.0
243.0
401.0
254.0
293.0
232.0
333.0
318.0
380.0
407.0
307.0
280.0
364.0
254.0
242.0
240.0
343.0
398.0
248.0
330.0
268.0
313.0
318.0
244.0
286.0
358.0
244.0
242.0
371.0
265.0
281.0
297.0
287.0
284.0
289.0
233.0
200.0
309.0
258.0
329.0
380.0
472.0
334.0
254.0
366.0
350.0
496.0
247.0
357.0
260.0
255.0
355.0
329.0
217.0
189.0
359.0
411.0
390.0
439.0
339.0
295.0
264.0
356.0
211.0
325.0
251.0
244.0
311.0
353.0
322.0
370.0
212.0
245.0
263.0
190.0
272.0
217.0
224.0
327.0
346.0
254.0
229.0
372.0
198.0
337.0
213.0
219.0
239.0
256.0
314.0
405.0
407.0
447.0
314.0
185.0
325.0
412.0
278.0
325.0
312.0
293.0
387.0
221.0
338.0
393.0
324.0
354.0
388.0
417.0
279.0
261.0
185.0
314.0
376.0
179.0
401.0
367.0
361.0
316.0
522.0
269.0
202.0
308.0
318.0
208.0
271.0
819.0
257.0
320.0
326.0
245.0
368.0
254.0
306.0
251.0
304.0
385.0
268.0
230.0
338.0
338.0
286.0
199.0
192.0
296.0
322.0
750.0
274.0
273.0
434.0
271.0
340.0
235.0
305.0
231.0
221.0
302.0
413.0
404.0
163.0
244.0
296.0
412.0
213.0
244.0
333.0
297.0
423.0
314.0
187.0
208.0
354.0
191.0
300.0
224.0
370.0
371.0
202.0
315.0
321.0
271.0
399.0
245.0
380.0
221.0
312.0
239.0
294.0
241.0
353.0
270.0
313.0
391.0
307.0
306.0
253.0
378.0
426.0
222.0
274.0
321.0
282.0
466.0
299.0
268.0
220.0
319.0
279.0
523.0
251.0
311.0
306.0
255.0
347.0
316.0
198.0
401.0
291.0
835.0
331.0
374.0
273.0
362.0
313.0
266.0
237.0
263.0
360.0
211.0
280.0
273.0
227.0
229.0
354.0
389.0
393.0
528.0
274.0
279.0
276.0
275.0
286.0
296.0
257.0
378.0
263.0
335.0
277.0
214.0
343.0
321.0
316.0
383.0
245.0
197.0
335.0
288.0
237.0
250.0
383.0
309.0
295.0
321.0
333.0
403.0
258.0
244.0
462.0
312.0
322.0
239.0
301.0
198.0
385.0
286.0
240.0
450.0
398.0
178.0
327.0
200.0
361.0
226.0
304.0
363.0
258.0
246.0
196.0
232.0
340.0
466.0
363.0
318.0
388.0
290.0
307.0
233.0
206.0
345.0
215.0
450.0
335.0
465.0
321.0
524.0
448.0
388.0
320.0
223.0
371.0
522.0
251.0
267.0
260.0
344.0
396.0
493.0
327.0
370.0
356.0
347.0
338.0
432.0
288.0
299.0
311.0
393.0
435.0
205.0
413.0
217.0
330.0
290.0
253.0
258.0
301.0
253.0
306.0
291.0
961.0
248.0
271.0
192.0
298.0
225.0
345.0
343.0
335.0
315.0
224.0
234.0
314.0
349.0
244.0
313.0
381.0
280.0
249.0
245.0
310.0
440.0
358.0
364.0
237.0
197.0
235.0
324.0
277.0
316.0
424.0
239.0
306.0
209.0
553.0
326.0
342.0
195.0
282.0
465.0
252.0
245.0
286.0
219.0
228.0
364.0
400.0
267.0
256.0
203.0
480.0
200.0
487.0
260.0
327.0
348.0
228.0
244.0
262.0
265.0
366.0
296.0
171.0
554.0
374.0
660.0
276.0
288.0
319.0
256.0
328.0
482.0
335.0
326.0
290.0
533.0
214.0
390.0
297.0
329.0
404.0
253.0
416.0
249.0
400.0
216.0
264.0
340.0
266.0
289.0
264.0
258.0
282.0
222.0
321.0
328.0
278.0
168.0
231.0
241.0
393.0
229.0
280.0
300.0
371.0
393.0
290.0
451.0
392.0
619.0
204.0
304.0
302.0
393.0
218.0
242.0
392.0
336.0
424.0
265.0
235.0
280.0
380.0
364.0
259.0
274.0
386.0
262.0
289.0
268.0
339.0
271.0
285.0
390.0
317.0
342.0
523.0
221.0
296.0
365.0
209.0
271.0
298.0
337.0
351.0
274.0
184.0
417.0
227.0
204.0
269.0
176.0
208.0
522.0
192.0
309.0
365.0
435.0
238.0
311.0
264.0
301.0
413.0
277.0
367.0
288.0
330.0
199.0
261.0
453.0
402.0
248.0
226.0
372.0
319.0
510.0
225.0
360.0
212.0
395.0
302.0
300.0
257.0
356.0
249.0
446.0
530.0
279.0
303.0
314.0
289.0
206.0
300.0
259.0
350.0
405.0
612.0
279.0
288.0
434.0
297.0
318.0
400.0
310.0
260.0
342.0
189.0
378.0
347.0
339.0
268.0
351.0
290.0
348.0
324.0
214.0
387.0
285.0
213.0
271.0
209.0
283.0
280.0
376.0
324.0
329.0
267.0
289.0
249.0
220.0
331.0
312.0
201.0
291.0
305.0
455.0
334.0
334.0
344.0
254.0
427.0
311.0
329.0
307.0
382.0
307.0
326.0
356.0
293.0
279.0
387.0
281.0
244.0
258.0
510.0
287.0
339.0
262.0
259.0
355.0
333.0
317.0
243.0
421.0
275.0
336.0
303.0
295.0
395.0
422.0
306.0
409.0
330.0
354.0
337.0
229.0
451.0
168.0
439.0
275.0
269.0
293.0
268.0
306.0
233.0
298.0
338.0
328.0
271.0
310.0
369.0
331.0
418.0
277.0
283.0
237.0
332.0
278.0
324.0
429.0
289.0
305.0
438.0
349.0
253.0
262.0
325.0
280.0
219.0
293.0
346.0
351.0
240.0
279.0
307.0
277.0
300.0
470.0
324.0
325.0
334.0
246.0
239.0
331.0
479.0
419.0
326.0
234.0
294.0
258.0
183.0
288.0
404.0
256.0
236.0
314.0
328.0
352.0
291.0
298.0
311.0
344.0
317.0
369.0
233.0
257.0
215.0
429.0
195.0
351.0
515.0
261.0
284.0
267.0
397.0
211.0
411.0
322.0
316.0
471.0
248.0
306.0
409.0
335.0
278.0
372.0
289.0
333.0
252.0
370.0
361.0
522.0
297.0
280.0
263.0
331.0
331.0
246.0
259.0
308.0
258.0
266.0
306.0
296.0
211.0
320.0
327.0
415.0
211.0
256.0
395.0
332.0
284.0
260.0
286.0
338.0
495.0
213.0
268.0
210.0
235.0
240.0
360.0
348.0
254.0
242.0
393.0
234.0
288.0
433.0
330.0
247.0
282.0
245.0
327.0
268.0
290.0
450.0
228.0
320.0
272.0
363.0
281.0
272.0
429.0
294.0
245.0
317.0
241.0
354.0
261.0
292.0
273.0
346.0
279.0
234.0
400.0
323.0
256.0
316.0
224.0
325.0
338.0
243.0
350.0
348.0
221.0
320.0
468.0
305.0
340.0
211.0
270.0
299.0
346.0
279.0
302.0
224.0
426.0
348.0
368.0
348.0
302.0
316.0
257.0
293.0
443.0
236.0
293.0
338.0
439.0
325.0
371.0
457.0
179.0
396.0
292.0
310.0
295.0
461.0
321.0
240.0
252.0
359.0
356.0
328.0
289.0
337.0
373.0
201.0
241.0
268.0
501.0
315.0
337.0
303.0
216.0
415.0
300.0
374.0
334.0
239.0
265.0
400.0
214.0
401.0
244.0
285.0
195.0
258.0
322.0
275.0
248.0
379.0
326.0
287.0
199.0
329.0
431.0
366.0
208.0
402.0
299.0
324.0
288.0
243.0
243.0
327.0
322.0
320.0
254.0
256.0
270.0
318.0
447.0
380.0
299.0
224.0
278.0
339.0
210.0
304.0
308.0
329.0
410.0
289.0
313.0
270.0
409.0
328.0
243.0
351.0
301.0
514.0
413.0
203.0
293.0
451.0
287.0
246.0
363.0
315.0
235.0
354.0
226.0
237.0
264.0
260.0
302.0
316.0
267.0
355.0
318.0
437.0
371.0
468.0
234.0
348.0
302.0
270.0
318.0
231.0
415.0
221.0
227.0
376.0
242.0
342.0
278.0
465.0
206.0
276.0
319.0
315.0
237.0
314.0
186.0
270.0
172.0
217.0
340.0
330.0
387.0
404.0
406.0
242.0
251.0
387.0
277.0
317.0
364.0
274.0
440.0
221.0
311.0
215.0
311.0
384.0
345.0
287.0
257.0
248.0
376.0
482.0
324.0
269.0
386.0
264.0
370.0
439.0
290.0
283.0
296.0
203.0
283.0
480.0
270.0
443.0
291.0
431.0
282.0
237.0
318.0
339.0
425.0
253.0
265.0
331.0
293.0
289.0
229.0
341.0
362.0
490.0
286.0
382.0
219.0
300.0
269.0
368.0
228.0
315.0
190.0
262.0
229.0
284.0
400.0
420.0
237.0
308.0
234.0
232.0
242.0
303.0
304.0
307.0
364.0
270.0
279.0
350.0
243.0
234.0
451.0
459.0
168.0
214.0
347.0
303.0
237.0
263.0
315.0
265.0
350.0
243.0
425.0
395.0
293.0
269.0
260.0
321.0
353.0
215.0
283.0
203.0
314.0
405.0
291.0
211.0
322.0
475.0
301.0
367.0
232.0
201.0
231.0
365.0
333.0
310.0
260.0
442.0
262.0
312.0
468.0
256.0
277.0
277.0
327.0
243.0
319.0
296.0
245.0
430.0
245.0
285.0
310.0
316.0
263.0
443.0
227.0
421.0
219.0
213.0
303.0
383.0
338.0
333.0
244.0
179.0
279.0
262.0
276.0
290.0
336.0
540.0
288.0
381.0
218.0
318.0
271.0
329.0
223.0
343.0
320.0
381.0
189.0
408.0
325.0
354.0
432.0
236.0
327.0
159.0
270.0
265.0
625.0
283.0
344.0
261.0
334.0
404.0
364.0
323.0
329.0
292.0
335.0
289.0
243.0
271.0
268.0
247.0
338.0
163.0
202.0
443.0
249.0
255.0
217.0
305.0
387.0
236.0
348.0
305.0
423.0
198.0
270.0
387.0
349.0
268.0
391.0
278.0
316.0
172.0
352.0
215.0
243.0
256.0
234.0
315.0
395.0
297.0
222.0
306.0
362.0
385.0
254.0
278.0
257.0
277.0
332.0
301.0
226.0
324.0
430.0
265.0
387.0
319.0
291.0
436.0
178.0
399.0
323.0
269.0
335.0
591.0
259.0
364.0
246.0
277.0
253.0
481.0
353.0
206.0
409.0
314.0
238.0
533.0
234.0
392.0
262.0
349.0
416.0
316.0
313.0
281.0
229.0
361.0
346.0
378.0
304.0
254.0
351.0
352.0
200.0
262.0
246.0
344.0
314.0
302.0
357.0
309.0
343.0
249.0
313.0
279.0
204.0
279.0
243.0
315.0
237.0
340.0
434.0
385.0
580.0
284.0
252.0
251.0
368.0
301.0
401.0
248.0
301.0
265.0
359.0
228.0
675.0
248.0
283.0
392.0
254.0
347.0
291.0
288.0
270.0
313.0
273.0
277.0
279.0
297.0
288.0
235.0
357.0
410.0
358.0
354.0
372.0
352.0
275.0
456.0
308.0
260.0
348.0
335.0
234.0
271.0
196.0
268.0
1420.0
429.0
286.0
333.0
344.0
360.0
291.0
366.0
327.0
415.0
328.0
2070.0
319.0
242.0
400.0
509.0
191.0
273.0
249.0
319.0
384.0
338.0
241.0
240.0
248.0
360.0
323.0
359.0
276.0
448.0
468.0
353.0
382.0
306.0
363.0
305.0
420.0
336.0
262.0
291.0
282.0
291.0
410.0
290.0
504.0
245.0
263.0
172.0
253.0
409.0
501.0
205.0
375.0
384.0
303.0
274.0
271.0
302.0
301.0
475.0
387.0
234.0
304.0
200.0
346.0
282.0
387.0
226.0
245.0
409.0
200.0
382.0
349.0
261.0
450.0
221.0
289.0
193.0
301.0
440.0
397.0
254.0
248.0
277.0
293.0
474.0
331.0
301.0
315.0
271.0
387.0
283.0
297.0
291.0
413.0
253.0
555.0
330.0
195.0
354.0
206.0
236.0
457.0
408.0
360.0
303.0
166.0
215.0
422.0
257.0
291.0
309.0
416.0
156.0
398.0
638.0
335.0
209.0
260.0
275.0
310.0
327.0
252.0
254.0
389.0
295.0
350.0
412.0
347.0
576.0
336.0
344.0
263.0
448.0
306.0
545.0
338.0
421.0
374.0
267.0
617.0
309.0
339.0
294.0
222.0
316.0
312.0
373.0
365.0
313.0
219.0
325.0
248.0
268.0
272.0
302.0
308.0
211.0
548.0
346.0
237.0
267.0
302.0
344.0
336.0
227.0
207.0
260.0
300.0
368.0
336.0
274.0
312.0
300.0
308.0
313.0
306.0
329.0
287.0
245.0
224.0
321.0
326.0
353.0
310.0
346.0
299.0
308.0
316.0
213.0
313.0
295.0
251.0
414.0
306.0
369.0
277.0
350.0
410.0
439.0
343.0
249.0
257.0
363.0
270.0
275.0
237.0
262.0
250.0
270.0
315.0
264.0
313.0
261.0
259.0
349.0
289.0
239.0
546.0
334.0
279.0
423.0
224.0
359.0
220.0
279.0
372.0
287.0
447.0
332.0
223.0
398.0
298.0
517.0
199.0
248.0
402.0
471.0
373.0
394.0
314.0
336.0
175.0
337.0
283.0
223.0
260.0
257.0
235.0
312.0
235.0
270.0
454.0
341.0
317.0
271.0
331.0
366.0
261.0
366.0
300.0
222.0
264.0
283.0
378.0
341.0
380.0
299.0
350.0
294.0
305.0
330.0
239.0
278.0
343.0
212.0
246.0
288.0
331.0
371.0
249.0
296.0
348.0
369.0
369.0
302.0
353.0
335.0
381.0
385.0
298.0
257.0
241.0
244.0
320.0
271.0
342.0
385.0
381.0
382.0
240.0
274.0
243.0
354.0
311.0
296.0
376.0
251.0
410.0
243.0
305.0
280.0
295.0
266.0
339.0
278.0
352.0
311.0
350.0
298.0
266.0
236.0
407.0
221.0
202.0
379.0
227.0
322.0
332.0
407.0
314.0
438.0
302.0
254.0
331.0
270.0
242.0
270.0
262.0
276.0
269.0
304.0
310.0
479.0
223.0
284.0
329.0
371.0
318.0
271.0
347.0
228.0
349.0
471.0
364.0
367.0
275.0
447.0
247.0
299.0
281.0
302.0
422.0
326.0
311.0
309.0
200.0
341.0
257.0
256.0
276.0
254.0
274.0
242.0
351.0
300.0
252.0
332.0
408.0
355.0
287.0
393.0
283.0
357.0
290.0
251.0
253.0
287.0
225.0
301.0
634.0
289.0
401.0
313.0
235.0
235.0
219.0
320.0
384.0
205.0
351.0
377.0
297.0
228.0
304.0
407.0
186.0
323.0
344.0
424.0
272.0
326.0
342.0
510.0
270.0
271.0
334.0
374.0
405.0
466.0
298.0
351.0
307.0
338.0
331.0
311.0
316.0
203.0
255.0
312.0
291.0
421.0
217.0
272.0
257.0
294.0
183.0
294.0
229.0
272.0
435.0
447.0
296.0
222.0
248.0
344.0
312.0
271.0
267.0
210.0
336.0
308.0
291.0
271.0
281.0
473.0
294.0
229.0
368.0
251.0
263.0
372.0
409.0
293.0
220.0
257.0
360.0
225.0
301.0
278.0
243.0
233.0
396.0
270.0
278.0
288.0
318.0
372.0
258.0
312.0
376.0
356.0
240.0
306.0
293.0
227.0
405.0
354.0
279.0
291.0
420.0
294.0
275.0
222.0
271.0
346.0
450.0
304.0
424.0
292.0
298.0
319.0
296.0
281.0
379.0
308.0
448.0
242.0
359.0
367.0
269.0
434.0
318.0
324.0
253.0
353.0
344.0
329.0
256.0
265.0
306.0
342.0
371.0
279.0
226.0
335.0
278.0
266.0
269.0
375.0
276.0
284.0
328.0
321.0
255.0
395.0
337.0
322.0
307.0
351.0
236.0
249.0
323.0
731.0
263.0
318.0
366.0
228.0
381.0
273.0
224.0
286.0
263.0
224.0
361.0
371.0
315.0
210.0
320.0
398.0
299.0
238.0
300.0
302.0
169.0
193.0
204.0
248.0
332.0
326.0
345.0
364.0
258.0
379.0
267.0
374.0
412.0
286.0
227.0
273.0
493.0
297.0
309.0
410.0
334.0
362.0
363.0
270.0
223.0
537.0
379.0
502.0
403.0
341.0
224.0
335.0
230.0
524.0
287.0
368.0
308.0
268.0
360.0
226.0
335.0
320.0
294.0
341.0
273.0
372.0
464.0
244.0
365.0
280.0
245.0
318.0
360.0
216.0
435.0
237.0
338.0
312.0
281.0
220.0
249.0
311.0
271.0
329.0
264.0
238.0
331.0
410.0
403.0
275.0
331.0
321.0
391.0
291.0
316.0
345.0
212.0
313.0
299.0
437.0
340.0
275.0
415.0
281.0
149.0
266.0
347.0
354.0
434.0
350.0
233.0
330.0
333.0
246.0
410.0
346.0
207.0
261.0
282.0
246.0
304.0
334.0
282.0
334.0
352.0
305.0
397.0
313.0
237.0
372.0
297.0
323.0
342.0
273.0
384.0
305.0
210.0
370.0
272.0
423.0
288.0
279.0
371.0
293.0
175.0
407.0
348.0
213.0
212.0
542.0
315.0
367.0
231.0
296.0
312.0
471.0
316.0
198.0
277.0
287.0
345.0
377.0
261.0
295.0
257.0
199.0
297.0
289.0
456.0
219.0
215.0
206.0
384.0
331.0
360.0
240.0
203.0
232.0
298.0
306.0
332.0
224.0
245.0
294.0
286.0
272.0
261.0
353.0
373.0
240.0
308.0
191.0
344.0
342.0
273.0
293.0
211.0
300.0
415.0
224.0
333.0
417.0
437.0
291.0
277.0
435.0
262.0
286.0
286.0
215.0
288.0
306.0
348.0
324.0
317.0
210.0
274.0
291.0
210.0
183.0
337.0
265.0
248.0
411.0
344.0
287.0
389.0
178.0
298.0
334.0
336.0
256.0
306.0
236.0
291.0
400.0
354.0
316.0
224.0
333.0
428.0
195.0
218.0
364.0
427.0
371.0
347.0
225.0
296.0
347.0
461.0
286.0
283.0
370.0
301.0
615.0
269.0
246.0
200.0
318.0
290.0
397.0
283.0
325.0
320.0
351.0
287.0
341.0
297.0
273.0
410.0
192.0
231.0
249.0
369.0
253.0
269.0
247.0
332.0
339.0
485.0
260.0
259.0
293.0
206.0
375.0
242.0
353.0
155.0
248.0
317.0
230.0
332.0
400.0
285.0
299.0
274.0
382.0
333.0
215.0
222.0
370.0
398.0
416.0
287.0
378.0
278.0
329.0
251.0
386.0
414.0
308.0
237.0
394.0
273.0
232.0
215.0
1021.0
325.0
361.0
245.0
248.0
236.0
207.0
205.0
352.0
345.0
1107.0
256.0
300.0
247.0
328.0
401.0
326.0
315.0
359.0
311.0
451.0
303.0
328.0
538.0
405.0
284.0
248.0
401.0
372.0
519.0
217.0
393.0
327.0
371.0
330.0
327.0
328.0
263.0
531.0
312.0
189.0
409.0
451.0
295.0
180.0
299.0
262.0
334.0
325.0
262.0
282.0
296.0
254.0
265.0
305.0
296.0
277.0
234.0
258.0
300.0
232.0
397.0
293.0
418.0
355.0
412.0
338.0
273.0
260.0
412.0
320.0
276.0
236.0
188.0
240.0
231.0
340.0
228.0
267.0
379.0
344.0
300.0
284.0
307.0
342.0
265.0
306.0
380.0
306.0
300.0
175.0
356.0
243.0
444.0
325.0
298.0
240.0
388.0
212.0
260.0
252.0
293.0
332.0
407.0
348.0
425.0
195.0
266.0
294.0
377.0
364.0
308.0
270.0
369.0
553.0
319.0
313.0
301.0
293.0
282.0
310.0
300.0
284.0
286.0
300.0
297.0
356.0
260.0
209.0
228.0
288.0
296.0
274.0
488.0
466.0
237.0
255.0
380.0
451.0
286.0
255.0
303.0
331.0
557.0
221.0
297.0
513.0
258.0
376.0
280.0
271.0
194.0
283.0
235.0
268.0
270.0
229.0
353.0
407.0
290.0
354.0
310.0
339.0
326.0
309.0
287.0
252.0
232.0
238.0
367.0
392.0
269.0
239.0
284.0
312.0
431.0
353.0
324.0
308.0
288.0
291.0
247.0
309.0
422.0
261.0
261.0
243.0
279.0
322.0
229.0
333.0
446.0
326.0
292.0
388.0
304.0
247.0
405.0
257.0
319.0
253.0
264.0
286.0
347.0
368.0
278.0
301.0
399.0
243.0
339.0
348.0
285.0
302.0
286.0
293.0
365.0
191.0
299.0
426.0
226.0
326.0
308.0
461.0
254.0
355.0
265.0
432.0
218.0
373.0
233.0
230.0
344.0
357.0
374.0
391.0
386.0
246.0
401.0
264.0
352.0
453.0
301.0
388.0
283.0
209.0
365.0
253.0
415.0
271.0
306.0
344.0
394.0
325.0
458.0
231.0
309.0
249.0
248.0
345.0
467.0
350.0
275.0
282.0
168.0
390.0
217.0
371.0
390.0
349.0
277.0
332.0
241.0
236.0
316.0
295.0
274.0
352.0
330.0
242.0
258.0
615.0
401.0
346.0
247.0
348.0
276.0
263.0
274.0
258.0
242.0
295.0
283.0
347.0
280.0
342.0
371.0
262.0
200.0
297.0
280.0
314.0
320.0
351.0
206.0
235.0
293.0
400.0
359.0
406.0
442.0
453.0
287.0
314.0
303.0
424.0
232.0
321.0
395.0
262.0
287.0
283.0
289.0
287.0
233.0
239.0
297.0
351.0
260.0
329.0
289.0
431.0
267.0
224.0
263.0
290.0
436.0
278.0
395.0
302.0
258.0
272.0
400.0
227.0
359.0
267.0
286.0
267.0
256.0
276.0
352.0
444.0
235.0
308.0
241.0
264.0
442.0
316.0
362.0
351.0
316.0
291.0
215.0
299.0
280.0
259.0
365.0
295.0
285.0
341.0
506.0
332.0
390.0
291.0
341.0
353.0
309.0
257.0
252.0
345.0
304.0
360.0
221.0
357.0
327.0
291.0
240.0
248.0
224.0
213.0
349.0
334.0
398.0
341.0
245.0
263.0
296.0
273.0
292.0
287.0
222.0
336.0
403.0
221.0
293.0
234.0
291.0
216.0
517.0
498.0
260.0
385.0
252.0
390.0
339.0
360.0
235.0
338.0
384.0
377.0
287.0
264.0
413.0
341.0
360.0
252.0
331.0
265.0
487.0
359.0
255.0
366.0
255.0
330.0
353.0
406.0
276.0
377.0
412.0
451.0
267.0
262.0
307.0
284.0
351.0
308.0
475.0
304.0
259.0
233.0
357.0
371.0
327.0
357.0
335.0
444.0
283.0
341.0
185.0
304.0
287.0
293.0
341.0
274.0
246.0
291.0
308.0
295.0
361.0
256.0
356.0
314.0
274.0
286.0
333.0
188.0
233.0
231.0
318.0
381.0
378.0
214.0
331.0
491.0
249.0
332.0
341.0
325.0
319.0
261.0
316.0
439.0
408.0
321.0
313.0
297.0
362.0
406.0
226.0
324.0
234.0
281.0
317.0
310.0
342.0
358.0
189.0
298.0
286.0
382.0
312.0
246.0
341.0
287.0
213.0
256.0
375.0
331.0
258.0
379.0
372.0
458.0
384.0
375.0
345.0
341.0
311.0
224.0
465.0
404.0
332.0
255.0
308.0
319.0
344.0
366.0
251.0
329.0
301.0
451.0
341.0
267.0
331.0
374.0
305.0
279.0
287.0
319.0
231.0
309.0
394.0
309.0
380.0
260.0
289.0
354.0
298.0
156.0
235.0
184.0
284.0
316.0
296.0
319.0
321.0
273.0
259.0
417.0
394.0
263.0
221.0
301.0
252.0
408.0
300.0
304.0
222.0
278.0
399.0
286.0
274.0
292.0
423.0
327.0
218.0
266.0
338.0
347.0
359.0
415.0
426.0
316.0
334.0
382.0
549.0
298.0
298.0
380.0
270.0
255.0
382.0
376.0
283.0
344.0
294.0
336.0
258.0
305.0
411.0
273.0
355.0
358.0
312.0
400.0
230.0
223.0
325.0
286.0
309.0
426.0
313.0
410.0
327.0
338.0
413.0
289.0
362.0
323.0
317.0
305.0
505.0
344.0
391.0
217.0
385.0
354.0
275.0
302.0
316.0
410.0
293.0
413.0
340.0
232.0
310.0
291.0
256.0
271.0
375.0
388.0
289.0
254.0
214.0
239.0
280.0
228.0
268.0
273.0
267.0
187.0
286.0
242.0
230.0
287.0
268.0
327.0
245.0
417.0
197.0
387.0
257.0
250.0
387.0
376.0
377.0
270.0
332.0
378.0
370.0
165.0
339.0
303.0
621.0
387.0
292.0
295.0
277.0
260.0
340.0
373.0
264.0
325.0
287.0
379.0
264.0
367.0
262.0
255.0
382.0
346.0
284.0
315.0
309.0
233.0
328.0
305.0
259.0
297.0
442.0
230.0
229.0
535.0
404.0
295.0
283.0
375.0
432.0
306.0
274.0
321.0
280.0
287.0
270.0
449.0
301.0
396.0
524.0
302.0
358.0
284.0
226.0
419.0
305.0
249.0
267.0
382.0
284.0
381.0
279.0
355.0
389.0
279.0
218.0
227.0
337.0
302.0
335.0
304.0
505.0
208.0
381.0
331.0
325.0
380.0
289.0
315.0
322.0
269.0
234.0
270.0
280.0
291.0
222.0
278.0
266.0
252.0
455.0
338.0
343.0
344.0
212.0
264.0
276.0
293.0
354.0
361.0
255.0
343.0
372.0
268.0
249.0
291.0
451.0
282.0
280.0
469.0
182.0
286.0
265.0
370.0
278.0
334.0
286.0
285.0
396.0
308.0
415.0
364.0
306.0
281.0
237.0
287.0
423.0
311.0
393.0
283.0
374.0
296.0
283.0
215.0
275.0
322.0
280.0
271.0
358.0
247.0
369.0
417.0
304.0
399.0
328.0
416.0
263.0
476.0
302.0
182.0
319.0
306.0
313.0
352.0
359.0
253.0
228.0
258.0
328.0
355.0
283.0
368.0
320.0
270.0
323.0
280.0
266.0
225.0
342.0
288.0
325.0
348.0
203.0
244.0
310.0
320.0
264.0
272.0
246.0
318.0
374.0
346.0
290.0
271.0
285.0
226.0
209.0
395.0
335.0
268.0
382.0
288.0
332.0
249.0
310.0
347.0
324.0
236.0
196.0
370.0
420.0
283.0
379.0
366.0
383.0
324.0
378.0
267.0
396.0
248.0
177.0
485.0
175.0
161.0
285.0
262.0
310.0
354.0
410.0
281.0
343.0
398.0
363.0
328.0
269.0
270.0
352.0
265.0
233.0
404.0
174.0
275.0
273.0
210.0
183.0
329.0
349.0
412.0
315.0
293.0
386.0
287.0
334.0
310.0
264.0
265.0
375.0
285.0
458.0
355.0
218.0
383.0
411.0
212.0
218.0
259.0
325.0
313.0
289.0
243.0
381.0
192.0
235.0
228.0
230.0
382.0
373.0
329.0
320.0
396.0
248.0
260.0
294.0
297.0
293.0
405.0
365.0
317.0
453.0
424.0
273.0
346.0
301.0
264.0
253.0
231.0
325.0
216.0
338.0
293.0
321.0
441.0
255.0
257.0
323.0
218.0
347.0
356.0
289.0
335.0
365.0
312.0
253.0
280.0
355.0
362.0
362.0
355.0
249.0
285.0
463.0
300.0
441.0
397.0
221.0
352.0
200.0
332.0
383.0
316.0
503.0
402.0
447.0
241.0
337.0
247.0
307.0
340.0
442.0
247.0
230.0
465.0
246.0
222.0
376.0
397.0
318.0
350.0
326.0
243.0
430.0
400.0
471.0
269.0
263.0
218.0
203.0
294.0
291.0
288.0
236.0
310.0
312.0
332.0
359.0
179.0
290.0
314.0
289.0
227.0
359.0
339.0
272.0
268.0
270.0
291.0
295.0
201.0
257.0
424.0
301.0
328.0
261.0
262.0
249.0
261.0
384.0
314.0
242.0
248.0
284.0
330.0
302.0
200.0
279.0
386.0
302.0
271.0
269.0
343.0
556.0
416.0
240.0
290.0
360.0
273.0
198.0
260.0
288.0
315.0
398.0
417.0
297.0
310.0
332.0
287.0
314.0
448.0
260.0
433.0
299.0
229.0
350.0
212.0
276.0
258.0
251.0
255.0
378.0
420.0
208.0
230.0
269.0
306.0
281.0
449.0
382.0
308.0
304.0
221.0
322.0
350.0
348.0
359.0
306.0
313.0
282.0
304.0
183.0
364.0
369.0
248.0
344.0
195.0
333.0
345.0
334.0
362.0
273.0
240.0
246.0
269.0
302.0
294.0
286.0
345.0
419.0
277.0
415.0
296.0
235.0
356.0
311.0
293.0
388.0
290.0
195.0
225.0
315.0
249.0
383.0
251.0
268.0
292.0
168.0
293.0
340.0
313.0
256.0
240.0
348.0
370.0
281.0
370.0
379.0
303.0
359.0
309.0
251.0
283.0
242.0
259.0
353.0
461.0
378.0
269.0
405.0
327.0
675.0
344.0
221.0
330.0
317.0
400.0
294.0
331.0
292.0
352.0
445.0
280.0
298.0
274.0
267.0
312.0
321.0
282.0
244.0
367.0
424.0
270.0
249.0
246.0
382.0
243.0
330.0
376.0
228.0
254.0
338.0
289.0
284.0
414.0
281.0
360.0
324.0
292.0
197.0
281.0
289.0
253.0
341.0
238.0
319.0
297.0
213.0
302.0
292.0
193.0
317.0
588.0
381.0
305.0
389.0
363.0
228.0
351.0
275.0
318.0
482.0
269.0
347.0
355.0
273.0
381.0
415.0
267.0
343.0
312.0
267.0
212.0
268.0
177.0
359.0
282.0
280.0
255.0
335.0
284.0
242.0
376.0
508.0
439.0
336.0
272.0
264.0
335.0
321.0
374.0
297.0
406.0
340.0
401.0
215.0
339.0
344.0
385.0
394.0
285.0
265.0
454.0
237.0
239.0
265.0
342.0
307.0
268.0
356.0
307.0
353.0
314.0
206.0
257.0
341.0
257.0
330.0
400.0
356.0
323.0
210.0
294.0
569.0
241.0
300.0
281.0
315.0
210.0
344.0
395.0
381.0
267.0
351.0
397.0
281.0
364.0
179.0
329.0
353.0
246.0
355.0
422.0
261.0
412.0
211.0
283.0
333.0
189.0
284.0
341.0
251.0
389.0
369.0
298.0
299.0
265.0
510.0
177.0
606.0
313.0
299.0
271.0
320.0
329.0
436.0
286.0
451.0
404.0
225.0
262.0
336.0
142.0
242.0
306.0
326.0
275.0
395.0
284.0
216.0
310.0
242.0
343.0
273.0
338.0
261.0
362.0
465.0
310.0
425.0
187.0
199.0
352.0
326.0
253.0
517.0
308.0
328.0
277.0
299.0
212.0
262.0
329.0
280.0
310.0
309.0
460.0
306.0
321.0
252.0
405.0
228.0
173.0
262.0
224.0
328.0
481.0
363.0
342.0
373.0
413.0
348.0
364.0
224.0
307.0
219.0
258.0
354.0
251.0
360.0
421.0
280.0
412.0
375.0
277.0
414.0
264.0
351.0
198.0
320.0
352.0
344.0
284.0
382.0
335.0
422.0
429.0
302.0
191.0
335.0
341.0
344.0
413.0
243.0
303.0
398.0
381.0
282.0
178.0
259.0
285.0
354.0
268.0
325.0
340.0
406.0
265.0
279.0
251.0
485.0
275.0
301.0
258.0
395.0
386.0
298.0
211.0
296.0
325.0
305.0
277.0
439.0
275.0
262.0
382.0
250.0
303.0
324.0
499.0
225.0
246.0
300.0
291.0
295.0
181.0
277.0
374.0
362.0
236.0
298.0
316.0
217.0
293.0
338.0
394.0
285.0
298.0
434.0
388.0
365.0
433.0
339.0
363.0
319.0
335.0
305.0
267.0
221.0
358.0
318.0
212.0
369.0
416.0
349.0
363.0
401.0
244.0
393.0
310.0
249.0
408.0
296.0
344.0
270.0
392.0
304.0
343.0
285.0
335.0
289.0
180.0
348.0
286.0
357.0
398.0
342.0
276.0
424.0
253.0
405.0
288.0
412.0
195.0
323.0
362.0
352.0
318.0
345.0
235.0
175.0
345.0
297.0
240.0
436.0
298.0
498.0
379.0
251.0
299.0
290.0
343.0
261.0
311.0
281.0
375.0
304.0
312.0
296.0
352.0
300.0
352.0
295.0
293.0
253.0
342.0
399.0
281.0
390.0
353.0
372.0
285.0
453.0
358.0
248.0
348.0
307.0
325.0
333.0
289.0
301.0
269.0
431.0
357.0
357.0
439.0
397.0
225.0
303.0
528.0
440.0
353.0
291.0
381.0
430.0
359.0
246.0
337.0
384.0
263.0
372.0
405.0
348.0
252.0
316.0
388.0
254.0
312.0
389.0
261.0
294.0
360.0
182.0
334.0
305.0
296.0
320.0
368.0
346.0
581.0
364.0
346.0
336.0
286.0
405.0
254.0
317.0
328.0
368.0
292.0
360.0
252.0
390.0
362.0
319.0
288.0
347.0
296.0
233.0
311.0
330.0
319.0
319.0
275.0
318.0
285.0
447.0
592.0
303.0
238.0
232.0
305.0
258.0
236.0
356.0
229.0
404.0
264.0
299.0
245.0
238.0
312.0
315.0
368.0
353.0
257.0
252.0
302.0
323.0
336.0
306.0
224.0
365.0
295.0
391.0
250.0
470.0
344.0
287.0
248.0
293.0
320.0
373.0
406.0
303.0
262.0
336.0
302.0
456.0
334.0
353.0
342.0
325.0
266.0
313.0
225.0
414.0
427.0
392.0
226.0
468.0
265.0
390.0
241.0
340.0
289.0
266.0
278.0
331.0
265.0
239.0
303.0
275.0
249.0
274.0
448.0
270.0
224.0
688.0
268.0
424.0
317.0
348.0
255.0
233.0
309.0
279.0
281.0
364.0
382.0
537.0
260.0
242.0
343.0
325.0
221.0
254.0
295.0
250.0
288.0
305.0
480.0
338.0
459.0
431.0
222.0
227.0
271.0
221.0
350.0
315.0
250.0
278.0
372.0
438.0
262.0
322.0
290.0
302.0
361.0
265.0
256.0
359.0
363.0
323.0
270.0
232.0
372.0
303.0
255.0
398.0
308.0
325.0
247.0
295.0
309.0
333.0
309.0
204.0
350.0
356.0
257.0
307.0
253.0
348.0
286.0
273.0
283.0
312.0
238.0
573.0
343.0
356.0
304.0
246.0
337.0
266.0
239.0
261.0
455.0
273.0
292.0
429.0
376.0
288.0
290.0
363.0
361.0
319.0
301.0
288.0
251.0
328.0
269.0
338.0
271.0
232.0
339.0
240.0
273.0
348.0
283.0
335.0
294.0
465.0
269.0
327.0
386.0
263.0
265.0
280.0
331.0
265.0
263.0
459.0
313.0
215.0
430.0
347.0
251.0
210.0
460.0
261.0
255.0
382.0
357.0
323.0
333.0
232.0
267.0
314.0
336.0
334.0
311.0
269.0
426.0
437.0
357.0
290.0
242.0
291.0
185.0
389.0
335.0
258.0
299.0
430.0
337.0
272.0
320.0
291.0
267.0
328.0
346.0
293.0
269.0
311.0
309.0
279.0
338.0
195.0
268.0
371.0
387.0
318.0
256.0
356.0
189.0
464.0
228.0
312.0
362.0
321.0
343.0
431.0
428.0
251.0
360.0
204.0
193.0
405.0
299.0
418.0
379.0
482.0
235.0
320.0
296.0
310.0
223.0
254.0
351.0
266.0
257.0
230.0
378.0
298.0
236.0
240.0
270.0
275.0
331.0
272.0
236.0
463.0
260.0
196.0
300.0
630.0
317.0
444.0
275.0
278.0
278.0
261.0
278.0
285.0
178.0
323.0
322.0
276.0
225.0
359.0
357.0
281.0
247.0
367.0
342.0
260.0
291.0
231.0
226.0
317.0
284.0
194.0
292.0
356.0
201.0
349.0
425.0
278.0
435.0
386.0
397.0
243.0
463.0
322.0
268.0
216.0
261.0
429.0
269.0
342.0
585.0
333.0
568.0
234.0
270.0
378.0
276.0
290.0
214.0
249.0
342.0
249.0
349.0
325.0
331.0
329.0
421.0
185.0
266.0
280.0
305.0
284.0
240.0
406.0
229.0
314.0
299.0
253.0
277.0
329.0
267.0
304.0
242.0
301.0
305.0
463.0
270.0
262.0
484.0
221.0
310.0
375.0
338.0
276.0
312.0
411.0
250.0
146.0
334.0
279.0
471.0
227.0
188.0
256.0
258.0
465.0
234.0
460.0
287.0
291.0
239.0
308.0
308.0
341.0
277.0
264.0
364.0
255.0
395.0
311.0
205.0
330.0
378.0
240.0
378.0
290.0
303.0
324.0
230.0
269.0
274.0
347.0
181.0
384.0
299.0
499.0
342.0
444.0
339.0
236.0
300.0
324.0
411.0
361.0
254.0
333.0
379.0
394.0
260.0
512.0
329.0
359.0
299.0
302.0
229.0
319.0
326.0
265.0
423.0
372.0
335.0
216.0
291.0
250.0
318.0
305.0
196.0
286.0
318.0
302.0
597.0
258.0
344.0
301.0
395.0
225.0
374.0
278.0
288.0
370.0
266.0
263.0
246.0
312.0
443.0
256.0
433.0
362.0
258.0
250.0
269.0
361.0
306.0
248.0
329.0
312.0
345.0
425.0
261.0
301.0
280.0
288.0
334.0
381.0
302.0
415.0
348.0
438.0
295.0
433.0
143.0
397.0
356.0
334.0
263.0
299.0
338.0
274.0
253.0
262.0
339.0
357.0
375.0
321.0
304.0
320.0
277.0
279.0
304.0
291.0
241.0
297.0
263.0
291.0
234.0
317.0
307.0
298.0
330.0
277.0
277.0
189.0
321.0
258.0
305.0
352.0
288.0
388.0
331.0
336.0
399.0
353.0
319.0
266.0
284.0
436.0
258.0
508.0
519.0
265.0
187.0
188.0
438.0
222.0
409.0
342.0
213.0
330.0
458.0
254.0
442.0
313.0
387.0
428.0
228.0
276.0
309.0
337.0
256.0
290.0
237.0
297.0
227.0
296.0
260.0
277.0
180.0
304.0
283.0
316.0
355.0
351.0
281.0
265.0
254.0
298.0
374.0
164.0
470.0
363.0
271.0
379.0
206.0
247.0
204.0
286.0
205.0
417.0
351.0
306.0
328.0
266.0
303.0
246.0
311.0
331.0
252.0
352.0
244.0
293.0
301.0
303.0
294.0
397.0
409.0
341.0
461.0
260.0
209.0
230.0
319.0
299.0
350.0
242.0
274.0
396.0
271.0
379.0
347.0
317.0
308.0
340.0
289.0
372.0
347.0
306.0
309.0
228.0
340.0
303.0
448.0
268.0
363.0
293.0
320.0
274.0
262.0
369.0
291.0
275.0
390.0
232.0
319.0
356.0
289.0
141.0
321.0
454.0
266.0
280.0
312.0
350.0
354.0
293.0
317.0
324.0
302.0
334.0
289.0
241.0
481.0
326.0
300.0
315.0
307.0
346.0
244.0
399.0
324.0
248.0
295.0
526.0
212.0
287.0
318.0
347.0
245.0
275.0
321.0
245.0
206.0
387.0
314.0
328.0
369.0
269.0
485.0
292.0
254.0
301.0
322.0
307.0
333.0
439.0
256.0
287.0
206.0
465.0
218.0
446.0
321.0
246.0
335.0
319.0
483.0
297.0
303.0
284.0
308.0
264.0
245.0
321.0
382.0
347.0
257.0
313.0
274.0
356.0
373.0
224.0
420.0
390.0
310.0
256.0
272.0
333.0
250.0
337.0
251.0
335.0
342.0
337.0
315.0
544.0
382.0
226.0
292.0
199.0
301.0
402.0
215.0
293.0
287.0
368.0
249.0
306.0
263.0
252.0
347.0
230.0
213.0
338.0
373.0
279.0
545.0
510.0
394.0
302.0
435.0
407.0
349.0
360.0
312.0
374.0
391.0
218.0
305.0
263.0
331.0
295.0
292.0
323.0
375.0
334.0
256.0
311.0
307.0
278.0
342.0
387.0
277.0
349.0
354.0
256.0
261.0
363.0
272.0
315.0
369.0
375.0
395.0
230.0
394.0
243.0
305.0
309.0
242.0
428.0
302.0
427.0
345.0
350.0
410.0
320.0
316.0
497.0
440.0
295.0
310.0
348.0
231.0
494.0
220.0
318.0
274.0
283.0
205.0
267.0
306.0
275.0
452.0
270.0
352.0
339.0
421.0
243.0
450.0
296.0
285.0
228.0
432.0
417.0
237.0
287.0
241.0
372.0
258.0
399.0
361.0
257.0
331.0
283.0
438.0
221.0
442.0
354.0
222.0
298.0
298.0
306.0
279.0
242.0
284.0
175.0
600.0
344.0
330.0
508.0
309.0
437.0
355.0
306.0
330.0
338.0
445.0
351.0
303.0
232.0
364.0
314.0
347.0
375.0
301.0
278.0
314.0
328.0
275.0
363.0
267.0
385.0
250.0
453.0
320.0
328.0
278.0
216.0
349.0
379.0
452.0
380.0
224.0
365.0
215.0
280.0
295.0
323.0
292.0
295.0
378.0
397.0
390.0
300.0
313.0
681.0
346.0
222.0
293.0
382.0
249.0
328.0
350.0
321.0
269.0
302.0
319.0
270.0
184.0
408.0
329.0
258.0
458.0
382.0
306.0
270.0
276.0
376.0
387.0
306.0
379.0
302.0
345.0
388.0
316.0
303.0
353.0
254.0
462.0
260.0
299.0
323.0
336.0
329.0
261.0
244.0
362.0
424.0
244.0
361.0
350.0
357.0
384.0
260.0
286.0
232.0
236.0
416.0
211.0
299.0
272.0
224.0
306.0
479.0
311.0
246.0
360.0
249.0
302.0
269.0
294.0
187.0
261.0
279.0
232.0
362.0
410.0
1256.0
384.0
420.0
320.0
280.0
310.0
350.0
286.0
331.0
306.0
272.0
331.0
205.0
202.0
244.0
251.0
233.0
283.0
265.0
263.0
348.0
241.0
377.0
380.0
218.0
302.0
275.0
254.0
348.0
312.0
200.0
347.0
318.0
320.0
387.0
269.0
492.0
276.0
403.0
302.0
288.0
448.0
343.0
302.0
409.0
302.0
315.0
250.0
234.0
413.0
325.0
359.0
307.0
317.0
361.0
276.0
253.0
342.0
246.0
276.0
309.0
232.0
350.0
305.0
322.0
364.0
473.0
270.0
432.0
221.0
386.0
408.0
252.0
386.0
247.0
277.0
342.0
217.0
361.0
393.0
224.0
277.0
245.0
433.0
310.0
212.0
370.0
265.0
374.0
302.0
317.0
353.0
280.0
315.0
297.0
356.0
323.0
203.0
304.0
353.0
297.0
348.0
295.0
493.0
270.0
224.0
291.0
231.0
278.0
453.0
343.0
390.0
300.0
294.0
385.0
297.0
339.0
227.0
229.0
497.0
261.0
484.0
317.0
361.0
289.0
233.0
359.0
310.0
296.0
234.0
380.0
278.0
408.0
306.0
305.0
242.0
261.0
416.0
389.0
316.0
249.0
319.0
339.0
416.0
316.0
291.0
224.0
257.0
259.0
282.0
448.0
312.0
334.0
322.0
365.0
418.0
323.0
321.0
249.0
242.0
345.0
251.0
278.0
281.0
235.0
335.0
408.0
346.0
310.0
427.0
354.0
382.0
262.0
205.0
315.0
469.0
330.0
212.0
225.0
218.0
478.0
337.0
384.0
356.0
317.0
235.0
305.0
331.0
310.0
203.0
378.0
286.0
260.0
256.0
400.0
462.0
361.0
281.0
230.0
322.0
265.0
467.0
180.0
306.0
280.0
382.0
297.0
434.0
290.0
390.0
386.0
273.0
352.0
331.0
307.0
377.0
369.0
325.0
311.0
350.0
250.0
342.0
221.0
216.0
337.0
322.0
250.0
449.0
250.0
296.0
316.0
309.0
286.0
410.0
369.0
297.0
335.0
419.0
285.0
314.0
184.0
270.0
304.0
319.0
370.0
251.0
253.0
289.0
411.0
389.0
331.0
331.0
289.0
295.0
284.0
359.0
266.0
325.0
367.0
388.0
267.0
222.0
264.0
380.0
376.0
319.0
197.0
528.0
306.0
390.0
510.0
303.0
278.0
345.0
636.0
275.0
293.0
300.0
296.0
340.0
313.0
762.0
256.0
230.0
213.0
255.0
284.0
275.0
298.0
290.0
366.0
239.0
262.0
307.0
319.0
289.0
276.0
250.0
326.0
265.0
249.0
283.0
316.0
240.0
322.0
288.0
217.0
284.0
272.0
366.0
370.0
295.0
354.0
237.0
313.0
326.0
545.0
293.0
297.0
267.0
373.0
376.0
329.0
343.0
360.0
366.0
550.0
293.0
323.0
437.0
227.0
379.0
226.0
288.0
269.0
261.0
350.0
277.0
292.0
267.0
769.0
281.0
209.0
394.0
159.0
320.0
333.0
375.0
303.0
402.0
353.0
353.0
311.0
300.0
289.0
269.0
240.0
258.0
252.0
302.0
243.0
208.0
345.0
337.0
189.0
220.0
418.0
354.0
384.0
487.0
274.0
230.0
197.0
303.0
401.0
213.0
295.0
205.0
456.0
203.0
314.0
284.0
268.0
246.0
272.0
312.0
315.0
213.0
339.0
334.0
449.0
183.0
385.0
301.0
223.0
241.0
292.0
417.0
446.0
384.0
342.0
317.0
327.0
347.0
285.0
252.0
309.0
412.0
427.0
362.0
333.0
230.0
264.0
318.0
375.0
314.0
415.0
196.0
302.0
288.0
309.0
192.0
368.0
357.0
329.0
316.0
332.0
257.0
361.0
357.0
250.0
233.0
191.0
380.0
268.0
279.0
385.0
257.0
285.0
255.0
526.0
516.0
343.0
311.0
302.0
347.0
394.0
401.0
262.0
209.0
241.0
272.0
200.0
293.0
393.0
309.0
325.0
273.0
321.0
307.0
229.0
436.0
254.0
318.0
322.0
234.0
273.0
349.0
285.0
313.0
248.0
254.0
339.0
276.0
257.0
367.0
414.0
278.0
288.0
384.0
231.0
282.0
334.0
221.0
195.0
284.0
237.0
306.0
351.0
241.0
389.0
326.0
321.0
239.0
366.0
294.0
181.0
281.0
301.0
330.0
254.0
251.0
447.0
359.0
357.0
312.0
374.0
410.0
398.0
243.0
320.0
396.0
342.0
328.0
433.0
222.0
324.0
190.0
251.0
316.0
250.0
362.0
264.0
269.0
245.0
381.0
258.0
430.0
423.0
294.0
219.0
244.0
367.0
296.0
399.0
339.0
235.0
265.0
289.0
357.0
215.0
270.0
240.0
333.0
343.0
223.0
362.0
333.0
352.0
272.0
291.0
248.0
365.0
337.0
314.0
300.0
170.0
305.0
304.0
393.0
390.0
276.0
351.0
215.0
315.0
229.0
368.0
368.0
319.0
292.0
235.0
244.0
236.0
291.0
309.0
475.0
372.0
254.0
422.0
236.0
352.0
322.0
257.0
304.0
314.0
264.0
221.0
363.0
350.0
226.0
206.0
272.0
247.0
370.0
411.0
234.0
257.0
348.0
258.0
322.0
323.0
411.0
428.0
248.0
272.0
295.0
298.0
222.0
311.0
289.0
503.0
283.0
414.0
324.0
271.0
226.0
353.0
313.0
322.0
216.0
298.0
360.0
350.0
324.0
230.0
365.0
244.0
275.0
352.0
337.0
269.0
303.0
390.0
196.0
319.0
370.0
323.0
304.0
306.0
345.0
372.0
288.0
325.0
261.0
243.0
324.0
292.0
258.0
299.0
273.0
221.0
319.0
395.0
410.0
365.0
265.0
385.0
274.0
241.0
549.0
341.0
303.0
287.0
361.0
514.0
261.0
349.0
371.0
313.0
304.0
289.0
346.0
321.0
375.0
370.0
303.0
391.0
232.0
374.0
383.0
468.0
354.0
280.0
373.0
249.0
332.0
327.0
275.0
275.0
305.0
259.0
226.0
283.0
446.0
416.0
331.0
266.0
305.0
248.0
322.0
229.0
405.0
466.0
235.0
332.0
250.0
205.0
332.0
428.0
368.0
282.0
421.0
287.0
394.0
265.0
374.0
227.0
282.0
297.0
312.0
478.0
286.0
263.0
326.0
231.0
269.0
225.0
303.0
245.0
261.0
319.0
406.0
485.0
307.0
380.0
303.0
379.0
443.0
359.0
314.0
261.0
206.0
331.0
196.0
272.0
259.0
238.0
413.0
337.0
220.0
501.0
403.0
524.0
358.0
340.0
231.0
262.0
194.0
407.0
332.0
333.0
446.0
406.0
275.0
337.0
255.0
394.0
374.0
219.0
308.0
345.0
373.0
226.0
329.0
420.0
375.0
291.0
271.0
273.0
413.0
358.0
337.0
329.0
288.0
329.0
268.0
261.0
377.0
382.0
282.0
331.0
380.0
491.0
232.0
276.0
386.0
320.0
320.0
326.0
282.0
301.0
416.0
223.0
358.0
366.0
326.0
296.0
385.0
284.0
340.0
298.0
297.0
782.0
325.0
338.0
262.0
245.0
276.0
262.0
327.0
356.0
302.0
346.0
350.0
393.0
391.0
332.0
382.0
284.0
462.0
241.0
267.0
220.0
443.0
266.0
249.0
289.0
431.0
386.0
477.0
287.0
308.0
578.0
231.0
310.0
245.0
336.0
267.0
382.0
365.0
235.0
317.0
343.0
343.0
273.0
367.0
257.0
313.0
257.0
302.0
280.0
370.0
350.0
224.0
234.0
321.0
312.0
439.0
348.0
511.0
286.0
451.0
273.0
368.0
409.0
276.0
243.0
404.0
382.0
374.0
280.0
318.0
182.0
352.0
529.0
391.0
366.0
327.0
192.0
251.0
334.0
361.0
372.0
225.0
404.0
400.0
466.0
273.0
234.0
403.0
231.0
287.0
270.0
253.0
299.0
307.0
251.0
312.0
225.0
266.0
271.0
317.0
338.0
287.0
198.0
346.0
321.0
351.0
326.0
346.0
272.0
381.0
261.0
267.0
343.0
305.0
317.0
300.0
372.0
380.0
237.0
296.0
290.0
229.0
286.0
305.0
377.0
182.0
234.0
392.0
256.0
320.0
269.0
433.0
373.0
225.0
294.0
244.0
275.0
260.0
244.0
288.0
235.0
226.0
234.0
280.0
304.0
245.0
389.0
146.0
318.0
348.0
202.0
251.0
312.0
386.0
450.0
257.0
360.0
299.0
322.0
379.0
929.0
364.0
338.0
324.0
162.0
297.0
373.0
274.0
341.0
315.0
301.0
357.0
217.0
267.0
297.0
332.0
220.0
295.0
302.0
201.0
213.0
458.0
279.0
352.0
261.0
162.0
320.0
313.0
294.0
313.0
372.0
304.0
283.0
360.0
472.0
301.0
231.0
270.0
340.0
391.0
294.0
200.0
354.0
325.0
260.0
392.0
314.0
274.0
493.0
311.0
325.0
319.0
364.0
316.0
243.0
280.0
276.0
549.0
278.0
221.0
362.0
320.0
340.0
262.0
331.0
255.0
384.0
434.0
289.0
449.0
223.0
260.0
400.0
316.0
263.0
378.0
288.0
381.0
342.0
278.0
374.0
231.0
301.0
322.0
408.0
285.0
360.0
359.0
518.0
375.0
343.0
429.0
242.0
302.0
294.0
418.0
206.0
436.0
408.0
310.0
519.0
304.0
471.0
407.0
222.0
272.0
229.0
330.0
347.0
419.0
258.0
362.0
258.0
296.0
243.0
365.0
409.0
554.0
194.0
334.0
205.0
424.0
271.0
292.0
272.0
162.0
291.0
389.0
319.0
306.0
315.0
281.0
503.0
256.0
277.0
291.0
332.0
300.0
401.0
387.0
315.0
380.0
630.0
254.0
272.0
340.0
321.0
374.0
326.0
418.0
219.0
519.0
344.0
283.0
263.0
336.0
266.0
291.0
367.0
142.0
290.0
302.0
299.0
367.0
240.0
337.0
243.0
297.0
280.0
351.0
369.0
219.0
399.0
210.0
340.0
443.0
383.0
450.0
339.0
291.0
202.0
270.0
274.0
298.0
341.0
235.0
388.0
380.0
594.0
271.0
313.0
411.0
360.0
651.0
407.0
300.0
315.0
383.0
259.0
305.0
439.0
262.0
488.0
221.0
336.0
223.0
360.0
206.0
258.0
327.0
275.0
221.0
470.0
308.0
260.0
346.0
309.0
290.0
198.0
279.0
616.0
536.0
331.0
207.0
224.0
380.0
228.0
370.0
270.0
257.0
350.0
274.0
299.0
593.0
335.0
267.0
310.0
349.0
299.0
276.0
386.0
443.0
384.0
496.0
274.0
251.0
399.0
369.0
322.0
470.0
255.0
327.0
209.0
449.0
293.0
367.0
416.0
278.0
273.0
215.0
263.0
308.0
329.0
207.0
342.0
391.0
246.0
392.0
416.0
321.0
304.0
303.0
241.0
262.0
414.0
286.0
208.0
246.0
324.0
257.0
296.0
718.0
353.0
287.0
521.0
335.0
421.0
319.0
281.0
330.0
428.0
317.0
267.0
477.0
202.0
474.0
376.0
307.0
297.0
315.0
401.0
316.0
282.0
240.0
255.0
291.0
265.0
438.0
297.0
222.0
256.0
319.0
211.0
259.0
265.0
518.0
310.0
147.0
333.0
283.0
210.0
403.0
315.0
519.0
259.0
314.0
443.0
331.0
276.0
276.0
231.0
376.0
447.0
231.0
380.0
369.0
267.0
300.0
264.0
401.0
280.0
379.0
400.0
218.0
432.0
373.0
193.0
357.0
240.0
154.0
382.0
220.0
370.0
545.0
369.0
255.0
306.0
336.0
188.0
293.0
402.0
360.0
281.0
261.0
193.0
201.0
280.0
340.0
336.0
302.0
253.0
248.0
376.0
223.0
250.0
265.0
240.0
274.0
467.0
193.0
386.0
346.0
311.0
261.0
226.0
337.0
279.0
350.0
226.0
283.0
351.0
261.0
176.0
289.0
354.0
296.0
344.0
369.0
291.0
317.0
220.0
300.0
224.0
341.0
305.0
382.0
337.0
375.0
344.0
260.0
240.0
173.0
318.0
285.0
294.0
393.0
305.0
395.0
359.0
222.0
392.0
218.0
330.0
404.0
509.0
277.0
409.0
377.0
394.0
283.0
261.0
301.0
260.0
433.0
312.0
302.0
396.0
254.0
222.0
272.0
243.0
251.0
374.0
207.0
222.0
356.0
319.0
263.0
197.0
399.0
261.0
232.0
410.0
311.0
376.0
202.0
363.0
290.0
340.0
295.0
302.0
430.0
227.0
382.0
228.0
324.0
271.0
298.0
366.0
437.0
251.0
220.0
282.0
281.0
220.0
350.0
178.0
321.0
231.0
214.0
360.0
344.0
357.0
318.0
403.0
284.0
294.0
225.0
347.0
189.0
270.0
191.0
263.0
299.0
343.0
278.0
194.0
306.0
252.0
308.0
328.0
323.0
291.0
319.0
314.0
314.0
238.0
304.0
246.0
290.0
281.0
296.0
540.0
271.0
197.0
329.0
407.0
288.0
284.0
290.0
294.0
286.0
352.0
202.0
260.0
224.0
361.0
214.0
228.0
273.0
381.0
404.0
407.0
223.0
355.0
298.0
370.0
279.0
239.0
234.0
297.0
298.0
265.0
256.0
333.0
288.0
210.0
317.0
349.0
374.0
340.0
220.0
345.0
532.0
250.0
354.0
540.0
328.0
254.0
285.0
271.0
478.0
426.0
257.0
326.0
261.0
290.0
271.0
316.0
355.0
195.0
268.0
281.0
338.0
310.0
289.0
235.0
454.0
352.0
293.0
389.0
292.0
227.0
326.0
402.0
404.0
281.0
299.0
306.0
336.0
259.0
259.0
362.0
440.0
236.0
196.0
199.0
243.0
286.0
195.0
374.0
248.0
338.0
239.0
256.0
351.0
278.0
250.0
226.0
452.0
328.0
442.0
368.0
262.0
321.0
479.0
296.0
235.0
370.0
427.0
434.0
319.0
221.0
345.0
260.0
447.0
196.0
253.0
414.0
279.0
396.0
303.0
309.0
302.0
357.0
382.0
266.0
402.0
406.0
310.0
264.0
302.0
300.0
327.0
242.0
280.0
232.0
438.0
242.0
312.0
227.0
274.0
319.0
256.0
297.0
482.0
230.0
321.0
382.0
402.0
333.0
284.0
284.0
400.0
343.0
222.0
339.0
295.0
447.0
234.0
378.0
385.0
520.0
297.0
214.0
274.0
386.0
285.0
285.0
384.0
304.0
394.0
320.0
290.0
160.0
323.0
251.0
355.0
283.0
320.0
386.0
362.0
689.0
259.0
262.0
296.0
311.0
295.0
347.0
256.0
273.0
323.0
355.0
208.0
315.0
333.0
421.0
234.0
404.0
330.0
265.0
395.0
308.0
375.0
270.0
331.0
297.0
222.0
274.0
320.0
329.0
614.0
317.0
300.0
254.0
253.0
311.0
207.0
283.0
280.0
286.0
304.0
312.0
347.0
244.0
217.0
321.0
390.0
421.0
442.0
319.0
311.0
249.0
261.0
269.0
345.0
445.0
246.0
327.0
280.0
306.0
259.0
336.0
387.0
325.0
391.0
383.0
292.0
401.0
481.0
308.0
340.0
290.0
305.0
308.0
315.0
372.0
289.0
252.0
466.0
230.0
368.0
322.0
278.0
282.0
315.0
287.0
282.0
331.0
297.0
283.0
312.0
262.0
449.0
298.0
287.0
323.0
214.0
244.0
367.0
352.0
559.0
161.0
400.0
315.0
314.0
295.0
378.0
310.0
209.0
186.0
215.0
264.0
219.0
285.0
283.0
383.0
295.0
339.0
426.0
390.0
274.0
315.0
407.0
311.0
397.0
294.0
382.0
188.0
309.0
340.0
338.0
299.0
437.0
233.0
286.0
314.0
305.0
346.0
231.0
352.0
678.0
346.0
343.0
411.0
330.0
422.0
297.0
281.0
249.0
384.0
564.0
342.0
523.0
267.0
275.0
370.0
276.0
390.0
372.0
304.0
349.0
388.0
191.0
215.0
317.0
213.0
332.0
301.0
231.0
386.0
691.0
259.0
320.0
206.0
288.0
360.0
305.0
149.0
394.0
333.0
193.0
334.0
393.0
325.0
253.0
533.0
463.0
296.0
221.0
305.0
328.0
380.0
332.0
337.0
318.0
529.0
226.0
313.0
257.0
289.0
358.0
229.0
327.0
399.0
221.0
289.0
311.0
305.0
207.0
207.0
287.0
232.0
278.0
316.0
214.0
276.0
202.0
250.0
357.0
400.0
337.0
351.0
180.0
351.0
439.0
215.0
294.0
398.0
290.0
239.0
311.0
306.0
143.0
391.0
374.0
220.0
283.0
295.0
409.0
212.0
278.0
264.0
344.0
276.0
405.0
325.0
389.0
324.0
452.0
378.0
297.0
324.0
326.0
454.0
536.0
419.0
297.0
367.0
290.0
250.0
209.0
236.0
263.0
232.0
306.0
318.0
402.0
385.0
160.0
257.0
513.0
378.0
406.0
345.0
187.0
383.0
153.0
362.0
454.0
234.0
368.0
218.0
210.0
612.0
254.0
244.0
329.0
367.0
355.0
335.0
276.0
417.0
317.0
389.0
315.0
289.0
232.0
374.0
311.0
298.0
352.0
283.0
340.0
424.0
243.0
510.0
245.0
357.0
243.0
535.0
285.0
374.0
320.0
288.0
187.0
294.0
206.0
333.0
209.0
329.0
188.0
371.0
383.0
319.0
332.0
273.0
329.0
338.0
255.0
230.0
335.0
289.0
348.0
352.0
353.0
407.0
279.0
406.0
249.0
285.0
201.0
570.0
360.0
291.0
293.0
286.0
196.0
425.0
520.0
355.0
349.0
454.0
324.0
268.0
281.0
287.0
343.0
414.0
339.0
347.0
325.0
251.0
250.0
271.0
205.0
261.0
380.0
251.0
295.0
390.0
438.0
325.0
237.0
388.0
375.0
425.0
273.0
388.0
345.0
283.0
276.0
274.0
294.0
751.0
274.0
219.0
302.0
401.0
246.0
290.0
346.0
732.0
510.0
820.0
536.0
194.0
217.0
266.0
216.0
287.0
373.0
281.0
253.0
342.0
283.0
281.0
317.0
327.0
359.0
326.0
464.0
282.0
236.0
221.0
280.0
259.0
313.0
400.0
161.0
255.0
335.0
244.0
573.0
235.0
386.0
211.0
388.0
369.0
415.0
220.0
262.0
316.0
249.0
465.0
348.0
243.0
225.0
431.0
267.0
262.0
455.0
231.0
241.0
274.0
224.0
201.0
295.0
416.0
298.0
353.0
375.0
376.0
322.0
322.0
278.0
416.0
230.0
279.0
394.0
324.0
342.0
472.0
300.0
421.0
272.0
242.0
344.0
303.0
328.0
387.0
222.0
280.0
350.0
292.0
469.0
280.0
346.0
365.0
310.0
317.0
238.0
468.0
289.0
232.0
323.0
411.0
276.0
368.0
324.0
276.0
390.0
346.0
334.0
254.0
379.0
460.0
351.0
564.0
320.0
231.0
353.0
285.0
196.0
264.0
398.0
291.0
260.0
284.0
315.0
259.0
349.0
330.0
253.0
289.0
297.0
307.0
363.0
464.0
276.0
305.0
186.0
342.0
460.0
311.0
228.0
304.0
454.0
292.0
261.0
357.0
288.0
304.0
341.0
404.0
270.0
254.0
234.0
286.0
357.0
311.0
310.0
253.0
311.0
193.0
273.0
312.0
277.0
360.0
322.0
770.0
378.0
328.0
274.0
375.0
244.0
387.0
383.0
288.0
298.0
215.0
285.0
337.0
359.0
266.0
326.0
284.0
319.0
185.0
449.0
235.0
290.0
266.0
353.0
249.0
492.0
308.0
294.0
341.0
369.0
384.0
201.0
311.0
415.0
245.0
341.0
399.0
437.0
235.0
340.0
492.0
457.0
262.0
220.0
282.0
305.0
289.0
367.0
258.0
293.0
647.0
392.0
309.0
234.0
334.0
262.0
175.0
237.0
377.0
382.0
201.0
368.0
379.0
319.0
294.0
308.0
232.0
421.0
236.0
262.0
193.0
324.0
303.0
434.0
208.0
378.0
320.0
369.0
170.0
339.0
435.0
262.0
261.0
405.0
322.0
332.0
209.0
359.0
129.0
201.0
281.0
465.0
808.0
395.0
237.0
240.0
212.0
286.0
287.0
271.0
230.0
241.0
271.0
300.0
575.0
377.0
357.0
286.0
279.0
233.0
252.0
355.0
263.0
285.0
415.0
262.0
372.0
432.0
244.0
274.0
345.0
366.0
257.0
226.0
224.0
279.0
434.0
304.0
339.0
211.0
252.0
272.0
321.0
548.0
272.0
270.0
212.0
449.0
211.0
384.0
392.0
179.0
485.0
375.0
217.0
420.0
386.0
241.0
254.0
261.0
265.0
269.0
171.0
279.0
405.0
300.0
403.0
261.0
273.0
288.0
356.0
297.0
335.0
250.0
421.0
271.0
305.0
286.0
257.0
417.0
297.0
227.0
247.0
275.0
335.0
199.0
439.0
319.0
469.0
263.0
289.0
437.0
283.0
281.0
324.0
411.0
544.0
328.0
358.0
206.0
309.0
206.0
248.0
296.0
551.0
216.0
333.0
353.0
306.0
525.0
282.0
345.0
410.0
458.0
213.0
304.0
285.0
317.0
272.0
207.0
443.0
227.0
316.0
307.0
437.0
302.0
335.0
275.0
220.0
412.0
239.0
292.0
381.0
301.0
418.0
209.0
264.0
247.0
289.0
317.0
312.0
238.0
258.0
346.0
212.0
479.0
386.0
247.0
263.0
268.0
312.0
360.0
399.0
406.0
280.0
292.0
306.0
173.0
283.0
328.0
344.0
227.0
223.0
633.0
271.0
414.0
329.0
292.0
373.0
343.0
225.0
267.0
160.0
365.0
302.0
315.0
497.0
199.0
304.0
335.0
297.0
387.0
352.0
421.0
230.0
299.0
169.0
376.0
404.0
290.0
312.0
235.0
338.0
314.0
303.0
368.0
210.0
246.0
302.0
249.0
240.0
219.0
205.0
235.0
282.0
284.0
342.0
286.0
301.0
293.0
296.0
495.0
359.0
316.0
546.0
194.0
263.0
223.0
261.0
314.0
471.0
365.0
383.0
487.0
361.0
338.0
239.0
382.0
257.0
368.0
248.0
316.0
359.0
364.0
762.0
312.0
359.0
191.0
266.0
336.0
347.0
323.0
256.0
360.0
315.0
299.0
415.0
327.0
326.0
296.0
324.0
254.0
407.0
311.0
282.0
315.0
405.0
240.0
264.0
250.0
264.0
575.0
358.0
334.0
171.0
353.0
264.0
205.0
344.0
344.0
345.0
400.0
163.0
294.0
282.0
374.0
377.0
319.0
238.0
370.0
243.0
288.0
246.0
315.0
361.0
294.0
304.0
245.0
306.0
308.0
265.0
346.0
348.0
374.0
253.0
425.0
244.0
364.0
284.0
312.0
233.0
354.0
385.0
165.0
192.0
269.0
390.0
233.0
258.0
411.0
317.0
364.0
192.0
315.0
242.0
290.0
285.0
333.0
243.0
377.0
375.0
413.0
217.0
603.0
334.0
271.0
367.0
369.0
315.0
329.0
322.0
363.0
381.0
403.0
349.0
202.0
358.0
307.0
299.0
396.0
269.0
323.0
280.0
332.0
275.0
310.0
207.0
265.0
315.0
332.0
309.0
364.0
382.0
701.0
263.0
408.0
255.0
425.0
278.0
257.0
324.0
342.0
282.0
196.0
366.0
282.0
223.0
384.0
295.0
231.0
276.0
462.0
278.0
323.0
253.0
214.0
310.0
270.0
266.0
338.0
247.0
435.0
829.0
312.0
272.0
380.0
323.0
346.0
317.0
292.0
347.0
196.0
416.0
229.0
230.0
314.0
243.0
399.0
441.0
331.0
328.0
246.0
245.0
180.0
230.0
415.0
260.0
383.0
296.0
390.0
364.0
321.0
275.0
400.0
267.0
412.0
314.0
328.0
285.0
306.0
340.0
234.0
345.0
277.0
409.0
344.0
356.0
422.0
287.0
296.0
356.0
254.0
247.0
381.0
285.0
248.0
214.0
333.0
321.0
249.0
241.0
328.0
499.0
226.0
449.0
328.0
209.0
236.0
242.0
284.0
265.0
354.0
270.0
438.0
333.0
294.0
301.0
486.0
291.0
341.0
236.0
330.0
315.0
257.0
389.0
337.0
225.0
625.0
263.0
307.0
293.0
359.0
344.0
242.0
220.0
455.0
417.0
334.0
257.0
264.0
324.0
269.0
256.0
294.0
459.0
337.0
268.0
481.0
201.0
285.0
221.0
268.0
352.0
338.0
222.0
396.0
318.0
387.0
179.0
335.0
353.0
293.0
391.0
250.0
327.0
364.0
246.0
426.0
245.0
372.0
306.0
265.0
232.0
347.0
286.0
346.0
281.0
442.0
270.0
484.0
145.0
319.0
439.0
298.0
256.0
352.0
275.0
209.0
422.0
367.0
378.0
295.0
242.0
312.0
341.0
486.0
405.0
208.0
297.0
387.0
208.0
467.0
192.0
381.0
328.0
279.0
356.0
295.0
375.0
248.0
308.0
250.0
360.0
307.0
360.0
262.0
269.0
146.0
243.0
330.0
259.0
520.0
380.0
439.0
290.0
234.0
468.0
299.0
304.0
301.0
397.0
288.0
330.0
442.0
287.0
228.0
291.0
211.0
284.0
239.0
490.0
248.0
240.0
270.0
369.0
270.0
321.0
365.0
257.0
305.0
243.0
341.0
271.0
253.0
223.0
386.0
485.0
307.0
217.0
372.0
424.0
202.0
272.0
421.0
444.0
424.0
427.0
249.0
356.0
246.0
251.0
269.0
220.0
288.0
425.0
351.0
404.0
218.0
476.0
186.0
415.0
290.0
445.0
359.0
286.0
288.0
326.0
321.0
348.0
321.0
266.0
332.0
510.0
433.0
305.0
303.0
575.0
246.0
339.0
203.0
311.0
215.0
416.0
366.0
270.0
334.0
304.0
326.0
330.0
247.0
317.0
286.0
357.0
193.0
241.0
339.0
368.0
314.0
476.0
147.0
358.0
463.0
397.0
366.0
169.0
255.0
362.0
269.0
400.0
223.0
284.0
245.0
355.0
249.0
447.0
359.0
244.0
315.0
307.0
263.0
389.0
262.0
297.0
324.0
338.0
257.0
282.0
385.0
212.0
205.0
398.0
264.0
454.0
389.0
344.0
287.0
250.0
320.0
275.0
288.0
342.0
419.0
371.0
276.0
651.0
220.0
424.0
237.0
427.0
324.0
206.0
394.0
465.0
257.0
294.0
307.0
300.0
319.0
365.0
364.0
329.0
379.0
263.0
351.0
272.0
325.0
306.0
246.0
329.0
349.0
449.0
276.0
313.0
245.0
301.0
423.0
898.0
358.0
356.0
286.0
208.0
400.0
287.0
203.0
339.0
226.0
329.0
301.0
298.0
297.0
262.0
254.0
319.0
333.0
354.0
241.0
211.0
271.0
273.0
351.0
326.0
330.0
536.0
232.0
347.0
251.0
358.0
376.0
428.0
305.0
290.0
289.0
329.0
268.0
288.0
212.0
294.0
334.0
326.0
262.0
280.0
560.0
232.0
330.0
334.0
228.0
263.0
336.0
244.0
397.0
220.0
300.0
347.0
305.0
345.0
309.0
196.0
423.0
320.0
299.0
317.0
208.0
369.0
306.0
246.0
322.0
298.0
452.0
480.0
221.0
214.0
389.0
246.0
311.0
295.0
344.0
337.0
294.0
401.0
391.0
340.0
392.0
314.0
606.0
376.0
348.0
576.0
455.0
649.0
362.0
437.0
300.0
268.0
261.0
325.0
250.0
224.0
358.0
270.0
168.0
415.0
291.0
365.0
305.0
246.0
281.0
225.0
247.0
328.0
377.0
356.0
312.0
411.0
346.0
303.0
242.0
252.0
575.0
281.0
239.0
180.0
241.0
305.0
280.0
304.0
397.0
307.0
299.0
440.0
351.0
327.0
269.0
314.0
352.0
349.0
345.0
362.0
433.0
263.0
229.0
327.0
296.0
258.0
314.0
438.0
238.0
328.0
325.0
238.0
289.0
302.0
323.0
352.0
273.0
330.0
276.0
376.0
399.0
324.0
272.0
286.0
313.0
390.0
256.0
324.0
241.0
369.0
302.0
244.0
297.0
257.0
1089.0
243.0
288.0
307.0
262.0
288.0
278.0
292.0
297.0
306.0
830.0
429.0
347.0
320.0
409.0
339.0
313.0
313.0
327.0
263.0
259.0
472.0
316.0
316.0
310.0
224.0
239.0
289.0
329.0
349.0
445.0
304.0
235.0
371.0
222.0
362.0
348.0
343.0
249.0
308.0
309.0
278.0
277.0
315.0
246.0
321.0
323.0
195.0
363.0
148.0
307.0
387.0
338.0
256.0
331.0
256.0
276.0
332.0
376.0
227.0
232.0
357.0
294.0
266.0
353.0
206.0
213.0
285.0
342.0
314.0
283.0
387.0
215.0
326.0
356.0
353.0
340.0
290.0
361.0
223.0
244.0
319.0
268.0
345.0
337.0
178.0
424.0
250.0
307.0
334.0
442.0
388.0
271.0
264.0
360.0
319.0
575.0
176.0
318.0
348.0
246.0
363.0
469.0
279.0
271.0
201.0
244.0
429.0
251.0
253.0
246.0
273.0
258.0
279.0
323.0
252.0
385.0
350.0
172.0
293.0
321.0
281.0
249.0
353.0
294.0
241.0
327.0
374.0
495.0
281.0
361.0
264.0
407.0
283.0
330.0
442.0
318.0
272.0
324.0
226.0
284.0
544.0
266.0
398.0
286.0
262.0
232.0
539.0
272.0
207.0
510.0
291.0
304.0
323.0
263.0
284.0
341.0
225.0
241.0
255.0
525.0
305.0
349.0
218.0
241.0
295.0
243.0
519.0
249.0
343.0
332.0
326.0
365.0
339.0
261.0
292.0
372.0
282.0
214.0
353.0
240.0
341.0
264.0
438.0
391.0
323.0
258.0
251.0
379.0
233.0
564.0
284.0
184.0
403.0
267.0
367.0
287.0
463.0
403.0
445.0
365.0
364.0
263.0
303.0
240.0
260.0
337.0
232.0
276.0
290.0
372.0
359.0
378.0
239.0
349.0
433.0
325.0
358.0
289.0
211.0
391.0
601.0
300.0
364.0
298.0
263.0
245.0
353.0
230.0
428.0
508.0
322.0
315.0
468.0
314.0
246.0
411.0
270.0
268.0
320.0
301.0
247.0
429.0
256.0
287.0
440.0
276.0
330.0
318.0
274.0
306.0
324.0
406.0
287.0
364.0
417.0
252.0
239.0
288.0
256.0
299.0
269.0
288.0
440.0
211.0
331.0
301.0
322.0
276.0
493.0
568.0
282.0
389.0
342.0
323.0
473.0
315.0
322.0
412.0
279.0
297.0
278.0
396.0
174.0
363.0
211.0
317.0
219.0
272.0
204.0
400.0
379.0
278.0
390.0
222.0
314.0
270.0
236.0
342.0
262.0
414.0
478.0
339.0
380.0
200.0
388.0
332.0
259.0
341.0
316.0
385.0
303.0
280.0
376.0
315.0
277.0
188.0
283.0
267.0
313.0
646.0
376.0
288.0
444.0
362.0
348.0
320.0
261.0
287.0
279.0
304.0
311.0
280.0
335.0
298.0
328.0
287.0
252.0
249.0
419.0
156.0
264.0
267.0
218.0
368.0
312.0
303.0
223.0
300.0
252.0
375.0
266.0
341.0
341.0
526.0
357.0
257.0
232.0
331.0
509.0
260.0
318.0
519.0
243.0
174.0
292.0
410.0
400.0
258.0
259.0
248.0
286.0
289.0
300.0
379.0
420.0
295.0
220.0
289.0
279.0
459.0
375.0
243.0
214.0
434.0
326.0
326.0
239.0
347.0
388.0
205.0
197.0
344.0
325.0
206.0
511.0
372.0
294.0
195.0
211.0
579.0
327.0
313.0
288.0
290.0
265.0
279.0
411.0
341.0
268.0
311.0
218.0
275.0
337.0
413.0
292.0
393.0
280.0
302.0
302.0
275.0
270.0
227.0
367.0
274.0
296.0
273.0
379.0
339.0
210.0
268.0
397.0
326.0
492.0
414.0
265.0
196.0
307.0
217.0
467.0
308.0
276.0
273.0
325.0
304.0
309.0
192.0
382.0
279.0
386.0
292.0
342.0
314.0
396.0
336.0
271.0
302.0
365.0
235.0
447.0
241.0
421.0
489.0
325.0
312.0
325.0
328.0
312.0
179.0
306.0
284.0
317.0
214.0
531.0
301.0
300.0
257.0
280.0
390.0
266.0
267.0
321.0
298.0
344.0
343.0
289.0
160.0
227.0
302.0
433.0
332.0
339.0
324.0
417.0
355.0
386.0
206.0
246.0
314.0
252.0
273.0
230.0
288.0
298.0
300.0
382.0
467.0
424.0
296.0
301.0
422.0
219.0
399.0
325.0
391.0
278.0
460.0
379.0
252.0
202.0
286.0
313.0
227.0
314.0
263.0
372.0
295.0
311.0
232.0
494.0
405.0
279.0
292.0
365.0
220.0
277.0
285.0
347.0
455.0
260.0
265.0
391.0
260.0
275.0
218.0
367.0
340.0
247.0
325.0
290.0
199.0
453.0
413.0
317.0
307.0
263.0
314.0
285.0
326.0
346.0
328.0
378.0
367.0
237.0
316.0
199.0
312.0
332.0
470.0
333.0
258.0
328.0
312.0
342.0
240.0
248.0
337.0
275.0
370.0
292.0
442.0
367.0
357.0
338.0
348.0
426.0
299.0
371.0
305.0
337.0
211.0
251.0
279.0
392.0
282.0
327.0
261.0
383.0
417.0
411.0
281.0
347.0
346.0
279.0
240.0
311.0
374.0
272.0
421.0
273.0
353.0
339.0
269.0
229.0
316.0
329.0
445.0
303.0
378.0
251.0
221.0
419.0
366.0
353.0
301.0
440.0
305.0
455.0
264.0
289.0
293.0
226.0
396.0
309.0
270.0
300.0
306.0
338.0
317.0
258.0
252.0
243.0
345.0
518.0
312.0
292.0
345.0
301.0
326.0
356.0
314.0
237.0
227.0
232.0
445.0
259.0
344.0
267.0
557.0
273.0
196.0
413.0
447.0
331.0
255.0
275.0
436.0
336.0
380.0
397.0
301.0
272.0
347.0
343.0
257.0
261.0
316.0
390.0
219.0
244.0
296.0
205.0
477.0
356.0
444.0
307.0
379.0
372.0
266.0
244.0
234.0
500.0
278.0
286.0
298.0
359.0
266.0
380.0
204.0
255.0
290.0
249.0
330.0
590.0
259.0
317.0
285.0
279.0
379.0
332.0
274.0
336.0
270.0
294.0
319.0
309.0
256.0
265.0
250.0
312.0
476.0
302.0
325.0
369.0
301.0
221.0
426.0
369.0
451.0
424.0
347.0
366.0
303.0
336.0
228.0
274.0
296.0
293.0
536.0
249.0
390.0
347.0
245.0
323.0
444.0
478.0
254.0
297.0
388.0
368.0
208.0
282.0
305.0
469.0
323.0
328.0
270.0
224.0
221.0
251.0
437.0
346.0
281.0
141.0
213.0
357.0
275.0
328.0
568.0
283.0
414.0
312.0
470.0
211.0
310.0
263.0
321.0
258.0
217.0
294.0
343.0
349.0
304.0
379.0
246.0
282.0
406.0
289.0
354.0
420.0
258.0
327.0
249.0
422.0
297.0
317.0
320.0
382.0
333.0
394.0
176.0
403.0
230.0
403.0
371.0
484.0
275.0
423.0
277.0
311.0
303.0
272.0
340.0
432.0
322.0
229.0
244.0
258.0
359.0
299.0
343.0
347.0
329.0
339.0
468.0
255.0
363.0
194.0
385.0
301.0
349.0
209.0
375.0
265.0
197.0
334.0
354.0
270.0
252.0
296.0
263.0
315.0
323.0
344.0
287.0
403.0
263.0
259.0
441.0
337.0
305.0
297.0
441.0
380.0
335.0
396.0
375.0
362.0
223.0
284.0
264.0
280.0
306.0
337.0
236.0
212.0
549.0
264.0
214.0
339.0
307.0
270.0
442.0
358.0
266.0
265.0
489.0
251.0
345.0
320.0
299.0
330.0
267.0
347.0
280.0
248.0
337.0
290.0
438.0
334.0
337.0
438.0
296.0
346.0
256.0
345.0
341.0
255.0
308.0
418.0
320.0
283.0
315.0
391.0
419.0
358.0
234.0
387.0
463.0
300.0
326.0
288.0
432.0
285.0
338.0
243.0
296.0
213.0
348.0
356.0
308.0
261.0
311.0
388.0
259.0
345.0
246.0
455.0
486.0
413.0
298.0
224.0
295.0
299.0
266.0
281.0
258.0
266.0
301.0
315.0
204.0
413.0
266.0
220.0
213.0
292.0
341.0
252.0
334.0
357.0
231.0
357.0
472.0
270.0
707.0
308.0
238.0
519.0
366.0
403.0
229.0
270.0
217.0
238.0
289.0
498.0
436.0
344.0
297.0
302.0
216.0
254.0
313.0
333.0
251.0
336.0
471.0
286.0
425.0
186.0
464.0
237.0
327.0
329.0
298.0
294.0
277.0
331.0
376.0
305.0
530.0
313.0
305.0
259.0
484.0
266.0
231.0
437.0
286.0
304.0
440.0
332.0
273.0
410.0
385.0
257.0
463.0
316.0
269.0
423.0
359.0
300.0
236.0
336.0
303.0
216.0
355.0
228.0
498.0
340.0
247.0
314.0
252.0
343.0
254.0
288.0
283.0
277.0
381.0
307.0
437.0
305.0
223.0
254.0
404.0
253.0
400.0
229.0
286.0
181.0
253.0
265.0
264.0
265.0
258.0
304.0
327.0
252.0
241.0
229.0
460.0
317.0
313.0
216.0
271.0
251.0
269.0
431.0
219.0
374.0
309.0
387.0
302.0
387.0
329.0
219.0
150.0
291.0
327.0
302.0
384.0
375.0
246.0
430.0
262.0
375.0
293.0
263.0
205.0
520.0
324.0
270.0
484.0
355.0
162.0
346.0
386.0
352.0
335.0
314.0
414.0
290.0
427.0
230.0
317.0
332.0
362.0
284.0
398.0
268.0
289.0
482.0
452.0
208.0
339.0
316.0
444.0
344.0
283.0
399.0
405.0
226.0
299.0
262.0
232.0
213.0
372.0
248.0
354.0
331.0
372.0
230.0
392.0
296.0
283.0
335.0
385.0
432.0
250.0
205.0
373.0
256.0
287.0
277.0
278.0
316.0
325.0
304.0
304.0
345.0
292.0
315.0
378.0
245.0
241.0
256.0
344.0
345.0
287.0
233.0
287.0
366.0
290.0
355.0
302.0
567.0
394.0
344.0
254.0
306.0
254.0
559.0
331.0
413.0
401.0
277.0
345.0
383.0
271.0
232.0
265.0
306.0
465.0
261.0
355.0
340.0
231.0
210.0
299.0
202.0
242.0
379.0
237.0
377.0
433.0
373.0
347.0
257.0
384.0
277.0
269.0
421.0
334.0
288.0
318.0
313.0
258.0
296.0
353.0
425.0
295.0
217.0
326.0
306.0
291.0
319.0
410.0
212.0
298.0
382.0
371.0
344.0
436.0
233.0
261.0
313.0
279.0
285.0
309.0
338.0
258.0
292.0
297.0
307.0
452.0
446.0
327.0
312.0
193.0
220.0
331.0
266.0
298.0
210.0
376.0
379.0
363.0
310.0
296.0
361.0
319.0
307.0
367.0
267.0
508.0
299.0
294.0
326.0
419.0
213.0
334.0
281.0
359.0
445.0
322.0
374.0
216.0
272.0
327.0
225.0
352.0
336.0
292.0
339.0
302.0
392.0
228.0
477.0
266.0
315.0
400.0
304.0
302.0
276.0
286.0
232.0
274.0
281.0
445.0
324.0
177.0
346.0
340.0
338.0
274.0
210.0
289.0
362.0
224.0
351.0
296.0
382.0
293.0
192.0
261.0
341.0
336.0
240.0
324.0
329.0
484.0
357.0
306.0
364.0
328.0
206.0
355.0
320.0
313.0
320.0
453.0
197.0
242.0
351.0
303.0
292.0
229.0
318.0
140.0
351.0
429.0
316.0
360.0
284.0
247.0
369.0
338.0
301.0
280.0
388.0
347.0
303.0
219.0
228.0
334.0
313.0
259.0
369.0
220.0
266.0
537.0
197.0
320.0
256.0
436.0
281.0
310.0
280.0
299.0
331.0
416.0
356.0
269.0
218.0
377.0
253.0
300.0
323.0
269.0
237.0
313.0
465.0
275.0
199.0
386.0
308.0
417.0
311.0
245.0
296.0
416.0
291.0
374.0
493.0
217.0
305.0
214.0
354.0
506.0
206.0
322.0
394.0
351.0
397.0
242.0
381.0
268.0
400.0
257.0
410.0
383.0
240.0
400.0
293.0
269.0
341.0
266.0
338.0
331.0
482.0
377.0
380.0
195.0
411.0
253.0
244.0
293.0
359.0
450.0
278.0
361.0
234.0
290.0
352.0
353.0
260.0
331.0
263.0
415.0
282.0
383.0
274.0
357.0
339.0
330.0
271.0
390.0
483.0
237.0
425.0
507.0
332.0
278.0
270.0
362.0
282.0
278.0
286.0
400.0
268.0
355.0
270.0
392.0
314.0
266.0
249.0
296.0
346.0
221.0
276.0
207.0
248.0
249.0
334.0
427.0
390.0
365.0
449.0
383.0
302.0
241.0
243.0
362.0
320.0
376.0
382.0
222.0
540.0
311.0
322.0
410.0
274.0
281.0
238.0
398.0
321.0
194.0
305.0
346.0
326.0
300.0
493.0
273.0
366.0
239.0
398.0
465.0
243.0
260.0
472.0
207.0
303.0
303.0
378.0
470.0
350.0
421.0
316.0
309.0
232.0
323.0
317.0
346.0
408.0
533.0
308.0
333.0
248.0
295.0
337.0
415.0
283.0
350.0
253.0
309.0
368.0
425.0
309.0
279.0
213.0
346.0
349.0
240.0
265.0
286.0
589.0
274.0
350.0
301.0
251.0
370.0
336.0
427.0
434.0
333.0
269.0
281.0
296.0
246.0
268.0
337.0
255.0
326.0
356.0
366.0
286.0
276.0
382.0
235.0
302.0
265.0
388.0
296.0
392.0
247.0
351.0
267.0
253.0
448.0
417.0
372.0
454.0
262.0
369.0
310.0
317.0
279.0
355.0
335.0
303.0
340.0
280.0
266.0
191.0
251.0
305.0
314.0
306.0
338.0
283.0
384.0
424.0
392.0
319.0
273.0
376.0
358.0
436.0
292.0
248.0
245.0
319.0
345.0
319.0
268.0
282.0
273.0
387.0
305.0
294.0
194.0
390.0
395.0
334.0
503.0
293.0
328.0
186.0
361.0
340.0
346.0
350.0
370.0
864.0
334.0
482.0
274.0
352.0
266.0
331.0
347.0
317.0
260.0
238.0
276.0
487.0
253.0
292.0
291.0
298.0
242.0
411.0
427.0
397.0
256.0
224.0
262.0
250.0
226.0
445.0
277.0
277.0
247.0
271.0
202.0
399.0
368.0
246.0
326.0
312.0
338.0
315.0
352.0
322.0
305.0
329.0
363.0
326.0
248.0
356.0
276.0
293.0
340.0
330.0
422.0
226.0
284.0
416.0
202.0
333.0
326.0
194.0
394.0
262.0
297.0
286.0
419.0
329.0
369.0
274.0
199.0
300.0
293.0
573.0
302.0
365.0
400.0
323.0
230.0
328.0
335.0
270.0
206.0
378.0
209.0
279.0
539.0
294.0
354.0
227.0
288.0
186.0
339.0
325.0
304.0
279.0
430.0
339.0
229.0
435.0
311.0
230.0
413.0
498.0
298.0
284.0
300.0
291.0
558.0
308.0
322.0
248.0
474.0
271.0
234.0
287.0
535.0
272.0
272.0
346.0
308.0
244.0
469.0
390.0
266.0
386.0
370.0
392.0
305.0
275.0
372.0
463.0
326.0
365.0
368.0
362.0
377.0
194.0
416.0
299.0
310.0
192.0
309.0
314.0
379.0
219.0
267.0
228.0
255.0
333.0
296.0
430.0
233.0
311.0
425.0
394.0
297.0
297.0
218.0
264.0
344.0
312.0
229.0
269.0
296.0
345.0
405.0
250.0
515.0
346.0
310.0
256.0
232.0
433.0
385.0
394.0
358.0
432.0
252.0
275.0
345.0
257.0
294.0
278.0
318.0
287.0
337.0
348.0
483.0
253.0
387.0
249.0
209.0
293.0
269.0
280.0
265.0
374.0
274.0
343.0
239.0
332.0
257.0
314.0
330.0
284.0
483.0
262.0
454.0
188.0
356.0
298.0
260.0
221.0
264.0
369.0
335.0
355.0
308.0
267.0
229.0
355.0
368.0
212.0
376.0
285.0
399.0
298.0
310.0
204.0
416.0
363.0
352.0
335.0
366.0
362.0
260.0
361.0
272.0
214.0
333.0
323.0
263.0
310.0
278.0
426.0
366.0
299.0
288.0
288.0
380.0
271.0
178.0
437.0
400.0
350.0
377.0
500.0
188.0
381.0
248.0
326.0
331.0
333.0
209.0
424.0
314.0
297.0
254.0
341.0
355.0
387.0
396.0
265.0
279.0
384.0
342.0
270.0
476.0
333.0
259.0
351.0
289.0
362.0
291.0
344.0
190.0
435.0
258.0
348.0
340.0
289.0
323.0
462.0
334.0
299.0
297.0
297.0
289.0
382.0
242.0
389.0
312.0
261.0
290.0
290.0
366.0
288.0
248.0
312.0
400.0
309.0
284.0
187.0
405.0
293.0
350.0
269.0
378.0
265.0
512.0
236.0
209.0
385.0
217.0
370.0
214.0
241.0
394.0
338.0
232.0
325.0
356.0
487.0
265.0
337.0
297.0
302.0
364.0
316.0
435.0
363.0
215.0
257.0
209.0
234.0
328.0
375.0
411.0
287.0
465.0
187.0
332.0
372.0
316.0
391.0
274.0
318.0
429.0
227.0
265.0
314.0
310.0
352.0
412.0
327.0
400.0
339.0
253.0
290.0
370.0
230.0
344.0
265.0
326.0
228.0
322.0
273.0
384.0
308.0
392.0
398.0
406.0
325.0
401.0
305.0
316.0
207.0
329.0
327.0
392.0
369.0
615.0
442.0
285.0
217.0
326.0
305.0
231.0
485.0
310.0
350.0
254.0
309.0
175.0
240.0
255.0
277.0
380.0
267.0
354.0
309.0
295.0
333.0
266.0
280.0
322.0
295.0
282.0
311.0
350.0
406.0
476.0
201.0
309.0
301.0
288.0
264.0
312.0
243.0
251.0
234.0
406.0
309.0
364.0
441.0
252.0
377.0
259.0
173.0
354.0
323.0
210.0
439.0
249.0
268.0
320.0
309.0
332.0
280.0
385.0
368.0
411.0
355.0
239.0
185.0
517.0
336.0
283.0
280.0
336.0
440.0
367.0
311.0
311.0
189.0
336.0
393.0
346.0
316.0
236.0
459.0
379.0
253.0
274.0
282.0
399.0
373.0
345.0
264.0
349.0
318.0
416.0
261.0
341.0
338.0
288.0
297.0
305.0
360.0
364.0
289.0
313.0
263.0
287.0
281.0
363.0
350.0
225.0
320.0
221.0
311.0
351.0
532.0
268.0
262.0
388.0
280.0
334.0
241.0
277.0
258.0
310.0
327.0
411.0
330.0
279.0
358.0
341.0
263.0
239.0
289.0
356.0
442.0
251.0
211.0
341.0
402.0
249.0
315.0
186.0
307.0
341.0
258.0
396.0
342.0
263.0
257.0
344.0
486.0
680.0
288.0
224.0
318.0
406.0
268.0
311.0
388.0
289.0
425.0
230.0
285.0
233.0
375.0
330.0
392.0
325.0
254.0
434.0
435.0
302.0
468.0
221.0
315.0
422.0
292.0
381.0
245.0
261.0
263.0
349.0
277.0
305.0
388.0
219.0
352.0
377.0
290.0
175.0
240.0
328.0
296.0
363.0
419.0
384.0
247.0
193.0
463.0
354.0
322.0
287.0
289.0
232.0
305.0
333.0
286.0
283.0
265.0
337.0
238.0
230.0
376.0
375.0
396.0
378.0
336.0
256.0
268.0
340.0
280.0
292.0
373.0
302.0
394.0
362.0
314.0
316.0
246.0
232.0
296.0
330.0
322.0
360.0
293.0
281.0
275.0
378.0
331.0
329.0
342.0
342.0
298.0
349.0
340.0
292.0
299.0
303.0
317.0
218.0
301.0
344.0
441.0
279.0
725.0
288.0
317.0
424.0
293.0
312.0
334.0
283.0
309.0
266.0
313.0
275.0
258.0
298.0
485.0
273.0
279.0
442.0
340.0
287.0
275.0
298.0
306.0
366.0
317.0
339.0
245.0
293.0
243.0
257.0
533.0
337.0
287.0
300.0
377.0
310.0
285.0
357.0
203.0
218.0
270.0
292.0
425.0
346.0
359.0
290.0
363.0
371.0
348.0
213.0
405.0
388.0
293.0
204.0
303.0
371.0
255.0
235.0
233.0
365.0
361.0
307.0
436.0
260.0
168.0
295.0
309.0
731.0
236.0
295.0
223.0
242.0
383.0
333.0
267.0
392.0
373.0
397.0
236.0
336.0
368.0
234.0
279.0
286.0
291.0
214.0
397.0
234.0
301.0
217.0
254.0
413.0
366.0
366.0
253.0
302.0
266.0
414.0
334.0
293.0
308.0
302.0
322.0
313.0
388.0
307.0
258.0
328.0
346.0
241.0
323.0
421.0
394.0
268.0
520.0
407.0
325.0
371.0
393.0
459.0
408.0
367.0
403.0
323.0
274.0
512.0
345.0
238.0
284.0
264.0
249.0
310.0
267.0
372.0
304.0
327.0
354.0
288.0
391.0
233.0
286.0
311.0
344.0
556.0
432.0
343.0
207.0
366.0
276.0
424.0
328.0
295.0
269.0
302.0
378.0
248.0
211.0
285.0
323.0
289.0
248.0
384.0
335.0
360.0
352.0
293.0
442.0
472.0
319.0
307.0
264.0
237.0
259.0
334.0
303.0
255.0
314.0
353.0
419.0
267.0
290.0
263.0
348.0
406.0
360.0
406.0
216.0
259.0
356.0
253.0
324.0
280.0
242.0
386.0
237.0
320.0
212.0
300.0
310.0
396.0
466.0
307.0
317.0
334.0
201.0
419.0
408.0
244.0
426.0
354.0
473.0
328.0
280.0
467.0
335.0
290.0
370.0
437.0
301.0
298.0
387.0
304.0
423.0
336.0
265.0
351.0
333.0
374.0
269.0
303.0
250.0
446.0
425.0
230.0
288.0
250.0
300.0
331.0
307.0
386.0
262.0
240.0
356.0
270.0
325.0
326.0
257.0
253.0
265.0
385.0
326.0
317.0
523.0
287.0
366.0
532.0
197.0
266.0
261.0
299.0
381.0
309.0
302.0
310.0
320.0
476.0
293.0
335.0
264.0
330.0
348.0
314.0
249.0
255.0
268.0
359.0
299.0
334.0
208.0
236.0
392.0
362.0
263.0
296.0
311.0
248.0
312.0
341.0
246.0
364.0
444.0
160.0
391.0
378.0
273.0
264.0
326.0
401.0
310.0
313.0
289.0
288.0
320.0
411.0
334.0
259.0
310.0
302.0
427.0
321.0
333.0
433.0
350.0
269.0
167.0
273.0
271.0
230.0
292.0
229.0
394.0
440.0
355.0
501.0
300.0
321.0
263.0
250.0
320.0
315.0
434.0
412.0
315.0
232.0
348.0
345.0
363.0
386.0
305.0
288.0
237.0
266.0
285.0
416.0
264.0
276.0
319.0
343.0
380.0
580.0
251.0
354.0
432.0
313.0
335.0
583.0
308.0
263.0
347.0
617.0
354.0
308.0
274.0
275.0
273.0
226.0
208.0
332.0
420.0
255.0
374.0
493.0
252.0
272.0
355.0
357.0
328.0
218.0
311.0
297.0
217.0
190.0
295.0
342.0
282.0
321.0
384.0
373.0
286.0
162.0
245.0
291.0
351.0
287.0
297.0
255.0
304.0
258.0
342.0
390.0
289.0
179.0
418.0
244.0
352.0
262.0
466.0
430.0
260.0
222.0
349.0
420.0
271.0
401.0
306.0
319.0
243.0
230.0
296.0
306.0
215.0
228.0
397.0
431.0
270.0
268.0
464.0
337.0
285.0
286.0
397.0
264.0
396.0
329.0
362.0
237.0
454.0
380.0
253.0
336.0
274.0
212.0
351.0
383.0
340.0
339.0
485.0
404.0
348.0
201.0
329.0
258.0
490.0
375.0
285.0
345.0
229.0
296.0
386.0
370.0
345.0
308.0
385.0
406.0
292.0
426.0
308.0
258.0
270.0
259.0
266.0
313.0
392.0
485.0
264.0
413.0
353.0
277.0
297.0
325.0
230.0
493.0
263.0
229.0
292.0
246.0
308.0
411.0
282.0
328.0
400.0
186.0
346.0
395.0
471.0
365.0
254.0
379.0
313.0
262.0
192.0
261.0
413.0
360.0
253.0
182.0
267.0
285.0
328.0
359.0
397.0
223.0
319.0
384.0
287.0
313.0
469.0
310.0
196.0
326.0
380.0
323.0
319.0
293.0
286.0
327.0
299.0
371.0
413.0
336.0
364.0
281.0
212.0
796.0
311.0
177.0
213.0
416.0
486.0
283.0
262.0
338.0
441.0
292.0
280.0
306.0
234.0
285.0
275.0
321.0
340.0
253.0
284.0
281.0
426.0
271.0
360.0
445.0
374.0
356.0
273.0
444.0
464.0
309.0
259.0
293.0
236.0
371.0
394.0
290.0
298.0
403.0
350.0
301.0
272.0
296.0
296.0
293.0
321.0
260.0
352.0
332.0
275.0
410.0
397.0
297.0
197.0
261.0
272.0
254.0
238.0
376.0
366.0
328.0
319.0
269.0
236.0
393.0
371.0
410.0
286.0
311.0
266.0
412.0
230.0
326.0
480.0
334.0
330.0
480.0
410.0
323.0
200.0
282.0
241.0
301.0
423.0
355.0
266.0
227.0
228.0
286.0
294.0
397.0
242.0
354.0
270.0
500.0
315.0
308.0
410.0
487.0
495.0
189.0
229.0
277.0
327.0
204.0
409.0
273.0
360.0
341.0
385.0
344.0
349.0
635.0
403.0
357.0
377.0
273.0
337.0
307.0
422.0
297.0
251.0
307.0
267.0
298.0
250.0
281.0
364.0
370.0
303.0
319.0
234.0
412.0
343.0
477.0
284.0
237.0
260.0
299.0
240.0
314.0
344.0
379.0
365.0
301.0
337.0
541.0
299.0
261.0
384.0
213.0
439.0
282.0
327.0
350.0
353.0
318.0
346.0
246.0
260.0
316.0
261.0
262.0
261.0
390.0
329.0
323.0
298.0
308.0
325.0
304.0
369.0
325.0
296.0
276.0
324.0
444.0
562.0
379.0
294.0
250.0
242.0
357.0
276.0
208.0
271.0
409.0
227.0
234.0
248.0
216.0
301.0
474.0
296.0
325.0
345.0
292.0
193.0
334.0
291.0
301.0
360.0
329.0
316.0
310.0
317.0
259.0
227.0
304.0
425.0
284.0
359.0
370.0
336.0
354.0
771.0
274.0
377.0
238.0
331.0
313.0
265.0
330.0
397.0
392.0
303.0
349.0
224.0
278.0
253.0
313.0
283.0
333.0
347.0
235.0
324.0
357.0
274.0
267.0
272.0
288.0
403.0
403.0
308.0
341.0
276.0
362.0
322.0
299.0
398.0
333.0
319.0
395.0
244.0
307.0
256.0
327.0
377.0
384.0
375.0
368.0
485.0
283.0
346.0
376.0
319.0
271.0
216.0
384.0
291.0
384.0
307.0
285.0
276.0
388.0
375.0
240.0
463.0
316.0
351.0
435.0
354.0
228.0
258.0
237.0
415.0
229.0
402.0
229.0
293.0
246.0
404.0
352.0
403.0
254.0
319.0
325.0
256.0
263.0
317.0
255.0
280.0
318.0
472.0
369.0
348.0
236.0
358.0
272.0
284.0
381.0
360.0
348.0
310.0
248.0
304.0
305.0
236.0
299.0
363.0
374.0
488.0
278.0
303.0
334.0
309.0
314.0
333.0
320.0
298.0
351.0
219.0
248.0
235.0
286.0
505.0
272.0
302.0
257.0
282.0
378.0
250.0
242.0
256.0
463.0
501.0
274.0
299.0
302.0
225.0
365.0
262.0
269.0
385.0
406.0
284.0
219.0
407.0
357.0
311.0
383.0
292.0
502.0
1141.0
490.0
278.0
284.0
306.0
375.0
395.0
233.0
441.0
379.0
276.0
276.0
328.0
370.0
370.0
345.0
379.0
266.0
249.0
315.0
211.0
290.0
357.0
281.0
189.0
452.0
248.0
208.0
259.0
210.0
398.0
295.0
333.0
299.0
238.0
328.0
221.0
236.0
310.0
238.0
407.0
253.0
332.0
294.0
374.0
354.0
340.0
355.0
294.0
403.0
216.0
370.0
229.0
313.0
281.0
301.0
463.0
240.0
259.0
391.0
272.0
613.0
313.0
447.0
458.0
281.0
235.0
211.0
339.0
462.0
467.0
438.0
273.0
330.0
387.0
265.0
326.0
351.0
243.0
239.0
281.0
363.0
315.0
286.0
303.0
381.0
481.0
331.0
302.0
326.0
233.0
407.0
251.0
315.0
354.0
348.0
341.0
236.0
409.0
260.0
310.0
496.0
167.0
736.0
423.0
345.0
335.0
264.0
238.0
233.0
301.0
323.0
338.0
416.0
245.0
269.0
492.0
271.0
338.0
227.0
235.0
395.0
330.0
189.0
399.0
295.0
428.0
327.0
271.0
296.0
184.0
283.0
317.0
308.0
309.0
363.0
195.0
289.0
251.0
270.0
300.0
349.0
468.0
258.0
425.0
299.0
352.0
364.0
246.0
345.0
245.0
272.0
231.0
344.0
256.0
353.0
323.0
287.0
325.0
226.0
368.0
305.0
287.0
240.0
254.0
378.0
465.0
308.0
448.0
376.0
348.0
473.0
136.0
357.0
321.0
365.0
277.0
376.0
369.0
338.0
354.0
309.0
290.0
397.0
341.0
306.0
304.0
292.0
282.0
324.0
379.0
317.0
255.0
405.0
253.0
276.0
334.0
294.0
281.0
371.0
331.0
296.0
270.0
294.0
397.0
325.0
311.0
436.0
296.0
339.0
613.0
206.0
259.0
289.0
361.0
356.0
410.0
390.0
441.0
319.0
436.0
341.0
271.0
270.0
232.0
349.0
349.0
299.0
451.0
317.0
202.0
404.0
302.0
241.0
340.0
339.0
264.0
269.0
279.0
217.0
329.0
397.0
305.0
276.0
360.0
340.0
275.0
508.0
278.0
269.0
368.0
236.0
402.0
220.0
201.0
386.0
235.0
219.0
274.0
433.0
283.0
332.0
320.0
233.0
318.0
215.0
315.0
244.0
303.0
397.0
500.0
340.0
239.0
362.0
360.0
283.0
241.0
322.0
330.0
298.0
255.0
387.0
254.0
304.0
270.0
423.0
328.0
419.0
398.0
413.0
253.0
407.0
352.0
272.0
373.0
322.0
307.0
342.0
197.0
297.0
362.0
377.0
374.0
302.0
195.0
336.0
344.0
303.0
308.0
309.0
275.0
318.0
410.0
334.0
302.0
231.0
382.0
288.0
277.0
382.0
400.0
540.0
224.0
362.0
335.0
306.0
299.0
247.0
249.0
402.0
351.0
217.0
282.0
309.0
270.0
403.0
324.0
266.0
172.0
288.0
324.0
322.0
188.0
298.0
343.0
308.0
336.0
309.0
282.0
260.0
263.0
238.0
558.0
285.0
358.0
202.0
228.0
336.0
248.0
424.0
364.0
298.0
201.0
312.0
280.0
308.0
333.0
369.0
437.0
374.0
240.0
388.0
245.0
272.0
314.0
308.0
344.0
333.0
296.0
267.0
331.0
281.0
319.0
241.0
332.0
369.0
226.0
293.0
308.0
324.0
495.0
357.0
241.0
317.0
313.0
369.0
329.0
337.0
415.0
463.0
386.0
353.0
272.0
303.0
380.0
298.0
306.0
357.0
417.0
265.0
262.0
278.0
348.0
272.0
300.0
347.0
265.0
363.0
263.0
381.0
355.0
213.0
401.0
333.0
355.0
429.0
237.0
388.0
308.0
312.0
340.0
386.0
253.0
352.0
627.0
242.0
264.0
349.0
338.0
533.0
237.0
313.0
191.0
338.0
337.0
323.0
488.0
317.0
271.0
258.0
268.0
309.0
274.0
346.0
327.0
314.0
358.0
329.0
277.0
296.0
387.0
365.0
244.0
326.0
251.0
348.0
251.0
298.0
333.0
276.0
216.0
277.0
297.0
393.0
273.0
234.0
312.0
305.0
350.0
363.0
339.0
451.0
304.0
319.0
285.0
329.0
290.0
266.0
307.0
471.0
313.0
369.0
340.0
325.0
217.0
430.0
318.0
407.0
405.0
305.0
278.0
301.0
268.0
392.0
292.0
442.0
269.0
192.0
439.0
325.0
310.0
274.0
439.0
322.0
279.0
332.0
405.0
257.0
307.0
351.0
289.0
293.0
221.0
235.0
294.0
290.0
306.0
364.0
324.0
291.0
328.0
357.0
364.0
232.0
697.0
407.0
317.0
289.0
338.0
335.0
333.0
346.0
281.0
253.0
338.0
310.0
335.0
241.0
291.0
391.0
397.0
352.0
234.0
345.0
309.0
246.0
337.0
223.0
368.0
250.0
303.0
219.0
250.0
273.0
432.0
385.0
265.0
292.0
289.0
325.0
278.0
220.0
336.0
275.0
346.0
253.0
368.0
296.0
324.0
280.0
232.0
201.0
366.0
269.0
328.0
448.0
261.0
387.0
315.0
282.0
337.0
326.0
321.0
260.0
348.0
280.0
332.0
356.0
308.0
307.0
254.0
529.0
330.0
235.0
401.0
231.0
219.0
210.0
322.0
242.0
212.0
272.0
399.0
259.0
254.0
473.0
344.0
289.0
242.0
521.0
292.0
357.0
232.0
195.0
473.0
420.0
396.0
306.0
264.0
371.0
274.0
317.0
416.0
307.0
271.0
364.0
336.0
1172.0
346.0
375.0
305.0
294.0
280.0
398.0
326.0
355.0
265.0
365.0
215.0
302.0
266.0
224.0
262.0
305.0
368.0
242.0
431.0
353.0
385.0
257.0
316.0
348.0
278.0
354.0
297.0
196.0
286.0
387.0
248.0
342.0
281.0
330.0
334.0
362.0
283.0
253.0
217.0
239.0
262.0
484.0
228.0
513.0
205.0
322.0
440.0
306.0
304.0
345.0
252.0
326.0
233.0
286.0
344.0
339.0
343.0
265.0
298.0
337.0
371.0
294.0
363.0
381.0
805.0
254.0
341.0
307.0
359.0
391.0
310.0
387.0
190.0
280.0
430.0
234.0
392.0
298.0
251.0
411.0
176.0
353.0
265.0
310.0
229.0
412.0
228.0
344.0
326.0
290.0
248.0
381.0
351.0
375.0
408.0
329.0
291.0
294.0
443.0
307.0
340.0
250.0
328.0
348.0
269.0
415.0
311.0
304.0
335.0
293.0
386.0
303.0
398.0
371.0
267.0
330.0
246.0
285.0
313.0
251.0
395.0
305.0
335.0
301.0
364.0
232.0
210.0
445.0
389.0
227.0
343.0
232.0
327.0
436.0
187.0
396.0
318.0
260.0
331.0
236.0
307.0
164.0
258.0
283.0
1000.0
247.0
318.0
397.0
383.0
280.0
294.0
209.0
281.0
373.0
559.0
242.0
312.0
459.0
190.0
259.0
320.0
274.0
241.0
441.0
251.0
264.0
353.0
307.0
366.0
281.0
401.0
283.0
326.0
326.0
276.0
427.0
262.0
207.0
229.0
388.0
283.0
429.0
306.0
295.0
290.0
197.0
310.0
227.0
292.0
281.0
373.0
378.0
334.0
279.0
298.0
242.0
230.0
398.0
239.0
213.0
317.0
310.0
402.0
318.0
335.0
349.0
283.0
390.0
344.0
364.0
221.0
367.0
364.0
293.0
383.0
385.0
318.0
254.0
333.0
312.0
375.0
319.0
355.0
302.0
450.0
276.0
271.0
352.0
333.0
467.0
318.0
368.0
289.0
332.0
390.0
311.0
286.0
257.0
265.0
458.0
347.0
320.0
235.0
251.0
338.0
459.0
268.0
343.0
333.0
287.0
304.0
297.0
342.0
360.0
239.0
310.0
357.0
576.0
503.0
223.0
308.0
323.0
169.0
428.0
240.0
378.0
236.0
434.0
378.0
244.0
479.0
239.0
339.0
294.0
254.0
258.0
327.0
256.0
334.0
384.0
259.0
252.0
469.0
284.0
245.0
266.0
471.0
312.0
213.0
308.0
354.0
457.0
356.0
369.0
338.0
284.0
484.0
293.0
377.0
386.0
226.0
380.0
295.0
266.0
319.0
272.0
297.0
351.0
310.0
263.0
333.0
361.0
401.0
337.0
366.0
324.0
402.0
270.0
399.0
401.0
273.0
321.0
355.0
258.0
261.0
309.0
269.0
201.0
285.0
389.0
290.0
235.0
379.0
336.0
368.0
363.0
289.0
344.0
321.0
304.0
283.0
341.0
393.0
485.0
338.0
287.0
388.0
384.0
389.0
352.0
259.0
444.0
340.0
224.0
273.0
398.0
307.0
333.0
400.0
216.0
424.0
432.0
308.0
471.0
323.0
326.0
365.0
305.0
329.0
304.0
291.0
292.0
221.0
224.0
309.0
311.0
260.0
326.0
333.0
281.0
308.0
360.0
311.0
301.0
418.0
381.0
401.0
238.0
341.0
259.0
311.0
334.0
328.0
435.0
378.0
344.0
327.0
312.0
314.0
327.0
289.0
319.0
337.0
326.0
301.0
333.0
243.0
255.0
349.0
272.0
324.0
411.0
339.0
346.0
258.0
291.0
382.0
308.0
434.0
309.0
399.0
679.0
360.0
162.0
373.0
412.0
387.0
316.0
250.0
280.0
441.0
394.0
264.0
331.0
234.0
461.0
282.0
349.0
344.0
390.0
290.0
355.0
338.0
243.0
292.0
324.0
400.0
319.0
381.0
264.0
325.0
319.0
338.0
225.0
247.0
318.0
494.0
317.0
273.0
398.0
299.0
297.0
329.0
182.0
407.0
333.0
340.0
396.0
349.0
342.0
348.0
183.0
259.0
194.0
439.0
252.0
277.0
341.0
272.0
312.0
270.0
416.0
372.0
312.0
374.0
278.0
273.0
295.0
343.0
355.0
240.0
308.0
304.0
204.0
397.0
456.0
429.0
316.0
283.0
224.0
379.0
302.0
296.0
384.0
257.0
484.0
413.0
378.0
315.0
310.0
449.0
322.0
197.0
339.0
405.0
330.0
318.0
297.0
222.0
368.0
271.0
329.0
321.0
297.0
386.0
260.0
320.0
310.0
504.0
337.0
232.0
344.0
235.0
304.0
366.0
364.0
324.0
245.0
365.0
289.0
280.0
455.0
329.0
240.0
312.0
349.0
421.0
332.0
312.0
252.0
431.0
336.0
291.0
181.0
272.0
224.0
293.0
244.0
255.0
270.0
377.0
358.0
193.0
262.0
473.0
329.0
492.0
323.0
467.0
316.0
222.0
395.0
220.0
269.0
210.0
194.0
282.0
364.0
497.0
357.0
314.0
343.0
227.0
286.0
302.0
281.0
256.0
414.0
722.0
213.0
238.0
277.0
419.0
278.0
226.0
365.0
334.0
238.0
272.0
282.0
365.0
269.0
275.0
530.0
347.0
238.0
290.0
327.0
346.0
242.0
275.0
231.0
308.0
335.0
342.0
228.0
292.0
397.0
206.0
325.0
323.0
396.0
240.0
375.0
259.0
294.0
333.0
322.0
337.0
524.0
319.0
362.0
235.0
337.0
227.0
486.0
333.0
353.0
313.0
370.0
309.0
324.0
457.0
276.0
332.0
389.0
233.0
404.0
339.0
224.0
288.0
349.0
245.0
321.0
353.0
355.0
284.0
198.0
395.0
272.0
357.0
297.0
340.0
379.0
317.0
296.0
245.0
270.0
261.0
289.0
312.0
306.0
368.0
244.0
258.0
284.0
245.0
311.0
346.0
299.0
363.0
540.0
402.0
307.0
285.0
418.0
280.0
274.0
231.0
433.0
258.0
505.0
304.0
291.0
388.0
406.0
248.0
265.0
348.0
263.0
379.0
406.0
319.0
401.0
197.0
410.0
286.0
410.0
216.0
412.0
214.0
335.0
331.0
433.0
266.0
364.0
244.0
234.0
264.0
338.0
351.0
350.0
322.0
482.0
203.0
327.0
245.0
362.0
228.0
313.0
299.0
238.0
284.0
344.0
333.0
247.0
468.0
385.0
304.0
332.0
418.0
453.0
288.0
296.0
218.0
361.0
346.0
264.0
198.0
214.0
310.0
379.0
306.0
432.0
333.0
250.0
291.0
447.0
324.0
353.0
398.0
342.0
322.0
433.0
373.0
340.0
434.0
202.0
407.0
275.0
285.0
292.0
264.0
308.0
269.0
324.0
261.0
385.0
324.0
188.0
367.0
334.0
361.0
175.0
304.0
290.0
326.0
252.0
282.0
279.0
393.0
262.0
365.0
392.0
263.0
330.0
417.0
235.0
405.0
240.0
365.0
248.0
318.0
428.0
257.0
468.0
547.0
302.0
569.0
389.0
278.0
455.0
324.0
183.0
311.0
292.0
333.0
363.0
273.0
255.0
316.0
361.0
335.0
284.0
284.0
297.0
338.0
205.0
261.0
355.0
326.0
455.0
343.0
366.0
340.0
334.0
357.0
387.0
362.0
350.0
281.0
228.0
384.0
383.0
265.0
280.0
489.0
256.0
325.0
641.0
258.0
192.0
295.0
387.0
235.0
297.0
237.0
418.0
333.0
248.0
250.0
264.0
333.0
257.0
393.0
371.0
246.0
477.0
228.0
326.0
304.0
257.0
316.0
382.0
399.0
195.0
252.0
441.0
213.0
227.0
353.0
240.0
361.0
310.0
317.0
256.0
216.0
234.0
420.0
242.0
490.0
343.0
276.0
368.0
333.0
580.0
416.0
355.0
240.0
292.0
352.0
314.0
422.0
239.0
386.0
404.0
261.0
254.0
287.0
463.0
377.0
276.0
374.0
347.0
416.0
312.0
360.0
179.0
347.0
252.0
374.0
407.0
274.0
359.0
338.0
316.0
222.0
278.0
358.0
243.0
215.0
407.0
304.0
298.0
244.0
325.0
341.0
263.0
383.0
287.0
395.0
316.0
372.0
255.0
351.0
371.0
217.0
269.0
311.0
229.0
373.0
359.0
294.0
274.0
289.0
287.0
431.0
276.0
285.0
438.0
340.0
289.0
570.0
326.0
402.0
204.0
268.0
217.0
394.0
324.0
233.0
405.0
560.0
356.0
197.0
299.0
337.0
315.0
344.0
364.0
368.0
339.0
307.0
216.0
267.0
364.0
290.0
317.0
359.0
391.0
348.0
218.0
381.0
487.0
340.0
299.0
314.0
401.0
379.0
256.0
337.0
244.0
342.0
491.0
262.0
374.0
280.0
292.0
299.0
387.0
340.0
307.0
326.0
239.0
318.0
391.0
281.0
360.0
363.0
256.0
256.0
257.0
208.0
383.0
318.0
371.0
259.0
372.0
280.0
299.0
268.0
213.0
392.0
248.0
273.0
401.0
244.0
271.0
466.0
460.0
275.0
323.0
379.0
272.0
506.0
316.0
295.0
293.0
237.0
629.0
303.0
295.0
382.0
232.0
338.0
242.0
300.0
351.0
413.0
262.0
273.0
329.0
312.0
303.0
296.0
341.0
315.0
470.0
344.0
389.0
231.0
262.0
399.0
391.0
347.0
341.0
451.0
315.0
263.0
198.0
352.0
206.0
279.0
320.0
155.0
346.0
344.0
429.0
307.0
316.0
278.0
399.0
274.0
361.0
278.0
272.0
394.0
226.0
321.0
426.0
217.0
429.0
209.0
299.0
418.0
281.0
212.0
313.0
224.0
301.0
284.0
260.0
202.0
238.0
212.0
412.0
270.0
261.0
271.0
375.0
212.0
290.0
251.0
315.0
251.0
193.0
460.0
398.0
363.0
407.0
295.0
301.0
301.0
300.0
285.0
238.0
279.0
386.0
319.0
295.0
435.0
325.0
262.0
260.0
374.0
354.0
368.0
368.0
449.0
300.0
324.0
352.0
368.0
333.0
364.0
242.0
278.0
308.0
186.0
194.0
279.0
329.0
353.0
330.0
411.0
366.0
240.0
263.0
315.0
328.0
225.0
319.0
367.0
328.0
237.0
340.0
299.0
394.0
345.0
280.0
411.0
335.0
458.0
313.0
370.0
327.0
282.0
265.0
231.0
444.0
264.0
257.0
266.0
319.0
269.0
269.0
192.0
342.0
216.0
319.0
276.0
264.0
267.0
291.0
377.0
378.0
268.0
229.0
388.0
324.0
265.0
406.0
399.0
318.0
422.0
323.0
279.0
295.0
284.0
203.0
312.0
499.0
319.0
386.0
316.0
333.0
243.0
269.0
334.0
274.0
585.0
381.0
175.0
425.0
340.0
347.0
425.0
264.0
319.0
308.0
331.0
249.0
416.0
264.0
288.0
454.0
295.0
308.0
453.0
348.0
246.0
329.0
430.0
217.0
305.0
224.0
367.0
228.0
315.0
326.0
322.0
235.0
284.0
303.0
288.0
516.0
405.0
309.0
447.0
316.0
403.0
273.0
377.0
302.0
177.0
230.0
299.0
475.0
478.0
281.0
259.0
707.0
355.0
214.0
297.0
287.0
289.0
214.0
435.0
320.0
314.0
407.0
183.0
308.0
263.0
361.0
239.0
439.0
239.0
451.0
323.0
326.0
330.0
366.0
289.0
280.0
446.0
392.0
322.0
184.0
301.0
239.0
485.0
355.0
399.0
312.0
474.0
333.0
358.0
312.0
261.0
234.0
274.0
271.0
242.0
287.0
248.0
379.0
342.0
642.0
213.0
306.0
450.0
262.0
356.0
323.0
287.0
337.0
314.0
337.0
359.0
216.0
284.0
257.0
371.0
372.0
345.0
400.0
469.0
411.0
328.0
373.0
180.0
370.0
357.0
217.0
291.0
303.0
732.0
338.0
338.0
226.0
279.0
312.0
317.0
286.0
471.0
255.0
238.0
407.0
358.0
371.0
418.0
301.0
275.0
357.0
234.0
406.0
420.0
306.0
254.0
583.0
374.0
310.0
296.0
402.0
199.0
303.0
226.0
268.0
267.0
277.0
330.0
276.0
383.0
255.0
418.0
298.0
253.0
319.0
239.0
329.0
364.0
432.0
204.0
366.0
280.0
253.0
268.0
388.0
440.0
573.0
385.0
237.0
409.0
351.0
301.0
366.0
273.0
385.0
333.0
326.0
341.0
296.0
298.0
261.0
221.0
310.0
293.0
290.0
269.0
396.0
278.0
317.0
585.0
532.0
222.0
314.0
384.0
392.0
365.0
365.0
464.0
279.0
409.0
415.0
359.0
274.0
278.0
419.0
366.0
426.0
213.0
343.0
292.0
351.0
390.0
267.0
458.0
226.0
167.0
552.0
297.0
440.0
195.0
273.0
236.0
310.0
367.0
273.0
289.0
356.0
312.0
307.0
310.0
263.0
385.0
338.0
489.0
423.0
254.0
312.0
455.0
266.0
241.0
370.0
301.0
340.0
333.0
267.0
279.0
276.0
290.0
353.0
278.0
754.0
338.0
375.0
339.0
332.0
440.0
290.0
320.0
249.0
430.0
360.0
419.0
270.0
288.0
329.0
316.0
396.0
233.0
431.0
350.0
249.0
331.0
406.0
349.0
283.0
240.0
378.0
436.0
280.0
258.0
233.0
1569.0
249.0
178.0
332.0
268.0
310.0
366.0
268.0
326.0
524.0
309.0
336.0
316.0
323.0
359.0
246.0
326.0
332.0
474.0
328.0
296.0
398.0
373.0
230.0
334.0
352.0
527.0
274.0
257.0
300.0
285.0
227.0
490.0
330.0
229.0
336.0
374.0
333.0
261.0
391.0
319.0
323.0
380.0
368.0
356.0
217.0
228.0
264.0
304.0
467.0
300.0
390.0
316.0
358.0
257.0
262.0
334.0
346.0
218.0
290.0
452.0
374.0
315.0
289.0
294.0
258.0
306.0
345.0
362.0
210.0
337.0
295.0
206.0
327.0
224.0
486.0
419.0
670.0
346.0
310.0
291.0
429.0
373.0
267.0
190.0
313.0
213.0
270.0
340.0
449.0
224.0
212.0
350.0
324.0
348.0
270.0
247.0
587.0
396.0
255.0
277.0
524.0
416.0
278.0
223.0
425.0
302.0
323.0
256.0
275.0
341.0
285.0
323.0
438.0
353.0
311.0
380.0
239.0
295.0
455.0
319.0
195.0
321.0
188.0
355.0
315.0
256.0
338.0
320.0
729.0
358.0
248.0
445.0
258.0
288.0
235.0
277.0
200.0
280.0
158.0
498.0
268.0
302.0
305.0
420.0
381.0
424.0
340.0
270.0
353.0
383.0
557.0
271.0
254.0
321.0
225.0
290.0
364.0
422.0
344.0
376.0
415.0
274.0
264.0
360.0
334.0
276.0
294.0
327.0
458.0
287.0
242.0
314.0
282.0
283.0
347.0
213.0
284.0
419.0
322.0
208.0
285.0
328.0
195.0
234.0
381.0
320.0
380.0
370.0
238.0
393.0
319.0
296.0
265.0
348.0
429.0
262.0
284.0
267.0
299.0
364.0
432.0
434.0
446.0
219.0
421.0
289.0
339.0
254.0
339.0
245.0
329.0
276.0
230.0
298.0
341.0
246.0
227.0
297.0
331.0
357.0
260.0
213.0
318.0
436.0
247.0
262.0
306.0
233.0
348.0
298.0
395.0
281.0
449.0
268.0
451.0
250.0
301.0
322.0
220.0
305.0
233.0
368.0
348.0
243.0
308.0
227.0
227.0
287.0
275.0
328.0
391.0
328.0
416.0
365.0
561.0
177.0
245.0
368.0
317.0
262.0
344.0
244.0
352.0
408.0
248.0
247.0
329.0
231.0
444.0
245.0
369.0
385.0
335.0
220.0
315.0
326.0
295.0
299.0
337.0
247.0
321.0
272.0
275.0
414.0
390.0
257.0
393.0
312.0
327.0
303.0
215.0
409.0
252.0
321.0
331.0
256.0
313.0
466.0
442.0
291.0
258.0
207.0
569.0
302.0
428.0
267.0
344.0
249.0
308.0
294.0
281.0
332.0
406.0
207.0
365.0
305.0
410.0
332.0
255.0
219.0
360.0
282.0
280.0
268.0
283.0
313.0
262.0
360.0
404.0
306.0
328.0
308.0
234.0
282.0
323.0
321.0
262.0
358.0
279.0
369.0
447.0
436.0
241.0
312.0
333.0
194.0
415.0
283.0
203.0
312.0
325.0
209.0
292.0
263.0
431.0
399.0
242.0
209.0
316.0
259.0
459.0
316.0
196.0
270.0
336.0
334.0
265.0
362.0
307.0
272.0
551.0
859.0
357.0
292.0
478.0
235.0
245.0
272.0
220.0
323.0
262.0
247.0
311.0
344.0
319.0
338.0
307.0
368.0
330.0
342.0
176.0
244.0
246.0
294.0
261.0
379.0
545.0
271.0
316.0
328.0
276.0
251.0
378.0
344.0
262.0
257.0
303.0
362.0
242.0
224.0
324.0
375.0
254.0
243.0
367.0
213.0
245.0
357.0
379.0
274.0
331.0
344.0
357.0
264.0
286.0
267.0
362.0
280.0
330.0
346.0
311.0
366.0
305.0
364.0
342.0
335.0
390.0
320.0
354.0
358.0
306.0
240.0
227.0
477.0
497.0
245.0
333.0
195.0
324.0
351.0
405.0
335.0
529.0
256.0
338.0
302.0
204.0
339.0
346.0
185.0
301.0
269.0
389.0
383.0
324.0
339.0
318.0
188.0
241.0
285.0
217.0
337.0
493.0
254.0
266.0
346.0
331.0
339.0
241.0
221.0
403.0
246.0
331.0
364.0
300.0
247.0
307.0
383.0
271.0
322.0
483.0
355.0
353.0
186.0
400.0
386.0
346.0
234.0
246.0
226.0
334.0
301.0
466.0
320.0
421.0
329.0
467.0
224.0
268.0
243.0
366.0
254.0
239.0
181.0
261.0
329.0
333.0
288.0
252.0
301.0
281.0
308.0
244.0
423.0
231.0
357.0
342.0
245.0
482.0
290.0
411.0
382.0
308.0
274.0
244.0
411.0
369.0
314.0
308.0
329.0
434.0
336.0
363.0
329.0
205.0
255.0
440.0
228.0
334.0
173.0
301.0
239.0
217.0
400.0
239.0
239.0
422.0
274.0
365.0
311.0
463.0
279.0
298.0
323.0
305.0
352.0
272.0
222.0
224.0
222.0
312.0
252.0
396.0
427.0
220.0
287.0
353.0
300.0
244.0
298.0
371.0
336.0
312.0
243.0
333.0
254.0
275.0
320.0
329.0
301.0
280.0
425.0
263.0
384.0
336.0
234.0
218.0
215.0
297.0
304.0
312.0
344.0
364.0
316.0
203.0
261.0
284.0
266.0
340.0
297.0
366.0
360.0
368.0
275.0
338.0
295.0
219.0
300.0
317.0
567.0
435.0
340.0
343.0
231.0
445.0
322.0
596.0
287.0
327.0
505.0
306.0
229.0
298.0
293.0
388.0
435.0
383.0
282.0
232.0
459.0
384.0
288.0
379.0
291.0
264.0
403.0
367.0
278.0
256.0
257.0
419.0
393.0
250.0
309.0
212.0
231.0
394.0
282.0
245.0
360.0
350.0
207.0
301.0
311.0
410.0
332.0
349.0
287.0
251.0
296.0
350.0
289.0
227.0
372.0
546.0
254.0
391.0
266.0
401.0
330.0
381.0
338.0
334.0
254.0
390.0
389.0
341.0
310.0
386.0
374.0
316.0
275.0
218.0
317.0
465.0
241.0
362.0
270.0
329.0
220.0
273.0
253.0
333.0
364.0
395.0
363.0
287.0
329.0
278.0
388.0
259.0
318.0
371.0
325.0
298.0
297.0
994.0
277.0
472.0
248.0
423.0
417.0
364.0
367.0
355.0
355.0
341.0
212.0
339.0
450.0
205.0
331.0
431.0
294.0
320.0
332.0
249.0
241.0
491.0
240.0
334.0
285.0
194.0
310.0
745.0
316.0
424.0
316.0
275.0
256.0
308.0
213.0
292.0
329.0
314.0
293.0
307.0
282.0
256.0
347.0
195.0
377.0
538.0
415.0
317.0
194.0
225.0
299.0
376.0
353.0
298.0
384.0
368.0
541.0
271.0
548.0
314.0
250.0
339.0
400.0
329.0
345.0
210.0
319.0
288.0
292.0
344.0
338.0
453.0
495.0
349.0
295.0
398.0
296.0
324.0
231.0
427.0
255.0
184.0
292.0
361.0
308.0
377.0
426.0
350.0
346.0
256.0
322.0
253.0
238.0
269.0
226.0
238.0
730.0
225.0
300.0
297.0
469.0
330.0
380.0
358.0
763.0
318.0
709.0
463.0
324.0
290.0
341.0
239.0
311.0
406.0
335.0
358.0
395.0
369.0
240.0
277.0
287.0
353.0
266.0
233.0
314.0
189.0
258.0
263.0
491.0
307.0
248.0
511.0
406.0
258.0
323.0
263.0
295.0
298.0
293.0
365.0
471.0
367.0
258.0
314.0
328.0
297.0
274.0
251.0
239.0
356.0
263.0
409.0
356.0
338.0
338.0
277.0
458.0
229.0
457.0
267.0
256.0
353.0
382.0
327.0
237.0
347.0
258.0
327.0
299.0
178.0
259.0
330.0
285.0
319.0
258.0
482.0
370.0
249.0
327.0
529.0
393.0
337.0
323.0
288.0
245.0
304.0
374.0
232.0
305.0
358.0
271.0
386.0
266.0
301.0
345.0
296.0
353.0
284.0
306.0
232.0
603.0
191.0
266.0
355.0
275.0
503.0
530.0
297.0
706.0
315.0
235.0
281.0
381.0
357.0
260.0
225.0
253.0
392.0
269.0
421.0
220.0
310.0
280.0
1302.0
514.0
227.0
341.0
245.0
377.0
206.0
222.0
354.0
277.0
173.0
350.0
378.0
183.0
296.0
361.0
358.0
272.0
274.0
319.0
238.0
298.0
417.0
445.0
263.0
251.0
382.0
291.0
300.0
270.0
421.0
482.0
219.0
277.0
385.0
326.0
295.0
360.0
379.0
343.0
300.0
287.0
294.0
259.0
356.0
381.0
297.0
293.0
276.0
1389.0
407.0
294.0
345.0
371.0
376.0
327.0
339.0
238.0
430.0
520.0
245.0
355.0
288.0
182.0
333.0
176.0
398.0
374.0
194.0
477.0
458.0
290.0
390.0
312.0
266.0
496.0
208.0
404.0
227.0
269.0
375.0
393.0
448.0
368.0
278.0
572.0
285.0
360.0
214.0
313.0
397.0
245.0
377.0
229.0
294.0
176.0
261.0
284.0
260.0
676.0
280.0
391.0
282.0
208.0
290.0
222.0
246.0
525.0
184.0
229.0
390.0
294.0
327.0
260.0
285.0
276.0
414.0
275.0
222.0
326.0
319.0
414.0
386.0
302.0
292.0
331.0
382.0
377.0
395.0
570.0
242.0
363.0
284.0
370.0
382.0
229.0
268.0
373.0
369.0
249.0
284.0
217.0
505.0
303.0
266.0
300.0
236.0
300.0
280.0
605.0
402.0
232.0
326.0
308.0
275.0
356.0
361.0
268.0
404.0
278.0
315.0
352.0
341.0
340.0
542.0
271.0
246.0
230.0
231.0
332.0
396.0
224.0
248.0
289.0
346.0
271.0
335.0
340.0
590.0
169.0
271.0
266.0
240.0
310.0
312.0
319.0
267.0
313.0
281.0
315.0
306.0
320.0
289.0
286.0
254.0
380.0
679.0
297.0
373.0
608.0
301.0
200.0
678.0
325.0
270.0
390.0
288.0
296.0
344.0
325.0
195.0
262.0
497.0
333.0
349.0
353.0
302.0
391.0
357.0
222.0
329.0
343.0
290.0
314.0
272.0
251.0
299.0
343.0
231.0
281.0
337.0
304.0
275.0
303.0
372.0
292.0
341.0
293.0
184.0
273.0
406.0
415.0
434.0
410.0
343.0
408.0
386.0
320.0
286.0
298.0
294.0
325.0
346.0
293.0
346.0
253.0
332.0
281.0
256.0
306.0
286.0
329.0
268.0
379.0
212.0
341.0
320.0
431.0
356.0
228.0
490.0
300.0
230.0
224.0
317.0
281.0
303.0
285.0
343.0
325.0
308.0
197.0
275.0
353.0
245.0
382.0
308.0
417.0
278.0
256.0
332.0
221.0
303.0
311.0
441.0
340.0
321.0
168.0
351.0
278.0
302.0
198.0
405.0
320.0
292.0
306.0
308.0
344.0
339.0
519.0
221.0
266.0
246.0
317.0
313.0
403.0
339.0
320.0
368.0
314.0
425.0
292.0
388.0
207.0
203.0
307.0
233.0
287.0
219.0
339.0
375.0
365.0
321.0
282.0
634.0
195.0
309.0
449.0
283.0
399.0
263.0
286.0
391.0
279.0
383.0
300.0
349.0
464.0
407.0
255.0
250.0
307.0
348.0
288.0
296.0
237.0
272.0
250.0
251.0
321.0
241.0
404.0
339.0
449.0
268.0
225.0
370.0
450.0
311.0
216.0
374.0
271.0
250.0
299.0
263.0
267.0
238.0
249.0
289.0
427.0
239.0
298.0
218.0
318.0
268.0
478.0
302.0
280.0
343.0
351.0
432.0
219.0
235.0
447.0
347.0
471.0
319.0
217.0
245.0
419.0
255.0
248.0
383.0
325.0
241.0
210.0
450.0
311.0
323.0
390.0
331.0
286.0
185.0
336.0
322.0
337.0
205.0
277.0
333.0
306.0
301.0
914.0
293.0
302.0
418.0
226.0
422.0
256.0
493.0
287.0
390.0
208.0
244.0
324.0
334.0
294.0
285.0
181.0
348.0
247.0
520.0
380.0
218.0
325.0
147.0
366.0
401.0
401.0
214.0
245.0
291.0
281.0
343.0
251.0
406.0
316.0
305.0
320.0
208.0
380.0
397.0
217.0
374.0
445.0
310.0
290.0
434.0
224.0
439.0
258.0
275.0
387.0
309.0
124.0
242.0
361.0
328.0
308.0
241.0
207.0
237.0
316.0
370.0
301.0
251.0
301.0
240.0
388.0
292.0
355.0
219.0
428.0
429.0
396.0
366.0
288.0
264.0
343.0
415.0
322.0
338.0
336.0
322.0
406.0
336.0
361.0
272.0
250.0
375.0
331.0
333.0
233.0
265.0
265.0
311.0
267.0
184.0
222.0
331.0
312.0
336.0
242.0
379.0
618.0
323.0
366.0
338.0
335.0
311.0
238.0
296.0
262.0
343.0
234.0
266.0
297.0
274.0
285.0
229.0
266.0
334.0
273.0
384.0
231.0
398.0
365.0
347.0
359.0
286.0
300.0
371.0
254.0
318.0
225.0
322.0
479.0
337.0
288.0
238.0
262.0
268.0
306.0
287.0
362.0
255.0
193.0
346.0
284.0
258.0
463.0
470.0
264.0
314.0
289.0
440.0
273.0
389.0
296.0
195.0
392.0
382.0
247.0
267.0
407.0
202.0
378.0
238.0
353.0
321.0
377.0
320.0
246.0
272.0
305.0
434.0
549.0
315.0
341.0
276.0
330.0
229.0
325.0
423.0
280.0
226.0
424.0
259.0
323.0
245.0
235.0
419.0
394.0
322.0
262.0
221.0
299.0
336.0
371.0
330.0
300.0
198.0
344.0
235.0
387.0
361.0
330.0
199.0
333.0
271.0
295.0
341.0
256.0
237.0
316.0
315.0
234.0
275.0
455.0
255.0
335.0
362.0
382.0
272.0
292.0
346.0
307.0
294.0
337.0
233.0
213.0
387.0
314.0
352.0
369.0
313.0
266.0
358.0
351.0
415.0
361.0
279.0
292.0
323.0
240.0
377.0
310.0
330.0
376.0
215.0
1001.0
324.0
329.0
284.0
371.0
326.0
244.0
248.0
256.0
368.0
687.0
338.0
259.0
285.0
267.0
336.0
333.0
506.0
318.0
230.0
422.0
409.0
375.0
334.0
264.0
465.0
338.0
333.0
263.0
428.0
308.0
463.0
276.0
424.0
345.0
336.0
307.0
296.0
327.0
235.0
238.0
240.0
356.0
244.0
297.0
277.0
362.0
321.0
301.0
374.0
285.0
347.0
298.0
359.0
565.0
341.0
233.0
276.0
243.0
165.0
392.0
268.0
287.0
248.0
319.0
360.0
334.0
325.0
305.0
295.0
293.0
295.0
310.0
246.0
642.0
418.0
317.0
271.0
231.0
258.0
357.0
220.0
327.0
334.0
231.0
553.0
273.0
367.0
342.0
254.0
275.0
322.0
426.0
376.0
166.0
446.0
351.0
970.0
305.0
325.0
427.0
321.0
208.0
185.0
438.0
271.0
492.0
232.0
353.0
372.0
290.0
339.0
267.0
352.0
198.0
308.0
337.0
351.0
321.0
297.0
334.0
243.0
338.0
358.0
408.0
448.0
1170.0
257.0
307.0
466.0
250.0
508.0
275.0
282.0
303.0
227.0
282.0
365.0
363.0
410.0
267.0
396.0
189.0
251.0
338.0
305.0
267.0
277.0
561.0
447.0
345.0
256.0
249.0
354.0
292.0
439.0
243.0
286.0
375.0
356.0
253.0
385.0
366.0
301.0
295.0
269.0
257.0
322.0
296.0
404.0
489.0
306.0
218.0
316.0
260.0
350.0
291.0
407.0
349.0
364.0
400.0
272.0
268.0
271.0
281.0
326.0
198.0
368.0
297.0
349.0
265.0
253.0
280.0
343.0
278.0
308.0
310.0
315.0
333.0
418.0
338.0
300.0
204.0
404.0
397.0
421.0
255.0
383.0
329.0
353.0
481.0
293.0
431.0
305.0
286.0
271.0
355.0
334.0
306.0
416.0
320.0
382.0
355.0
202.0
296.0
241.0
313.0
411.0
419.0
525.0
296.0
280.0
303.0
225.0
350.0
480.0
229.0
264.0
344.0
354.0
200.0
460.0
280.0
288.0
262.0
440.0
321.0
205.0
409.0
279.0
372.0
287.0
222.0
377.0
256.0
409.0
280.0
299.0
231.0
330.0
293.0
323.0
380.0
315.0
288.0
348.0
345.0
232.0
353.0
413.0
371.0
285.0
399.0
231.0
372.0
284.0
198.0
274.0
363.0
315.0
238.0
383.0
203.0
376.0
316.0
326.0
290.0
398.0
474.0
234.0
323.0
313.0
316.0
256.0
381.0
353.0
195.0
372.0
225.0
396.0
306.0
446.0
372.0
313.0
412.0
335.0
294.0
382.0
364.0
483.0
308.0
359.0
258.0
176.0
483.0
318.0
394.0
249.0
204.0
335.0
340.0
259.0
448.0
379.0
305.0
397.0
274.0
322.0
316.0
285.0
298.0
359.0
363.0
250.0
303.0
220.0
230.0
432.0
287.0
389.0
260.0
497.0
458.0
314.0
376.0
292.0
237.0
452.0
360.0
338.0
316.0
322.0
269.0
223.0
272.0
349.0
240.0
265.0
342.0
280.0
230.0
288.0
468.0
299.0
423.0
291.0
478.0
356.0
266.0
395.0
594.0
256.0
374.0
321.0
257.0
322.0
252.0
282.0
336.0
358.0
313.0
342.0
505.0
299.0
302.0
411.0
376.0
243.0
243.0
423.0
430.0
279.0
373.0
277.0
399.0
332.0
451.0
334.0
304.0
193.0
317.0
391.0
346.0
414.0
271.0
276.0
406.0
362.0
205.0
272.0
240.0
532.0
286.0
274.0
299.0
205.0
372.0
272.0
441.0
420.0
188.0
335.0
385.0
355.0
367.0
401.0
252.0
218.0
283.0
194.0
344.0
317.0
274.0
410.0
354.0
306.0
268.0
348.0
295.0
665.0
299.0
331.0
379.0
220.0
279.0
451.0
317.0
218.0
264.0
379.0
318.0
304.0
323.0
334.0
249.0
310.0
270.0
324.0
383.0
336.0
434.0
532.0
349.0
261.0
279.0
319.0
423.0
316.0
355.0
373.0
626.0
256.0
386.0
321.0
440.0
215.0
325.0
251.0
283.0
382.0
225.0
326.0
217.0
303.0
208.0
325.0
304.0
265.0
346.0
393.0
463.0
335.0
314.0
369.0
402.0
370.0
379.0
380.0
275.0
327.0
278.0
251.0
328.0
369.0
332.0
309.0
286.0
275.0
339.0
312.0
259.0
512.0
215.0
336.0
226.0
318.0
262.0
288.0
491.0
490.0
285.0
391.0
262.0
430.0
466.0
279.0
275.0
297.0
348.0
390.0
317.0
277.0
382.0
273.0
389.0
419.0
454.0
332.0
246.0
378.0
391.0
357.0
409.0
226.0
320.0
402.0
171.0
329.0
304.0
248.0
426.0
299.0
344.0
576.0
263.0
304.0
438.0
273.0
283.0
321.0
292.0
358.0
385.0
453.0
295.0
433.0
308.0
328.0
396.0
455.0
345.0
316.0
191.0
277.0
465.0
300.0
333.0
250.0
313.0
253.0
334.0
299.0
308.0
352.0
231.0
315.0
285.0
282.0
367.0
363.0
369.0
335.0
336.0
302.0
434.0
328.0
277.0
284.0
351.0
315.0
297.0
312.0
333.0
271.0
258.0
194.0
352.0
333.0
291.0
224.0
291.0
440.0
345.0
487.0
267.0
334.0
300.0
346.0
254.0
502.0
164.0
348.0
337.0
389.0
215.0
253.0
329.0
397.0
292.0
304.0
257.0
337.0
326.0
430.0
228.0
278.0
441.0
336.0
417.0
406.0
234.0
355.0
289.0
405.0
280.0
425.0
247.0
395.0
283.0
513.0
283.0
252.0
213.0
343.0
214.0
218.0
323.0
490.0
359.0
302.0
322.0
282.0
398.0
252.0
241.0
253.0
340.0
336.0
278.0
343.0
307.0
258.0
299.0
337.0
331.0
470.0
286.0
364.0
250.0
283.0
355.0
234.0
336.0
272.0
399.0
236.0
324.0
399.0
418.0
307.0
287.0
287.0
350.0
355.0
217.0
297.0
405.0
536.0
391.0
276.0
307.0
184.0
316.0
317.0
265.0
246.0
272.0
331.0
373.0
410.0
356.0
166.0
234.0
503.0
793.0
448.0
272.0
305.0
290.0
280.0
239.0
382.0
262.0
310.0
289.0
217.0
276.0
384.0
329.0
264.0
313.0
297.0
339.0
277.0
305.0
352.0
270.0
227.0
289.0
176.0
391.0
323.0
307.0
363.0
317.0
358.0
251.0
329.0
250.0
320.0
375.0
212.0
228.0
317.0
392.0
277.0
248.0
363.0
318.0
354.0
339.0
343.0
371.0
196.0
344.0
328.0
195.0
408.0
393.0
270.0
327.0
424.0
290.0
263.0
387.0
564.0
275.0
312.0
359.0
435.0
330.0
291.0
276.0
292.0
456.0
309.0
315.0
241.0
293.0
414.0
289.0
338.0
307.0
185.0
314.0
323.0
242.0
284.0
306.0
284.0
316.0
398.0
274.0
291.0
282.0
279.0
373.0
262.0
340.0
332.0
271.0
256.0
398.0
321.0
252.0
357.0
341.0
453.0
386.0
394.0
307.0
313.0
346.0
317.0
233.0
345.0
389.0
210.0
341.0
298.0
393.0
465.0
527.0
360.0
228.0
453.0
391.0
293.0
306.0
200.0
293.0
287.0
241.0
296.0
379.0
290.0
250.0
284.0
327.0
321.0
357.0
327.0
267.0
409.0
462.0
431.0
177.0
283.0
308.0
304.0
276.0
312.0
290.0
261.0
330.0
312.0
300.0
371.0
303.0
213.0
338.0
302.0
239.0
254.0
319.0
283.0
324.0
374.0
230.0
408.0
348.0
208.0
351.0
303.0
338.0
277.0
309.0
206.0
327.0
220.0
312.0
234.0
259.0
208.0
324.0
474.0
417.0
293.0
400.0
167.0
384.0
325.0
333.0
293.0
221.0
395.0
277.0
280.0
320.0
392.0
360.0
404.0
236.0
278.0
386.0
261.0
236.0
332.0
373.0
351.0
389.0
328.0
318.0
511.0
363.0
219.0
348.0
202.0
278.0
342.0
314.0
262.0
260.0
355.0
436.0
390.0
291.0
476.0
282.0
264.0
246.0
259.0
352.0
368.0
514.0
217.0
302.0
244.0
210.0
291.0
251.0
213.0
532.0
273.0
408.0
457.0
315.0
219.0
290.0
226.0
162.0
295.0
292.0
426.0
286.0
318.0
320.0
312.0
452.0
369.0
257.0
290.0
248.0
433.0
378.0
314.0
307.0
278.0
260.0
354.0
301.0
401.0
427.0
404.0
408.0
319.0
381.0
203.0
264.0
284.0
367.0
273.0
197.0
300.0
152.0
392.0
392.0
274.0
346.0
395.0
283.0
337.0
383.0
327.0
419.0
418.0
332.0
313.0
266.0
324.0
293.0
248.0
295.0
349.0
284.0
321.0
359.0
277.0
204.0
290.0
331.0
372.0
430.0
226.0
232.0
400.0
308.0
277.0
327.0
158.0
299.0
388.0
267.0
222.0
392.0
297.0
429.0
349.0
334.0
533.0
289.0
272.0
281.0
273.0
265.0
315.0
355.0
188.0
300.0
422.0
292.0
555.0
265.0
199.0
319.0
285.0
405.0
330.0
246.0
388.0
458.0
214.0
383.0
367.0
299.0
275.0
265.0
360.0
248.0
420.0
298.0
274.0
475.0
337.0
296.0
280.0
295.0
445.0
258.0
444.0
341.0
257.0
412.0
287.0
290.0
332.0
429.0
453.0
272.0
203.0
202.0
246.0
350.0
340.0
349.0
358.0
407.0
333.0
397.0
313.0
268.0
204.0
239.0
251.0
367.0
336.0
403.0
381.0
369.0
331.0
250.0
220.0
470.0
483.0
392.0
314.0
303.0
421.0
357.0
301.0
225.0
245.0
240.0
327.0
265.0
444.0
582.0
322.0
206.0
271.0
137.0
337.0
376.0
225.0
371.0
297.0
284.0
250.0
322.0
346.0
507.0
368.0
316.0
264.0
328.0
327.0
226.0
356.0
420.0
236.0
290.0
324.0
347.0
366.0
203.0
586.0
297.0
312.0
405.0
292.0
240.0
333.0
193.0
292.0
256.0
256.0
264.0
360.0
362.0
211.0
314.0
284.0
286.0
326.0
360.0
277.0
313.0
307.0
312.0
303.0
354.0
415.0
262.0
302.0
677.0
216.0
308.0
317.0
399.0
347.0
287.0
244.0
359.0
358.0
346.0
159.0
360.0
404.0
308.0
280.0
360.0
263.0
318.0
259.0
435.0
208.0
262.0
296.0
265.0
288.0
407.0
323.0
302.0
413.0
361.0
317.0
437.0
581.0
240.0
243.0
263.0
277.0
387.0
197.0
325.0
251.0
308.0
388.0
420.0
365.0
463.0
394.0
311.0
263.0
300.0
391.0
319.0
357.0
307.0
348.0
333.0
380.0
338.0
375.0
300.0
386.0
512.0
327.0
206.0
244.0
271.0
470.0
317.0
389.0
358.0
397.0
329.0
254.0
262.0
422.0
226.0
258.0
414.0
318.0
405.0
193.0
287.0
268.0
297.0
403.0
312.0
308.0
344.0
236.0
280.0
332.0
373.0
384.0
373.0
289.0
540.0
291.0
285.0
279.0
480.0
211.0
261.0
412.0
234.0
372.0
488.0
284.0
356.0
425.0
359.0
374.0
278.0
277.0
198.0
271.0
317.0
338.0
420.0
289.0
236.0
271.0
250.0
357.0
208.0
397.0
371.0
201.0
405.0
243.0
219.0
217.0
382.0
387.0
438.0
489.0
302.0
358.0
396.0
259.0
283.0
251.0
278.0
256.0
408.0
247.0
239.0
273.0
545.0
506.0
214.0
336.0
426.0
473.0
382.0
294.0
305.0
365.0
277.0
318.0
392.0
267.0
367.0
425.0
266.0
412.0
465.0
246.0
332.0
270.0
358.0
295.0
332.0
263.0
336.0
262.0
251.0
359.0
702.0
346.0
480.0
326.0
347.0
294.0
227.0
381.0
811.0
330.0
382.0
270.0
256.0
396.0
217.0
221.0
477.0
447.0
387.0
310.0
291.0
312.0
243.0
438.0
335.0
310.0
480.0
289.0
325.0
528.0
286.0
365.0
264.0
301.0
302.0
401.0
276.0
329.0
258.0
245.0
369.0
265.0
324.0
317.0
478.0
357.0
389.0
184.0
330.0
277.0
391.0
348.0
365.0
308.0
428.0
290.0
208.0
527.0
284.0
329.0
254.0
372.0
380.0
301.0
344.0
337.0
275.0
450.0
326.0
298.0
396.0
327.0
234.0
330.0
404.0
339.0
285.0
423.0
205.0
651.0
288.0
426.0
277.0
289.0
318.0
270.0
214.0
432.0
508.0
281.0
364.0
246.0
313.0
265.0
256.0
397.0
329.0
405.0
269.0
544.0
378.0
301.0
158.0
208.0
327.0
372.0
412.0
233.0
345.0
371.0
321.0
321.0
239.0
317.0
316.0
324.0
328.0
324.0
305.0
318.0
278.0
415.0
309.0
602.0
446.0
273.0
309.0
470.0
450.0
424.0
248.0
383.0
277.0
365.0
421.0
300.0
397.0
252.0
284.0
356.0
240.0
279.0
301.0
211.0
396.0
303.0
522.0
334.0
307.0
213.0
282.0
318.0
190.0
278.0
366.0
303.0
289.0
293.0
409.0
341.0
298.0
289.0
402.0
295.0
251.0
316.0
438.0
405.0
307.0
292.0
468.0
273.0
298.0
371.0
407.0
339.0
381.0
268.0
457.0
276.0
323.0
424.0
297.0
264.0
290.0
243.0
393.0
391.0
348.0
311.0
387.0
334.0
238.0
256.0
372.0
272.0
531.0
277.0
313.0
419.0
323.0
387.0
417.0
404.0
247.0
271.0
242.0
238.0
362.0
447.0
311.0
358.0
387.0
272.0
339.0
403.0
345.0
418.0
349.0
346.0
359.0
406.0
251.0
354.0
336.0
430.0
411.0
361.0
337.0
346.0
248.0
307.0
404.0
308.0
295.0
180.0
323.0
377.0
297.0
372.0
243.0
346.0
242.0
329.0
313.0
347.0
272.0
216.0
336.0
265.0
313.0
306.0
698.0
390.0
337.0
261.0
261.0
380.0
321.0
269.0
247.0
341.0
336.0
257.0
273.0
396.0
402.0
317.0
330.0
324.0
333.0
463.0
382.0
227.0
405.0
343.0
450.0
304.0
498.0
272.0
584.0
307.0
299.0
333.0
336.0
317.0
428.0
296.0
315.0
354.0
431.0
281.0
327.0
211.0
274.0
186.0
297.0
233.0
322.0
295.0
339.0
188.0
332.0
268.0
282.0
308.0
353.0
362.0
208.0
234.0
289.0
328.0
428.0
366.0
364.0
313.0
282.0
350.0
280.0
322.0
341.0
352.0
391.0
242.0
338.0
366.0
276.0
400.0
554.0
284.0
250.0
298.0
267.0
290.0
335.0
365.0
321.0
383.0
246.0
264.0
308.0
348.0
324.0
252.0
411.0
349.0
262.0
326.0
621.0
298.0
369.0
350.0
216.0
341.0
304.0
357.0
282.0
254.0
397.0
273.0
281.0
333.0
274.0
244.0
325.0
365.0
288.0
348.0
355.0
246.0
280.0
376.0
320.0
306.0
348.0
255.0
328.0
205.0
311.0
428.0
306.0
222.0
501.0
190.0
309.0
291.0
359.0
304.0
201.0
339.0
331.0
278.0
343.0
342.0
393.0
342.0
378.0
312.0
366.0
293.0
341.0
222.0
266.0
312.0
360.0
234.0
457.0
658.0
282.0
306.0
234.0
300.0
302.0
456.0
256.0
407.0
412.0
209.0
281.0
327.0
362.0
387.0
480.0
250.0
287.0
244.0
299.0
351.0
185.0
419.0
299.0
344.0
387.0
364.0
373.0
452.0
257.0
254.0
301.0
303.0
337.0
336.0
337.0
358.0
336.0
354.0
294.0
238.0
367.0
328.0
295.0
232.0
470.0
294.0
234.0
344.0
242.0
272.0
230.0
301.0
265.0
325.0
270.0
249.0
279.0
313.0
430.0
287.0
372.0
356.0
231.0
280.0
333.0
314.0
366.0
375.0
246.0
325.0
291.0
498.0
267.0
275.0
327.0
320.0
232.0
307.0
240.0
306.0
298.0
424.0
320.0
447.0
324.0
432.0
249.0
289.0
344.0
277.0
179.0
360.0
274.0
392.0
317.0
438.0
217.0
304.0
191.0
376.0
375.0
211.0
241.0
302.0
248.0
257.0
215.0
362.0
409.0
371.0
223.0
311.0
309.0
294.0
261.0
242.0
255.0
484.0
406.0
314.0
340.0
396.0
280.0
233.0
312.0
234.0
291.0
376.0
274.0
339.0
313.0
257.0
297.0
237.0
284.0
303.0
265.0
218.0
410.0
386.0
251.0
349.0
381.0
336.0
318.0
251.0
410.0
254.0
368.0
276.0
227.0
273.0
249.0
369.0
372.0
316.0
408.0
339.0
328.0
242.0
324.0
347.0
297.0
281.0
614.0
281.0
298.0
312.0
435.0
386.0
219.0
257.0
303.0
276.0
398.0
335.0
221.0
307.0
298.0
321.0
286.0
267.0
374.0
438.0
362.0
198.0
353.0
324.0
170.0
331.0
274.0
406.0
311.0
238.0
202.0
362.0
253.0
459.0
302.0
388.0
301.0
423.0
212.0
378.0
216.0
306.0
403.0
299.0
393.0
240.0
283.0
434.0
529.0
421.0
300.0
304.0
287.0
274.0
283.0
291.0
297.0
395.0
327.0
322.0
427.0
347.0
348.0
267.0
234.0
293.0
379.0
398.0
326.0
235.0
312.0
329.0
331.0
287.0
316.0
283.0
308.0
285.0
389.0
255.0
333.0
308.0
238.0
291.0
210.0
414.0
260.0
331.0
284.0
359.0
302.0
383.0
263.0
394.0
321.0
294.0
381.0
378.0
292.0
384.0
293.0
338.0
329.0
363.0
336.0
310.0
275.0
436.0
416.0
320.0
338.0
322.0
306.0
326.0
353.0
344.0
276.0
275.0
341.0
312.0
421.0
314.0
241.0
268.0
390.0
332.0
420.0
258.0
327.0
282.0
357.0
303.0
322.0
335.0
239.0
317.0
350.0
287.0
345.0
366.0
235.0
320.0
454.0
296.0
225.0
281.0
339.0
360.0
338.0
419.0
287.0
387.0
326.0
351.0
174.0
210.0
284.0
351.0
370.0
284.0
274.0
458.0
341.0
254.0
348.0
470.0
255.0
544.0
532.0
296.0
252.0
408.0
534.0
305.0
346.0
329.0
281.0
330.0
375.0
287.0
215.0
196.0
282.0
385.0
408.0
283.0
319.0
278.0
444.0
247.0
301.0
315.0
268.0
379.0
432.0
427.0
332.0
192.0
444.0
223.0
409.0
273.0
267.0
341.0
582.0
272.0
284.0
325.0
190.0
493.0
286.0
250.0
420.0
324.0
351.0
356.0
353.0
345.0
309.0
346.0
426.0
277.0
339.0
244.0
285.0
242.0
304.0
274.0
308.0
337.0
317.0
242.0
344.0
410.0
450.0
385.0
236.0
329.0
302.0
374.0
376.0
301.0
326.0
287.0
363.0
235.0
269.0
326.0
336.0
400.0
313.0
363.0
246.0
226.0
308.0
334.0
336.0
265.0
298.0
321.0
430.0
257.0
404.0
419.0
264.0
405.0
275.0
249.0
325.0
256.0
317.0
354.0
284.0
300.0
452.0
396.0
366.0
333.0
307.0
300.0
309.0
242.0
429.0
180.0
329.0
241.0
297.0
346.0
388.0
388.0
298.0
485.0
454.0
241.0
707.0
327.0
222.0
375.0
533.0
370.0
316.0
449.0
350.0
409.0
294.0
351.0
277.0
224.0
409.0
304.0
313.0
303.0
326.0
349.0
279.0
198.0
456.0
390.0
315.0
336.0
396.0
281.0
366.0
325.0
306.0
365.0
241.0
252.0
245.0
434.0
358.0
318.0
361.0
384.0
311.0
380.0
274.0
282.0
300.0
256.0
285.0
362.0
258.0
325.0
322.0
249.0
388.0
327.0
342.0
289.0
350.0
316.0
356.0
324.0
377.0
372.0
535.0
264.0
481.0
330.0
370.0
385.0
226.0
310.0
334.0
451.0
298.0
356.0
250.0
250.0
199.0
305.0
303.0
420.0
434.0
308.0
382.0
399.0
308.0
248.0
739.0
350.0
374.0
271.0
453.0
257.0
394.0
371.0
254.0
349.0
718.0
308.0
266.0
504.0
341.0
385.0
313.0
326.0
303.0
377.0
311.0
351.0
331.0
292.0
428.0
213.0
461.0
269.0
257.0
394.0
340.0
263.0
317.0
244.0
292.0
557.0
301.0
361.0
299.0
252.0
277.0
225.0
454.0
384.0
316.0
284.0
347.0
349.0
462.0
294.0
306.0
270.0
447.0
309.0
319.0
364.0
270.0
265.0
387.0
257.0
354.0
345.0
361.0
331.0
415.0
340.0
244.0
266.0
421.0
339.0
365.0
485.0
273.0
270.0
327.0
291.0
358.0
243.0
404.0
298.0
491.0
350.0
271.0
298.0
185.0
300.0
239.0
290.0
225.0
292.0
371.0
266.0
277.0
321.0
231.0
215.0
261.0
495.0
335.0
456.0
337.0
479.0
396.0
255.0
316.0
365.0
277.0
390.0
338.0
400.0
396.0
462.0
333.0
380.0
308.0
408.0
281.0
296.0
338.0
208.0
322.0
373.0
336.0
291.0
217.0
334.0
359.0
573.0
373.0
306.0
311.0
336.0
295.0
330.0
445.0
300.0
365.0
229.0
326.0
291.0
261.0
451.0
492.0
329.0
251.0
215.0
318.0
521.0
267.0
269.0
445.0
384.0
235.0
388.0
295.0
312.0
266.0
253.0
279.0
350.0
365.0
348.0
309.0
372.0
308.0
319.0
309.0
410.0
339.0
366.0
353.0
338.0
399.0
270.0
394.0
367.0
230.0
309.0
348.0
415.0
237.0
451.0
285.0
238.0
426.0
310.0
259.0
370.0
374.0
380.0
353.0
244.0
395.0
285.0
330.0
286.0
365.0
286.0
317.0
226.0
417.0
335.0
329.0
319.0
354.0
387.0
465.0
376.0
629.0
220.0
301.0
409.0
326.0
423.0
397.0
300.0
444.0
332.0
352.0
279.0
297.0
218.0
334.0
299.0
406.0
294.0
345.0
301.0
327.0
328.0
476.0
366.0
363.0
307.0
291.0
301.0
251.0
384.0
310.0
334.0
353.0
247.0
289.0
456.0
419.0
346.0
277.0
202.0
245.0
542.0
357.0
372.0
289.0
252.0
284.0
278.0
276.0
269.0
196.0
370.0
330.0
334.0
407.0
393.0
293.0
226.0
369.0
312.0
274.0
327.0
286.0
318.0
346.0
388.0
350.0
262.0
359.0
305.0
307.0
374.0
307.0
332.0
454.0
360.0
250.0
307.0
393.0
292.0
254.0
290.0
325.0
324.0
366.0
320.0
259.0
275.0
349.0
295.0
299.0
367.0
350.0
339.0
199.0
338.0
293.0
324.0
394.0
268.0
336.0
350.0
338.0
318.0
435.0
269.0
304.0
424.0
434.0
214.0
401.0
263.0
353.0
451.0
359.0
701.0
344.0
304.0
219.0
381.0
359.0
325.0
229.0
406.0
263.0
225.0
317.0
280.0
415.0
351.0
372.0
314.0
275.0
348.0
306.0
257.0
269.0
375.0
314.0
372.0
395.0
312.0
352.0
292.0
250.0
474.0
364.0
346.0
427.0
240.0
250.0
378.0
288.0
371.0
228.0
1230.0
357.0
238.0
412.0
290.0
359.0
492.0
265.0
334.0
199.0
381.0
396.0
305.0
273.0
389.0
260.0
548.0
281.0
224.0
350.0
266.0
307.0
372.0
395.0
195.0
308.0
411.0
331.0
309.0
332.0
251.0
234.0
354.0
311.0
347.0
324.0
325.0
270.0
441.0
425.0
274.0
408.0
342.0
405.0
286.0
327.0
310.0
258.0
203.0
336.0
425.0
291.0
354.0
240.0
229.0
414.0
256.0
350.0
389.0
290.0
380.0
334.0
401.0
480.0
531.0
328.0
263.0
275.0
369.0
435.0
242.0
404.0
266.0
359.0
254.0
274.0
274.0
295.0
343.0
366.0
216.0
395.0
248.0
238.0
411.0
243.0
239.0
469.0
519.0
300.0
232.0
277.0
289.0
474.0
357.0
353.0
326.0
322.0
332.0
247.0
369.0
272.0
283.0
251.0
372.0
331.0
318.0
277.0
389.0
202.0
287.0
289.0
304.0
327.0
343.0
371.0
311.0
544.0
480.0
282.0
235.0
334.0
234.0
383.0
362.0
359.0
280.0
274.0
236.0
310.0
288.0
366.0
483.0
244.0
239.0
258.0
350.0
268.0
392.0
310.0
209.0
331.0
387.0
390.0
425.0
184.0
407.0
313.0
281.0
225.0
439.0
276.0
289.0
218.0
342.0
272.0
391.0
209.0
342.0
241.0
399.0
282.0
415.0
317.0
234.0
300.0
307.0
323.0
246.0
241.0
353.0
160.0
393.0
248.0
255.0
282.0
381.0
246.0
283.0
340.0
256.0
194.0
324.0
253.0
239.0
376.0
274.0
585.0
252.0
277.0
268.0
278.0
457.0
391.0
339.0
404.0
239.0
314.0
258.0
443.0
286.0
251.0
282.0
331.0
254.0
281.0
282.0
327.0
364.0
392.0
343.0
223.0
290.0
286.0
307.0
349.0
298.0
331.0
349.0
402.0
260.0
421.0
350.0
290.0
332.0
333.0
235.0
445.0
316.0
219.0
308.0
484.0
246.0
331.0
304.0
428.0
298.0
335.0
355.0
487.0
248.0
355.0
268.0
229.0
185.0
263.0
389.0
365.0
418.0
334.0
243.0
366.0
380.0
260.0
367.0
386.0
412.0
291.0
289.0
196.0
204.0
199.0
280.0
248.0
317.0
369.0
301.0
305.0
362.0
313.0
341.0
278.0
390.0
353.0
253.0
300.0
250.0
411.0
287.0
276.0
354.0
358.0
746.0
277.0
224.0
229.0
226.0
383.0
432.0
510.0
281.0
320.0
180.0
366.0
257.0
290.0
409.0
504.0
321.0
317.0
404.0
247.0
306.0
313.0
346.0
279.0
213.0
263.0
357.0
327.0
278.0
286.0
284.0
288.0
256.0
348.0
338.0
291.0
267.0
249.0
259.0
222.0
269.0
354.0
246.0
312.0
342.0
241.0
323.0
316.0
276.0
245.0
317.0
250.0
322.0
415.0
235.0
404.0
379.0
333.0
334.0
428.0
251.0
305.0
309.0
272.0
393.0
347.0
302.0
412.0
292.0
293.0
265.0
418.0
326.0
452.0
465.0
270.0
368.0
522.0
318.0
199.0
262.0
251.0
447.0
373.0
288.0
289.0
349.0
319.0
333.0
304.0
314.0
361.0
291.0
298.0
239.0
336.0
400.0
394.0
297.0
293.0
310.0
292.0
314.0
317.0
461.0
194.0
331.0
295.0
565.0
347.0
302.0
242.0
271.0
328.0
275.0
262.0
336.0
321.0
340.0
433.0
286.0
351.0
358.0
319.0
289.0
293.0
359.0
325.0
209.0
217.0
275.0
285.0
378.0
264.0
269.0
534.0
385.0
307.0
306.0
376.0
366.0
366.0
371.0
352.0
326.0
302.0
335.0
515.0
365.0
342.0
301.0
257.0
278.0
340.0
493.0
235.0
354.0
401.0
378.0
310.0
495.0
287.0
253.0
433.0
290.0
396.0
314.0
305.0
306.0
302.0
246.0
322.0
357.0
396.0
279.0
348.0
346.0
558.0
333.0
346.0
279.0
372.0
383.0
249.0
356.0
313.0
353.0
279.0
248.0
424.0
347.0
265.0
499.0
429.0
301.0
341.0
310.0
235.0
366.0
304.0
276.0
332.0
389.0
218.0
328.0
432.0
288.0
339.0
318.0
345.0
240.0
561.0
383.0
331.0
337.0
263.0
286.0
346.0
273.0
388.0
238.0
457.0
413.0
390.0
283.0
276.0
334.0
434.0
340.0
421.0
299.0
316.0
360.0
426.0
305.0
393.0
277.0
372.0
278.0
381.0
339.0
327.0
284.0
208.0
238.0
372.0
359.0
350.0
339.0
377.0
393.0
275.0
368.0
406.0
242.0
397.0
329.0
380.0
310.0
406.0
935.0
264.0
472.0
390.0
582.0
351.0
444.0
298.0
294.0
181.0
393.0
350.0
480.0
304.0
358.0
242.0
526.0
442.0
333.0
352.0
387.0
297.0
427.0
288.0
270.0
316.0
287.0
236.0
324.0
281.0
285.0
325.0
436.0
328.0
336.0
331.0
221.0
374.0
328.0
287.0
415.0
317.0
265.0
235.0
346.0
318.0
254.0
303.0
264.0
329.0
253.0
396.0
473.0
227.0
275.0
324.0
260.0
327.0
298.0
290.0
355.0
377.0
310.0
297.0
249.0
439.0
332.0
239.0
506.0
359.0
254.0
293.0
445.0
388.0
358.0
249.0
253.0
280.0
298.0
383.0
244.0
501.0
433.0
329.0
449.0
265.0
337.0
307.0
325.0
414.0
219.0
653.0
469.0
225.0
229.0
354.0
288.0
246.0
349.0
242.0
418.0
358.0
385.0
441.0
561.0
322.0
251.0
474.0
371.0
266.0
351.0
388.0
321.0
243.0
372.0
388.0
347.0
232.0
376.0
270.0
308.0
343.0
393.0
195.0
251.0
369.0
399.0
352.0
363.0
359.0
284.0
319.0
369.0
288.0
278.0
285.0
269.0
279.0
242.0
363.0
254.0
305.0
308.0
277.0
624.0
242.0
431.0
332.0
390.0
267.0
216.0
397.0
210.0
371.0
319.0
311.0
386.0
363.0
239.0
305.0
269.0
225.0
281.0
379.0
327.0
349.0
317.0
300.0
330.0
251.0
295.0
344.0
300.0
310.0
318.0
313.0
426.0
240.0
255.0
302.0
261.0
274.0
373.0
288.0
356.0
468.0
376.0
176.0
354.0
335.0
440.0
223.0
269.0
276.0
324.0
429.0
267.0
288.0
323.0
336.0
321.0
339.0
452.0
550.0
344.0
554.0
320.0
213.0
212.0
284.0
267.0
278.0
351.0
289.0
282.0
537.0
341.0
279.0
301.0
476.0
244.0
438.0
322.0
349.0
293.0
238.0
445.0
273.0
382.0
300.0
325.0
403.0
278.0
329.0
318.0
380.0
292.0
333.0
285.0
345.0
227.0
283.0
252.0
326.0
418.0
432.0
311.0
204.0
368.0
277.0
296.0
287.0
233.0
464.0
410.0
275.0
389.0
346.0
277.0
260.0
316.0
388.0
298.0
314.0
404.0
255.0
285.0
252.0
218.0
288.0
275.0
465.0
282.0
326.0
272.0
233.0
415.0
296.0
497.0
406.0
234.0
271.0
283.0
450.0
336.0
443.0
306.0
268.0
351.0
321.0
361.0
309.0
324.0
320.0
399.0
248.0
286.0
301.0
356.0
254.0
376.0
380.0
417.0
335.0
345.0
252.0
344.0
375.0
285.0
316.0
366.0
376.0
314.0
366.0
338.0
234.0
394.0
302.0
403.0
495.0
310.0
283.0
289.0
259.0
324.0
417.0
365.0
385.0
248.0
258.0
303.0
287.0
240.0
298.0
322.0
358.0
251.0
360.0
306.0
270.0
334.0
264.0
281.0
440.0
247.0
271.0
254.0
307.0
273.0
294.0
298.0
323.0
301.0
272.0
411.0
391.0
370.0
501.0
280.0
288.0
337.0
331.0
310.0
263.0
397.0
299.0
315.0
363.0
384.0
288.0
356.0
270.0
209.0
306.0
327.0
380.0
473.0
259.0
330.0
184.0
371.0
349.0
377.0
277.0
235.0
354.0
516.0
296.0
269.0
306.0
447.0
275.0
310.0
271.0
296.0
366.0
286.0
326.0
393.0
283.0
334.0
249.0
366.0
295.0
297.0
311.0
373.0
313.0
313.0
219.0
524.0
272.0
409.0
490.0
385.0
342.0
310.0
351.0
260.0
230.0
327.0
268.0
345.0
370.0
325.0
397.0
308.0
387.0
244.0
336.0
436.0
323.0
246.0
328.0
272.0
347.0
364.0
258.0
367.0
339.0
395.0
291.0
317.0
354.0
390.0
371.0
329.0
278.0
392.0
307.0
239.0
364.0
290.0
297.0
281.0
403.0
313.0
1172.0
275.0
246.0
503.0
384.0
385.0
297.0
272.0
276.0
425.0
256.0
355.0
260.0
210.0
228.0
391.0
305.0
287.0
276.0
344.0
391.0
417.0
290.0
399.0
362.0
319.0
229.0
293.0
268.0
272.0
374.0
285.0
252.0
345.0
440.0
435.0
400.0
356.0
324.0
275.0
389.0
256.0
257.0
406.0
301.0
249.0
265.0
258.0
411.0
262.0
467.0
275.0
297.0
269.0
296.0
347.0
308.0
424.0
326.0
362.0
333.0
273.0
535.0
283.0
369.0
264.0
334.0
268.0
260.0
275.0
327.0
343.0
306.0
222.0
366.0
350.0
298.0
271.0
295.0
215.0
204.0
288.0
256.0
406.0
343.0
475.0
376.0
291.0
296.0
296.0
343.0
231.0
408.0
649.0
321.0
368.0
275.0
297.0
307.0
385.0
246.0
236.0
289.0
360.0
293.0
393.0
312.0
290.0
360.0
282.0
402.0
278.0
322.0
321.0
358.0
355.0
352.0
279.0
388.0
395.0
368.0
245.0
377.0
308.0
235.0
295.0
353.0
373.0
375.0
262.0
348.0
265.0
293.0
362.0
362.0
373.0
253.0
282.0
338.0
336.0
190.0
361.0
371.0
215.0
326.0
280.0
311.0
277.0
307.0
225.0
221.0
274.0
352.0
269.0
256.0
247.0
275.0
366.0
268.0
354.0
319.0
612.0
243.0
402.0
403.0
263.0
341.0
309.0
296.0
205.0
299.0
304.0
252.0
280.0
228.0
317.0
392.0
307.0
391.0
356.0
279.0
265.0
335.0
262.0
303.0
305.0
360.0
655.0
403.0
324.0
357.0
340.0
284.0
257.0
273.0
385.0
191.0
227.0
325.0
273.0
304.0
404.0
258.0
310.0
468.0
299.0
394.0
366.0
298.0
343.0
305.0
324.0
303.0
430.0
383.0
295.0
341.0
432.0
300.0
277.0
361.0
233.0
337.0
342.0
367.0
315.0
325.0
192.0
275.0
308.0
319.0
552.0
354.0
364.0
254.0
382.0
318.0
234.0
297.0
200.0
481.0
379.0
351.0
259.0
251.0
426.0
334.0
375.0
299.0
380.0
317.0
192.0
199.0
288.0
335.0
367.0
325.0
246.0
349.0
296.0
286.0
378.0
347.0
359.0
258.0
322.0
257.0
383.0
354.0
327.0
330.0
318.0
404.0
238.0
427.0
314.0
383.0
246.0
357.0
333.0
292.0
248.0
911.0
282.0
410.0
225.0
254.0
237.0
380.0
400.0
358.0
236.0
419.0
222.0
459.0
262.0
285.0
271.0
363.0
263.0
210.0
237.0
337.0
273.0
324.0
337.0
221.0
320.0
304.0
288.0
388.0
259.0
314.0
282.0
344.0
322.0
348.0
279.0
340.0
194.0
287.0
379.0
364.0
332.0
410.0
382.0
305.0
384.0
329.0
429.0
352.0
260.0
232.0
350.0
374.0
325.0
348.0
238.0
359.0
355.0
252.0
269.0
285.0
210.0
381.0
238.0
306.0
334.0
510.0
271.0
262.0
404.0
259.0
515.0
408.0
435.0
221.0
246.0
324.0
306.0
550.0
368.0
428.0
370.0
325.0
396.0
285.0
221.0
291.0
364.0
391.0
277.0
296.0
259.0
273.0
256.0
480.0
333.0
179.0
357.0
377.0
273.0
350.0
358.0
317.0
496.0
165.0
289.0
356.0
349.0
373.0
379.0
258.0
220.0
325.0
335.0
359.0
210.0
297.0
298.0
318.0
405.0
320.0
311.0
224.0
261.0
473.0
377.0
232.0
296.0
369.0
320.0
509.0
373.0
390.0
183.0
362.0
336.0
252.0
340.0
376.0
375.0
296.0
257.0
420.0
346.0
403.0
422.0
409.0
258.0
304.0
336.0
429.0
435.0
271.0
334.0
380.0
313.0
296.0
261.0
399.0
435.0
295.0
398.0
246.0
348.0
395.0
369.0
471.0
291.0
272.0
482.0
255.0
401.0
127.0
426.0
293.0
333.0
326.0
407.0
345.0
418.0
346.0
246.0
236.0
285.0
248.0
316.0
335.0
273.0
247.0
358.0
460.0
329.0
380.0
325.0
477.0
390.0
311.0
249.0
427.0
230.0
273.0
266.0
344.0
233.0
419.0
388.0
336.0
336.0
355.0
323.0
270.0
412.0
293.0
385.0
282.0
301.0
342.0
277.0
296.0
276.0
275.0
402.0
266.0
368.0
239.0
271.0
413.0
237.0
562.0
390.0
403.0
310.0
341.0
309.0
308.0
344.0
450.0
325.0
313.0
199.0
318.0
335.0
284.0
376.0
331.0
179.0
375.0
425.0
368.0
283.0
253.0
212.0
249.0
325.0
445.0
371.0
254.0
232.0
267.0
420.0
1507.0
337.0
305.0
332.0
472.0
328.0
399.0
314.0
372.0
336.0
385.0
391.0
369.0
342.0
285.0
274.0
306.0
357.0
313.0
296.0
388.0
385.0
254.0
296.0
255.0
191.0
241.0
213.0
318.0
339.0
330.0
261.0
413.0
259.0
376.0
258.0
367.0
259.0
248.0
322.0
395.0
260.0
244.0
251.0
345.0
278.0
307.0
256.0
389.0
376.0
421.0
321.0
379.0
444.0
242.0
214.0
282.0
286.0
335.0
369.0
385.0
346.0
332.0
357.0
244.0
406.0
200.0
252.0
358.0
322.0
324.0
354.0
402.0
384.0
332.0
256.0
406.0
343.0
356.0
288.0
369.0
439.0
379.0
400.0
284.0
441.0
254.0
379.0
204.0
369.0
329.0
551.0
282.0
260.0
273.0
223.0
336.0
472.0
280.0
489.0
451.0
261.0
245.0
381.0
390.0
420.0
384.0
405.0
267.0
283.0
265.0
286.0
241.0
252.0
389.0
243.0
348.0
312.0
265.0
360.0
328.0
400.0
327.0
276.0
422.0
416.0
241.0
349.0
220.0
281.0
325.0
255.0
222.0
298.0
325.0
258.0
369.0
295.0
412.0
294.0
407.0
320.0
373.0
371.0
235.0
330.0
251.0
372.0
470.0
207.0
299.0
336.0
301.0
268.0
303.0
490.0
436.0
344.0
321.0
243.0
282.0
255.0
526.0
336.0
262.0
452.0
313.0
250.0
328.0
374.0
375.0
288.0
428.0
395.0
278.0
490.0
259.0
420.0
394.0
379.0
294.0
310.0
472.0
424.0
363.0
444.0
209.0
297.0
423.0
286.0
311.0
466.0
360.0
251.0
388.0
364.0
731.0
270.0
349.0
419.0
250.0
198.0
278.0
343.0
386.0
347.0
331.0
201.0
401.0
234.0
253.0
239.0
293.0
289.0
305.0
283.0
317.0
396.0
284.0
263.0
313.0
278.0
337.0
362.0
310.0
319.0
310.0
305.0
374.0
351.0
390.0
386.0
332.0
282.0
330.0
233.0
244.0
307.0
324.0
396.0
322.0
312.0
357.0
315.0
323.0
356.0
403.0
438.0
266.0
400.0
328.0
267.0
382.0
303.0
278.0
278.0
448.0
301.0
316.0
356.0
234.0
245.0
263.0
346.0
280.0
246.0
364.0
273.0
376.0
278.0
235.0
429.0
308.0
188.0
318.0
300.0
334.0
321.0
964.0
391.0
274.0
272.0
489.0
315.0
279.0
353.0
369.0
399.0
317.0
289.0
326.0
224.0
316.0
329.0
253.0
295.0
219.0
302.0
393.0
299.0
359.0
369.0
264.0
275.0
389.0
281.0
246.0
410.0
204.0
291.0
303.0
312.0
382.0
321.0
370.0
304.0
322.0
326.0
336.0
257.0
378.0
406.0
259.0
279.0
293.0
280.0
332.0
225.0
366.0
317.0
272.0
386.0
293.0
429.0
397.0
270.0
273.0
271.0
403.0
324.0
230.0
285.0
252.0
319.0
332.0
338.0
215.0
364.0
243.0
297.0
271.0
402.0
383.0
186.0
410.0
313.0
283.0
359.0
181.0
334.0
443.0
326.0
277.0
563.0
323.0
261.0
290.0
228.0
364.0
261.0
425.0
369.0
334.0
240.0
187.0
328.0
317.0
373.0
293.0
250.0
313.0
262.0
227.0
227.0
492.0
235.0
333.0
345.0
390.0
232.0
454.0
270.0
265.0
353.0
209.0
309.0
379.0
315.0
369.0
340.0
353.0
460.0
347.0
234.0
281.0
250.0
346.0
395.0
317.0
327.0
296.0
317.0
447.0
349.0
234.0
284.0
322.0
297.0
519.0
257.0
349.0
338.0
319.0
489.0
338.0
426.0
303.0
322.0
240.0
358.0
339.0
409.0
292.0
318.0
264.0
271.0
415.0
397.0
382.0
263.0
332.0
299.0
316.0
205.0
224.0
350.0
303.0
323.0
580.0
357.0
286.0
270.0
253.0
295.0
327.0
349.0
310.0
550.0
382.0
386.0
515.0
511.0
257.0
373.0
303.0
263.0
296.0
351.0
303.0
369.0
271.0
226.0
320.0
385.0
313.0
390.0
287.0
346.0
537.0
361.0
201.0
301.0
339.0
327.0
312.0
291.0
343.0
193.0
226.0
336.0
334.0
283.0
385.0
283.0
301.0
329.0
491.0
299.0
483.0
328.0
282.0
271.0
294.0
289.0
300.0
199.0
420.0
274.0
351.0
245.0
373.0
349.0
272.0
345.0
249.0
406.0
288.0
300.0
318.0
397.0
217.0
281.0
366.0
390.0
326.0
353.0
366.0
302.0
309.0
438.0
373.0
257.0
320.0
289.0
238.0
275.0
337.0
461.0
455.0
285.0
408.0
317.0
304.0
285.0
509.0
328.0
367.0
334.0
252.0
305.0
329.0
418.0
319.0
344.0
391.0
272.0
337.0
212.0
255.0
305.0
267.0
373.0
381.0
330.0
470.0
291.0
274.0
345.0
554.0
356.0
312.0
300.0
417.0
437.0
340.0
307.0
170.0
300.0
270.0
454.0
302.0
333.0
329.0
237.0
387.0
321.0
256.0
345.0
275.0
406.0
326.0
285.0
296.0
266.0
257.0
275.0
285.0
416.0
253.0
281.0
278.0
267.0
234.0
180.0
335.0
397.0
247.0
293.0
480.0
367.0
328.0
280.0
256.0
264.0
315.0
321.0
413.0
202.0
242.0
257.0
369.0
329.0
316.0
378.0
354.0
354.0
419.0
398.0
447.0
270.0
257.0
330.0
677.0
404.0
303.0
346.0
348.0
236.0
308.0
299.0
518.0
341.0
386.0
324.0
370.0
317.0
379.0
197.0
450.0
425.0
478.0
285.0
231.0
247.0
342.0
342.0
382.0
445.0
282.0
342.0
235.0
240.0
390.0
288.0
242.0
238.0
366.0
244.0
325.0
302.0
266.0
369.0
337.0
509.0
321.0
422.0
426.0
265.0
247.0
395.0
266.0
279.0
350.0
337.0
402.0
277.0
235.0
240.0
397.0
329.0
345.0
418.0
363.0
250.0
317.0
300.0
362.0
268.0
326.0
532.0
464.0
231.0
365.0
253.0
279.0
353.0
542.0
270.0
314.0
205.0
382.0
253.0
357.0
580.0
403.0
193.0
274.0
345.0
295.0
304.0
385.0
311.0
487.0
306.0
314.0
261.0
453.0
321.0
290.0
382.0
341.0
303.0
387.0
228.0
529.0
317.0
297.0
294.0
371.0
322.0
329.0
327.0
421.0
210.0
449.0
330.0
387.0
418.0
202.0
398.0
256.0
234.0
389.0
331.0
302.0
358.0
208.0
235.0
253.0
423.0
423.0
315.0
332.0
286.0
252.0
466.0
345.0
219.0
273.0
234.0
374.0
455.0
341.0
340.0
354.0
348.0
282.0
310.0
343.0
448.0
254.0
258.0
292.0
200.0
378.0
289.0
423.0
472.0
255.0
371.0
222.0
404.0
229.0
319.0
366.0
262.0
262.0
230.0
288.0
260.0
318.0
262.0
362.0
458.0
412.0
284.0
297.0
242.0
232.0
401.0
307.0
214.0
433.0
559.0
220.0
286.0
430.0
276.0
638.0
362.0
251.0
351.0
331.0
362.0
262.0
338.0
263.0
352.0
384.0
376.0
237.0
231.0
252.0
397.0
290.0
348.0
376.0
200.0
380.0
222.0
462.0
274.0
453.0
409.0
329.0
260.0
230.0
229.0
357.0
281.0
238.0
333.0
244.0
487.0
352.0
371.0
190.0
334.0
278.0
351.0
257.0
248.0
487.0
460.0
378.0
411.0
288.0
416.0
319.0
241.0
405.0
177.0
243.0
314.0
654.0
244.0
378.0
350.0
467.0
278.0
263.0
320.0
323.0
312.0
353.0
510.0
407.0
385.0
375.0
351.0
292.0
231.0
332.0
308.0
297.0
285.0
343.0
217.0
306.0
252.0
308.0
335.0
246.0
417.0
294.0
320.0
423.0
358.0
274.0
409.0
332.0
333.0
232.0
374.0
230.0
408.0
245.0
407.0
382.0
382.0
424.0
408.0
272.0
456.0
305.0
242.0
290.0
344.0
291.0
379.0
274.0
284.0
309.0
479.0
409.0
251.0
315.0
262.0
273.0
318.0
228.0
335.0
380.0
207.0
407.0
328.0
402.0
292.0
322.0
267.0
250.0
370.0
274.0
375.0
294.0
324.0
324.0
335.0
291.0
286.0
389.0
446.0
296.0
457.0
283.0
246.0
296.0
348.0
499.0
221.0
290.0
189.0
292.0
329.0
277.0
286.0
276.0
402.0
336.0
274.0
341.0
248.0
382.0
272.0
239.0
328.0
272.0
499.0
328.0
313.0
320.0
287.0
295.0
321.0
234.0
345.0
389.0
330.0
252.0
636.0
327.0
323.0
289.0
538.0
234.0
318.0
334.0
262.0
362.0
400.0
435.0
289.0
276.0
311.0
344.0
365.0
329.0
281.0
203.0
380.0
295.0
241.0
326.0
452.0
415.0
315.0
280.0
406.0
341.0
269.0
270.0
275.0
389.0
308.0
336.0
254.0
382.0
427.0
326.0
300.0
370.0
310.0
343.0
349.0
239.0
316.0
387.0
451.0
373.0
311.0
288.0
384.0
356.0
557.0
361.0
473.0
222.0
236.0
304.0
472.0
430.0
342.0
324.0
462.0
318.0
251.0
298.0
301.0
376.0
319.0
352.0
317.0
307.0
363.0
398.0
308.0
212.0
350.0
402.0
262.0
299.0
165.0
306.0
247.0
287.0
323.0
434.0
251.0
246.0
370.0
437.0
291.0
286.0
293.0
271.0
309.0
412.0
286.0
473.0
245.0
328.0
371.0
360.0
166.0
279.0
317.0
359.0
251.0
298.0
381.0
307.0
317.0
298.0
357.0
676.0
355.0
493.0
255.0
293.0
600.0
349.0
326.0
259.0
265.0
253.0
237.0
380.0
449.0
254.0
352.0
397.0
280.0
363.0
275.0
287.0
420.0
299.0
312.0
287.0
306.0
423.0
536.0
330.0
267.0
321.0
288.0
325.0
371.0
311.0
364.0
314.0
442.0
382.0
252.0
272.0
335.0
391.0
279.0
293.0
369.0
441.0
331.0
326.0
424.0
339.0
333.0
274.0
309.0
379.0
267.0
368.0
270.0
1061.0
262.0
379.0
356.0
330.0
235.0
534.0
199.0
246.0
240.0
298.0
352.0
392.0
473.0
307.0
255.0
334.0
301.0
378.0
327.0
291.0
256.0
245.0
254.0
235.0
259.0
282.0
332.0
350.0
360.0
324.0
436.0
381.0
421.0
224.0
246.0
288.0
287.0
185.0
352.0
298.0
305.0
412.0
414.0
312.0
333.0
256.0
211.0
399.0
288.0
395.0
311.0
417.0
234.0
254.0
297.0
306.0
491.0
333.0
324.0
338.0
341.0
250.0
261.0
322.0
384.0
432.0
277.0
426.0
299.0
285.0
356.0
294.0
438.0
344.0
187.0
265.0
287.0
346.0
519.0
315.0
384.0
364.0
483.0
282.0
264.0
291.0
423.0
284.0
371.0
278.0
444.0
325.0
369.0
266.0
368.0
400.0
215.0
253.0
325.0
217.0
316.0
373.0
292.0
429.0
260.0
339.0
277.0
322.0
184.0
296.0
253.0
300.0
271.0
458.0
301.0
526.0
398.0
361.0
383.0
353.0
337.0
364.0
250.0
337.0
284.0
276.0
379.0
484.0
427.0
319.0
261.0
381.0
262.0
338.0
319.0
280.0
330.0
368.0
238.0
292.0
269.0
347.0
385.0
378.0
381.0
454.0
351.0
258.0
246.0
312.0
318.0
285.0
383.0
276.0
361.0
367.0
267.0
332.0
342.0
304.0
182.0
415.0
337.0
307.0
293.0
420.0
211.0
297.0
315.0
275.0
368.0
331.0
296.0
291.0
338.0
170.0
330.0
386.0
320.0
289.0
377.0
523.0
394.0
370.0
438.0
283.0
249.0
351.0
198.0
331.0
453.0
295.0
345.0
358.0
320.0
293.0
313.0
317.0
252.0
331.0
212.0
254.0
277.0
299.0
356.0
224.0
452.0
262.0
349.0
404.0
365.0
410.0
156.0
334.0
300.0
350.0
341.0
325.0
361.0
274.0
321.0
323.0
325.0
263.0
402.0
909.0
432.0
277.0
245.0
321.0
323.0
318.0
368.0
317.0
263.0
204.0
346.0
314.0
221.0
352.0
531.0
441.0
272.0
368.0
304.0
164.0
327.0
350.0
357.0
373.0
303.0
368.0
274.0
366.0
352.0
325.0
359.0
327.0
316.0
294.0
287.0
526.0
301.0
376.0
401.0
334.0
318.0
223.0
408.0
320.0
373.0
211.0
268.0
323.0
440.0
560.0
259.0
267.0
365.0
303.0
379.0
240.0
391.0
225.0
260.0
255.0
252.0
267.0
302.0
431.0
328.0
413.0
332.0
291.0
327.0
359.0
392.0
266.0
384.0
304.0
223.0
243.0
303.0
389.0
224.0
341.0
394.0
352.0
365.0
309.0
399.0
299.0
296.0
334.0
305.0
371.0
305.0
316.0
207.0
407.0
243.0
256.0
481.0
257.0
420.0
338.0
382.0
284.0
250.0
184.0
377.0
290.0
309.0
342.0
293.0
290.0
318.0
338.0
327.0
346.0
389.0
224.0
316.0
279.0
325.0
420.0
311.0
336.0
320.0
213.0
337.0
459.0
408.0
209.0
365.0
330.0
236.0
347.0
483.0
346.0
315.0
328.0
364.0
348.0
388.0
385.0
284.0
262.0
366.0
318.0
342.0
208.0
249.0
265.0
237.0
472.0
363.0
358.0
190.0
256.0
206.0
432.0
342.0
293.0
329.0
373.0
293.0
375.0
275.0
435.0
402.0
623.0
362.0
265.0
271.0
298.0
371.0
320.0
239.0
248.0
300.0
308.0
247.0
267.0
298.0
323.0
265.0
291.0
381.0
226.0
257.0
256.0
274.0
338.0
452.0
243.0
346.0
536.0
271.0
449.0
271.0
272.0
293.0
321.0
276.0
330.0
287.0
359.0
300.0
235.0
234.0
317.0
463.0
265.0
263.0
346.0
321.0
344.0
360.0
206.0
313.0
391.0
310.0
266.0
372.0
232.0
610.0
339.0
292.0
432.0
322.0
281.0
322.0
217.0
408.0
546.0
334.0
333.0
383.0
390.0
296.0
261.0
386.0
234.0
327.0
366.0
332.0
388.0
278.0
268.0
295.0
380.0
392.0
327.0
204.0
254.0
311.0
391.0
392.0
268.0
313.0
231.0
303.0
349.0
475.0
374.0
293.0
307.0
186.0
314.0
235.0
323.0
305.0
419.0
408.0
452.0
315.0
436.0
282.0
285.0
326.0
360.0
347.0
510.0
261.0
380.0
300.0
421.0
321.0
244.0
232.0
338.0
304.0
310.0
237.0
334.0
274.0
423.0
310.0
319.0
440.0
304.0
263.0
280.0
272.0
307.0
236.0
358.0
281.0
318.0
332.0
320.0
284.0
373.0
395.0
420.0
324.0
368.0
420.0
328.0
236.0
393.0
379.0
419.0
292.0
229.0
388.0
408.0
306.0
574.0
238.0
315.0
266.0
334.0
423.0
298.0
478.0
281.0
268.0
309.0
295.0
282.0
154.0
374.0
245.0
357.0
356.0
300.0
498.0
522.0
378.0
352.0
371.0
417.0
383.0
299.0
304.0
297.0
242.0
292.0
253.0
377.0
403.0
307.0
274.0
291.0
446.0
257.0
391.0
365.0
242.0
266.0
254.0
343.0
302.0
174.0
244.0
282.0
422.0
363.0
292.0
423.0
333.0
371.0
313.0
397.0
261.0
223.0
361.0
278.0
394.0
303.0
366.0
339.0
244.0
319.0
290.0
260.0
269.0
268.0
592.0
443.0
334.0
278.0
234.0
377.0
288.0
354.0
217.0
266.0
266.0
304.0
265.0
394.0
241.0
441.0
335.0
348.0
541.0
479.0
297.0
201.0
277.0
356.0
263.0
250.0
280.0
407.0
392.0
174.0
410.0
249.0
353.0
228.0
318.0
244.0
326.0
323.0
447.0
382.0
279.0
329.0
259.0
291.0
318.0
371.0
272.0
394.0
307.0
387.0
407.0
240.0
246.0
352.0
307.0
523.0
284.0
371.0
341.0
249.0
379.0
247.0
330.0
305.0
226.0
329.0
348.0
328.0
205.0
535.0
315.0
284.0
428.0
321.0
406.0
131.0
289.0
609.0
190.0
322.0
308.0
378.0
292.0
369.0
315.0
254.0
271.0
303.0
307.0
263.0
278.0
367.0
240.0
473.0
391.0
314.0
245.0
243.0
370.0
405.0
333.0
288.0
466.0
557.0
301.0
295.0
256.0
330.0
266.0
512.0
378.0
423.0
505.0
492.0
267.0
321.0
220.0
262.0
241.0
419.0
391.0
323.0
366.0
296.0
732.0
202.0
304.0
229.0
382.0
419.0
291.0
256.0
235.0
399.0
294.0
281.0
428.0
367.0
254.0
355.0
266.0
318.0
344.0
292.0
215.0
233.0
313.0
443.0
330.0
451.0
358.0
493.0
335.0
321.0
389.0
276.0
297.0
330.0
430.0
228.0
223.0
314.0
258.0
299.0
263.0
346.0
300.0
313.0
354.0
343.0
266.0
344.0
322.0
258.0
296.0
408.0
331.0
396.0
364.0
418.0
307.0
353.0
869.0
280.0
337.0
288.0
337.0
495.0
227.0
253.0
236.0
283.0
379.0
338.0
401.0
308.0
192.0
258.0
390.0
376.0
284.0
254.0
235.0
265.0
412.0
270.0
342.0
357.0
343.0
341.0
335.0
373.0
324.0
284.0
416.0
182.0
256.0
384.0
227.0
295.0
294.0
280.0
288.0
222.0
320.0
305.0
301.0
245.0
349.0
373.0
382.0
404.0
349.0
311.0
332.0
548.0
232.0
302.0
272.0
343.0
429.0
358.0
350.0
284.0
293.0
417.0
516.0
406.0
288.0
344.0
335.0
415.0
344.0
516.0
377.0
366.0
289.0
247.0
283.0
268.0
371.0
318.0
293.0
328.0
374.0
359.0
307.0
325.0
295.0
292.0
339.0
290.0
209.0
385.0
397.0
245.0
350.0
272.0
314.0
289.0
332.0
293.0
280.0
361.0
368.0
266.0
351.0
185.0
333.0
424.0
285.0
273.0
278.0
312.0
242.0
229.0
436.0
2042.0
287.0
249.0
401.0
312.0
438.0
305.0
325.0
427.0
246.0
255.0
277.0
275.0
307.0
304.0
423.0
309.0
409.0
284.0
296.0
274.0
399.0
271.0
353.0
367.0
400.0
333.0
208.0
386.0
295.0
389.0
292.0
448.0
310.0
251.0
592.0
262.0
430.0
331.0
385.0
182.0
317.0
339.0
252.0
452.0
322.0
397.0
354.0
413.0
391.0
345.0
368.0
433.0
309.0
312.0
343.0
286.0
298.0
345.0
234.0
232.0
353.0
219.0
268.0
354.0
177.0
349.0
188.0
223.0
366.0
293.0
633.0
274.0
317.0
354.0
369.0
240.0
324.0
252.0
343.0
376.0
286.0
378.0
268.0
315.0
416.0
421.0
417.0
388.0
204.0
346.0
281.0
416.0
275.0
316.0
229.0
244.0
242.0
283.0
278.0
256.0
317.0
305.0
201.0
408.0
340.0
335.0
545.0
213.0
309.0
300.0
385.0
255.0
341.0
370.0
291.0
336.0
701.0
363.0
336.0
245.0
358.0
358.0
303.0
281.0
292.0
310.0
515.0
368.0
231.0
289.0
355.0
353.0
371.0
423.0
306.0
331.0
448.0
278.0
377.0
421.0
344.0
390.0
298.0
224.0
466.0
275.0
386.0
215.0
364.0
265.0
297.0
252.0
457.0
400.0
375.0
316.0
254.0
204.0
293.0
278.0
275.0
311.0
341.0
194.0
369.0
233.0
290.0
522.0
237.0
387.0
294.0
331.0
302.0
307.0
296.0
511.0
354.0
273.0
331.0
260.0
346.0
407.0
205.0
468.0
391.0
490.0
290.0
391.0
267.0
339.0
374.0
401.0
374.0
307.0
233.0
211.0
316.0
281.0
281.0
270.0
254.0
340.0
303.0
350.0
239.0
336.0
344.0
281.0
269.0
338.0
302.0
307.0
315.0
418.0
241.0
335.0
250.0
221.0
391.0
399.0
303.0
260.0
363.0
274.0
476.0
241.0
632.0
377.0
232.0
306.0
327.0
211.0
286.0
358.0
307.0
348.0
345.0
428.0
249.0
404.0
423.0
236.0
315.0
261.0
353.0
324.0
317.0
352.0
281.0
316.0
917.0
371.0
263.0
544.0
298.0
213.0
393.0
330.0
314.0
276.0
259.0
325.0
410.0
329.0
425.0
317.0
317.0
379.0
332.0
409.0
457.0
425.0
353.0
429.0
364.0
285.0
363.0
343.0
355.0
727.0
313.0
265.0
271.0
324.0
320.0
238.0
259.0
385.0
311.0
308.0
349.0
428.0
309.0
389.0
531.0
307.0
328.0
291.0
372.0
429.0
207.0
372.0
372.0
242.0
241.0
179.0
243.0
347.0
280.0
478.0
212.0
331.0
275.0
309.0
337.0
254.0
385.0
223.0
327.0
289.0
306.0
289.0
328.0
333.0
358.0
392.0
343.0
329.0
526.0
421.0
235.0
316.0
335.0
387.0
344.0
398.0
295.0
198.0
376.0
340.0
285.0
326.0
234.0
331.0
205.0
354.0
331.0
189.0
336.0
282.0
313.0
309.0
295.0
311.0
279.0
379.0
578.0
362.0
310.0
339.0
599.0
302.0
478.0
304.0
235.0
329.0
319.0
347.0
290.0
298.0
235.0
334.0
296.0
338.0
313.0
270.0
233.0
397.0
295.0
285.0
287.0
473.0
275.0
283.0
272.0
277.0
457.0
256.0
263.0
316.0
287.0
263.0
421.0
369.0
349.0
357.0
405.0
345.0
283.0
300.0
234.0
350.0
247.0
322.0
274.0
291.0
289.0
229.0
367.0
309.0
366.0
224.0
322.0
322.0
369.0
280.0
296.0
422.0
282.0
241.0
231.0
311.0
300.0
311.0
305.0
253.0
327.0
403.0
273.0
157.0
180.0
334.0
258.0
306.0
274.0
243.0
418.0
357.0
484.0
351.0
436.0
356.0
439.0
449.0
361.0
366.0
245.0
352.0
274.0
324.0
264.0
304.0
344.0
236.0
409.0
240.0
449.0
307.0
464.0
214.0
360.0
296.0
415.0
261.0
360.0
337.0
216.0
304.0
384.0
381.0
350.0
221.0
441.0
316.0
354.0
228.0
258.0
438.0
319.0
251.0
335.0
388.0
284.0
462.0
477.0
382.0
331.0
190.0
323.0
449.0
423.0
249.0
231.0
462.0
307.0
358.0
370.0
337.0
217.0
342.0
260.0
345.0
368.0
485.0
344.0
324.0
349.0
237.0
339.0
242.0
435.0
295.0
243.0
271.0
252.0
342.0
343.0
313.0
263.0
335.0
387.0
233.0
370.0
270.0
368.0
466.0
210.0
279.0
355.0
471.0
280.0
215.0
216.0
331.0
222.0
321.0
305.0
391.0
297.0
412.0
446.0
335.0
351.0
330.0
502.0
257.0
397.0
450.0
258.0
403.0
280.0
298.0
193.0
289.0
261.0
433.0
299.0
496.0
309.0
417.0
356.0
319.0
263.0
176.0
220.0
301.0
233.0
266.0
303.0
271.0
260.0
420.0
380.0
301.0
244.0
400.0
291.0
325.0
367.0
410.0
313.0
322.0
256.0
402.0
249.0
337.0
366.0
381.0
283.0
300.0
272.0
278.0
355.0
337.0
355.0
322.0
250.0
271.0
525.0
272.0
328.0
192.0
278.0
443.0
235.0
310.0
398.0
248.0
393.0
397.0
295.0
262.0
293.0
298.0
296.0
309.0
207.0
383.0
632.0
435.0
366.0
410.0
291.0
417.0
275.0
360.0
284.0
360.0
290.0
294.0
305.0
307.0
297.0
383.0
194.0
274.0
374.0
380.0
251.0
307.0
304.0
316.0
392.0
334.0
646.0
467.0
389.0
396.0
292.0
222.0
305.0
378.0
254.0
320.0
329.0
162.0
422.0
235.0
290.0
225.0
245.0
374.0
335.0
309.0
382.0
324.0
382.0
200.0
290.0
228.0
304.0
283.0
298.0
292.0
301.0
248.0
447.0
373.0
244.0
285.0
309.0
350.0
281.0
369.0
363.0
245.0
279.0
279.0
302.0
293.0
299.0
320.0
529.0
220.0
286.0
339.0
196.0
244.0
314.0
441.0
343.0
275.0
332.0
356.0
261.0
242.0
260.0
331.0
289.0
235.0
408.0
275.0
374.0
418.0
381.0
404.0
323.0
313.0
257.0
204.0
277.0
279.0
400.0
305.0
349.0
417.0
379.0
301.0
281.0
241.0
326.0
478.0
685.0
341.0
434.0
314.0
368.0
261.0
390.0
264.0
444.0
344.0
363.0
263.0
340.0
313.0
328.0
243.0
411.0
329.0
495.0
438.0
279.0
274.0
314.0
341.0
314.0
271.0
474.0
225.0
423.0
334.0
398.0
262.0
177.0
330.0
274.0
376.0
545.0
200.0
270.0
404.0
281.0
380.0
325.0
285.0
164.0
366.0
358.0
241.0
404.0
342.0
347.0
367.0
401.0
299.0
337.0
344.0
305.0
348.0
303.0
298.0
329.0
305.0
423.0
394.0
271.0
230.0
371.0
358.0
307.0
415.0
1732.0
473.0
213.0
493.0
358.0
407.0
321.0
273.0
351.0
332.0
375.0
367.0
453.0
486.0
351.0
308.0
262.0
322.0
315.0
216.0
388.0
435.0
265.0
446.0
214.0
411.0
174.0
325.0
358.0
303.0
318.0
553.0
304.0
388.0
353.0
300.0
449.0
243.0
203.0
284.0
270.0
296.0
309.0
459.0
305.0
267.0
386.0
350.0
247.0
542.0
327.0
339.0
291.0
696.0
396.0
280.0
305.0
304.0
230.0
207.0
361.0
300.0
322.0
318.0
327.0
365.0
223.0
293.0
273.0
429.0
437.0
291.0
330.0
471.0
288.0
515.0
251.0
302.0
178.0
216.0
256.0
409.0
560.0
239.0
511.0
370.0
229.0
304.0
398.0
446.0
303.0
348.0
189.0
317.0
271.0
620.0
297.0
251.0
303.0
240.0
502.0
354.0
361.0
302.0
473.0
256.0
488.0
384.0
416.0
182.0
402.0
309.0
226.0
307.0
258.0
538.0
349.0
280.0
217.0
384.0
420.0
304.0
290.0
442.0
230.0
617.0
285.0
332.0
242.0
488.0
249.0
296.0
400.0
268.0
298.0
427.0
255.0
288.0
250.0
410.0
204.0
371.0
310.0
354.0
443.0
467.0
333.0
251.0
335.0
254.0
361.0
451.0
281.0
450.0
481.0
277.0
175.0
297.0
367.0
297.0
310.0
307.0
264.0
253.0
276.0
353.0
305.0
238.0
1444.0
335.0
416.0
345.0
458.0
296.0
330.0
298.0
396.0
311.0
271.0
228.0
332.0
642.0
420.0
258.0
366.0
205.0
437.0
447.0
436.0
316.0
283.0
292.0
199.0
376.0
319.0
548.0
321.0
320.0
379.0
298.0
348.0
216.0
327.0
254.0
279.0
362.0
362.0
453.0
300.0
278.0
384.0
210.0
413.0
441.0
361.0
380.0
325.0
289.0
359.0
309.0
263.0
370.0
353.0
395.0
352.0
403.0
276.0
334.0
305.0
416.0
334.0
270.0
244.0
249.0
545.0
251.0
327.0
240.0
267.0
186.0
336.0
427.0
446.0
332.0
352.0
362.0
346.0
254.0
375.0
383.0
272.0
353.0
315.0
294.0
296.0
354.0
271.0
328.0
262.0
265.0
270.0
333.0
310.0
264.0
401.0
415.0
271.0
175.0
344.0
212.0
278.0
234.0
250.0
382.0
372.0
449.0
417.0
358.0
285.0
384.0
310.0
454.0
325.0
350.0
276.0
440.0
241.0
410.0
196.0
295.0
290.0
382.0
283.0
265.0
304.0
245.0
296.0
343.0
319.0
261.0
254.0
314.0
262.0
244.0
688.0
204.0
371.0
444.0
367.0
356.0
337.0
234.0
310.0
270.0
369.0
277.0
280.0
357.0
367.0
325.0
330.0
354.0
367.0
209.0
345.0
283.0
411.0
325.0
322.0
345.0
306.0
255.0
296.0
214.0
245.0
482.0
236.0
346.0
266.0
377.0
359.0
324.0
214.0
256.0
350.0
562.0
333.0
319.0
250.0
417.0
306.0
229.0
295.0
427.0
242.0
217.0
446.0
339.0
278.0
309.0
367.0
399.0
276.0
668.0
288.0
301.0
202.0
242.0
306.0
268.0
381.0
376.0
363.0
269.0
286.0
198.0
498.0
267.0
347.0
279.0
360.0
403.0
270.0
377.0
319.0
330.0
289.0
304.0
355.0
376.0
306.0
382.0
212.0
278.0
289.0
316.0
327.0
455.0
258.0
279.0
455.0
365.0
349.0
382.0
290.0
329.0
242.0
269.0
250.0
258.0
287.0
434.0
336.0
322.0
301.0
287.0
428.0
362.0
235.0
245.0
362.0
389.0
331.0
325.0
363.0
338.0
260.0
262.0
577.0
361.0
514.0
298.0
346.0
339.0
198.0
420.0
221.0
571.0
377.0
292.0
318.0
323.0
327.0
394.0
311.0
265.0
349.0
315.0
415.0
294.0
364.0
313.0
358.0
222.0
278.0
600.0
401.0
312.0
318.0
234.0
498.0
595.0
242.0
389.0
496.0
326.0
376.0
455.0
443.0
343.0
365.0
363.0
251.0
287.0
388.0
219.0
268.0
239.0
226.0
241.0
594.0
479.0
367.0
396.0
321.0
263.0
195.0
277.0
266.0
263.0
368.0
353.0
483.0
312.0
410.0
285.0
297.0
217.0
246.0
334.0
281.0
486.0
196.0
235.0
230.0
224.0
409.0
303.0
312.0
327.0
314.0
347.0
369.0
278.0
336.0
276.0
282.0
318.0
306.0
208.0
260.0
245.0
353.0
297.0
432.0
421.0
330.0
353.0
253.0
388.0
435.0
379.0
306.0
426.0
333.0
278.0
282.0
365.0
332.0
271.0
310.0
431.0
269.0
275.0
328.0
319.0
287.0
293.0
751.0
403.0
434.0
316.0
331.0
250.0
397.0
354.0
386.0
227.0
365.0
307.0
265.0
453.0
203.0
287.0
269.0
301.0
278.0
460.0
264.0
224.0
355.0
382.0
347.0
269.0
282.0
332.0
233.0
368.0
275.0
318.0
293.0
339.0
327.0
398.0
462.0
342.0
332.0
300.0
362.0
273.0
450.0
456.0
315.0
381.0
230.0
300.0
261.0
345.0
298.0
362.0
387.0
407.0
248.0
286.0
206.0
295.0
253.0
285.0
409.0
262.0
343.0
245.0
249.0
252.0
315.0
436.0
300.0
229.0
311.0
304.0
298.0
351.0
270.0
309.0
243.0
420.0
242.0
299.0
257.0
477.0
268.0
465.0
489.0
457.0
323.0
350.0
440.0
169.0
303.0
424.0
232.0
357.0
384.0
258.0
236.0
244.0
574.0
343.0
312.0
416.0
239.0
224.0
375.0
376.0
378.0
383.0
223.0
231.0
314.0
322.0
408.0
381.0
576.0
346.0
239.0
267.0
542.0
208.0
468.0
319.0
338.0
286.0
202.0
272.0
424.0
494.0
481.0
310.0
274.0
270.0
274.0
315.0
353.0
232.0
391.0
240.0
362.0
393.0
375.0
397.0
382.0
404.0
362.0
484.0
333.0
487.0
253.0
360.0
190.0
264.0
319.0
481.0
228.0
221.0
268.0
175.0
347.0
426.0
273.0
304.0
280.0
434.0
243.0
448.0
256.0
430.0
372.0
312.0
245.0
351.0
370.0
352.0
245.0
472.0
275.0
389.0
368.0
299.0
249.0
545.0
255.0
317.0
421.0
310.0
345.0
290.0
344.0
306.0
263.0
428.0
472.0
386.0
377.0
405.0
383.0
291.0
342.0
302.0
585.0
334.0
365.0
322.0
389.0
245.0
275.0
303.0
318.0
346.0
320.0
290.0
370.0
330.0
196.0
318.0
293.0
309.0
349.0
358.0
232.0
280.0
227.0
333.0
243.0
365.0
332.0
331.0
443.0
345.0
361.0
450.0
281.0
352.0
310.0
288.0
323.0
470.0
358.0
337.0
382.0
290.0
239.0
258.0
274.0
306.0
309.0
321.0
398.0
268.0
231.0
216.0
301.0
247.0
382.0
209.0
240.0
971.0
316.0
325.0
264.0
375.0
254.0
341.0
286.0
421.0
255.0
1256.0
334.0
289.0
308.0
288.0
339.0
343.0
240.0
279.0
350.0
357.0
275.0
551.0
314.0
408.0
287.0
237.0
437.0
309.0
289.0
437.0
266.0
212.0
328.0
464.0
268.0
271.0
399.0
308.0
470.0
286.0
388.0
321.0
381.0
232.0
363.0
464.0
302.0
259.0
402.0
320.0
290.0
253.0
452.0
330.0
281.0
262.0
335.0
332.0
285.0
263.0
220.0
215.0
381.0
281.0
256.0
304.0
237.0
227.0
500.0
335.0
388.0
236.0
258.0
284.0
401.0
219.0
276.0
321.0
288.0
357.0
312.0
348.0
253.0
338.0
266.0
288.0
425.0
393.0
328.0
324.0
406.0
323.0
547.0
276.0
337.0
290.0
369.0
339.0
338.0
213.0
222.0
303.0
271.0
959.0
252.0
438.0
302.0
317.0
229.0
335.0
271.0
252.0
287.0
277.0
1347.0
440.0
317.0
289.0
499.0
323.0
221.0
238.0
422.0
354.0
308.0
276.0
273.0
313.0
332.0
283.0
230.0
353.0
228.0
374.0
241.0
380.0
329.0
353.0
204.0
192.0
273.0
420.0
350.0
515.0
337.0
254.0
338.0
243.0
335.0
451.0
467.0
268.0
333.0
447.0
317.0
255.0
312.0
338.0
315.0
311.0
357.0
240.0
281.0
246.0
349.0
322.0
398.0
273.0
291.0
405.0
350.0
338.0
239.0
350.0
446.0
328.0
388.0
417.0
312.0
400.0
319.0
238.0
354.0
249.0
756.0
317.0
296.0
453.0
275.0
242.0
301.0
333.0
440.0
304.0
890.0
345.0
283.0
355.0
163.0
584.0
336.0
228.0
362.0
291.0
297.0
200.0
384.0
330.0
358.0
287.0
338.0
302.0
529.0
270.0
208.0
379.0
324.0
229.0
358.0
353.0
211.0
399.0
336.0
194.0
258.0
387.0
332.0
346.0
568.0
250.0
463.0
279.0
305.0
413.0
336.0
270.0
249.0
344.0
261.0
293.0
326.0
329.0
327.0
279.0
410.0
494.0
299.0
297.0
366.0
283.0
328.0
222.0
345.0
506.0
464.0
258.0
391.0
265.0
171.0
241.0
222.0
479.0
268.0
300.0
239.0
481.0
300.0
372.0
313.0
364.0
403.0
216.0
264.0
336.0
358.0
346.0
279.0
382.0
400.0
307.0
169.0
212.0
403.0
411.0
351.0
367.0
270.0
375.0
666.0
369.0
642.0
335.0
396.0
258.0
360.0
333.0
388.0
319.0
200.0
203.0
414.0
347.0
237.0
398.0
369.0
163.0
253.0
312.0
306.0
417.0
263.0
364.0
212.0
335.0
349.0
511.0
326.0
512.0
268.0
290.0
346.0
323.0
359.0
334.0
248.0
235.0
394.0
375.0
434.0
263.0
314.0
375.0
235.0
502.0
207.0
431.0
319.0
366.0
337.0
428.0
263.0
274.0
320.0
262.0
372.0
400.0
587.0
328.0
404.0
312.0
298.0
244.0
319.0
457.0
395.0
286.0
372.0
237.0
322.0
240.0
275.0
453.0
457.0
328.0
385.0
355.0
213.0
269.0
231.0
233.0
410.0
267.0
304.0
375.0
326.0
345.0
465.0
271.0
316.0
340.0
319.0
430.0
419.0
288.0
427.0
393.0
426.0
270.0
429.0
370.0
369.0
277.0
567.0
332.0
258.0
352.0
343.0
253.0
295.0
270.0
361.0
343.0
353.0
248.0
544.0
341.0
306.0
344.0
349.0
262.0
341.0
296.0
210.0
290.0
329.0
172.0
377.0
352.0
223.0
355.0
327.0
272.0
401.0
398.0
281.0
386.0
336.0
359.0
415.0
360.0
272.0
312.0
190.0
273.0
391.0
371.0
239.0
336.0
339.0
297.0
411.0
353.0
342.0
381.0
265.0
237.0
376.0
266.0
331.0
355.0
375.0
319.0
297.0
301.0
311.0
276.0
323.0
315.0
354.0
338.0
423.0
304.0
244.0
297.0
395.0
338.0
257.0
281.0
272.0
186.0
312.0
275.0
389.0
454.0
247.0
280.0
252.0
365.0
343.0
341.0
294.0
281.0
285.0
392.0
381.0
347.0
494.0
311.0
190.0
310.0
391.0
402.0
388.0
335.0
424.0
350.0
377.0
354.0
282.0
323.0
380.0
376.0
405.0
298.0
366.0
289.0
400.0
250.0
307.0
279.0
330.0
222.0
475.0
323.0
400.0
207.0
388.0
382.0
465.0
323.0
319.0
306.0
260.0
248.0
346.0
372.0
283.0
304.0
271.0
470.0
479.0
301.0
348.0
265.0
391.0
319.0
325.0
241.0
411.0
338.0
274.0
250.0
283.0
286.0
236.0
249.0
280.0
323.0
346.0
508.0
350.0
351.0
208.0
207.0
367.0
983.0
231.0
249.0
366.0
344.0
238.0
286.0
342.0
458.0
354.0
351.0
261.0
257.0
244.0
329.0
329.0
307.0
470.0
319.0
297.0
353.0
353.0
296.0
344.0
357.0
408.0
279.0
245.0
287.0
278.0
352.0
440.0
322.0
356.0
153.0
250.0
282.0
244.0
401.0
494.0
277.0
500.0
376.0
341.0
406.0
388.0
258.0
172.0
442.0
271.0
327.0
271.0
286.0
333.0
255.0
197.0
521.0
442.0
198.0
306.0
326.0
282.0
746.0
331.0
393.0
384.0
263.0
287.0
280.0
317.0
594.0
384.0
386.0
323.0
441.0
265.0
295.0
277.0
229.0
346.0
384.0
367.0
247.0
232.0
290.0
329.0
537.0
278.0
301.0
229.0
364.0
258.0
299.0
336.0
419.0
420.0
323.0
338.0
294.0
268.0
331.0
267.0
415.0
455.0
355.0
258.0
366.0
241.0
301.0
281.0
325.0
326.0
381.0
305.0
368.0
425.0
324.0
289.0
371.0
343.0
260.0
328.0
345.0
350.0
258.0
361.0
328.0
319.0
238.0
252.0
355.0
269.0
309.0
270.0
313.0
300.0
262.0
338.0
494.0
360.0
261.0
344.0
303.0
378.0
349.0
314.0
274.0
403.0
359.0
255.0
242.0
327.0
299.0
261.0
339.0
242.0
233.0
522.0
428.0
272.0
344.0
588.0
441.0
397.0
289.0
304.0
292.0
552.0
406.0
395.0
346.0
417.0
518.0
318.0
446.0
405.0
227.0
314.0
200.0
480.0
257.0
264.0
323.0
457.0
272.0
252.0
438.0
279.0
413.0
212.0
326.0
295.0
273.0
307.0
348.0
252.0
361.0
303.0
396.0
300.0
383.0
149.0
472.0
340.0
321.0
385.0
311.0
249.0
275.0
277.0
266.0
648.0
351.0
654.0
331.0
341.0
418.0
274.0
306.0
247.0
343.0
285.0
352.0
352.0
298.0
432.0
311.0
271.0
251.0
424.0
257.0
481.0
377.0
235.0
239.0
284.0
284.0
238.0
312.0
378.0
387.0
266.0
204.0
525.0
313.0
419.0
356.0
263.0
277.0
306.0
227.0
232.0
474.0
253.0
392.0
283.0
315.0
314.0
526.0
375.0
299.0
270.0
504.0
210.0
370.0
378.0
293.0
310.0
341.0
372.0
354.0
220.0
261.0
292.0
278.0
325.0
382.0
355.0
486.0
318.0
220.0
611.0
285.0
309.0
385.0
386.0
412.0
257.0
376.0
382.0
350.0
339.0
294.0
371.0
394.0
405.0
227.0
274.0
295.0
239.0
375.0
450.0
299.0
429.0
305.0
285.0
407.0
283.0
331.0
354.0
267.0
332.0
252.0
416.0
308.0
336.0
288.0
442.0
258.0
270.0
347.0
282.0
370.0
373.0
274.0
186.0
305.0
168.0
234.0
251.0
348.0
350.0
263.0
405.0
329.0
368.0
444.0
303.0
329.0
305.0
413.0
195.0
410.0
483.0
383.0
236.0
290.0
281.0
321.0
348.0
463.0
395.0
309.0
317.0
418.0
249.0
351.0
251.0
307.0
234.0
304.0
235.0
289.0
782.0
491.0
404.0
430.0
327.0
380.0
331.0
263.0
319.0
344.0
391.0
330.0
206.0
341.0
258.0
494.0
391.0
253.0
236.0
307.0
398.0
303.0
338.0
242.0
388.0
386.0
251.0
362.0
321.0
319.0
260.0
402.0
220.0
394.0
182.0
325.0
423.0
272.0
259.0
316.0
394.0
180.0
311.0
290.0
690.0
424.0
407.0
300.0
367.0
338.0
276.0
319.0
313.0
302.0
318.0
282.0
237.0
305.0
248.0
238.0
263.0
473.0
268.0
320.0
337.0
305.0
262.0
217.0
340.0
344.0
283.0
485.0
363.0
252.0
342.0
636.0
263.0
288.0
303.0
410.0
297.0
284.0
519.0
549.0
303.0
296.0
263.0
361.0
377.0
362.0
302.0
474.0
472.0
201.0
290.0
373.0
370.0
287.0
422.0
234.0
294.0
413.0
302.0
282.0
217.0
268.0
487.0
241.0
158.0
330.0
422.0
274.0
261.0
326.0
358.0
300.0
370.0
320.0
351.0
443.0
259.0
370.0
300.0
232.0
391.0
313.0
311.0
346.0
455.0
329.0
177.0
284.0
438.0
258.0
436.0
351.0
330.0
311.0
248.0
327.0
244.0
382.0
363.0
268.0
282.0
261.0
283.0
523.0
364.0
303.0
382.0
374.0
448.0
309.0
256.0
284.0
251.0
361.0
523.0
375.0
366.0
228.0
392.0
317.0
255.0
425.0
402.0
294.0
364.0
259.0
316.0
384.0
356.0
384.0
366.0
339.0
314.0
224.0
435.0
321.0
245.0
280.0
308.0
252.0
419.0
471.0
272.0
299.0
372.0
276.0
420.0
309.0
286.0
372.0
701.0
362.0
412.0
206.0
331.0
315.0
250.0
322.0
270.0
247.0
348.0
194.0
318.0
191.0
312.0
448.0
414.0
389.0
235.0
311.0
292.0
232.0
404.0
436.0
422.0
392.0
386.0
541.0
324.0
434.0
420.0
411.0
347.0
337.0
269.0
333.0
465.0
302.0
266.0
310.0
270.0
314.0
226.0
286.0
428.0
408.0
307.0
338.0
348.0
238.0
339.0
498.0
258.0
308.0
380.0
320.0
230.0
312.0
305.0
317.0
499.0
450.0
380.0
403.0
246.0
253.0
378.0
247.0
504.0
299.0
418.0
284.0
327.0
288.0
309.0
374.0
351.0
348.0
576.0
246.0
402.0
281.0
339.0
266.0
251.0
322.0
342.0
389.0
213.0
278.0
336.0
359.0
310.0
200.0
371.0
201.0
343.0
339.0
491.0
382.0
376.0
217.0
306.0
581.0
290.0
272.0
354.0
365.0
312.0
306.0
272.0
392.0
240.0
283.0
352.0
263.0
474.0
294.0
276.0
367.0
292.0
366.0
313.0
234.0
430.0
217.0
255.0
526.0
241.0
378.0
261.0
321.0
281.0
229.0
241.0
353.0
228.0
363.0
311.0
326.0
406.0
416.0
343.0
250.0
265.0
225.0
234.0
335.0
288.0
552.0
299.0
338.0
460.0
423.0
396.0
331.0
348.0
314.0
355.0
307.0
458.0
292.0
349.0
383.0
329.0
336.0
344.0
312.0
335.0
320.0
222.0
228.0
343.0
355.0
335.0
421.0
352.0
427.0
369.0
395.0
288.0
341.0
243.0
528.0
303.0
358.0
368.0
425.0
273.0
391.0
281.0
402.0
284.0
376.0
302.0
351.0
355.0
456.0
334.0
326.0
330.0
362.0
268.0
278.0
262.0
355.0
309.0
375.0
400.0
421.0
359.0
292.0
456.0
553.0
396.0
373.0
168.0
411.0
315.0
384.0
301.0
325.0
389.0
375.0
285.0
431.0
294.0
203.0
310.0
311.0
306.0
378.0
355.0
280.0
357.0
260.0
191.0
273.0
361.0
382.0
252.0
305.0
325.0
346.0
311.0
327.0
198.0
247.0
298.0
521.0
306.0
275.0
264.0
370.0
344.0
313.0
465.0
331.0
288.0
346.0
348.0
275.0
362.0
430.0
267.0
272.0
299.0
308.0
433.0
310.0
429.0
368.0
317.0
248.0
271.0
498.0
303.0
434.0
491.0
285.0
272.0
247.0
198.0
332.0
371.0
321.0
401.0
285.0
369.0
369.0
324.0
498.0
353.0
239.0
328.0
227.0
197.0
277.0
504.0
417.0
276.0
368.0
354.0
198.0
491.0
235.0
270.0
328.0
349.0
384.0
338.0
351.0
238.0
341.0
466.0
241.0
533.0
321.0
325.0
328.0
246.0
266.0
256.0
354.0
282.0
270.0
295.0
470.0
249.0
337.0
364.0
422.0
220.0
431.0
277.0
244.0
311.0
275.0
315.0
315.0
215.0
323.0
363.0
284.0
265.0
285.0
308.0
315.0
253.0
330.0
302.0
364.0
295.0
278.0
297.0
252.0
440.0
230.0
302.0
294.0
305.0
303.0
351.0
355.0
366.0
417.0
360.0
295.0
670.0
350.0
483.0
224.0
294.0
280.0
337.0
260.0
353.0
334.0
250.0
253.0
363.0
405.0
395.0
362.0
320.0
270.0
252.0
295.0
365.0
300.0
323.0
263.0
377.0
242.0
370.0
348.0
368.0
196.0
307.0
280.0
369.0
275.0
302.0
347.0
320.0
376.0
308.0
361.0
373.0
377.0
611.0
303.0
275.0
290.0
377.0
304.0
292.0
321.0
267.0
255.0
277.0
341.0
296.0
256.0
254.0
362.0
290.0
258.0
363.0
233.0
530.0
255.0
406.0
280.0
297.0
307.0
331.0
306.0
272.0
301.0
598.0
264.0
302.0
254.0
506.0
347.0
398.0
306.0
248.0
296.0
473.0
284.0
337.0
243.0
306.0
362.0
286.0
272.0
304.0
350.0
278.0
354.0
383.0
253.0
275.0
349.0
307.0
244.0
652.0
406.0
264.0
520.0
360.0
401.0
401.0
293.0
353.0
297.0
357.0
229.0
298.0
295.0
414.0
313.0
315.0
414.0
367.0
280.0
313.0
361.0
268.0
253.0
351.0
287.0
321.0
337.0
288.0
314.0
340.0
296.0
299.0
473.0
454.0
313.0
341.0
316.0
356.0
329.0
341.0
533.0
238.0
354.0
253.0
384.0
288.0
275.0
321.0
379.0
272.0
227.0
340.0
392.0
311.0
347.0
339.0
269.0
328.0
338.0
251.0
378.0
362.0
482.0
310.0
346.0
332.0
355.0
247.0
353.0
401.0
265.0
401.0
259.0
349.0
365.0
342.0
388.0
436.0
261.0
246.0
330.0
326.0
241.0
322.0
326.0
321.0
283.0
291.0
328.0
485.0
280.0
270.0
323.0
337.0
290.0
442.0
321.0
337.0
279.0
344.0
262.0
428.0
404.0
231.0
395.0
276.0
284.0
313.0
266.0
358.0
356.0
341.0
316.0
341.0
334.0
502.0
311.0
364.0
270.0
275.0
428.0
372.0
227.0
266.0
230.0
216.0
407.0
271.0
291.0
337.0
254.0
449.0
339.0
641.0
303.0
380.0
243.0
232.0
301.0
481.0
316.0
393.0
380.0
404.0
466.0
341.0
180.0
286.0
254.0
324.0
438.0
182.0
281.0
346.0
442.0
280.0
275.0
414.0
267.0
225.0
333.0
388.0
252.0
284.0
309.0
504.0
373.0
324.0
394.0
239.0
248.0
362.0
421.0
219.0
543.0
265.0
336.0
336.0
209.0
268.0
298.0
283.0
194.0
374.0
255.0
514.0
380.0
321.0
374.0
479.0
255.0
302.0
309.0
344.0
212.0
295.0
552.0
358.0
266.0
382.0
312.0
410.0
300.0
307.0
297.0
349.0
381.0
232.0
458.0
283.0
190.0
330.0
384.0
368.0
527.0
369.0
260.0
243.0
306.0
444.0
269.0
207.0
352.0
281.0
342.0
400.0
381.0
190.0
317.0
242.0
357.0
246.0
344.0
383.0
211.0
465.0
396.0
268.0
452.0
461.0
337.0
325.0
277.0
387.0
360.0
312.0
457.0
222.0
363.0
265.0
451.0
357.0
330.0
281.0
315.0
395.0
354.0
381.0
418.0
244.0
342.0
228.0
304.0
257.0
303.0
248.0
365.0
298.0
630.0
420.0
314.0
369.0
334.0
244.0
241.0
352.0
292.0
281.0
417.0
249.0
443.0
239.0
220.0
200.0
351.0
296.0
390.0
294.0
412.0
244.0
320.0
255.0
320.0
394.0
309.0
326.0
365.0
292.0
390.0
301.0
345.0
303.0
505.0
522.0
260.0
322.0
410.0
340.0
307.0
191.0
353.0
329.0
293.0
331.0
482.0
321.0
339.0
497.0
338.0
295.0
300.0
374.0
238.0
320.0
287.0
421.0
304.0
463.0
516.0
245.0
194.0
291.0
274.0
454.0
258.0
308.0
370.0
661.0
258.0
278.0
221.0
177.0
342.0
309.0
433.0
424.0
349.0
304.0
289.0
362.0
301.0
365.0
387.0
434.0
278.0
291.0
313.0
265.0
305.0
392.0
278.0
400.0
270.0
274.0
499.0
166.0
245.0
415.0
324.0
299.0
334.0
343.0
354.0
363.0
367.0
573.0
276.0
445.0
323.0
398.0
284.0
283.0
549.0
368.0
328.0
290.0
302.0
294.0
409.0
396.0
299.0
305.0
279.0
324.0
263.0
463.0
253.0
465.0
233.0
415.0
280.0
350.0
228.0
295.0
365.0
263.0
241.0
336.0
412.0
377.0
249.0
419.0
287.0
245.0
311.0
277.0
304.0
325.0
426.0
334.0
268.0
539.0
272.0
414.0
379.0
305.0
200.0
280.0
457.0
314.0
253.0
302.0
345.0
352.0
370.0
315.0
339.0
264.0
373.0
371.0
265.0
309.0
303.0
264.0
253.0
382.0
280.0
218.0
335.0
462.0
291.0
365.0
257.0
249.0
417.0
291.0
306.0
271.0
526.0
391.0
312.0
273.0
317.0
314.0
457.0
556.0
334.0
201.0
323.0
243.0
300.0
383.0
290.0
364.0
356.0
367.0
316.0
341.0
337.0
417.0
331.0
406.0
301.0
426.0
330.0
274.0
220.0
298.0
349.0
354.0
418.0
459.0
229.0
420.0
417.0
258.0
292.0
369.0
406.0
310.0
262.0
335.0
424.0
375.0
352.0
354.0
284.0
356.0
338.0
453.0
308.0
357.0
330.0
314.0
366.0
304.0
354.0
336.0
277.0
361.0
401.0
357.0
483.0
298.0
289.0
313.0
349.0
434.0
303.0
312.0
345.0
286.0
375.0
261.0
290.0
246.0
280.0
306.0
287.0
342.0
325.0
353.0
370.0
349.0
303.0
402.0
295.0
282.0
297.0
381.0
300.0
348.0
396.0
510.0
622.0
407.0
297.0
408.0
262.0
380.0
304.0
298.0
399.0
337.0
472.0
186.0
257.0
316.0
297.0
357.0
359.0
351.0
284.0
246.0
408.0
331.0
353.0
346.0
327.0
480.0
280.0
317.0
403.0
300.0
291.0
447.0
243.0
382.0
437.0
289.0
300.0
291.0
292.0
357.0
337.0
328.0
257.0
267.0
385.0
482.0
283.0
436.0
358.0
312.0
411.0
273.0
287.0
412.0
363.0
244.0
296.0
230.0
393.0
247.0
520.0
360.0
444.0
245.0
362.0
262.0
234.0
405.0
305.0
210.0
310.0
315.0
280.0
316.0
295.0
226.0
414.0
206.0
237.0
339.0
322.0
345.0
309.0
423.0
207.0
240.0
375.0
334.0
314.0
384.0
324.0
282.0
204.0
284.0
281.0
227.0
475.0
283.0
272.0
502.0
352.0
379.0
306.0
341.0
353.0
249.0
298.0
318.0
351.0
265.0
321.0
366.0
356.0
309.0
263.0
381.0
269.0
436.0
211.0
480.0
146.0
452.0
348.0
389.0
534.0
233.0
450.0
463.0
201.0
255.0
375.0
216.0
339.0
226.0
313.0
516.0
369.0
348.0
482.0
299.0
218.0
325.0
323.0
494.0
320.0
330.0
202.0
400.0
326.0
331.0
472.0
308.0
246.0
440.0
430.0
439.0
301.0
375.0
388.0
328.0
274.0
341.0
340.0
321.0
438.0
243.0
263.0
244.0
269.0
332.0
330.0
320.0
343.0
346.0
337.0
310.0
372.0
199.0
320.0
313.0
349.0
240.0
497.0
468.0
356.0
347.0
260.0
405.0
285.0
228.0
386.0
356.0
414.0
558.0
305.0
228.0
213.0
379.0
351.0
430.0
344.0
351.0
338.0
253.0
346.0
388.0
280.0
248.0
401.0
346.0
222.0
308.0
359.0
276.0
324.0
360.0
380.0
288.0
323.0
210.0
305.0
324.0
453.0
321.0
283.0
298.0
382.0
393.0
334.0
260.0
178.0
471.0
418.0
385.0
245.0
394.0
211.0
398.0
339.0
243.0
325.0
396.0
364.0
346.0
323.0
365.0
318.0
397.0
300.0
343.0
383.0
363.0
404.0
229.0
307.0
325.0
448.0
405.0
369.0
364.0
376.0
193.0
295.0
285.0
345.0
554.0
282.0
408.0
350.0
262.0
342.0
366.0
282.0
264.0
292.0
594.0
378.0
303.0
213.0
289.0
454.0
356.0
340.0
379.0
310.0
323.0
496.0
324.0
311.0
288.0
345.0
292.0
253.0
393.0
379.0
375.0
321.0
254.0
277.0
275.0
365.0
267.0
283.0
364.0
327.0
446.0
356.0
323.0
361.0
376.0
305.0
307.0
339.0
316.0
308.0
318.0
316.0
319.0
324.0
368.0
294.0
326.0
398.0
285.0
265.0
350.0
280.0
268.0
278.0
257.0
242.0
217.0
330.0
591.0
360.0
393.0
301.0
432.0
297.0
384.0
282.0
332.0
435.0
240.0
487.0
361.0
333.0
362.0
228.0
258.0
392.0
307.0
262.0
265.0
370.0
334.0
371.0
273.0
355.0
294.0
245.0
375.0
340.0
369.0
385.0
250.0
293.0
305.0
425.0
306.0
310.0
295.0
406.0
281.0
378.0
381.0
365.0
187.0
284.0
279.0
291.0
417.0
312.0
387.0
324.0
397.0
344.0
369.0
300.0
270.0
187.0
397.0
322.0
338.0
367.0
351.0
367.0
355.0
290.0
344.0
250.0
432.0
242.0
240.0
348.0
370.0
313.0
303.0
339.0
404.0
176.0
302.0
394.0
395.0
264.0
287.0
392.0
358.0
327.0
243.0
501.0
291.0
392.0
358.0
373.0
414.0
355.0
264.0
225.0
288.0
387.0
381.0
346.0
346.0
279.0
327.0
384.0
242.0
329.0
376.0
311.0
324.0
537.0
286.0
356.0
378.0
394.0
355.0
227.0
422.0
301.0
329.0
396.0
216.0
354.0
293.0
269.0
510.0
417.0
284.0
350.0
289.0
532.0
388.0
319.0
231.0
344.0
309.0
320.0
256.0
207.0
304.0
400.0
418.0
223.0
337.0
299.0
351.0
273.0
394.0
287.0
290.0
356.0
306.0
313.0
286.0
345.0
288.0
363.0
279.0
265.0
292.0
378.0
319.0
252.0
220.0
324.0
318.0
360.0
290.0
320.0
239.0
324.0
256.0
324.0
260.0
259.0
234.0
497.0
222.0
317.0
317.0
414.0
343.0
215.0
365.0
308.0
347.0
345.0
394.0
369.0
241.0
360.0
350.0
309.0
306.0
363.0
299.0
391.0
345.0
274.0
324.0
293.0
317.0
425.0
436.0
258.0
209.0
320.0
330.0
374.0
252.0
234.0
349.0
341.0
333.0
227.0
274.0
280.0
313.0
369.0
262.0
370.0
345.0
309.0
398.0
323.0
279.0
283.0
324.0
335.0
496.0
218.0
380.0
432.0
272.0
324.0
382.0
272.0
318.0
226.0
279.0
329.0
238.0
323.0
476.0
340.0
225.0
319.0
283.0
346.0
362.0
390.0
385.0
418.0
306.0
350.0
291.0
336.0
382.0
255.0
239.0
290.0
341.0
344.0
477.0
239.0
244.0
339.0
377.0
412.0
285.0
232.0
414.0
419.0
215.0
293.0
249.0
337.0
264.0
291.0
499.0
283.0
261.0
301.0
301.0
306.0
304.0
352.0
384.0
334.0
267.0
305.0
295.0
388.0
384.0
323.0
266.0
331.0
325.0
309.0
532.0
357.0
372.0
348.0
289.0
274.0
332.0
293.0
282.0
316.0
308.0
232.0
487.0
453.0
297.0
335.0
215.0
301.0
443.0
292.0
288.0
349.0
280.0
363.0
298.0
337.0
310.0
336.0
333.0
268.0
247.0
308.0
356.0
416.0
344.0
277.0
306.0
454.0
318.0
377.0
392.0
389.0
235.0
263.0
372.0
248.0
271.0
263.0
353.0
264.0
351.0
215.0
391.0
537.0
333.0
369.0
444.0
299.0
463.0
280.0
242.0
313.0
358.0
397.0
393.0
356.0
338.0
422.0
294.0
254.0
314.0
338.0
373.0
366.0
178.0
282.0
297.0
339.0
426.0
198.0
372.0
305.0
257.0
342.0
287.0
394.0
360.0
395.0
321.0
307.0
336.0
317.0
368.0
456.0
149.0
303.0
277.0
311.0
521.0
309.0
336.0
464.0
456.0
424.0
414.0
311.0
315.0
405.0
386.0
315.0
206.0
482.0
275.0
355.0
302.0
420.0
315.0
369.0
336.0
245.0
300.0
393.0
251.0
235.0
363.0
347.0
344.0
298.0
266.0
343.0
356.0
302.0
405.0
266.0
200.0
373.0
393.0
315.0
323.0
338.0
233.0
391.0
236.0
316.0
310.0
329.0
346.0
325.0
411.0
295.0
305.0
444.0
388.0
363.0
215.0
272.0
298.0
375.0
265.0
336.0
414.0
313.0
349.0
326.0
319.0
424.0
294.0
369.0
375.0
441.0
286.0
291.0
352.0
352.0
388.0
356.0
387.0
433.0
356.0
408.0
271.0
305.0
358.0
411.0
259.0
634.0
426.0
316.0
510.0
362.0
263.0
423.0
271.0
400.0
366.0
412.0
259.0
334.0
255.0
318.0
375.0
287.0
311.0
327.0
246.0
507.0
348.0
401.0
395.0
299.0
250.0
312.0
350.0
242.0
287.0
283.0
375.0
258.0
443.0
353.0
303.0
288.0
292.0
226.0
361.0
337.0
400.0
347.0
232.0
304.0
342.0
263.0
289.0
332.0
334.0
324.0
353.0
297.0
284.0
425.0
257.0
405.0
216.0
326.0
361.0
336.0
466.0
333.0
329.0
335.0
259.0
286.0
315.0
360.0
323.0
324.0
329.0
309.0
351.0
323.0
233.0
339.0
381.0
350.0
470.0
375.0
1453.0
240.0
421.0
340.0
370.0
366.0
506.0
430.0
328.0
295.0
378.0
351.0
303.0
376.0
332.0
374.0
263.0
305.0
298.0
223.0
483.0
376.0
476.0
421.0
435.0
451.0
260.0
256.0
287.0
294.0
376.0
362.0
422.0
288.0
303.0
288.0
220.0
422.0
243.0
460.0
331.0
327.0
343.0
557.0
322.0
305.0
320.0
225.0
337.0
375.0
319.0
318.0
273.0
303.0
394.0
388.0
282.0
399.0
277.0
309.0
267.0
278.0
270.0
325.0
400.0
377.0
216.0
421.0
612.0
280.0
505.0
345.0
272.0
293.0
263.0
284.0
266.0
289.0
193.0
338.0
291.0
453.0
365.0
225.0
238.0
376.0
378.0
243.0
281.0
357.0
354.0
259.0
438.0
347.0
287.0
165.0
353.0
336.0
424.0
386.0
386.0
263.0
458.0
477.0
325.0
289.0
430.0
433.0
287.0
277.0
327.0
349.0
446.0
326.0
241.0
268.0
365.0
315.0
297.0
311.0
264.0
260.0
233.0
385.0
297.0
370.0
314.0
296.0
481.0
323.0
327.0
248.0
318.0
310.0
358.0
332.0
478.0
184.0
248.0
257.0
335.0
481.0
323.0
268.0
398.0
402.0
266.0
305.0
266.0
538.0
301.0
347.0
270.0
392.0
342.0
540.0
327.0
203.0
253.0
391.0
430.0
328.0
342.0
396.0
308.0
184.0
455.0
305.0
352.0
309.0
296.0
286.0
297.0
339.0
298.0
238.0
218.0
308.0
272.0
389.0
305.0
339.0
400.0
391.0
313.0
233.0
449.0
371.0
279.0
380.0
413.0
372.0
329.0
298.0
276.0
339.0
405.0
372.0
369.0
347.0
394.0
310.0
307.0
331.0
410.0
301.0
295.0
455.0
268.0
282.0
339.0
257.0
297.0
364.0
392.0
258.0
268.0
285.0
336.0
331.0
455.0
343.0
295.0
260.0
276.0
249.0
296.0
303.0
284.0
539.0
411.0
253.0
404.0
354.0
317.0
321.0
362.0
274.0
396.0
391.0
359.0
353.0
290.0
207.0
304.0
439.0
316.0
364.0
311.0
348.0
275.0
381.0
369.0
297.0
315.0
326.0
315.0
311.0
418.0
304.0
302.0
318.0
367.0
456.0
302.0
412.0
278.0
273.0
265.0
445.0
327.0
223.0
329.0
293.0
339.0
364.0
235.0
295.0
239.0
350.0
264.0
422.0
333.0
401.0
378.0
341.0
331.0
235.0
363.0
326.0
237.0
461.0
347.0
257.0
453.0
494.0
254.0
298.0
377.0
230.0
388.0
417.0
253.0
326.0
315.0
290.0
284.0
416.0
298.0
371.0
536.0
318.0
334.0
351.0
323.0
284.0
359.0
271.0
404.0
291.0
341.0
317.0
235.0
311.0
424.0
421.0
443.0
374.0
212.0
301.0
382.0
212.0
335.0
377.0
274.0
348.0
427.0
347.0
481.0
374.0
237.0
206.0
331.0
263.0
466.0
313.0
303.0
289.0
364.0
268.0
381.0
389.0
233.0
294.0
257.0
410.0
261.0
350.0
298.0
245.0
392.0
577.0
281.0
293.0
393.0
309.0
316.0
316.0
347.0
357.0
276.0
265.0
340.0
373.0
450.0
203.0
496.0
275.0
593.0
410.0
172.0
346.0
419.0
379.0
301.0
215.0
441.0
254.0
273.0
383.0
424.0
310.0
223.0
355.0
300.0
294.0
373.0
292.0
306.0
284.0
298.0
301.0
363.0
539.0
365.0
297.0
421.0
301.0
353.0
374.0
372.0
282.0
426.0
370.0
398.0
444.0
265.0
328.0
261.0
315.0
365.0
246.0
318.0
258.0
289.0
284.0
332.0
457.0
430.0
215.0
313.0
270.0
415.0
238.0
269.0
232.0
355.0
317.0
312.0
306.0
461.0
331.0
278.0
329.0
313.0
261.0
223.0
261.0
403.0
326.0
474.0
249.0
411.0
344.0
280.0
361.0
382.0
201.0
1343.0
386.0
588.0
243.0
342.0
271.0
376.0
279.0
267.0
296.0
284.0
406.0
339.0
232.0
259.0
254.0
448.0
267.0
389.0
526.0
277.0
273.0
321.0
358.0
303.0
323.0
304.0
349.0
241.0
379.0
329.0
317.0
340.0
292.0
209.0
349.0
396.0
302.0
407.0
226.0
284.0
339.0
263.0
314.0
235.0
450.0
257.0
317.0
311.0
427.0
383.0
288.0
321.0
252.0
346.0
341.0
397.0
305.0
287.0
490.0
234.0
432.0
325.0
300.0
294.0
322.0
364.0
279.0
405.0
344.0
304.0
374.0
385.0
321.0
288.0
229.0
248.0
287.0
342.0
323.0
181.0
290.0
334.0
430.0
287.0
488.0
399.0
411.0
292.0
215.0
265.0
263.0
312.0
311.0
336.0
187.0
440.0
262.0
233.0
434.0
362.0
352.0
354.0
389.0
226.0
372.0
359.0
316.0
277.0
303.0
255.0
313.0
214.0
281.0
272.0
300.0
212.0
342.0
257.0
255.0
334.0
363.0
311.0
253.0
289.0
342.0
367.0
293.0
279.0
280.0
345.0
348.0
294.0
386.0
333.0
341.0
237.0
289.0
332.0
283.0
283.0
286.0
348.0
332.0
217.0
335.0
292.0
425.0
242.0
375.0
250.0
363.0
570.0
409.0
218.0
219.0
383.0
299.0
387.0
282.0
356.0
338.0
702.0
519.0
271.0
402.0
306.0
395.0
306.0
240.0
292.0
306.0
370.0
288.0
253.0
274.0
330.0
415.0
369.0
220.0
291.0
344.0
405.0
227.0
261.0
411.0
237.0
277.0
337.0
321.0
372.0
333.0
361.0
310.0
355.0
195.0
396.0
321.0
378.0
414.0
373.0
341.0
386.0
263.0
299.0
239.0
289.0
290.0
367.0
268.0
280.0
306.0
266.0
334.0
321.0
254.0
350.0
245.0
346.0
766.0
287.0
248.0
380.0
281.0
325.0
331.0
295.0
297.0
423.0
287.0
441.0
243.0
340.0
353.0
375.0
325.0
252.0
341.0
385.0
390.0
366.0
390.0
307.0
315.0
347.0
398.0
439.0
239.0
311.0
248.0
379.0
270.0
261.0
391.0
291.0
277.0
318.0
231.0
331.0
275.0
298.0
292.0
379.0
348.0
359.0
332.0
316.0
227.0
270.0
394.0
343.0
324.0
353.0
238.0
343.0
353.0
325.0
240.0
233.0
346.0
336.0
286.0
509.0
343.0
236.0
334.0
385.0
234.0
318.0
314.0
333.0
242.0
405.0
222.0
237.0
246.0
846.0
375.0
371.0
321.0
274.0
377.0
327.0
242.0
308.0
369.0
415.0
412.0
350.0
232.0
455.0
394.0
347.0
174.0
338.0
226.0
405.0
369.0
278.0
316.0
487.0
235.0
388.0
285.0
258.0
195.0
608.0
491.0
444.0
281.0
245.0
593.0
269.0
304.0
315.0
243.0
327.0
344.0
309.0
281.0
424.0
257.0
365.0
368.0
310.0
226.0
358.0
347.0
307.0
323.0
268.0
363.0
329.0
332.0
292.0
303.0
323.0
433.0
304.0
291.0
357.0
376.0
347.0
367.0
439.0
307.0
407.0
282.0
318.0
385.0
260.0
297.0
331.0
455.0
308.0
291.0
370.0
380.0
507.0
352.0
308.0
364.0
276.0
373.0
334.0
321.0
274.0
502.0
192.0
344.0
329.0
412.0
213.0
310.0
354.0
382.0
360.0
314.0
230.0
427.0
252.0
284.0
397.0
296.0
260.0
321.0
324.0
250.0
257.0
222.0
303.0
445.0
240.0
346.0
289.0
361.0
458.0
333.0
215.0
313.0
412.0
292.0
336.0
408.0
238.0
276.0
370.0
260.0
381.0
369.0
369.0
346.0
330.0
190.0
466.0
357.0
392.0
387.0
339.0
540.0
448.0
369.0
330.0
285.0
400.0
290.0
480.0
281.0
286.0
284.0
325.0
258.0
285.0
313.0
630.0
257.0
289.0
261.0
334.0
320.0
448.0
384.0
408.0
354.0
332.0
451.0
285.0
469.0
248.0
320.0
443.0
313.0
314.0
369.0
262.0
355.0
245.0
312.0
347.0
294.0
278.0
328.0
354.0
193.0
325.0
375.0
270.0
362.0
348.0
260.0
260.0
257.0
358.0
315.0
241.0
379.0
445.0
313.0
456.0
331.0
320.0
196.0
386.0
264.0
362.0
293.0
355.0
358.0
298.0
301.0
368.0
335.0
302.0
297.0
356.0
316.0
437.0
390.0
348.0
325.0
440.0
310.0
287.0
275.0
397.0
324.0
257.0
329.0
306.0
259.0
291.0
378.0
246.0
248.0
371.0
508.0
461.0
382.0
403.0
254.0
515.0
1890.0
379.0
320.0
322.0
408.0
388.0
326.0
501.0
327.0
453.0
287.0
333.0
410.0
480.0
329.0
513.0
326.0
288.0
299.0
358.0
281.0
344.0
782.0
394.0
312.0
375.0
396.0
370.0
256.0
332.0
271.0
325.0
371.0
434.0
357.0
333.0
304.0
333.0
358.0
374.0
321.0
353.0
263.0
372.0
230.0
285.0
295.0
330.0
393.0
351.0
364.0
297.0
272.0
261.0
270.0
343.0
267.0
502.0
341.0
312.0
247.0
513.0
285.0
351.0
269.0
259.0
316.0
372.0
380.0
294.0
460.0
292.0
307.0
281.0
270.0
223.0
399.0
248.0
240.0
295.0
329.0
369.0
486.0
432.0
297.0
445.0
228.0
242.0
242.0
309.0
274.0
353.0
370.0
403.0
285.0
232.0
510.0
400.0
251.0
320.0
261.0
401.0
408.0
388.0
524.0
433.0
609.0
350.0
444.0
378.0
315.0
262.0
224.0
300.0
319.0
375.0
422.0
353.0
442.0
468.0
425.0
280.0
257.0
332.0
328.0
467.0
387.0
300.0
214.0
269.0
284.0
341.0
246.0
373.0
269.0
251.0
369.0
329.0
304.0
296.0
447.0
385.0
225.0
304.0
323.0
408.0
285.0
303.0
321.0
417.0
322.0
354.0
344.0
280.0
567.0
690.0
445.0
284.0
190.0
232.0
448.0
406.0
392.0
304.0
260.0
301.0
425.0
406.0
523.0
219.0
340.0
321.0
333.0
344.0
346.0
339.0
356.0
378.0
240.0
328.0
278.0
319.0
475.0
240.0
366.0
263.0
250.0
354.0
407.0
360.0
267.0
506.0
394.0
309.0
260.0
425.0
361.0
250.0
433.0
318.0
249.0
300.0
327.0
442.0
341.0
398.0
266.0
422.0
389.0
383.0
437.0
264.0
326.0
261.0
296.0
323.0
287.0
315.0
243.0
320.0
396.0
307.0
384.0
252.0
549.0
378.0
361.0
314.0
401.0
209.0
271.0
319.0
369.0
414.0
292.0
377.0
389.0
239.0
213.0
325.0
278.0
429.0
326.0
260.0
452.0
262.0
364.0
366.0
397.0
360.0
414.0
269.0
349.0
429.0
369.0
631.0
351.0
238.0
326.0
429.0
213.0
374.0
322.0
431.0
241.0
428.0
243.0
334.0
264.0
411.0
308.0
195.0
530.0
249.0
399.0
336.0
260.0
297.0
383.0
329.0
360.0
279.0
324.0
455.0
264.0
234.0
353.0
443.0
405.0
327.0
336.0
223.0
397.0
359.0
287.0
501.0
293.0
213.0
348.0
331.0
419.0
352.0
247.0
298.0
305.0
231.0
267.0
367.0
261.0
302.0
294.0
445.0
277.0
340.0
280.0
257.0
295.0
360.0
275.0
278.0
284.0
373.0
464.0
340.0
302.0
314.0
389.0
393.0
215.0
357.0
286.0
235.0
329.0
457.0
280.0
326.0
447.0
333.0
413.0
338.0
326.0
349.0
252.0
255.0
232.0
306.0
308.0
292.0
269.0
341.0
252.0
302.0
269.0
340.0
289.0
349.0
413.0
573.0
366.0
347.0
588.0
282.0
269.0
294.0
223.0
296.0
207.0
251.0
360.0
339.0
228.0
334.0
195.0
528.0
353.0
306.0
479.0
334.0
190.0
245.0
312.0
416.0
366.0
441.0
407.0
256.0
370.0
305.0
286.0
503.0
271.0
455.0
345.0
242.0
257.0
301.0
285.0
297.0
276.0
275.0
358.0
259.0
301.0
379.0
290.0
258.0
311.0
234.0
342.0
294.0
382.0
213.0
318.0
332.0
340.0
334.0
365.0
325.0
440.0
338.0
324.0
365.0
329.0
315.0
231.0
296.0
373.0
426.0
191.0
278.0
442.0
292.0
223.0
321.0
318.0
290.0
391.0
363.0
278.0
481.0
274.0
231.0
456.0
286.0
289.0
267.0
268.0
353.0
425.0
313.0
363.0
257.0
466.0
349.0
248.0
348.0
241.0
486.0
3431.0
350.0
352.0
236.0
302.0
268.0
274.0
354.0
325.0
362.0
342.0
190.0
210.0
355.0
354.0
246.0
209.0
407.0
299.0
349.0
391.0
320.0
318.0
343.0
285.0
255.0
366.0
318.0
379.0
226.0
273.0
375.0
253.0
235.0
335.0
284.0
357.0
380.0
269.0
309.0
229.0
256.0
338.0
362.0
335.0
276.0
490.0
472.0
358.0
288.0
239.0
339.0
222.0
247.0
265.0
347.0
359.0
236.0
255.0
628.0
265.0
346.0
341.0
236.0
337.0
412.0
420.0
335.0
180.0
429.0
228.0
403.0
342.0
372.0
296.0
239.0
408.0
294.0
240.0
390.0
280.0
269.0
339.0
292.0
278.0
452.0
292.0
453.0
473.0
351.0
240.0
286.0
299.0
329.0
330.0
251.0
341.0
234.0
329.0
349.0
279.0
291.0
405.0
355.0
443.0
256.0
320.0
205.0
258.0
368.0
272.0
261.0
335.0
276.0
334.0
354.0
351.0
322.0
225.0
332.0
380.0
273.0
308.0
293.0
383.0
241.0
286.0
301.0
379.0
315.0
265.0
463.0
415.0
196.0
249.0
477.0
240.0
299.0
401.0
330.0
388.0
341.0
208.0
328.0
280.0
338.0
496.0
325.0
428.0
261.0
245.0
291.0
712.0
377.0
352.0
427.0
480.0
373.0
259.0
335.0
304.0
323.0
662.0
225.0
274.0
298.0
418.0
320.0
386.0
283.0
254.0
389.0
234.0
346.0
535.0
327.0
363.0
358.0
279.0
284.0
251.0
288.0
299.0
338.0
272.0
252.0
356.0
364.0
270.0
337.0
375.0
370.0
340.0
294.0
480.0
289.0
308.0
337.0
252.0
297.0
343.0
614.0
367.0
356.0
258.0
307.0
335.0
421.0
436.0
297.0
233.0
325.0
273.0
259.0
310.0
433.0
285.0
367.0
391.0
291.0
290.0
207.0
410.0
466.0
301.0
397.0
295.0
450.0
399.0
293.0
291.0
272.0
322.0
381.0
206.0
378.0
362.0
486.0
462.0
443.0
375.0
409.0
272.0
288.0
331.0
347.0
386.0
310.0
257.0
353.0
334.0
327.0
380.0
502.0
228.0
311.0
230.0
232.0
343.0
307.0
322.0
327.0
207.0
358.0
234.0
892.0
303.0
230.0
481.0
396.0
309.0
328.0
321.0
316.0
495.0
455.0
312.0
232.0
437.0
420.0
253.0
361.0
223.0
289.0
282.0
271.0
255.0
388.0
303.0
247.0
369.0
229.0
376.0
318.0
411.0
446.0
294.0
353.0
315.0
336.0
413.0
364.0
303.0
337.0
295.0
318.0
276.0
348.0
325.0
338.0
235.0
623.0
273.0
402.0
342.0
296.0
318.0
222.0
265.0
314.0
265.0
362.0
383.0
284.0
324.0
316.0
406.0
415.0
220.0
494.0
294.0
263.0
331.0
330.0
300.0
318.0
295.0
238.0
268.0
352.0
265.0
318.0
402.0
347.0
358.0
317.0
307.0
338.0
406.0
371.0
313.0
207.0
498.0
410.0
515.0
325.0
466.0
439.0
228.0
252.0
299.0
370.0
337.0
393.0
396.0
276.0
205.0
310.0
390.0
393.0
350.0
340.0
321.0
306.0
323.0
292.0
290.0
331.0
342.0
385.0
270.0
276.0
329.0
231.0
301.0
354.0
282.0
273.0
422.0
217.0
457.0
384.0
306.0
337.0
190.0
209.0
228.0
259.0
376.0
328.0
294.0
306.0
267.0
382.0
388.0
289.0
433.0
219.0
289.0
360.0
360.0
300.0
318.0
281.0
359.0
513.0
342.0
346.0
267.0
350.0
287.0
357.0
462.0
374.0
439.0
258.0
270.0
261.0
337.0
443.0
226.0
310.0
256.0
349.0
329.0
379.0
199.0
397.0
377.0
349.0
419.0
257.0
269.0
369.0
232.0
356.0
285.0
328.0
601.0
286.0
281.0
244.0
361.0
407.0
250.0
346.0
427.0
358.0
490.0
299.0
336.0
234.0
234.0
337.0
243.0
481.0
236.0
379.0
339.0
382.0
335.0
304.0
384.0
339.0
461.0
450.0
335.0
300.0
219.0
381.0
229.0
397.0
286.0
333.0
263.0
394.0
357.0
207.0
240.0
460.0
315.0
343.0
385.0
272.0
326.0
318.0
276.0
331.0
476.0
333.0
267.0
291.0
570.0
441.0
345.0
429.0
422.0
308.0
413.0
359.0
359.0
276.0
296.0
263.0
256.0
357.0
276.0
360.0
351.0
276.0
443.0
394.0
259.0
220.0
370.0
221.0
457.0
385.0
373.0
401.0
266.0
334.0
397.0
415.0
297.0
347.0
335.0
418.0
431.0
237.0
252.0
978.0
489.0
403.0
312.0
335.0
354.0
304.0
290.0
308.0
333.0
452.0
301.0
304.0
296.0
361.0
510.0
290.0
275.0
219.0
338.0
432.0
354.0
282.0
382.0
332.0
336.0
218.0
336.0
236.0
342.0
434.0
420.0
302.0
384.0
435.0
289.0
272.0
244.0
366.0
379.0
265.0
286.0
460.0
308.0
455.0
408.0
290.0
330.0
281.0
237.0
310.0
458.0
346.0
325.0
341.0
269.0
406.0
624.0
370.0
345.0
364.0
444.0
455.0
204.0
437.0
279.0
431.0
272.0
226.0
301.0
248.0
300.0
457.0
333.0
343.0
408.0
310.0
343.0
217.0
303.0
373.0
409.0
344.0
376.0
321.0
335.0
262.0
303.0
403.0
453.0
459.0
272.0
431.0
848.0
408.0
284.0
502.0
474.0
376.0
366.0
270.0
369.0
385.0
340.0
430.0
361.0
257.0
250.0
294.0
285.0
261.0
384.0
255.0
444.0
351.0
396.0
378.0
267.0
259.0
291.0
372.0
260.0
391.0
322.0
463.0
297.0
295.0
336.0
308.0
248.0
244.0
368.0
309.0
297.0
371.0
235.0
310.0
307.0
490.0
560.0
376.0
392.0
253.0
293.0
217.0
390.0
343.0
300.0
282.0
440.0
312.0
326.0
219.0
308.0
518.0
367.0
333.0
304.0
367.0
387.0
282.0
415.0
335.0
380.0
278.0
337.0
658.0
360.0
290.0
308.0
268.0
249.0
283.0
321.0
422.0
259.0
546.0
283.0
446.0
307.0
424.0
254.0
415.0
348.0
261.0
345.0
413.0
213.0
361.0
280.0
421.0
213.0
504.0
282.0
315.0
238.0
500.0
366.0
195.0
339.0
359.0
300.0
320.0
223.0
291.0
383.0
338.0
411.0
256.0
262.0
415.0
197.0
348.0
368.0
296.0
368.0
292.0
251.0
541.0
274.0
391.0
281.0
426.0
358.0
343.0
307.0
345.0
443.0
378.0
435.0
256.0
276.0
347.0
346.0
279.0
345.0
373.0
291.0
307.0
245.0
513.0
539.0
355.0
260.0
380.0
505.0
250.0
251.0
295.0
398.0
322.0
292.0
242.0
463.0
257.0
385.0
554.0
262.0
260.0
332.0
234.0
372.0
343.0
371.0
281.0
312.0
227.0
320.0
242.0
394.0
267.0
244.0
396.0
445.0
284.0
275.0
349.0
362.0
245.0
345.0
282.0
293.0
381.0
268.0
263.0
340.0
266.0
286.0
439.0
369.0
281.0
362.0
402.0
524.0
266.0
347.0
472.0
248.0
324.0
208.0
266.0
358.0
356.0
252.0
552.0
240.0
249.0
281.0
397.0
378.0
324.0
340.0
405.0
318.0
318.0
251.0
392.0
496.0
355.0
226.0
371.0
419.0
429.0
348.0
367.0
272.0
454.0
269.0
381.0
346.0
392.0
251.0
215.0
381.0
328.0
301.0
266.0
305.0
442.0
295.0
351.0
361.0
278.0
394.0
284.0
376.0
211.0
290.0
287.0
324.0
364.0
181.0
299.0
384.0
278.0
264.0
652.0
323.0
237.0
247.0
440.0
198.0
239.0
283.0
340.0
461.0
289.0
339.0
252.0
509.0
263.0
299.0
394.0
274.0
384.0
265.0
373.0
430.0
346.0
345.0
326.0
241.0
308.0
303.0
324.0
469.0
348.0
310.0
230.0
684.0
312.0
627.0
311.0
302.0
249.0
222.0
262.0
313.0
323.0
403.0
295.0
387.0
237.0
267.0
421.0
221.0
456.0
316.0
327.0
340.0
373.0
450.0
268.0
611.0
266.0
307.0
401.0
555.0
314.0
341.0
317.0
230.0
299.0
453.0
334.0
279.0
812.0
371.0
279.0
377.0
383.0
283.0
249.0
445.0
346.0
259.0
283.0
298.0
356.0
305.0
316.0
350.0
322.0
243.0
257.0
277.0
448.0
295.0
268.0
468.0
244.0
261.0
431.0
301.0
188.0
287.0
368.0
275.0
300.0
247.0
272.0
391.0
284.0
255.0
291.0
314.0
337.0
240.0
310.0
434.0
423.0
252.0
385.0
252.0
406.0
372.0
380.0
365.0
415.0
317.0
375.0
325.0
366.0
361.0
316.0
182.0
308.0
306.0
239.0
428.0
313.0
238.0
336.0
287.0
321.0
399.0
243.0
400.0
262.0
306.0
389.0
358.0
354.0
246.0
390.0
293.0
281.0
259.0
268.0
322.0
252.0
269.0
279.0
388.0
287.0
253.0
385.0
292.0
383.0
405.0
336.0
330.0
288.0
354.0
421.0
339.0
259.0
316.0
230.0
189.0
385.0
382.0
375.0
382.0
346.0
303.0
341.0
297.0
279.0
278.0
350.0
364.0
353.0
342.0
528.0
360.0
276.0
349.0
395.0
304.0
477.0
328.0
285.0
318.0
333.0
453.0
234.0
234.0
372.0
243.0
254.0
288.0
393.0
436.0
204.0
366.0
303.0
461.0
288.0
260.0
322.0
370.0
409.0
386.0
212.0
260.0
304.0
326.0
311.0
292.0
606.0
401.0
317.0
333.0
314.0
363.0
398.0
226.0
319.0
399.0
341.0
384.0
348.0
259.0
371.0
323.0
245.0
350.0
325.0
333.0
322.0
348.0
369.0
394.0
389.0
333.0
273.0
309.0
340.0
233.0
303.0
251.0
390.0
346.0
369.0
485.0
469.0
284.0
293.0
389.0
561.0
239.0
258.0
321.0
238.0
313.0
412.0
293.0
374.0
323.0
289.0
260.0
280.0
347.0
413.0
296.0
353.0
215.0
388.0
276.0
348.0
389.0
475.0
500.0
242.0
365.0
242.0
568.0
236.0
481.0
370.0
261.0
267.0
340.0
252.0
470.0
413.0
317.0
445.0
344.0
306.0
410.0
316.0
354.0
423.0
305.0
300.0
474.0
259.0
294.0
244.0
296.0
254.0
288.0
411.0
425.0
258.0
361.0
269.0
303.0
338.0
428.0
198.0
507.0
269.0
245.0
330.0
354.0
222.0
315.0
405.0
256.0
485.0
295.0
335.0
456.0
306.0
286.0
315.0
342.0
260.0
452.0
325.0
301.0
253.0
345.0
308.0
382.0
330.0
343.0
343.0
349.0
328.0
298.0
254.0
369.0
219.0
350.0
345.0
289.0
216.0
405.0
451.0
277.0
338.0
266.0
354.0
497.0
220.0
363.0
256.0
231.0
387.0
520.0
262.0
349.0
526.0
364.0
416.0
413.0
319.0
256.0
300.0
387.0
256.0
463.0
393.0
301.0
335.0
380.0
411.0
328.0
288.0
266.0
274.0
348.0
289.0
332.0
158.0
323.0
227.0
353.0
348.0
279.0
250.0
233.0
234.0
335.0
336.0
424.0
285.0
457.0
234.0
474.0
277.0
305.0
243.0
274.0
265.0
435.0
459.0
276.0
296.0
477.0
338.0
350.0
310.0
253.0
386.0
338.0
302.0
452.0
262.0
315.0
365.0
249.0
353.0
264.0
409.0
441.0
494.0
498.0
263.0
334.0
317.0
284.0
549.0
261.0
313.0
262.0
399.0
397.0
308.0
323.0
423.0
439.0
302.0
276.0
296.0
381.0
239.0
249.0
225.0
279.0
282.0
409.0
405.0
311.0
229.0
355.0
295.0
240.0
381.0
299.0
333.0
480.0
407.0
379.0
436.0
328.0
320.0
390.0
331.0
441.0
323.0
341.0
227.0
394.0
213.0
228.0
384.0
225.0
387.0
243.0
324.0
307.0
377.0
448.0
243.0
284.0
266.0
315.0
512.0
310.0
342.0
246.0
250.0
350.0
410.0
265.0
306.0
448.0
450.0
497.0
239.0
367.0
244.0
336.0
313.0
258.0
262.0
297.0
685.0
230.0
348.0
371.0
240.0
374.0
382.0
370.0
347.0
381.0
242.0
373.0
378.0
335.0
287.0
349.0
357.0
396.0
434.0
312.0
228.0
294.0
230.0
336.0
450.0
310.0
280.0
397.0
362.0
352.0
247.0
281.0
466.0
264.0
515.0
289.0
471.0
274.0
412.0
388.0
258.0
370.0
303.0
304.0
318.0
260.0
405.0
256.0
402.0
374.0
693.0
420.0
434.0
303.0
313.0
366.0
226.0
242.0
259.0
352.0
321.0
403.0
355.0
264.0
378.0
238.0
256.0
345.0
323.0
440.0
485.0
303.0
329.0
353.0
231.0
245.0
263.0
358.0
458.0
470.0
273.0
432.0
620.0
279.0
294.0
429.0
201.0
305.0
327.0
373.0
409.0
158.0
228.0
315.0
354.0
378.0
452.0
334.0
385.0
316.0
315.0
194.0
311.0
230.0
570.0
508.0
306.0
206.0
187.0
357.0
468.0
284.0
330.0
226.0
331.0
417.0
364.0
283.0
171.0
424.0
353.0
276.0
349.0
211.0
239.0
429.0
321.0
444.0
321.0
566.0
328.0
266.0
593.0
405.0
222.0
280.0
293.0
383.0
383.0
215.0
306.0
373.0
266.0
248.0
263.0
288.0
353.0
440.0
565.0
242.0
279.0
316.0
365.0
220.0
500.0
371.0
201.0
186.0
217.0
335.0
367.0
245.0
398.0
404.0
361.0
435.0
463.0
352.0
381.0
279.0
303.0
422.0
197.0
353.0
326.0
312.0
283.0
247.0
229.0
486.0
354.0
502.0
378.0
472.0
375.0
207.0
284.0
367.0
337.0
347.0
430.0
389.0
308.0
301.0
375.0
329.0
220.0
346.0
260.0
364.0
333.0
470.0
288.0
240.0
269.0
553.0
365.0
454.0
499.0
398.0
403.0
395.0
226.0
426.0
259.0
351.0
295.0
210.0
438.0
434.0
299.0
357.0
199.0
224.0
259.0
263.0
313.0
290.0
369.0
672.0
389.0
390.0
344.0
406.0
332.0
401.0
352.0
485.0
263.0
288.0
284.0
365.0
311.0
259.0
244.0
461.0
269.0
298.0
310.0
216.0
269.0
224.0
344.0
293.0
293.0
311.0
354.0
249.0
383.0
305.0
258.0
332.0
420.0
441.0
468.0
450.0
463.0
398.0
348.0
303.0
316.0
616.0
281.0
327.0
362.0
411.0
297.0
288.0
280.0
320.0
323.0
361.0
346.0
329.0
482.0
204.0
588.0
309.0
518.0
383.0
230.0
352.0
265.0
334.0
323.0
308.0
317.0
324.0
399.0
271.0
552.0
312.0
266.0
347.0
263.0
446.0
333.0
364.0
236.0
539.0
266.0
324.0
325.0
277.0
373.0
449.0
268.0
292.0
467.0
442.0
295.0
287.0
388.0
371.0
386.0
327.0
325.0
300.0
225.0
331.0
361.0
380.0
661.0
494.0
356.0
314.0
280.0
426.0
409.0
253.0
405.0
373.0
285.0
331.0
382.0
270.0
261.0
283.0
329.0
309.0
454.0
287.0
571.0
242.0
408.0
287.0
244.0
191.0
223.0
299.0
420.0
588.0
274.0
496.0
263.0
240.0
467.0
575.0
385.0
355.0
334.0
382.0
300.0
330.0
339.0
241.0
380.0
264.0
302.0
252.0
241.0
269.0
370.0
245.0
443.0
378.0
432.0
398.0
193.0
430.0
337.0
343.0
336.0
299.0
476.0
567.0
376.0
411.0
231.0
266.0
349.0
404.0
383.0
478.0
272.0
261.0
233.0
395.0
345.0
258.0
224.0
405.0
413.0
438.0
437.0
272.0
442.0
341.0
377.0
299.0
275.0
198.0
338.0
341.0
265.0
283.0
334.0
329.0
378.0
427.0
344.0
261.0
411.0
303.0
337.0
840.0
431.0
275.0
429.0
387.0
356.0
409.0
257.0
327.0
449.0
320.0
373.0
352.0
329.0
327.0
313.0
279.0
274.0
215.0
359.0
245.0
371.0
348.0
268.0
358.0
244.0
447.0
347.0
256.0
345.0
235.0
340.0
510.0
361.0
306.0
489.0
289.0
282.0
231.0
215.0
263.0
341.0
231.0
369.0
332.0
321.0
294.0
374.0
544.0
316.0
404.0
301.0
367.0
263.0
333.0
211.0
383.0
204.0
358.0
335.0
310.0
313.0
292.0
366.0
428.0
385.0
287.0
320.0
320.0
381.0
237.0
261.0
201.0
380.0
176.0
348.0
297.0
347.0
323.0
292.0
458.0
263.0
376.0
806.0
434.0
426.0
391.0
283.0
352.0
281.0
364.0
449.0
532.0
297.0
249.0
386.0
442.0
221.0
325.0
252.0
409.0
298.0
536.0
221.0
394.0
359.0
255.0
336.0
367.0
289.0
306.0
238.0
432.0
243.0
356.0
336.0
313.0
231.0
353.0
370.0
394.0
342.0
360.0
351.0
308.0
335.0
395.0
280.0
272.0
410.0
498.0
204.0
453.0
280.0
294.0
357.0
260.0
234.0
439.0
286.0
397.0
214.0
446.0
306.0
223.0
289.0
356.0
309.0
314.0
341.0
271.0
320.0
264.0
254.0
260.0
258.0
473.0
306.0
256.0
338.0
320.0
336.0
416.0
394.0
309.0
340.0
290.0
385.0
370.0
344.0
452.0
428.0
376.0
223.0
365.0
161.0
324.0
372.0
299.0
247.0
304.0
411.0
290.0
257.0
234.0
392.0
305.0
356.0
319.0
312.0
219.0
352.0
303.0
249.0
319.0
362.0
256.0
397.0
293.0
436.0
409.0
310.0
425.0
221.0
283.0
328.0
404.0
281.0
430.0
294.0
315.0
321.0
247.0
289.0
427.0
326.0
309.0
263.0
362.0
503.0
293.0
353.0
421.0
375.0
517.0
371.0
597.0
265.0
346.0
263.0
355.0
250.0
221.0
284.0
349.0
308.0
394.0
300.0
326.0
413.0
284.0
361.0
308.0
360.0
317.0
352.0
295.0
427.0
297.0
344.0
255.0
242.0
247.0
220.0
433.0
460.0
295.0
313.0
386.0
433.0
263.0
275.0
362.0
382.0
506.0
233.0
311.0
331.0
354.0
406.0
298.0
402.0
303.0
300.0
533.0
244.0
343.0
394.0
313.0
353.0
349.0
364.0
415.0
312.0
291.0
191.0
345.0
181.0
307.0
271.0
328.0
239.0
313.0
362.0
732.0
344.0
375.0
327.0
234.0
352.0
287.0
184.0
324.0
325.0
276.0
225.0
218.0
524.0
510.0
266.0
372.0
394.0
288.0
245.0
472.0
289.0
262.0
313.0
391.0
265.0
265.0
433.0
853.0
320.0
359.0
412.0
254.0
317.0
278.0
264.0
331.0
287.0
344.0
368.0
255.0
277.0
243.0
263.0
329.0
258.0
369.0
444.0
207.0
373.0
343.0
291.0
305.0
409.0
525.0
212.0
365.0
276.0
305.0
276.0
234.0
246.0
373.0
288.0
380.0
388.0
276.0
358.0
266.0
337.0
384.0
333.0
329.0
366.0
347.0
243.0
233.0
405.0
335.0
332.0
356.0
392.0
329.0
207.0
299.0
303.0
292.0
355.0
207.0
281.0
306.0
140.0
282.0
450.0
262.0
279.0
396.0
293.0
288.0
287.0
355.0
293.0
325.0
345.0
306.0
308.0
322.0
311.0
302.0
231.0
450.0
245.0
266.0
313.0
260.0
385.0
318.0
412.0
269.0
365.0
272.0
388.0
368.0
401.0
323.0
359.0
349.0
462.0
271.0
270.0
277.0
236.0
428.0
231.0
353.0
282.0
392.0
334.0
315.0
360.0
475.0
221.0
258.0
275.0
260.0
321.0
330.0
319.0
307.0
352.0
224.0
554.0
357.0
347.0
319.0
423.0
363.0
288.0
417.0
176.0
224.0
252.0
424.0
237.0
326.0
377.0
348.0
341.0
314.0
331.0
252.0
289.0
373.0
459.0
350.0
402.0
396.0
166.0
241.0
359.0
290.0
400.0
242.0
400.0
270.0
274.0
252.0
306.0
366.0
285.0
459.0
234.0
417.0
242.0
300.0
492.0
317.0
411.0
265.0
220.0
496.0
309.0
260.0
198.0
304.0
417.0
296.0
322.0
380.0
280.0
314.0
392.0
288.0
325.0
359.0
439.0
297.0
297.0
309.0
242.0
392.0
329.0
262.0
390.0
559.0
314.0
418.0
313.0
231.0
256.0
432.0
431.0
322.0
294.0
229.0
276.0
368.0
414.0
265.0
405.0
356.0
359.0
232.0
695.0
310.0
272.0
333.0
342.0
220.0
339.0
481.0
532.0
274.0
281.0
290.0
334.0
329.0
307.0
249.0
481.0
306.0
398.0
349.0
339.0
282.0
295.0
346.0
368.0
258.0
256.0
281.0
297.0
526.0
278.0
603.0
340.0
353.0
280.0
358.0
362.0
277.0
281.0
562.0
301.0
372.0
340.0
394.0
323.0
228.0
428.0
265.0
248.0
487.0
363.0
376.0
345.0
278.0
282.0
281.0
371.0
381.0
403.0
267.0
389.0
228.0
375.0
300.0
357.0
366.0
324.0
278.0
442.0
282.0
427.0
312.0
369.0
258.0
281.0
261.0
309.0
517.0
360.0
475.0
333.0
218.0
295.0
458.0
304.0
446.0
313.0
227.0
286.0
380.0
412.0
259.0
301.0
305.0
416.0
293.0
635.0
301.0
264.0
386.0
408.0
165.0
430.0
300.0
417.0
414.0
325.0
332.0
230.0
306.0
402.0
299.0
497.0
266.0
271.0
372.0
467.0
308.0
315.0
213.0
291.0
276.0
231.0
444.0
633.0
210.0
242.0
314.0
285.0
516.0
270.0
271.0
333.0
249.0
376.0
379.0
322.0
273.0
377.0
409.0
400.0
332.0
283.0
385.0
372.0
253.0
303.0
448.0
237.0
334.0
331.0
344.0
189.0
375.0
256.0
325.0
368.0
429.0
293.0
305.0
261.0
291.0
289.0
311.0
306.0
298.0
398.0
319.0
361.0
364.0
420.0
393.0
493.0
205.0
477.0
219.0
378.0
253.0
312.0
274.0
394.0
521.0
491.0
488.0
385.0
380.0
389.0
334.0
287.0
404.0
223.0
328.0
274.0
475.0
338.0
290.0
400.0
272.0
356.0
455.0
238.0
566.0
237.0
287.0
594.0
274.0
320.0
279.0
234.0
327.0
235.0
363.0
329.0
374.0
411.0
215.0
279.0
364.0
361.0
353.0
235.0
308.0
326.0
289.0
431.0
334.0
276.0
515.0
448.0
275.0
328.0
385.0
277.0
458.0
253.0
259.0
297.0
351.0
312.0
325.0
327.0
370.0
334.0
313.0
453.0
308.0
416.0
383.0
270.0
221.0
383.0
448.0
399.0
344.0
275.0
254.0
357.0
359.0
291.0
305.0
319.0
397.0
339.0
346.0
238.0
348.0
346.0
485.0
295.0
289.0
467.0
327.0
330.0
183.0
648.0
495.0
326.0
349.0
215.0
264.0
536.0
344.0
458.0
257.0
257.0
1211.0
215.0
330.0
338.0
302.0
619.0
238.0
217.0
278.0
262.0
352.0
272.0
364.0
443.0
185.0
298.0
227.0
303.0
433.0
205.0
279.0
455.0
337.0
309.0
468.0
326.0
299.0
273.0
231.0
388.0
296.0
318.0
346.0
401.0
298.0
246.0
373.0
422.0
286.0
253.0
227.0
298.0
456.0
358.0
360.0
344.0
299.0
908.0
272.0
332.0
493.0
365.0
218.0
289.0
304.0
311.0
360.0
277.0
400.0
193.0
359.0
277.0
282.0
330.0
358.0
394.0
433.0
267.0
318.0
352.0
517.0
301.0
271.0
309.0
350.0
382.0
261.0
345.0
322.0
287.0
410.0
306.0
479.0
215.0
212.0
418.0
296.0
282.0
455.0
404.0
345.0
244.0
367.0
363.0
451.0
517.0
263.0
326.0
355.0
213.0
417.0
331.0
253.0
335.0
446.0
290.0
295.0
294.0
302.0
427.0
371.0
410.0
500.0
301.0
339.0
431.0
282.0
360.0
359.0
696.0
285.0
303.0
207.0
422.0
430.0
319.0
504.0
377.0
262.0
258.0
467.0
275.0
269.0
261.0
224.0
305.0
351.0
426.0
441.0
405.0
349.0
169.0
356.0
249.0
410.0
381.0
487.0
529.0
330.0
313.0
446.0
378.0
312.0
277.0
314.0
367.0
362.0
320.0
501.0
156.0
439.0
350.0
312.0
290.0
295.0
309.0
250.0
258.0
316.0
376.0
306.0
623.0
342.0
367.0
281.0
316.0
319.0
249.0
483.0
327.0
437.0
296.0
314.0
332.0
322.0
324.0
303.0
331.0
227.0
250.0
502.0
323.0
349.0
458.0
443.0
231.0
279.0
237.0
293.0
345.0
240.0
304.0
392.0
275.0
235.0
302.0
399.0
332.0
395.0
350.0
343.0
369.0
391.0
315.0
241.0
391.0
309.0
396.0
355.0
408.0
370.0
303.0
318.0
357.0
380.0
392.0
352.0
269.0
498.0
412.0
338.0
404.0
345.0
323.0
220.0
216.0
397.0
333.0
288.0
241.0
314.0
259.0
239.0
351.0
275.0
397.0
307.0
185.0
435.0
291.0
339.0
446.0
295.0
281.0
637.0
491.0
690.0
282.0
270.0
430.0
374.0
389.0
478.0
397.0
227.0
315.0
314.0
288.0
318.0
186.0
475.0
285.0
364.0
472.0
272.0
279.0
330.0
326.0
432.0
244.0
273.0
309.0
385.0
332.0
224.0
317.0
254.0
214.0
451.0
400.0
406.0
358.0
397.0
219.0
264.0
247.0
400.0
505.0
202.0
216.0
410.0
223.0
299.0
276.0
341.0
371.0
334.0
390.0
348.0
353.0
373.0
298.0
295.0
402.0
249.0
400.0
249.0
368.0
301.0
338.0
329.0
282.0
299.0
304.0
351.0
252.0
480.0
309.0
289.0
319.0
227.0
220.0
348.0
326.0
422.0
366.0
310.0
290.0
342.0
302.0
579.0
391.0
354.0
291.0
349.0
402.0
191.0
230.0
338.0
409.0
369.0
293.0
193.0
251.0
252.0
523.0
386.0
344.0
270.0
300.0
246.0
378.0
515.0
286.0
345.0
443.0
265.0
648.0
310.0
339.0
449.0
389.0
295.0
321.0
341.0
352.0
281.0
292.0
598.0
380.0
304.0
289.0
400.0
244.0
352.0
311.0
299.0
266.0
368.0
344.0
295.0
483.0
389.0
500.0
194.0
181.0
178.0
392.0
502.0
347.0
296.0
333.0
357.0
309.0
534.0
267.0
319.0
393.0
355.0
354.0
454.0
355.0
262.0
261.0
312.0
481.0
237.0
314.0
340.0
396.0
301.0
305.0
306.0
194.0
401.0
351.0
306.0
293.0
275.0
256.0
359.0
330.0
379.0
328.0
361.0
294.0
349.0
277.0
251.0
312.0
416.0
249.0
378.0
319.0
332.0
199.0
332.0
446.0
322.0
233.0
290.0
501.0
297.0
355.0
383.0
321.0
371.0
553.0
259.0
401.0
251.0
206.0
435.0
317.0
245.0
405.0
322.0
329.0
337.0
299.0
259.0
219.0
292.0
253.0
264.0
516.0
255.0
384.0
325.0
323.0
309.0
308.0
307.0
317.0
415.0
289.0
310.0
299.0
240.0
456.0
812.0
369.0
299.0
327.0
282.0
339.0
261.0
333.0
328.0
332.0
337.0
293.0
346.0
463.0
313.0
457.0
214.0
368.0
220.0
305.0
292.0
333.0
451.0
341.0
262.0
285.0
466.0
308.0
291.0
244.0
312.0
335.0
259.0
277.0
403.0
246.0
312.0
469.0
366.0
368.0
268.0
359.0
355.0
410.0
449.0
250.0
443.0
377.0
256.0
350.0
428.0
313.0
232.0
351.0
299.0
327.0
198.0
225.0
382.0
262.0
373.0
257.0
245.0
319.0
243.0
219.0
236.0
368.0
419.0
532.0
386.0
260.0
364.0
397.0
284.0
242.0
355.0
339.0
375.0
342.0
263.0
292.0
410.0
251.0
323.0
232.0
348.0
340.0
385.0
547.0
318.0
326.0
455.0
283.0
337.0
354.0
359.0
491.0
265.0
243.0
268.0
300.0
278.0
233.0
422.0
513.0
245.0
414.0
429.0
345.0
353.0
232.0
343.0
211.0
520.0
376.0
282.0
381.0
254.0
267.0
308.0
241.0
319.0
243.0
480.0
301.0
368.0
380.0
242.0
324.0
283.0
231.0
259.0
313.0
409.0
341.0
471.0
262.0
316.0
323.0
395.0
282.0
456.0
295.0
372.0
322.0
344.0
286.0
452.0
361.0
306.0
240.0
445.0
401.0
392.0
306.0
293.0
296.0
340.0
208.0
199.0
339.0
414.0
271.0
327.0
314.0
390.0
287.0
570.0
211.0
384.0
284.0
619.0
280.0
282.0
331.0
274.0
320.0
250.0
291.0
351.0
279.0
203.0
304.0
322.0
254.0
309.0
372.0
298.0
251.0
215.0
480.0
476.0
299.0
485.0
423.0
348.0
422.0
273.0
362.0
316.0
300.0
223.0
286.0
291.0
307.0
355.0
427.0
370.0
274.0
346.0
258.0
294.0
193.0
463.0
290.0
432.0
360.0
362.0
394.0
402.0
298.0
456.0
381.0
369.0
290.0
273.0
248.0
255.0
298.0
288.0
258.0
345.0
412.0
225.0
333.0
189.0
215.0
287.0
338.0
311.0
304.0
302.0
336.0
428.0
268.0
745.0
290.0
297.0
541.0
404.0
218.0
281.0
334.0
357.0
344.0
305.0
429.0
417.0
272.0
224.0
290.0
327.0
357.0
438.0
321.0
439.0
374.0
227.0
304.0
476.0
352.0
281.0
347.0
382.0
337.0
344.0
253.0
457.0
212.0
250.0
294.0
294.0
353.0
275.0
392.0
288.0
377.0
318.0
363.0
321.0
396.0
313.0
293.0
516.0
282.0
379.0
306.0
335.0
335.0
485.0
631.0
269.0
314.0
299.0
419.0
313.0
408.0
352.0
342.0
264.0
322.0
264.0
282.0
291.0
485.0
296.0
436.0
464.0
350.0
314.0
420.0
285.0
250.0
288.0
276.0
503.0
304.0
315.0
275.0
358.0
248.0
260.0
306.0
318.0
208.0
218.0
297.0
343.0
327.0
350.0
292.0
348.0
438.0
360.0
361.0
388.0
287.0
355.0
327.0
455.0
263.0
309.0
290.0
340.0
245.0
392.0
320.0
360.0
336.0
409.0
471.0
374.0
290.0
249.0
408.0
425.0
316.0
303.0
363.0
368.0
279.0
256.0
516.0
338.0
275.0
384.0
280.0
300.0
310.0
258.0
284.0
364.0
245.0
372.0
267.0
619.0
274.0
257.0
428.0
347.0
355.0
324.0
304.0
394.0
262.0
230.0
352.0
491.0
347.0
387.0
445.0
269.0
481.0
337.0
328.0
365.0
317.0
482.0
303.0
209.0
333.0
333.0
440.0
333.0
242.0
348.0
402.0
305.0
326.0
256.0
363.0
370.0
472.0
357.0
267.0
400.0
283.0
368.0
247.0
419.0
182.0
184.0
476.0
222.0
355.0
282.0
384.0
225.0
408.0
384.0
375.0
292.0
405.0
325.0
330.0
237.0
304.0
378.0
384.0
317.0
312.0
484.0
325.0
243.0
377.0
280.0
332.0
283.0
368.0
380.0
316.0
588.0
259.0
253.0
349.0
335.0
410.0
331.0
186.0
551.0
327.0
424.0
323.0
274.0
295.0
401.0
429.0
324.0
338.0
347.0
400.0
312.0
391.0
312.0
342.0
327.0
389.0
294.0
277.0
330.0
322.0
344.0
412.0
365.0
396.0
269.0
297.0
410.0
352.0
339.0
306.0
291.0
284.0
415.0
293.0
337.0
682.0
404.0
262.0
574.0
435.0
514.0
305.0
311.0
313.0
255.0
400.0
308.0
275.0
344.0
338.0
325.0
193.0
344.0
334.0
262.0
324.0
552.0
364.0
329.0
343.0
339.0
356.0
421.0
303.0
321.0
259.0
329.0
339.0
419.0
401.0
388.0
352.0
281.0
318.0
324.0
367.0
225.0
340.0
270.0
439.0
299.0
374.0
252.0
364.0
312.0
411.0
345.0
437.0
227.0
413.0
242.0
483.0
293.0
294.0
282.0
368.0
233.0
260.0
300.0
499.0
316.0
344.0
465.0
385.0
340.0
178.0
435.0
490.0
307.0
311.0
359.0
309.0
200.0
452.0
235.0
197.0
409.0
376.0
373.0
222.0
502.0
426.0
258.0
396.0
365.0
322.0
347.0
309.0
253.0
233.0
314.0
302.0
349.0
367.0
352.0
353.0
415.0
310.0
326.0
305.0
363.0
324.0
429.0
470.0
351.0
430.0
284.0
1241.0
445.0
416.0
334.0
498.0
185.0
329.0
330.0
269.0
227.0
268.0
255.0
397.0
255.0
234.0
396.0
345.0
525.0
254.0
439.0
407.0
344.0
253.0
292.0
462.0
371.0
299.0
375.0
376.0
285.0
306.0
334.0
367.0
279.0
273.0
736.0
453.0
339.0
374.0
483.0
466.0
192.0
402.0
272.0
312.0
246.0
314.0
271.0
297.0
363.0
436.0
255.0
435.0
312.0
276.0
300.0
339.0
444.0
457.0
290.0
429.0
350.0
316.0
327.0
370.0
244.0
299.0
479.0
369.0
338.0
534.0
330.0
262.0
421.0
217.0
271.0
295.0
376.0
291.0
250.0
392.0
293.0
364.0
216.0
468.0
411.0
288.0
383.0
299.0
362.0
413.0
272.0
429.0
292.0
316.0
434.0
376.0
349.0
570.0
219.0
498.0
293.0
334.0
361.0
282.0
389.0
325.0
235.0
402.0
312.0
332.0
315.0
244.0
289.0
386.0
234.0
391.0
319.0
375.0
343.0
324.0
269.0
289.0
522.0
402.0
196.0
324.0
341.0
260.0
477.0
296.0
373.0
263.0
344.0
311.0
456.0
245.0
435.0
255.0
239.0
320.0
412.0
313.0
299.0
490.0
255.0
281.0
392.0
279.0
395.0
247.0
312.0
287.0
426.0
395.0
275.0
272.0
366.0
355.0
473.0
304.0
222.0
315.0
300.0
344.0
262.0
266.0
301.0
319.0
325.0
501.0
201.0
375.0
333.0
401.0
229.0
287.0
355.0
370.0
384.0
222.0
258.0
363.0
327.0
259.0
296.0
402.0
410.0
337.0
364.0
319.0
327.0
256.0
426.0
427.0
438.0
345.0
408.0
394.0
391.0
301.0
386.0
311.0
185.0
260.0
346.0
299.0
302.0
247.0
251.0
240.0
344.0
393.0
312.0
307.0
226.0
319.0
360.0
389.0
306.0
340.0
346.0
291.0
323.0
400.0
328.0
244.0
313.0
336.0
313.0
282.0
250.0
229.0
244.0
321.0
298.0
242.0
406.0
287.0
544.0
284.0
289.0
372.0
275.0
308.0
416.0
267.0
876.0
223.0
206.0
276.0
352.0
430.0
261.0
302.0
249.0
357.0
248.0
298.0
426.0
323.0
819.0
319.0
380.0
246.0
265.0
434.0
308.0
287.0
396.0
421.0
300.0
332.0
357.0
307.0
300.0
370.0
343.0
324.0
247.0
231.0
268.0
412.0
230.0
271.0
319.0
367.0
236.0
389.0
280.0
432.0
407.0
423.0
247.0
364.0
260.0
360.0
334.0
359.0
487.0
283.0
228.0
326.0
345.0
339.0
347.0
299.0
182.0
227.0
373.0
314.0
362.0
386.0
294.0
355.0
412.0
390.0
427.0
416.0
303.0
316.0
378.0
334.0
310.0
274.0
291.0
310.0
417.0
320.0
348.0
270.0
298.0
296.0
320.0
270.0
284.0
301.0
307.0
571.0
404.0
273.0
253.0
364.0
367.0
398.0
536.0
415.0
239.0
384.0
316.0
308.0
331.0
319.0
214.0
282.0
242.0
380.0
336.0
321.0
271.0
449.0
369.0
278.0
425.0
488.0
265.0
242.0
284.0
357.0
270.0
354.0
461.0
351.0
268.0
276.0
325.0
321.0
329.0
349.0
429.0
394.0
240.0
297.0
356.0
341.0
265.0
269.0
340.0
329.0
300.0
425.0
286.0
498.0
320.0
257.0
455.0
288.0
351.0
448.0
291.0
273.0
418.0
355.0
276.0
465.0
299.0
280.0
284.0
271.0
296.0
243.0
411.0
453.0
318.0
363.0
394.0
254.0
301.0
423.0
334.0
268.0
216.0
443.0
254.0
470.0
320.0
318.0
346.0
282.0
351.0
272.0
442.0
459.0
205.0
330.0
202.0
325.0
224.0
222.0
355.0
273.0
345.0
304.0
357.0
363.0
263.0
374.0
333.0
365.0
279.0
337.0
252.0
297.0
422.0
343.0
498.0
262.0
225.0
290.0
298.0
529.0
266.0
256.0
531.0
504.0
596.0
362.0
501.0
202.0
336.0
440.0
320.0
330.0
214.0
225.0
292.0
313.0
327.0
455.0
360.0
226.0
288.0
247.0
310.0
312.0
314.0
434.0
233.0
440.0
353.0
415.0
347.0
306.0
337.0
355.0
364.0
238.0
409.0
402.0
277.0
339.0
376.0
317.0
331.0
351.0
229.0
322.0
282.0
278.0
362.0
245.0
384.0
260.0
269.0
341.0
453.0
356.0
328.0
359.0
419.0
230.0
254.0
362.0
399.0
306.0
365.0
356.0
309.0
452.0
373.0
282.0
336.0
231.0
311.0
179.0
337.0
276.0
303.0
312.0
300.0
343.0
257.0
376.0
348.0
276.0
397.0
403.0
332.0
450.0
369.0
314.0
308.0
387.0
381.0
264.0
285.0
386.0
439.0
336.0
336.0
430.0
290.0
293.0
441.0
453.0
333.0
238.0
291.0
208.0
464.0
434.0
298.0
317.0
358.0
303.0
269.0
375.0
331.0
358.0
397.0
281.0
316.0
274.0
243.0
285.0
249.0
348.0
328.0
374.0
470.0
299.0
271.0
328.0
298.0
422.0
279.0
309.0
281.0
374.0
438.0
371.0
301.0
333.0
277.0
343.0
340.0
288.0
302.0
258.0
347.0
340.0
432.0
335.0
398.0
405.0
359.0
310.0
286.0
248.0
364.0
376.0
273.0
360.0
616.0
277.0
397.0
258.0
291.0
352.0
314.0
458.0
271.0
631.0
406.0
361.0
416.0
384.0
235.0
228.0
393.0
190.0
389.0
330.0
408.0
331.0
512.0
211.0
336.0
391.0
273.0
247.0
322.0
267.0
379.0
290.0
311.0
300.0
192.0
386.0
381.0
206.0
333.0
364.0
464.0
405.0
295.0
299.0
472.0
346.0
283.0
370.0
376.0
518.0
403.0
362.0
343.0
269.0
370.0
390.0
359.0
347.0
255.0
270.0
275.0
265.0
267.0
325.0
295.0
347.0
288.0
392.0
309.0
274.0
743.0
340.0
306.0
301.0
473.0
428.0
326.0
226.0
298.0
455.0
319.0
337.0
453.0
341.0
235.0
357.0
440.0
410.0
334.0
237.0
460.0
342.0
354.0
341.0
343.0
282.0
331.0
248.0
331.0
242.0
473.0
278.0
428.0
359.0
397.0
313.0
286.0
287.0
361.0
331.0
445.0
247.0
350.0
395.0
397.0
238.0
465.0
240.0
360.0
374.0
280.0
458.0
366.0
246.0
464.0
300.0
376.0
368.0
265.0
280.0
200.0
332.0
420.0
460.0
258.0
341.0
328.0
232.0
395.0
420.0
320.0
318.0
392.0
314.0
332.0
238.0
482.0
279.0
303.0
405.0
317.0
245.0
464.0
351.0
297.0
437.0
249.0
288.0
489.0
333.0
332.0
418.0
334.0
336.0
322.0
339.0
319.0
218.0
342.0
301.0
326.0
366.0
242.0
341.0
394.0
243.0
242.0
295.0
506.0
290.0
397.0
326.0
277.0
546.0
271.0
331.0
341.0
352.0
257.0
377.0
665.0
336.0
323.0
447.0
243.0
413.0
423.0
310.0
254.0
339.0
399.0
382.0
263.0
304.0
289.0
327.0
403.0
344.0
319.0
339.0
310.0
316.0
340.0
232.0
314.0
317.0
389.0
521.0
328.0
265.0
586.0
342.0
311.0
387.0
267.0
507.0
366.0
333.0
554.0
375.0
315.0
340.0
282.0
275.0
544.0
283.0
244.0
374.0
518.0
321.0
238.0
444.0
299.0
370.0
220.0
334.0
375.0
252.0
364.0
254.0
260.0
347.0
242.0
416.0
334.0
222.0
472.0
375.0
245.0
386.0
426.0
281.0
534.0
193.0
260.0
302.0
359.0
344.0
249.0
412.0
369.0
293.0
323.0
355.0
455.0
250.0
301.0
380.0
319.0
303.0
396.0
402.0
314.0
400.0
344.0
414.0
337.0
354.0
357.0
380.0
512.0
269.0
252.0
322.0
371.0
337.0
281.0
347.0
473.0
310.0
247.0
419.0
464.0
361.0
404.0
314.0
267.0
404.0
322.0
305.0
186.0
283.0
321.0
352.0
305.0
405.0
362.0
270.0
301.0
462.0
264.0
278.0
275.0
262.0
372.0
296.0
357.0
374.0
292.0
327.0
349.0
301.0
590.0
250.0
402.0
332.0
354.0
294.0
421.0
667.0
387.0
452.0
554.0
290.0
247.0
360.0
195.0
501.0
210.0
340.0
292.0
433.0
273.0
453.0
301.0
291.0
238.0
503.0
239.0
276.0
321.0
329.0
405.0
295.0
473.0
223.0
454.0
363.0
345.0
255.0
449.0
325.0
287.0
247.0
597.0
305.0
346.0
244.0
417.0
277.0
444.0
294.0
257.0
373.0
431.0
368.0
277.0
236.0
301.0
304.0
291.0
306.0
367.0
273.0
387.0
355.0
273.0
265.0
439.0
316.0
365.0
331.0
380.0
348.0
323.0
378.0
310.0
415.0
359.0
280.0
351.0
345.0
362.0
306.0
277.0
554.0
318.0
301.0
483.0
369.0
360.0
346.0
348.0
349.0
251.0
435.0
347.0
447.0
335.0
454.0
239.0
258.0
271.0
331.0
549.0
330.0
410.0
263.0
353.0
320.0
330.0
189.0
349.0
474.0
483.0
284.0
390.0
226.0
478.0
355.0
367.0
377.0
309.0
358.0
285.0
402.0
340.0
376.0
378.0
351.0
343.0
450.0
198.0
205.0
286.0
308.0
338.0
517.0
287.0
376.0
261.0
322.0
417.0
329.0
271.0
345.0
244.0
279.0
283.0
284.0
349.0
238.0
325.0
393.0
404.0
439.0
332.0
285.0
308.0
327.0
375.0
390.0
361.0
257.0
372.0
244.0
308.0
326.0
285.0
313.0
413.0
289.0
267.0
427.0
411.0
281.0
307.0
399.0
293.0
428.0
381.0
327.0
340.0
275.0
220.0
222.0
280.0
169.0
348.0
483.0
366.0
256.0
427.0
457.0
348.0
376.0
280.0
425.0
224.0
361.0
331.0
313.0
411.0
354.0
258.0
465.0
286.0
308.0
305.0
377.0
242.0
329.0
243.0
342.0
266.0
284.0
341.0
379.0
374.0
388.0
406.0
398.0
376.0
305.0
351.0
392.0
396.0
295.0
231.0
325.0
327.0
296.0
437.0
249.0
374.0
366.0
246.0
287.0
341.0
420.0
429.0
330.0
371.0
407.0
351.0
268.0
372.0
400.0
232.0
293.0
250.0
283.0
246.0
329.0
273.0
317.0
399.0
574.0
349.0
310.0
293.0
277.0
261.0
366.0
351.0
219.0
222.0
288.0
298.0
339.0
339.0
302.0
275.0
245.0
402.0
430.0
265.0
280.0
274.0
364.0
347.0
371.0
400.0
351.0
253.0
273.0
404.0
347.0
226.0
335.0
399.0
189.0
420.0
388.0
268.0
389.0
364.0
423.0
387.0
402.0
348.0
544.0
436.0
424.0
284.0
425.0
295.0
329.0
337.0
436.0
308.0
272.0
302.0
275.0
257.0
435.0
279.0
420.0
430.0
380.0
397.0
300.0
387.0
319.0
294.0
372.0
426.0
226.0
388.0
306.0
344.0
348.0
383.0
389.0
270.0
394.0
322.0
383.0
378.0
265.0
251.0
338.0
340.0
433.0
345.0
385.0
335.0
310.0
274.0
247.0
304.0
397.0
256.0
347.0
358.0
465.0
270.0
382.0
449.0
392.0
269.0
244.0
297.0
328.0
422.0
299.0
287.0
336.0
364.0
395.0
252.0
250.0
354.0
284.0
375.0
283.0
271.0
374.0
246.0
472.0
316.0
241.0
270.0
388.0
341.0
395.0
355.0
291.0
270.0
339.0
323.0
395.0
324.0
416.0
248.0
345.0
336.0
263.0
267.0
419.0
420.0
295.0
315.0
436.0
340.0
419.0
293.0
279.0
317.0
311.0
349.0
266.0
424.0
406.0
264.0
393.0
339.0
364.0
281.0
307.0
238.0
463.0
337.0
409.0
333.0
362.0
449.0
343.0
323.0
323.0
249.0
440.0
322.0
339.0
353.0
366.0
325.0
350.0
303.0
276.0
322.0
393.0
305.0
284.0
405.0
360.0
344.0
327.0
446.0
325.0
185.0
317.0
303.0
319.0
233.0
267.0
238.0
403.0
338.0
441.0
282.0
238.0
343.0
288.0
289.0
336.0
334.0
330.0
283.0
290.0
292.0
359.0
328.0
291.0
171.0
286.0
519.0
318.0
520.0
345.0
356.0
326.0
305.0
370.0
367.0
224.0
311.0
415.0
387.0
356.0
440.0
285.0
296.0
305.0
186.0
399.0
322.0
326.0
304.0
319.0
351.0
416.0
290.0
344.0
448.0
347.0
338.0
312.0
338.0
385.0
366.0
333.0
349.0
299.0
381.0
312.0
313.0
418.0
309.0
290.0
380.0
351.0
336.0
345.0
264.0
444.0
367.0
347.0
392.0
289.0
316.0
355.0
394.0
311.0
365.0
358.0
322.0
331.0
334.0
241.0
356.0
320.0
349.0
294.0
469.0
399.0
356.0
385.0
415.0
448.0
428.0
302.0
355.0
335.0
255.0
244.0
252.0
182.0
276.0
270.0
496.0
329.0
268.0
339.0
367.0
302.0
340.0
296.0
366.0
205.0
394.0
327.0
282.0
297.0
318.0
364.0
384.0
273.0
221.0
352.0
386.0
368.0
422.0
346.0
369.0
454.0
266.0
396.0
367.0
289.0
362.0
288.0
363.0
413.0
316.0
342.0
544.0
335.0
209.0
258.0
559.0
366.0
269.0
412.0
372.0
350.0
299.0
266.0
281.0
314.0
434.0
407.0
441.0
310.0
341.0
540.0
361.0
326.0
345.0
335.0
330.0
438.0
386.0
309.0
411.0
276.0
347.0
366.0
434.0
315.0
314.0
571.0
232.0
368.0
357.0
373.0
260.0
295.0
371.0
310.0
411.0
304.0
279.0
304.0
380.0
324.0
482.0
510.0
344.0
279.0
335.0
291.0
368.0
270.0
375.0
370.0
372.0
329.0
338.0
286.0
305.0
242.0
436.0
300.0
317.0
278.0
514.0
273.0
309.0
221.0
275.0
296.0
322.0
289.0
317.0
242.0
393.0
320.0
297.0
308.0
352.0
339.0
366.0
322.0
314.0
390.0
316.0
469.0
299.0
302.0
448.0
459.0
404.0
349.0
260.0
319.0
210.0
323.0
470.0
309.0
274.0
299.0
384.0
428.0
403.0
245.0
275.0
291.0
342.0
314.0
268.0
331.0
377.0
382.0
305.0
295.0
316.0
305.0
337.0
356.0
423.0
360.0
491.0
439.0
340.0
276.0
316.0
398.0
300.0
352.0
535.0
447.0
398.0
295.0
397.0
294.0
293.0
226.0
562.0
306.0
279.0
390.0
360.0
381.0
350.0
256.0
272.0
314.0
483.0
313.0
671.0
354.0
345.0
334.0
254.0
234.0
408.0
311.0
492.0
385.0
338.0
400.0
297.0
242.0
336.0
408.0
370.0
326.0
318.0
384.0
274.0
342.0
402.0
313.0
264.0
405.0
301.0
474.0
495.0
375.0
438.0
275.0
377.0
280.0
373.0
258.0
423.0
252.0
702.0
276.0
305.0
249.0
492.0
322.0
265.0
324.0
304.0
282.0
242.0
313.0
307.0
282.0
261.0
433.0
183.0
310.0
480.0
224.0
436.0
290.0
296.0
398.0
391.0
412.0
375.0
410.0
387.0
283.0
303.0
367.0
395.0
331.0
374.0
214.0
418.0
342.0
270.0
245.0
501.0
452.0
397.0
333.0
311.0
238.0
408.0
265.0
339.0
283.0
308.0
347.0
373.0
330.0
441.0
503.0
252.0
317.0
278.0
281.0
519.0
354.0
468.0
324.0
282.0
474.0
370.0
313.0
332.0
354.0
331.0
417.0
443.0
520.0
335.0
392.0
302.0
300.0
296.0
407.0
282.0
285.0
315.0
215.0
395.0
328.0
297.0
337.0
298.0
297.0
216.0
380.0
228.0
449.0
447.0
370.0
277.0
336.0
371.0
425.0
451.0
230.0
355.0
354.0
386.0
236.0
317.0
457.0
310.0
351.0
369.0
308.0
369.0
418.0
372.0
315.0
405.0
263.0
366.0
345.0
342.0
295.0
337.0
499.0
293.0
267.0
299.0
198.0
450.0
334.0
311.0
380.0
349.0
399.0
270.0
372.0
275.0
317.0
421.0
341.0
470.0
275.0
478.0
295.0
272.0
360.0
372.0
392.0
368.0
375.0
399.0
327.0
387.0
316.0
251.0
320.0
431.0
362.0
250.0
673.0
327.0
391.0
339.0
323.0
551.0
205.0
425.0
339.0
276.0
322.0
310.0
327.0
313.0
273.0
232.0
251.0
307.0
268.0
308.0
362.0
317.0
416.0
328.0
352.0
367.0
248.0
265.0
375.0
304.0
372.0
321.0
318.0
302.0
297.0
393.0
318.0
266.0
272.0
342.0
572.0
293.0
335.0
306.0
465.0
304.0
336.0
386.0
386.0
329.0
393.0
307.0
329.0
321.0
321.0
452.0
385.0
420.0
335.0
436.0
524.0
389.0
374.0
350.0
261.0
294.0
454.0
272.0
552.0
283.0
364.0
206.0
219.0
341.0
402.0
353.0
386.0
503.0
313.0
253.0
304.0
338.0
313.0
425.0
430.0
313.0
359.0
421.0
281.0
309.0
374.0
439.0
394.0
305.0
344.0
379.0
411.0
250.0
368.0
309.0
338.0
256.0
334.0
327.0
361.0
261.0
483.0
304.0
431.0
436.0
205.0
307.0
291.0
433.0
325.0
268.0
247.0
392.0
301.0
297.0
257.0
390.0
404.0
286.0
397.0
406.0
407.0
360.0
408.0
222.0
284.0
309.0
289.0
353.0
293.0
301.0
351.0
425.0
325.0
367.0
401.0
402.0
318.0
337.0
309.0
370.0
320.0
330.0
331.0
428.0
339.0
336.0
308.0
316.0
316.0
348.0
328.0
412.0
304.0
277.0
394.0
349.0
293.0
267.0
326.0
409.0
306.0
229.0
362.0
388.0
370.0
314.0
271.0
311.0
361.0
405.0
242.0
365.0
335.0
363.0
405.0
260.0
387.0
403.0
393.0
334.0
346.0
352.0
267.0
327.0
209.0
345.0
246.0
359.0
266.0
362.0
332.0
506.0
280.0
315.0
406.0
271.0
279.0
388.0
223.0
366.0
402.0
354.0
321.0
356.0
234.0
447.0
399.0
360.0
421.0
246.0
243.0
250.0
263.0
313.0
298.0
345.0
389.0
237.0
412.0
293.0
310.0
337.0
381.0
263.0
386.0
264.0
393.0
315.0
230.0
284.0
293.0
296.0
340.0
329.0
372.0
489.0
718.0
338.0
395.0
269.0
452.0
342.0
452.0
271.0
332.0
355.0
366.0
409.0
310.0
473.0
380.0
348.0
338.0
407.0
362.0
400.0
367.0
241.0
250.0
322.0
287.0
332.0
303.0
272.0
494.0
331.0
309.0
525.0
312.0
316.0
334.0
309.0
410.0
283.0
309.0
321.0
320.0
338.0
321.0
397.0
266.0
325.0
303.0
251.0
354.0
339.0
380.0
292.0
245.0
402.0
383.0
270.0
262.0
268.0
359.0
243.0
399.0
329.0
253.0
299.0
287.0
374.0
509.0
810.0
301.0
261.0
492.0
392.0
421.0
439.0
471.0
409.0
257.0
250.0
240.0
286.0
325.0
437.0
449.0
195.0
305.0
291.0
375.0
330.0
312.0
381.0
394.0
259.0
452.0
447.0
422.0
285.0
392.0
335.0
361.0
416.0
365.0
442.0
367.0
220.0
284.0
299.0
314.0
365.0
363.0
286.0
588.0
257.0
345.0
367.0
347.0
322.0
297.0
357.0
298.0
361.0
281.0
410.0
238.0
291.0
338.0
312.0
380.0
315.0
324.0
267.0
457.0
293.0
321.0
497.0
435.0
353.0
290.0
253.0
667.0
271.0
316.0
394.0
389.0
312.0
330.0
459.0
265.0
342.0
292.0
256.0
222.0
351.0
382.0
301.0
324.0
413.0
232.0
367.0
284.0
207.0
249.0
300.0
273.0
345.0
404.0
346.0
325.0
262.0
404.0
334.0
274.0
381.0
370.0
286.0
351.0
333.0
384.0
327.0
296.0
277.0
306.0
375.0
302.0
326.0
371.0
323.0
293.0
353.0
330.0
306.0
335.0
314.0
385.0
366.0
279.0
318.0
272.0
304.0
313.0
261.0
400.0
405.0
260.0
321.0
470.0
307.0
434.0
272.0
387.0
194.0
332.0
378.0
405.0
472.0
264.0
383.0
403.0
341.0
404.0
271.0
384.0
265.0
327.0
365.0
382.0
295.0
295.0
448.0
324.0
308.0
311.0
229.0
426.0
296.0
368.0
267.0
401.0
420.0
303.0
406.0
415.0
289.0
443.0
282.0
370.0
371.0
407.0
336.0
376.0
452.0
289.0
293.0
325.0
345.0
336.0
258.0
249.0
251.0
415.0
255.0
261.0
345.0
497.0
259.0
404.0
390.0
320.0
301.0
301.0
282.0
387.0
326.0
303.0
309.0
282.0
229.0
349.0
337.0
385.0
429.0
296.0
445.0
331.0
348.0
347.0
326.0
335.0
360.0
374.0
358.0
331.0
454.0
429.0
291.0
294.0
276.0
359.0
359.0
405.0
543.0
293.0
304.0
327.0
238.0
424.0
392.0
336.0
340.0
342.0
491.0
285.0
373.0
238.0
339.0
197.0
353.0
297.0
324.0
348.0
351.0
349.0
380.0
308.0
278.0
287.0
222.0
294.0
360.0
330.0
321.0
507.0
480.0
252.0
376.0
316.0
347.0
338.0
318.0
313.0
418.0
313.0
366.0
329.0
275.0
316.0
330.0
391.0
286.0
319.0
274.0
291.0
190.0
367.0
423.0
366.0
348.0
329.0
319.0
288.0
352.0
266.0
270.0
459.0
341.0
282.0
334.0
363.0
481.0
324.0
227.0
322.0
441.0
386.0
264.0
394.0
418.0
297.0
315.0
334.0
347.0
331.0
286.0
469.0
273.0
217.0
387.0
245.0
325.0
230.0
291.0
277.0
311.0
350.0
418.0
314.0
294.0
276.0
224.0
399.0
337.0
421.0
334.0
251.0
460.0
300.0
402.0
411.0
353.0
294.0
329.0
484.0
283.0
466.0
411.0
278.0
282.0
292.0
299.0
289.0
303.0
536.0
344.0
519.0
241.0
197.0
320.0
369.0
224.0
275.0
286.0
533.0
259.0
500.0
335.0
301.0
294.0
419.0
371.0
343.0
276.0
331.0
389.0
354.0
281.0
555.0
353.0
260.0
287.0
250.0
258.0
485.0
413.0
263.0
304.0
290.0
331.0
450.0
456.0
320.0
319.0
273.0
228.0
309.0
352.0
369.0
329.0
351.0
326.0
268.0
332.0
420.0
417.0
339.0
286.0
368.0
401.0
423.0
282.0
340.0
271.0
311.0
270.0
296.0
306.0
199.0
308.0
367.0
389.0
361.0
357.0
333.0
282.0
360.0
458.0
366.0
413.0
383.0
366.0
308.0
220.0
309.0
331.0
385.0
313.0
242.0
395.0
277.0
495.0
429.0
289.0
270.0
286.0
344.0
401.0
320.0
367.0
266.0
283.0
307.0
358.0
268.0
364.0
323.0
368.0
368.0
387.0
200.0
337.0
412.0
350.0
346.0
386.0
349.0
604.0
218.0
301.0
393.0
265.0
416.0
449.0
433.0
298.0
235.0
334.0
360.0
387.0
273.0
264.0
342.0
294.0
323.0
360.0
273.0
295.0
294.0
293.0
331.0
397.0
428.0
483.0
481.0
487.0
280.0
249.0
311.0
253.0
268.0
329.0
459.0
290.0
381.0
321.0
386.0
258.0
210.0
277.0
435.0
193.0
374.0
325.0
332.0
288.0
479.0
303.0
408.0
306.0
284.0
488.0
422.0
361.0
300.0
354.0
241.0
325.0
276.0
466.0
263.0
393.0
730.0
300.0
356.0
294.0
306.0
428.0
306.0
212.0
341.0
361.0
395.0
312.0
471.0
315.0
276.0
355.0
246.0
329.0
402.0
220.0
376.0
353.0
441.0
375.0
275.0
388.0
281.0
373.0
427.0
419.0
464.0
310.0
473.0
400.0
476.0
293.0
318.0
314.0
371.0
343.0
284.0
350.0
387.0
368.0
291.0
313.0
219.0
324.0
345.0
473.0
382.0
420.0
255.0
347.0
312.0
314.0
307.0
350.0
363.0
416.0
463.0
384.0
216.0
371.0
496.0
465.0
278.0
461.0
379.0
354.0
348.0
283.0
283.0
294.0
245.0
280.0
300.0
332.0
277.0
582.0
330.0
377.0
229.0
383.0
420.0
493.0
342.0
286.0
389.0
284.0
303.0
334.0
219.0
349.0
422.0
405.0
326.0
261.0
399.0
284.0
340.0
411.0
362.0
383.0
292.0
325.0
269.0
305.0
329.0
369.0
465.0
262.0
400.0
436.0
321.0
308.0
615.0
556.0
317.0
294.0
319.0
315.0
347.0
372.0
382.0
379.0
550.0
318.0
307.0
417.0
332.0
211.0
271.0
337.0
375.0
300.0
436.0
368.0
400.0
272.0
395.0
344.0
312.0
431.0
314.0
500.0
290.0
280.0
301.0
326.0
262.0
249.0
341.0
367.0
372.0
338.0
410.0
210.0
388.0
258.0
471.0
463.0
259.0
362.0
297.0
567.0
334.0
335.0
268.0
340.0
343.0
462.0
370.0
294.0
255.0
242.0
378.0
456.0
300.0
307.0
266.0
382.0
433.0
323.0
358.0
280.0
407.0
344.0
450.0
303.0
396.0
346.0
338.0
302.0
314.0
339.0
311.0
358.0
243.0
315.0
370.0
350.0
412.0
485.0
410.0
419.0
262.0
354.0
246.0
342.0
276.0
344.0
432.0
358.0
398.0
269.0
344.0
312.0
325.0
398.0
313.0
349.0
289.0
281.0
280.0
313.0
381.0
440.0
491.0
235.0
328.0
334.0
388.0
557.0
278.0
317.0
401.0
345.0
277.0
354.0
385.0
261.0
394.0
280.0
303.0
220.0
293.0
590.0
327.0
370.0
347.0
316.0
363.0
365.0
270.0
288.0
330.0
260.0
421.0
278.0
308.0
332.0
394.0
300.0
489.0
290.0
415.0
212.0
294.0
408.0
332.0
293.0
228.0
385.0
315.0
350.0
379.0
309.0
261.0
337.0
279.0
322.0
319.0
454.0
264.0
432.0
333.0
290.0
247.0
355.0
263.0
435.0
259.0
302.0
420.0
265.0
255.0
427.0
322.0
492.0
309.0
412.0
335.0
506.0
281.0
425.0
464.0
193.0
333.0
378.0
251.0
341.0
320.0
327.0
292.0
227.0
426.0
236.0
258.0
304.0
186.0
406.0
391.0
363.0
320.0
270.0
251.0
437.0
429.0
583.0
238.0
347.0
331.0
349.0
389.0
256.0
288.0
349.0
312.0
290.0
295.0
311.0
267.0
355.0
330.0
459.0
258.0
328.0
231.0
341.0
224.0
321.0
361.0
331.0
328.0
600.0
342.0
411.0
310.0
292.0
266.0
287.0
453.0
342.0
310.0
274.0
330.0
447.0
423.0
252.0
288.0
424.0
482.0
362.0
278.0
211.0
243.0
320.0
283.0
339.0
387.0
409.0
398.0
260.0
336.0
275.0
370.0
371.0
312.0
489.0
241.0
353.0
361.0
240.0
309.0
295.0
471.0
380.0
393.0
366.0
842.0
319.0
451.0
366.0
351.0
375.0
404.0
258.0
303.0
311.0
245.0
318.0
327.0
315.0
299.0
317.0
345.0
329.0
373.0
414.0
406.0
480.0
286.0
331.0
354.0
290.0
357.0
289.0
372.0
259.0
305.0
334.0
417.0
277.0
374.0
341.0
480.0
251.0
401.0
449.0
441.0
260.0
297.0
291.0
346.0
254.0
215.0
371.0
281.0
381.0
247.0
324.0
416.0
240.0
241.0
466.0
471.0
454.0
344.0
416.0
279.0
400.0
427.0
391.0
284.0
247.0
381.0
440.0
1082.0
456.0
289.0
381.0
401.0
440.0
317.0
333.0
374.0
344.0
438.0
363.0
386.0
168.0
390.0
453.0
288.0
285.0
300.0
340.0
320.0
371.0
362.0
344.0
406.0
284.0
286.0
273.0
372.0
213.0
340.0
338.0
375.0
364.0
257.0
410.0
418.0
270.0
413.0
327.0
281.0
280.0
367.0
279.0
321.0
335.0
278.0
314.0
287.0
349.0
405.0
461.0
297.0
313.0
226.0
443.0
457.0
341.0
264.0
387.0
348.0
273.0
335.0
357.0
356.0
312.0
374.0
334.0
392.0
299.0
341.0
317.0
487.0
427.0
340.0
307.0
206.0
241.0
290.0
361.0
300.0
215.0
195.0
434.0
288.0
485.0
343.0
385.0
324.0
355.0
354.0
291.0
358.0
264.0
398.0
281.0
304.0
249.0
420.0
331.0
299.0
270.0
333.0
404.0
418.0
377.0
347.0
397.0
280.0
434.0
261.0
266.0
357.0
345.0
407.0
314.0
370.0
378.0
350.0
307.0
351.0
287.0
629.0
363.0
182.0
356.0
336.0
284.0
257.0
266.0
267.0
242.0
433.0
287.0
307.0
457.0
347.0
344.0
315.0
394.0
235.0
367.0
265.0
393.0
351.0
350.0
492.0
338.0
314.0
245.0
389.0
484.0
348.0
331.0
271.0
324.0
242.0
341.0
193.0
550.0
355.0
305.0
332.0
382.0
293.0
298.0
469.0
458.0
318.0
253.0
382.0
270.0
401.0
381.0
330.0
309.0
201.0
272.0
371.0
378.0
303.0
245.0
261.0
355.0
378.0
320.0
247.0
250.0
332.0
275.0
355.0
349.0
294.0
398.0
306.0
289.0
427.0
424.0
328.0
278.0
473.0
189.0
500.0
359.0
263.0
368.0
357.0
388.0
386.0
348.0
360.0
273.0
290.0
260.0
360.0
317.0
263.0
288.0
326.0
307.0
291.0
343.0
294.0
467.0
404.0
394.0
331.0
401.0
254.0
355.0
377.0
372.0
234.0
513.0
311.0
379.0
392.0
300.0
292.0
293.0
366.0
284.0
439.0
346.0
359.0
234.0
381.0
384.0
250.0
343.0
338.0
269.0
290.0
428.0
279.0
297.0
198.0
224.0
238.0
440.0
386.0
341.0
307.0
328.0
337.0
271.0
160.0
227.0
299.0
269.0
389.0
283.0
377.0
483.0
253.0
322.0
373.0
369.0
312.0
546.0
475.0
260.0
221.0
317.0
367.0
273.0
325.0
299.0
299.0
307.0
251.0
351.0
350.0
380.0
268.0
312.0
295.0
422.0
413.0
432.0
646.0
421.0
379.0
319.0
261.0
304.0
228.0
384.0
457.0
296.0
293.0
330.0
275.0
476.0
282.0
368.0
232.0
283.0
252.0
401.0
258.0
268.0
381.0
284.0
318.0
471.0
335.0
298.0
223.0
329.0
276.0
281.0
365.0
325.0
289.0
558.0
308.0
361.0
299.0
322.0
355.0
450.0
365.0
323.0
403.0
325.0
393.0
385.0
320.0
322.0
296.0
236.0
312.0
350.0
300.0
363.0
413.0
299.0
317.0
295.0
300.0
336.0
411.0
357.0
638.0
386.0
378.0
314.0
361.0
302.0
443.0
244.0
399.0
249.0
366.0
326.0
323.0
333.0
330.0
312.0
383.0
349.0
652.0
328.0
258.0
273.0
311.0
315.0
416.0
337.0
287.0
409.0
391.0
251.0
287.0
302.0
369.0
383.0
413.0
311.0
305.0
375.0
415.0
512.0
373.0
258.0
268.0
308.0
274.0
389.0
349.0
409.0
364.0
190.0
337.0
378.0
229.0
396.0
374.0
260.0
291.0
344.0
359.0
302.0
306.0
455.0
361.0
398.0
328.0
316.0
218.0
270.0
369.0
295.0
468.0
322.0
305.0
344.0
434.0
283.0
389.0
254.0
326.0
340.0
353.0
379.0
388.0
320.0
299.0
417.0
288.0
357.0
357.0
238.0
358.0
288.0
428.0
350.0
571.0
244.0
314.0
360.0
265.0
300.0
312.0
339.0
613.0
375.0
328.0
295.0
461.0
517.0
248.0
382.0
326.0
258.0
315.0
381.0
354.0
382.0
314.0
253.0
378.0
276.0
384.0
403.0
258.0
384.0
302.0
284.0
480.0
426.0
344.0
298.0
423.0
374.0
339.0
477.0
421.0
464.0
277.0
275.0
417.0
338.0
343.0
418.0
351.0
244.0
319.0
335.0
239.0
304.0
333.0
235.0
357.0
299.0
184.0
494.0
295.0
319.0
259.0
395.0
279.0
299.0
276.0
304.0
440.0
320.0
342.0
316.0
351.0
286.0
580.0
355.0
279.0
408.0
272.0
333.0
393.0
295.0
411.0
299.0
348.0
346.0
286.0
394.0
306.0
617.0
421.0
430.0
453.0
330.0
327.0
320.0
340.0
389.0
391.0
269.0
301.0
360.0
375.0
362.0
302.0
230.0
298.0
260.0
251.0
341.0
230.0
421.0
340.0
365.0
252.0
446.0
452.0
226.0
277.0
313.0
379.0
231.0
274.0
239.0
285.0
303.0
322.0
436.0
314.0
367.0
286.0
287.0
471.0
361.0
553.0
418.0
280.0
520.0
397.0
284.0
339.0
276.0
372.0
459.0
223.0
286.0
316.0
230.0
282.0
383.0
319.0
318.0
620.0
336.0
314.0
269.0
341.0
544.0
325.0
311.0
338.0
377.0
274.0
333.0
283.0
323.0
329.0
325.0
398.0
221.0
364.0
363.0
412.0
289.0
348.0
265.0
281.0
438.0
344.0
358.0
427.0
229.0
379.0
431.0
535.0
308.0
440.0
321.0
394.0
294.0
264.0
362.0
649.0
251.0
519.0
412.0
306.0
263.0
336.0
380.0
283.0
343.0
357.0
399.0
339.0
287.0
479.0
326.0
275.0
264.0
216.0
392.0
302.0
213.0
365.0
215.0
232.0
322.0
427.0
356.0
302.0
419.0
310.0
207.0
356.0
352.0
372.0
322.0
292.0
422.0
230.0
399.0
296.0
374.0
318.0
355.0
337.0
383.0
311.0
592.0
417.0
387.0
315.0
362.0
177.0
265.0
280.0
343.0
320.0
247.0
366.0
319.0
374.0
371.0
463.0
277.0
407.0
374.0
355.0
354.0
337.0
284.0
333.0
264.0
409.0
333.0
362.0
373.0
392.0
394.0
299.0
247.0
319.0
314.0
285.0
535.0
420.0
348.0
242.0
329.0
275.0
261.0
344.0
324.0
538.0
328.0
281.0
421.0
262.0
363.0
349.0
491.0
357.0
408.0
428.0
290.0
303.0
437.0
307.0
257.0
278.0
401.0
327.0
343.0
343.0
286.0
574.0
297.0
159.0
327.0
311.0
506.0
315.0
300.0
298.0
342.0
345.0
301.0
338.0
289.0
335.0
346.0
302.0
347.0
492.0
268.0
365.0
330.0
355.0
228.0
493.0
321.0
260.0
238.0
258.0
245.0
502.0
388.0
336.0
264.0
293.0
347.0
356.0
369.0
366.0
260.0
261.0
320.0
341.0
340.0
246.0
355.0
371.0
368.0
278.0
286.0
241.0
500.0
265.0
377.0
220.0
334.0
363.0
378.0
249.0
327.0
426.0
270.0
383.0
307.0
196.0
466.0
711.0
391.0
320.0
377.0
256.0
381.0
333.0
524.0
254.0
247.0
384.0
306.0
338.0
359.0
298.0
366.0
259.0
266.0
326.0
342.0
428.0
315.0
383.0
392.0
363.0
255.0
348.0
309.0
482.0
202.0
317.0
286.0
390.0
249.0
220.0
494.0
263.0
320.0
317.0
329.0
359.0
379.0
354.0
351.0
457.0
292.0
312.0
471.0
363.0
333.0
397.0
306.0
389.0
402.0
448.0
362.0
477.0
286.0
343.0
365.0
381.0
270.0
369.0
415.0
237.0
259.0
367.0
392.0
668.0
617.0
238.0
253.0
242.0
399.0
322.0
434.0
362.0
355.0
303.0
373.0
352.0
251.0
407.0
438.0
351.0
269.0
423.0
354.0
537.0
396.0
292.0
353.0
285.0
405.0
366.0
473.0
332.0
416.0
363.0
360.0
272.0
367.0
321.0
296.0
497.0
282.0
452.0
352.0
311.0
313.0
359.0
281.0
203.0
296.0
430.0
433.0
314.0
448.0
261.0
319.0
306.0
309.0
452.0
313.0
278.0
427.0
263.0
281.0
375.0
246.0
322.0
309.0
426.0
340.0
385.0
462.0
388.0
245.0
275.0
268.0
378.0
276.0
288.0
510.0
370.0
357.0
368.0
401.0
263.0
327.0
457.0
345.0
309.0
438.0
262.0
326.0
380.0
445.0
364.0
279.0
410.0
337.0
365.0
309.0
432.0
291.0
409.0
198.0
317.0
345.0
651.0
214.0
382.0
292.0
309.0
332.0
386.0
352.0
362.0
482.0
357.0
376.0
210.0
311.0
437.0
392.0
215.0
366.0
373.0
424.0
304.0
286.0
329.0
447.0
307.0
408.0
229.0
330.0
444.0
325.0
355.0
328.0
389.0
329.0
394.0
380.0
408.0
213.0
355.0
286.0
233.0
284.0
286.0
387.0
382.0
293.0
332.0
234.0
358.0
371.0
339.0
368.0
342.0
402.0
418.0
338.0
339.0
230.0
300.0
380.0
252.0
287.0
366.0
409.0
345.0
399.0
282.0
423.0
253.0
379.0
401.0
328.0
301.0
238.0
346.0
354.0
306.0
345.0
472.0
474.0
302.0
296.0
288.0
421.0
346.0
303.0
286.0
360.0
334.0
243.0
335.0
212.0
388.0
372.0
275.0
274.0
421.0
338.0
213.0
251.0
286.0
270.0
270.0
333.0
352.0
316.0
350.0
386.0
350.0
387.0
410.0
375.0
419.0
429.0
168.0
451.0
393.0
269.0
319.0
394.0
242.0
412.0
226.0
266.0
194.0
317.0
408.0
468.0
255.0
244.0
376.0
357.0
370.0
312.0
336.0
386.0
431.0
291.0
362.0
386.0
308.0
382.0
285.0
324.0
235.0
290.0
415.0
294.0
192.0
371.0
273.0
585.0
372.0
331.0
374.0
309.0
383.0
601.0
386.0
411.0
241.0
292.0
322.0
358.0
289.0
274.0
300.0
300.0
243.0
313.0
249.0
316.0
325.0
289.0
353.0
439.0
243.0
495.0
228.0
364.0
285.0
419.0
328.0
374.0
252.0
297.0
336.0
340.0
273.0
341.0
310.0
190.0
347.0
274.0
452.0
437.0
369.0
300.0
250.0
319.0
346.0
418.0
412.0
310.0
299.0
379.0
383.0
253.0
310.0
285.0
252.0
426.0
271.0
233.0
331.0
392.0
338.0
350.0
418.0
281.0
251.0
246.0
385.0
413.0
320.0
227.0
285.0
239.0
284.0
360.0
396.0
329.0
482.0
332.0
432.0
324.0
379.0
275.0
415.0
380.0
247.0
401.0
342.0
490.0
316.0
378.0
510.0
392.0
309.0
314.0
335.0
243.0
386.0
399.0
384.0
345.0
467.0
238.0
265.0
286.0
411.0
408.0
339.0
304.0
251.0
347.0
347.0
306.0
398.0
292.0
379.0
412.0
308.0
330.0
494.0
400.0
430.0
306.0
247.0
251.0
283.0
343.0
283.0
384.0
312.0
397.0
455.0
462.0
259.0
334.0
294.0
394.0
361.0
352.0
342.0
431.0
451.0
449.0
235.0
561.0
265.0
319.0
319.0
240.0
287.0
404.0
280.0
351.0
326.0
345.0
404.0
275.0
308.0
364.0
343.0
305.0
440.0
368.0
183.0
263.0
302.0
334.0
409.0
394.0
344.0
367.0
292.0
367.0
362.0
257.0
291.0
302.0
368.0
344.0
355.0
412.0
273.0
220.0
333.0
433.0
366.0
235.0
310.0
385.0
429.0
321.0
310.0
376.0
276.0
304.0
355.0
356.0
273.0
420.0
271.0
392.0
392.0
335.0
375.0
349.0
307.0
250.0
345.0
458.0
307.0
255.0
420.0
394.0
329.0
242.0
290.0
286.0
386.0
260.0
318.0
500.0
369.0
374.0
388.0
286.0
346.0
544.0
313.0
261.0
341.0
306.0
337.0
387.0
355.0
415.0
443.0
380.0
407.0
268.0
223.0
370.0
321.0
255.0
298.0
275.0
426.0
353.0
289.0
236.0
339.0
380.0
376.0
447.0
262.0
327.0
435.0
269.0
271.0
239.0
358.0
327.0
376.0
370.0
448.0
331.0
300.0
242.0
373.0
334.0
315.0
312.0
329.0
320.0
607.0
423.0
208.0
349.0
317.0
274.0
299.0
443.0
360.0
363.0
229.0
262.0
251.0
306.0
267.0
324.0
322.0
558.0
430.0
523.0
367.0
273.0
421.0
384.0
339.0
391.0
363.0
332.0
569.0
325.0
236.0
273.0
392.0
284.0
261.0
340.0
413.0
369.0
250.0
215.0
373.0
266.0
546.0
399.0
369.0
435.0
266.0
261.0
399.0
361.0
434.0
399.0
329.0
338.0
357.0
438.0
315.0
285.0
281.0
316.0
462.0
328.0
281.0
450.0
245.0
469.0
392.0
371.0
331.0
229.0
403.0
343.0
338.0
253.0
365.0
290.0
415.0
276.0
226.0
233.0
303.0
251.0
677.0
247.0
364.0
305.0
378.0
343.0
363.0
444.0
357.0
334.0
504.0
377.0
286.0
319.0
399.0
267.0
452.0
459.0
288.0
334.0
429.0
227.0
333.0
342.0
352.0
290.0
423.0
249.0
386.0
393.0
381.0
290.0
413.0
219.0
439.0
286.0
265.0
313.0
187.0
252.0
411.0
452.0
293.0
299.0
365.0
283.0
341.0
214.0
413.0
285.0
259.0
261.0
325.0
373.0
262.0
475.0
342.0
326.0
352.0
438.0
376.0
370.0
300.0
435.0
355.0
296.0
281.0
231.0
264.0
204.0
391.0
376.0
280.0
273.0
335.0
460.0
714.0
325.0
375.0
361.0
381.0
389.0
280.0
344.0
405.0
509.0
363.0
197.0
429.0
259.0
332.0
344.0
338.0
239.0
292.0
360.0
309.0
209.0
435.0
305.0
327.0
258.0
340.0
427.0
314.0
299.0
561.0
429.0
350.0
497.0
225.0
245.0
396.0
373.0
369.0
349.0
589.0
348.0
300.0
409.0
663.0
315.0
419.0
415.0
284.0
246.0
360.0
382.0
366.0
303.0
526.0
290.0
350.0
451.0
289.0
286.0
381.0
348.0
272.0
291.0
369.0
290.0
352.0
277.0
416.0
311.0
331.0
360.0
472.0
281.0
423.0
368.0
259.0
331.0
282.0
402.0
337.0
374.0
273.0
281.0
221.0
258.0
437.0
380.0
277.0
402.0
285.0
356.0
300.0
329.0
354.0
344.0
305.0
220.0
422.0
236.0
267.0
565.0
382.0
285.0
531.0
224.0
456.0
393.0
318.0
287.0
340.0
349.0
325.0
339.0
303.0
292.0
384.0
350.0
248.0
369.0
293.0
380.0
339.0
599.0
282.0
388.0
381.0
258.0
236.0
425.0
345.0
290.0
432.0
270.0
389.0
473.0
297.0
382.0
276.0
380.0
381.0
331.0
644.0
293.0
344.0
253.0
363.0
362.0
322.0
291.0
367.0
289.0
361.0
312.0
324.0
297.0
310.0
307.0
359.0
527.0
283.0
217.0
451.0
225.0
316.0
345.0
409.0
312.0
373.0
484.0
296.0
228.0
436.0
308.0
292.0
392.0
279.0
335.0
358.0
323.0
254.0
285.0
438.0
249.0
237.0
328.0
314.0
230.0
274.0
285.0
433.0
491.0
261.0
367.0
418.0
359.0
261.0
333.0
325.0
208.0
467.0
440.0
332.0
397.0
383.0
283.0
374.0
262.0
290.0
365.0
325.0
295.0
376.0
371.0
381.0
250.0
407.0
369.0
411.0
377.0
240.0
330.0
271.0
263.0
326.0
239.0
417.0
391.0
290.0
399.0
336.0
477.0
432.0
295.0
367.0
415.0
301.0
302.0
335.0
274.0
266.0
423.0
263.0
521.0
225.0
377.0
415.0
290.0
306.0
456.0
431.0
431.0
266.0
225.0
277.0
333.0
276.0
249.0
350.0
335.0
519.0
295.0
357.0
389.0
390.0
205.0
337.0
269.0
264.0
389.0
455.0
213.0
365.0
266.0
238.0
473.0
374.0
321.0
424.0
337.0
409.0
368.0
372.0
320.0
344.0
291.0
310.0
294.0
373.0
293.0
236.0
336.0
463.0
314.0
472.0
299.0
412.0
324.0
325.0
440.0
398.0
285.0
311.0
258.0
279.0
376.0
465.0
294.0
274.0
230.0
304.0
368.0
457.0
372.0
292.0
332.0
250.0
422.0
245.0
336.0
336.0
292.0
349.0
362.0
426.0
391.0
390.0
455.0
222.0
299.0
358.0
429.0
381.0
393.0
202.0
300.0
374.0
313.0
321.0
345.0
313.0
347.0
300.0
286.0
226.0
297.0
237.0
466.0
306.0
372.0
328.0
407.0
447.0
417.0
569.0
311.0
271.0
279.0
351.0
286.0
262.0
257.0
412.0
444.0
496.0
414.0
320.0
289.0
247.0
240.0
385.0
328.0
548.0
258.0
476.0
210.0
265.0
244.0
241.0
281.0
360.0
470.0
472.0
240.0
423.0
388.0
376.0
398.0
445.0
279.0
248.0
306.0
407.0
418.0
388.0
316.0
244.0
411.0
247.0
436.0
350.0
404.0
378.0
364.0
444.0
241.0
339.0
245.0
249.0
228.0
349.0
419.0
369.0
478.0
355.0
394.0
308.0
242.0
271.0
439.0
308.0
430.0
389.0
312.0
322.0
427.0
250.0
322.0
216.0
241.0
365.0
409.0
429.0
380.0
350.0
347.0
410.0
268.0
446.0
486.0
222.0
342.0
216.0
278.0
370.0
442.0
313.0
266.0
234.0
359.0
498.0
343.0
308.0
326.0
320.0
266.0
479.0
356.0
333.0
507.0
214.0
249.0
249.0
345.0
377.0
286.0
333.0
405.0
287.0
289.0
505.0
262.0
215.0
321.0
298.0
315.0
300.0
388.0
419.0
370.0
286.0
337.0
276.0
422.0
570.0
391.0
324.0
316.0
396.0
266.0
240.0
281.0
328.0
398.0
241.0
343.0
370.0
302.0
349.0
407.0
347.0
430.0
452.0
213.0
338.0
275.0
686.0
470.0
332.0
319.0
346.0
276.0
346.0
252.0
389.0
332.0
371.0
331.0
342.0
388.0
371.0
279.0
549.0
261.0
213.0
359.0
439.0
367.0
264.0
210.0
550.0
388.0
248.0
402.0
259.0
353.0
379.0
219.0
250.0
326.0
335.0
291.0
395.0
323.0
380.0
263.0
370.0
365.0
329.0
334.0
356.0
424.0
445.0
231.0
452.0
362.0
373.0
343.0
305.0
476.0
460.0
347.0
360.0
229.0
278.0
277.0
329.0
193.0
320.0
343.0
569.0
502.0
340.0
490.0
277.0
291.0
468.0
229.0
387.0
263.0
264.0
370.0
414.0
307.0
352.0
250.0
384.0
309.0
413.0
371.0
322.0
348.0
281.0
391.0
174.0
352.0
225.0
314.0
289.0
369.0
203.0
268.0
300.0
472.0
321.0
295.0
631.0
294.0
434.0
289.0
382.0
363.0
230.0
346.0
464.0
262.0
470.0
362.0
249.0
414.0
193.0
495.0
374.0
366.0
272.0
292.0
269.0
411.0
293.0
448.0
414.0
349.0
339.0
330.0
298.0
396.0
286.0
286.0
316.0
298.0
451.0
472.0
405.0
431.0
425.0
272.0
250.0
335.0
382.0
268.0
327.0
338.0
475.0
529.0
376.0
408.0
306.0
361.0
280.0
301.0
790.0
371.0
216.0
367.0
279.0
331.0
266.0
242.0
241.0
402.0
241.0
417.0
292.0
328.0
353.0
599.0
469.0
431.0
291.0
314.0
292.0
434.0
283.0
277.0
284.0
346.0
357.0
306.0
223.0
355.0
230.0
407.0
358.0
248.0
344.0
300.0
185.0
301.0
265.0
293.0
488.0
311.0
235.0
311.0
281.0
384.0
329.0
346.0
383.0
401.0
489.0
414.0
326.0
405.0
266.0
299.0
349.0
306.0
230.0
403.0
307.0
315.0
375.0
417.0
281.0
311.0
278.0
318.0
361.0
339.0
328.0
365.0
471.0
298.0
399.0
271.0
427.0
338.0
303.0
395.0
269.0
192.0
331.0
310.0
239.0
416.0
232.0
297.0
226.0
243.0
297.0
723.0
444.0
341.0
305.0
349.0
304.0
287.0
328.0
320.0
341.0
385.0
313.0
248.0
395.0
418.0
353.0
278.0
297.0
472.0
414.0
300.0
267.0
290.0
355.0
751.0
430.0
344.0
315.0
382.0
875.0
323.0
320.0
266.0
410.0
172.0
365.0
394.0
375.0
302.0
391.0
277.0
465.0
363.0
498.0
369.0
327.0
346.0
215.0
278.0
360.0
246.0
250.0
408.0
376.0
384.0
334.0
363.0
356.0
392.0
470.0
387.0
285.0
281.0
445.0
252.0
337.0
429.0
264.0
381.0
287.0
287.0
472.0
247.0
329.0
270.0
269.0
267.0
408.0
374.0
367.0
282.0
377.0
429.0
366.0
308.0
342.0
310.0
298.0
293.0
340.0
275.0
310.0
324.0
273.0
512.0
260.0
292.0
433.0
278.0
348.0
267.0
241.0
212.0
277.0
314.0
201.0
432.0
342.0
373.0
366.0
285.0
384.0
306.0
329.0
452.0
347.0
353.0
219.0
207.0
300.0
395.0
274.0
492.0
438.0
417.0
473.0
321.0
412.0
562.0
405.0
240.0
318.0
288.0
371.0
298.0
329.0
243.0
322.0
297.0
452.0
255.0
382.0
288.0
304.0
341.0
329.0
294.0
273.0
585.0
270.0
289.0
342.0
312.0
275.0
370.0
500.0
297.0
343.0
340.0
323.0
253.0
318.0
446.0
263.0
310.0
180.0
282.0
389.0
284.0
317.0
344.0
329.0
344.0
310.0
420.0
348.0
280.0
420.0
588.0
353.0
422.0
462.0
258.0
333.0
341.0
320.0
295.0
330.0
490.0
338.0
456.0
208.0
271.0
379.0
290.0
316.0
502.0
303.0
199.0
371.0
315.0
301.0
252.0
328.0
317.0
255.0
336.0
316.0
256.0
469.0
313.0
274.0
275.0
290.0
316.0
322.0
292.0
222.0
323.0
306.0
336.0
325.0
495.0
407.0
470.0
407.0
352.0
361.0
327.0
168.0
275.0
299.0
317.0
409.0
342.0
431.0
399.0
354.0
356.0
524.0
291.0
295.0
319.0
325.0
298.0
298.0
284.0
235.0
416.0
287.0
242.0
330.0
265.0
404.0
395.0
260.0
408.0
425.0
301.0
379.0
293.0
435.0
484.0
389.0
430.0
324.0
319.0
422.0
316.0
448.0
459.0
378.0
402.0
308.0
325.0
375.0
385.0
265.0
376.0
389.0
431.0
351.0
341.0
393.0
278.0
301.0
310.0
298.0
371.0
322.0
395.0
364.0
299.0
314.0
294.0
315.0
422.0
379.0
596.0
311.0
206.0
234.0
321.0
400.0
286.0
382.0
343.0
358.0
362.0
338.0
380.0
380.0
292.0
312.0
272.0
342.0
399.0
282.0
276.0
317.0
379.0
300.0
316.0
272.0
345.0
223.0
437.0
326.0
287.0
370.0
354.0
335.0
275.0
282.0
279.0
376.0
245.0
308.0
301.0
388.0
525.0
305.0
284.0
453.0
400.0
475.0
280.0
466.0
308.0
407.0
315.0
317.0
342.0
470.0
283.0
245.0
315.0
266.0
329.0
351.0
368.0
392.0
556.0
352.0
365.0
313.0
355.0
346.0
396.0
283.0
480.0
377.0
291.0
369.0
476.0
298.0
445.0
291.0
348.0
301.0
236.0
305.0
718.0
374.0
257.0
239.0
310.0
483.0
332.0
276.0
339.0
319.0
300.0
333.0
222.0
320.0
233.0
248.0
530.0
314.0
362.0
285.0
374.0
216.0
267.0
335.0
291.0
230.0
603.0
747.0
320.0
357.0
417.0
266.0
445.0
305.0
330.0
313.0
268.0
286.0
300.0
332.0
226.0
260.0
437.0
393.0
336.0
477.0
281.0
263.0
263.0
244.0
292.0
321.0
290.0
458.0
469.0
289.0
230.0
402.0
487.0
211.0
413.0
492.0
414.0
247.0
289.0
466.0
538.0
256.0
481.0
463.0
251.0
443.0
344.0
303.0
423.0
266.0
487.0
291.0
293.0
270.0
315.0
346.0
249.0
378.0
266.0
261.0
269.0
259.0
310.0
379.0
693.0
231.0
337.0
396.0
327.0
270.0
238.0
348.0
248.0
340.0
231.0
310.0
281.0
289.0
318.0
495.0
302.0
464.0
390.0
334.0
237.0
315.0
462.0
229.0
244.0
264.0
320.0
277.0
402.0
326.0
268.0
305.0
546.0
280.0
233.0
466.0
217.0
415.0
226.0
258.0
345.0
300.0
281.0
331.0
434.0
376.0
309.0
257.0
267.0
370.0
351.0
261.0
320.0
325.0
421.0
364.0
338.0
438.0
372.0
327.0
383.0
339.0
323.0
349.0
324.0
365.0
323.0
275.0
275.0
400.0
339.0
328.0
296.0
356.0
380.0
416.0
506.0
395.0
242.0
352.0
335.0
437.0
222.0
315.0
237.0
317.0
259.0
260.0
337.0
415.0
228.0
289.0
313.0
295.0
379.0
344.0
273.0
406.0
296.0
273.0
318.0
365.0
346.0
257.0
423.0
277.0
275.0
423.0
363.0
323.0
255.0
444.0
263.0
277.0
394.0
371.0
390.0
275.0
425.0
470.0
211.0
297.0
330.0
304.0
415.0
349.0
399.0
189.0
231.0
301.0
346.0
398.0
247.0
281.0
306.0
326.0
221.0
204.0
383.0
238.0
415.0
295.0
374.0
273.0
299.0
308.0
343.0
314.0
290.0
286.0
600.0
412.0
329.0
355.0
300.0
461.0
452.0
293.0
284.0
324.0
470.0
424.0
428.0
332.0
314.0
339.0
297.0
378.0
260.0
374.0
317.0
285.0
464.0
309.0
253.0
297.0
265.0
337.0
239.0
246.0
402.0
303.0
220.0
232.0
228.0
253.0
302.0
461.0
367.0
343.0
540.0
341.0
437.0
292.0
294.0
337.0
337.0
420.0
434.0
398.0
329.0
301.0
417.0
396.0
254.0
260.0
310.0
324.0
514.0
476.0
369.0
233.0
324.0
293.0
355.0
225.0
474.0
255.0
232.0
311.0
255.0
300.0
170.0
456.0
331.0
304.0
315.0
308.0
230.0
360.0
434.0
331.0
382.0
253.0
270.0
263.0
567.0
253.0
294.0
426.0
425.0
197.0
451.0
397.0
225.0
440.0
434.0
318.0
617.0
425.0
447.0
390.0
442.0
421.0
379.0
329.0
336.0
330.0
339.0
248.0
292.0
333.0
437.0
289.0
338.0
356.0
350.0
352.0
323.0
592.0
287.0
590.0
261.0
464.0
206.0
233.0
292.0
383.0
246.0
417.0
307.0
295.0
207.0
373.0
343.0
396.0
307.0
376.0
457.0
366.0
566.0
391.0
255.0
350.0
568.0
390.0
463.0
369.0
366.0
351.0
278.0
408.0
416.0
336.0
326.0
332.0
432.0
317.0
329.0
570.0
255.0
411.0
359.0
313.0
308.0
253.0
209.0
306.0
327.0
312.0
229.0
389.0
262.0
492.0
357.0
350.0
422.0
285.0
501.0
346.0
367.0
329.0
373.0
516.0
469.0
280.0
460.0
314.0
294.0
487.0
332.0
302.0
296.0
354.0
252.0
273.0
398.0
269.0
259.0
501.0
273.0
337.0
304.0
290.0
385.0
269.0
367.0
668.0
277.0
466.0
344.0
372.0
226.0
162.0
420.0
357.0
233.0
306.0
330.0
311.0
304.0
334.0
367.0
396.0
266.0
191.0
241.0
304.0
313.0
562.0
338.0
475.0
278.0
410.0
271.0
573.0
333.0
256.0
381.0
323.0
343.0
993.0
266.0
282.0
320.0
335.0
291.0
402.0
354.0
363.0
297.0
258.0
301.0
369.0
329.0
267.0
424.0
390.0
613.0
292.0
415.0
403.0
357.0
222.0
317.0
253.0
312.0
369.0
435.0
355.0
279.0
507.0
272.0
460.0
443.0
465.0
374.0
310.0
306.0
337.0
502.0
319.0
369.0
267.0
365.0
342.0
348.0
753.0
331.0
284.0
279.0
235.0
398.0
690.0
309.0
385.0
293.0
287.0
379.0
236.0
372.0
160.0
516.0
374.0
315.0
216.0
261.0
246.0
427.0
292.0
424.0
209.0
382.0
298.0
306.0
282.0
380.0
394.0
376.0
355.0
276.0
422.0
385.0
263.0
277.0
267.0
409.0
276.0
355.0
549.0
324.0
292.0
379.0
641.0
298.0
384.0
399.0
398.0
370.0
324.0
431.0
278.0
276.0
255.0
279.0
371.0
383.0
391.0
295.0
396.0
378.0
216.0
273.0
348.0
318.0
322.0
645.0
244.0
427.0
393.0
370.0
455.0
351.0
358.0
280.0
400.0
417.0
331.0
278.0
1137.0
448.0
309.0
282.0
394.0
348.0
291.0
265.0
437.0
437.0
349.0
270.0
301.0
504.0
418.0
289.0
357.0
280.0
309.0
395.0
528.0
358.0
293.0
194.0
366.0
296.0
431.0
357.0
438.0
1169.0
297.0
323.0
357.0
255.0
471.0
433.0
445.0
279.0
294.0
330.0
418.0
270.0
364.0
367.0
369.0
249.0
298.0
345.0
325.0
434.0
376.0
291.0
333.0
394.0
308.0
334.0
302.0
323.0
328.0
424.0
308.0
380.0
429.0
502.0
311.0
221.0
392.0
377.0
365.0
404.0
440.0
390.0
260.0
322.0
233.0
271.0
339.0
346.0
210.0
366.0
286.0
388.0
340.0
353.0
364.0
291.0
298.0
441.0
284.0
191.0
377.0
467.0
368.0
227.0
273.0
378.0
246.0
247.0
353.0
250.0
436.0
474.0
303.0
317.0
460.0
385.0
248.0
400.0
299.0
379.0
495.0
396.0
209.0
330.0
327.0
452.0
317.0
348.0
298.0
349.0
425.0
321.0
263.0
388.0
247.0
278.0
271.0
545.0
330.0
374.0
241.0
446.0
356.0
437.0
265.0
395.0
261.0
315.0
365.0
257.0
290.0
155.0
423.0
402.0
238.0
320.0
324.0
393.0
264.0
400.0
308.0
397.0
395.0
234.0
368.0
376.0
533.0
354.0
400.0
373.0
328.0
270.0
371.0
275.0
417.0
313.0
301.0
266.0
283.0
386.0
291.0
393.0
366.0
267.0
275.0
393.0
350.0
302.0
405.0
279.0
356.0
350.0
304.0
273.0
385.0
252.0
282.0
325.0
356.0
285.0
289.0
284.0
378.0
285.0
310.0
310.0
259.0
366.0
232.0
330.0
359.0
357.0
352.0
396.0
360.0
317.0
296.0
237.0
376.0
354.0
253.0
257.0
353.0
303.0
273.0
279.0
290.0
326.0
266.0
309.0
325.0
394.0
494.0
329.0
360.0
268.0
276.0
260.0
325.0
285.0
417.0
426.0
341.0
300.0
427.0
376.0
407.0
317.0
284.0
274.0
213.0
508.0
309.0
402.0
317.0
245.0
344.0
339.0
343.0
371.0
377.0
224.0
282.0
340.0
361.0
290.0
389.0
204.0
400.0
334.0
333.0
431.0
390.0
256.0
395.0
425.0
355.0
335.0
260.0
397.0
758.0
366.0
333.0
340.0
287.0
434.0
377.0
330.0
235.0
296.0
299.0
463.0
310.0
407.0
265.0
392.0
326.0
394.0
324.0
300.0
246.0
282.0
376.0
359.0
370.0
276.0
277.0
341.0
689.0
379.0
324.0
437.0
355.0
353.0
399.0
319.0
215.0
476.0
333.0
418.0
253.0
378.0
349.0
345.0
403.0
368.0
420.0
275.0
373.0
265.0
311.0
285.0
239.0
230.0
405.0
360.0
271.0
489.0
308.0
325.0
411.0
330.0
385.0
372.0
286.0
329.0
317.0
293.0
321.0
200.0
242.0
385.0
354.0
261.0
333.0
358.0
386.0
311.0
345.0
386.0
321.0
339.0
273.0
398.0
601.0
277.0
224.0
463.0
308.0
295.0
242.0
311.0
274.0
388.0
435.0
320.0
334.0
317.0
349.0
247.0
426.0
233.0
433.0
198.0
521.0
270.0
279.0
395.0
304.0
677.0
313.0
364.0
363.0
299.0
377.0
427.0
329.0
651.0
241.0
341.0
348.0
340.0
222.0
395.0
335.0
379.0
288.0
214.0
249.0
253.0
326.0
259.0
329.0
391.0
335.0
281.0
256.0
543.0
301.0
333.0
262.0
436.0
287.0
301.0
346.0
441.0
535.0
309.0
401.0
392.0
211.0
325.0
445.0
196.0
281.0
306.0
271.0
197.0
415.0
331.0
349.0
326.0
284.0
319.0
260.0
337.0
335.0
304.0
300.0
400.0
276.0
225.0
348.0
249.0
342.0
276.0
260.0
349.0
492.0
334.0
234.0
517.0
356.0
402.0
470.0
284.0
373.0
309.0
325.0
434.0
361.0
303.0
239.0
538.0
301.0
225.0
262.0
437.0
333.0
309.0
250.0
173.0
250.0
355.0
284.0
251.0
404.0
358.0
222.0
335.0
284.0
374.0
505.0
353.0
469.0
371.0
196.0
364.0
408.0
473.0
331.0
324.0
350.0
356.0
382.0
378.0
337.0
267.0
320.0
410.0
267.0
252.0
342.0
275.0
246.0
368.0
352.0
236.0
477.0
324.0
351.0
386.0
230.0
369.0
358.0
365.0
455.0
362.0
333.0
792.0
327.0
364.0
342.0
249.0
337.0
315.0
234.0
345.0
282.0
289.0
438.0
329.0
487.0
369.0
376.0
504.0
372.0
260.0
295.0
326.0
393.0
347.0
401.0
396.0
292.0
309.0
350.0
277.0
287.0
410.0
380.0
419.0
246.0
319.0
268.0
336.0
245.0
369.0
334.0
219.0
306.0
343.0
411.0
233.0
162.0
240.0
359.0
402.0
330.0
376.0
389.0
220.0
315.0
471.0
474.0
287.0
360.0
359.0
290.0
331.0
328.0
341.0
217.0
366.0
435.0
353.0
395.0
322.0
357.0
271.0
358.0
299.0
241.0
488.0
419.0
319.0
313.0
331.0
334.0
305.0
359.0
403.0
277.0
423.0
373.0
346.0
260.0
305.0
316.0
273.0
286.0
339.0
395.0
566.0
304.0
317.0
458.0
266.0
392.0
240.0
317.0
296.0
473.0
518.0
272.0
412.0
254.0
342.0
247.0
367.0
224.0
270.0
504.0
319.0
255.0
323.0
435.0
416.0
505.0
345.0
409.0
240.0
368.0
281.0
302.0
421.0
377.0
241.0
255.0
373.0
300.0
301.0
290.0
276.0
231.0
330.0
231.0
389.0
404.0
328.0
319.0
442.0
261.0
358.0
309.0
359.0
441.0
348.0
245.0
515.0
277.0
354.0
329.0
395.0
463.0
295.0
228.0
340.0
289.0
343.0
358.0
316.0
364.0
455.0
169.0
289.0
276.0
295.0
440.0
327.0
443.0
315.0
274.0
383.0
436.0
246.0
262.0
381.0
251.0
321.0
298.0
344.0
383.0
340.0
394.0
291.0
274.0
356.0
318.0
444.0
424.0
244.0
419.0
410.0
273.0
426.0
351.0
628.0
253.0
257.0
405.0
312.0
446.0
429.0
887.0
255.0
365.0
297.0
446.0
410.0
374.0
322.0
479.0
926.0
289.0
300.0
322.0
368.0
231.0
405.0
383.0
406.0
308.0
314.0
474.0
413.0
253.0
334.0
351.0
359.0
204.0
330.0
293.0
523.0
362.0
298.0
313.0
282.0
340.0
343.0
361.0
310.0
409.0
333.0
422.0
300.0
419.0
474.0
237.0
294.0
298.0
316.0
436.0
471.0
305.0
235.0
407.0
340.0
411.0
330.0
277.0
343.0
277.0
303.0
292.0
431.0
275.0
273.0
322.0
270.0
571.0
397.0
432.0
307.0
320.0
255.0
306.0
287.0
324.0
341.0
368.0
341.0
285.0
365.0
341.0
555.0
293.0
430.0
420.0
254.0
302.0
410.0
266.0
294.0
353.0
306.0
340.0
362.0
238.0
192.0
585.0
455.0
327.0
288.0
314.0
593.0
307.0
360.0
378.0
453.0
189.0
314.0
296.0
358.0
314.0
347.0
330.0
327.0
305.0
285.0
365.0
319.0
477.0
194.0
313.0
638.0
367.0
300.0
357.0
380.0
610.0
384.0
378.0
310.0
425.0
420.0
391.0
308.0
233.0
313.0
389.0
233.0
285.0
428.0
305.0
378.0
276.0
273.0
464.0
301.0
413.0
372.0
382.0
509.0
331.0
346.0
360.0
280.0
438.0
295.0
1265.0
280.0
365.0
290.0
362.0
254.0
304.0
398.0
433.0
367.0
347.0
299.0
347.0
432.0
404.0
383.0
405.0
296.0
397.0
440.0
366.0
293.0
248.0
320.0
194.0
377.0
310.0
291.0
255.0
2351.0
275.0
199.0
426.0
428.0
257.0
341.0
347.0
264.0
240.0
240.0
403.0
283.0
309.0
406.0
330.0
217.0
541.0
280.0
401.0
294.0
413.0
384.0
318.0
279.0
482.0
298.0
278.0
283.0
295.0
265.0
243.0
203.0
376.0
441.0
374.0
306.0
422.0
359.0
424.0
538.0
304.0
378.0
333.0
533.0
368.0
377.0
388.0
421.0
232.0
397.0
332.0
470.0
417.0
290.0
398.0
303.0
314.0
300.0
321.0
436.0
347.0
249.0
327.0
498.0
504.0
214.0
300.0
359.0
329.0
375.0
379.0
250.0
457.0
373.0
451.0
387.0
285.0
328.0
468.0
410.0
274.0
347.0
251.0
340.0
364.0
379.0
317.0
464.0
399.0
322.0
381.0
385.0
305.0
438.0
276.0
468.0
240.0
370.0
312.0
278.0
386.0
231.0
479.0
368.0
242.0
349.0
451.0
336.0
253.0
357.0
373.0
464.0
324.0
347.0
404.0
203.0
394.0
271.0
282.0
498.0
348.0
232.0
477.0
276.0
300.0
361.0
417.0
311.0
318.0
355.0
239.0
547.0
331.0
303.0
275.0
465.0
513.0
320.0
328.0
386.0
310.0
271.0
284.0
253.0
235.0
313.0
227.0
352.0
285.0
379.0
312.0
302.0
437.0
361.0
289.0
334.0
415.0
371.0
320.0
351.0
255.0
331.0
311.0
378.0
349.0
380.0
272.0
274.0
244.0
276.0
338.0
343.0
469.0
327.0
473.0
382.0
312.0
301.0
254.0
334.0
340.0
323.0
576.0
368.0
351.0
349.0
311.0
258.0
290.0
340.0
361.0
451.0
331.0
446.0
380.0
307.0
423.0
275.0
291.0
383.0
235.0
356.0
320.0
294.0
349.0
229.0
392.0
272.0
272.0
271.0
448.0
315.0
460.0
278.0
345.0
358.0
373.0
442.0
349.0
297.0
248.0
359.0
403.0
255.0
258.0
277.0
381.0
292.0
215.0
489.0
315.0
361.0
394.0
475.0
333.0
312.0
338.0
379.0
572.0
500.0
288.0
395.0
292.0
349.0
313.0
318.0
315.0
296.0
317.0
360.0
471.0
356.0
322.0
394.0
249.0
289.0
310.0
247.0
251.0
266.0
327.0
553.0
340.0
312.0
368.0
633.0
361.0
264.0
245.0
293.0
353.0
307.0
342.0
285.0
388.0
450.0
384.0
377.0
352.0
374.0
385.0
278.0
225.0
329.0
394.0
279.0
415.0
233.0
338.0
455.0
329.0
398.0
350.0
396.0
316.0
293.0
305.0
303.0
247.0
237.0
315.0
263.0
246.0
412.0
251.0
380.0
442.0
323.0
370.0
526.0
347.0
387.0
462.0
376.0
324.0
315.0
251.0
344.0
451.0
399.0
273.0
335.0
432.0
337.0
293.0
475.0
220.0
323.0
254.0
243.0
414.0
331.0
395.0
315.0
407.0
181.0
364.0
530.0
473.0
309.0
313.0
321.0
426.0
378.0
325.0
309.0
261.0
426.0
383.0
371.0
356.0
416.0
351.0
250.0
355.0
287.0
262.0
264.0
302.0
368.0
474.0
248.0
388.0
259.0
326.0
360.0
316.0
288.0
293.0
345.0
492.0
391.0
365.0
299.0
311.0
276.0
419.0
342.0
385.0
335.0
302.0
326.0
441.0
323.0
517.0
300.0
201.0
438.0
282.0
270.0
277.0
357.0
495.0
400.0
285.0
325.0
421.0
368.0
190.0
414.0
296.0
277.0
460.0
494.0
263.0
240.0
251.0
359.0
311.0
322.0
227.0
382.0
410.0
453.0
358.0
400.0
356.0
305.0
293.0
330.0
262.0
293.0
233.0
327.0
403.0
291.0
504.0
376.0
297.0
374.0
342.0
298.0
343.0
277.0
291.0
613.0
392.0
256.0
305.0
325.0
321.0
288.0
205.0
373.0
428.0
451.0
320.0
324.0
345.0
228.0
215.0
354.0
220.0
294.0
394.0
235.0
392.0
238.0
275.0
316.0
421.0
342.0
360.0
276.0
285.0
241.0
296.0
257.0
480.0
389.0
307.0
358.0
348.0
294.0
433.0
364.0
193.0
307.0
310.0
423.0
366.0
327.0
233.0
315.0
316.0
257.0
319.0
267.0
324.0
268.0
300.0
340.0
497.0
298.0
299.0
303.0
244.0
441.0
324.0
281.0
264.0
339.0
257.0
366.0
357.0
421.0
313.0
241.0
359.0
361.0
264.0
382.0
358.0
377.0
444.0
351.0
330.0
277.0
356.0
377.0
356.0
382.0
305.0
305.0
322.0
346.0
334.0
356.0
310.0
272.0
228.0
386.0
207.0
322.0
405.0
699.0
367.0
295.0
289.0
349.0
321.0
400.0
270.0
269.0
305.0
473.0
325.0
414.0
312.0
433.0
372.0
296.0
298.0
302.0
394.0
408.0
453.0
323.0
296.0
300.0
264.0
289.0
436.0
738.0
305.0
183.0
333.0
362.0
312.0
452.0
282.0
375.0
409.0
444.0
256.0
413.0
249.0
442.0
357.0
240.0
368.0
216.0
278.0
373.0
256.0
347.0
312.0
206.0
593.0
439.0
258.0
356.0
436.0
201.0
266.0
319.0
371.0
274.0
436.0
250.0
333.0
328.0
316.0
531.0
262.0
351.0
616.0
427.0
344.0
251.0
328.0
349.0
252.0
249.0
331.0
273.0
430.0
377.0
265.0
355.0
448.0
285.0
388.0
396.0
384.0
270.0
286.0
304.0
290.0
320.0
461.0
298.0
378.0
428.0
372.0
343.0
289.0
292.0
335.0
337.0
291.0
296.0
367.0
365.0
324.0
276.0
379.0
379.0
360.0
186.0
536.0
306.0
367.0
402.0
301.0
423.0
334.0
299.0
296.0
493.0
473.0
284.0
368.0
386.0
338.0
404.0
402.0
215.0
337.0
456.0
223.0
329.0
265.0
335.0
430.0
326.0
444.0
336.0
372.0
327.0
327.0
506.0
350.0
313.0
368.0
380.0
298.0
393.0
433.0
380.0
315.0
415.0
338.0
316.0
442.0
317.0
305.0
454.0
326.0
318.0
382.0
366.0
346.0
403.0
281.0
364.0
289.0
401.0
390.0
313.0
298.0
253.0
436.0
284.0
299.0
273.0
279.0
335.0
379.0
258.0
503.0
428.0
464.0
335.0
490.0
451.0
235.0
389.0
298.0
372.0
267.0
320.0
467.0
327.0
392.0
364.0
272.0
344.0
327.0
249.0
310.0
244.0
357.0
355.0
367.0
289.0
277.0
479.0
342.0
227.0
231.0
326.0
341.0
335.0
380.0
404.0
313.0
282.0
312.0
360.0
262.0
347.0
274.0
1052.0
339.0
427.0
243.0
565.0
343.0
270.0
268.0
406.0
327.0
432.0
276.0
227.0
390.0
282.0
329.0
297.0
325.0
447.0
381.0
238.0
496.0
384.0
448.0
435.0
446.0
416.0
335.0
325.0
299.0
324.0
332.0
406.0
349.0
324.0
341.0
314.0
422.0
307.0
388.0
370.0
376.0
277.0
312.0
213.0
331.0
293.0
340.0
342.0
383.0
364.0
242.0
333.0
239.0
399.0
493.0
377.0
363.0
313.0
372.0
511.0
319.0
246.0
458.0
349.0
387.0
425.0
355.0
511.0
293.0
368.0
306.0
344.0
307.0
329.0
258.0
357.0
383.0
418.0
388.0
432.0
261.0
295.0
301.0
359.0
276.0
287.0
367.0
331.0
343.0
409.0
231.0
291.0
289.0
371.0
356.0
302.0
282.0
319.0
376.0
329.0
333.0
200.0
285.0
556.0
422.0
318.0
445.0
403.0
286.0
294.0
373.0
388.0
430.0
337.0
482.0
321.0
243.0
451.0
294.0
282.0
366.0
404.0
573.0
279.0
339.0
384.0
290.0
277.0
256.0
365.0
399.0
533.0
328.0
317.0
329.0
256.0
209.0
397.0
259.0
347.0
412.0
365.0
330.0
357.0
338.0
329.0
359.0
276.0
403.0
358.0
251.0
387.0
375.0
259.0
265.0
418.0
535.0
284.0
375.0
402.0
339.0
398.0
400.0
322.0
344.0
434.0
282.0
286.0
392.0
374.0
257.0
291.0
463.0
458.0
410.0
301.0
391.0
438.0
257.0
289.0
413.0
254.0
307.0
280.0
354.0
350.0
510.0
300.0
337.0
368.0
361.0
385.0
304.0
282.0
308.0
504.0
283.0
328.0
311.0
348.0
290.0
315.0
283.0
369.0
364.0
448.0
253.0
210.0
286.0
346.0
326.0
312.0
452.0
268.0
423.0
393.0
384.0
411.0
316.0
349.0
379.0
324.0
315.0
355.0
293.0
254.0
311.0
330.0
353.0
350.0
369.0
386.0
340.0
554.0
414.0
222.0
293.0
326.0
326.0
301.0
542.0
284.0
309.0
334.0
324.0
294.0
292.0
470.0
356.0
345.0
438.0
385.0
286.0
347.0
263.0
344.0
275.0
656.0
323.0
464.0
491.0
306.0
338.0
309.0
375.0
212.0
202.0
436.0
366.0
385.0
328.0
338.0
424.0
276.0
354.0
247.0
327.0
419.0
304.0
381.0
439.0
436.0
300.0
308.0
572.0
257.0
282.0
232.0
420.0
532.0
639.0
267.0
379.0
317.0
397.0
361.0
269.0
301.0
358.0
499.0
339.0
351.0
323.0
260.0
283.0
381.0
325.0
378.0
712.0
332.0
340.0
264.0
346.0
349.0
304.0
397.0
326.0
448.0
307.0
339.0
290.0
267.0
396.0
583.0
438.0
377.0
312.0
233.0
308.0
220.0
325.0
330.0
412.0
260.0
280.0
421.0
514.0
292.0
377.0
358.0
304.0
357.0
321.0
211.0
328.0
267.0
304.0
318.0
370.0
410.0
322.0
326.0
288.0
360.0
294.0
328.0
384.0
294.0
385.0
321.0
379.0
410.0
294.0
263.0
391.0
249.0
369.0
460.0
301.0
297.0
392.0
476.0
293.0
419.0
320.0
329.0
241.0
296.0
272.0
356.0
377.0
358.0
451.0
383.0
372.0
298.0
521.0
330.0
481.0
447.0
379.0
367.0
392.0
190.0
276.0
300.0
374.0
346.0
280.0
389.0
277.0
445.0
402.0
343.0
323.0
340.0
425.0
262.0
313.0
300.0
333.0
383.0
277.0
384.0
298.0
252.0
298.0
301.0
463.0
324.0
286.0
354.0
180.0
420.0
329.0
286.0
347.0
337.0
345.0
309.0
455.0
284.0
265.0
376.0
272.0
483.0
447.0
413.0
327.0
251.0
371.0
292.0
410.0
252.0
309.0
374.0
345.0
306.0
249.0
298.0
473.0
269.0
347.0
328.0
285.0
259.0
362.0
305.0
508.0
336.0
383.0
270.0
564.0
410.0
245.0
456.0
311.0
316.0
412.0
434.0
420.0
309.0
532.0
455.0
276.0
346.0
177.0
248.0
328.0
404.0
305.0
232.0
286.0
448.0
376.0
374.0
343.0
267.0
547.0
342.0
378.0
287.0
402.0
269.0
458.0
526.0
234.0
276.0
267.0
433.0
487.0
365.0
430.0
327.0
281.0
451.0
471.0
328.0
324.0
372.0
464.0
350.0
344.0
345.0
371.0
430.0
269.0
308.0
288.0
293.0
325.0
365.0
339.0
326.0
273.0
305.0
309.0
411.0
256.0
422.0
416.0
350.0
359.0
349.0
291.0
373.0
345.0
395.0
371.0
455.0
391.0
311.0
429.0
272.0
411.0
422.0
295.0
462.0
382.0
297.0
298.0
329.0
321.0
382.0
397.0
369.0
307.0
253.0
329.0
279.0
312.0
423.0
263.0
328.0
244.0
392.0
385.0
372.0
648.0
224.0
191.0
271.0
349.0
296.0
395.0
261.0
325.0
371.0
425.0
301.0
336.0
287.0
455.0
337.0
498.0
270.0
386.0
278.0
397.0
341.0
369.0
296.0
386.0
270.0
351.0
307.0
352.0
369.0
324.0
349.0
450.0
436.0
439.0
213.0
265.0
241.0
321.0
270.0
313.0
329.0
510.0
462.0
462.0
408.0
256.0
334.0
275.0
433.0
308.0
377.0
288.0
328.0
371.0
339.0
351.0
218.0
362.0
262.0
369.0
210.0
402.0
351.0
427.0
213.0
300.0
292.0
419.0
433.0
256.0
379.0
299.0
268.0
343.0
404.0
343.0
375.0
336.0
372.0
445.0
330.0
293.0
347.0
234.0
351.0
231.0
335.0
280.0
292.0
350.0
302.0
299.0
343.0
381.0
356.0
302.0
359.0
572.0
489.0
394.0
392.0
389.0
414.0
403.0
336.0
295.0
244.0
252.0
278.0
292.0
359.0
485.0
398.0
259.0
363.0
280.0
310.0
311.0
437.0
290.0
220.0
246.0
314.0
340.0
362.0
263.0
282.0
393.0
276.0
333.0
298.0
286.0
292.0
324.0
464.0
419.0
387.0
303.0
312.0
338.0
329.0
437.0
266.0
220.0
295.0
418.0
373.0
353.0
263.0
287.0
335.0
253.0
291.0
295.0
417.0
359.0
307.0
257.0
241.0
237.0
239.0
340.0
380.0
374.0
394.0
429.0
302.0
262.0
189.0
484.0
496.0
304.0
307.0
383.0
300.0
415.0
301.0
299.0
841.0
307.0
315.0
429.0
309.0
391.0
425.0
303.0
281.0
734.0
454.0
392.0
332.0
289.0
488.0
265.0
429.0
252.0
333.0
313.0
314.0
546.0
322.0
350.0
346.0
255.0
488.0
315.0
252.0
357.0
553.0
238.0
362.0
318.0
286.0
328.0
342.0
320.0
486.0
367.0
374.0
347.0
317.0
316.0
425.0
395.0
244.0
326.0
285.0
458.0
398.0
343.0
226.0
428.0
359.0
341.0
366.0
348.0
306.0
471.0
588.0
327.0
347.0
377.0
393.0
225.0
601.0
352.0
254.0
251.0
416.0
223.0
274.0
302.0
261.0
495.0
261.0
422.0
386.0
341.0
217.0
266.0
204.0
309.0
351.0
393.0
327.0
187.0
228.0
341.0
345.0
213.0
290.0
333.0
259.0
407.0
359.0
452.0
216.0
424.0
317.0
305.0
305.0
323.0
280.0
417.0
331.0
265.0
351.0
452.0
316.0
320.0
295.0
320.0
360.0
277.0
319.0
285.0
380.0
412.0
285.0
406.0
413.0
301.0
453.0
360.0
309.0
333.0
290.0
288.0
305.0
486.0
343.0
403.0
376.0
247.0
395.0
335.0
315.0
411.0
437.0
340.0
409.0
466.0
457.0
362.0
377.0
362.0
424.0
416.0
214.0
333.0
301.0
330.0
293.0
263.0
287.0
391.0
320.0
373.0
316.0
477.0
303.0
362.0
245.0
337.0
292.0
322.0
311.0
261.0
239.0
361.0
315.0
364.0
375.0
388.0
386.0
330.0
349.0
374.0
432.0
335.0
337.0
284.0
312.0
378.0
195.0
297.0
381.0
354.0
327.0
327.0
226.0
386.0
322.0
454.0
235.0
302.0
215.0
432.0
345.0
434.0
357.0
328.0
605.0
445.0
354.0
260.0
272.0
300.0
202.0
460.0
315.0
454.0
314.0
283.0
289.0
311.0
332.0
343.0
341.0
282.0
259.0
193.0
289.0
354.0
298.0
217.0
278.0
341.0
359.0
377.0
267.0
316.0
331.0
552.0
328.0
311.0
277.0
297.0
300.0
279.0
357.0
334.0
386.0
388.0
408.0
536.0
280.0
326.0
448.0
307.0
346.0
272.0
478.0
347.0
319.0
331.0
348.0
330.0
357.0
258.0
239.0
344.0
362.0
396.0
254.0
288.0
409.0
362.0
339.0
349.0
413.0
350.0
352.0
367.0
475.0
243.0
420.0
648.0
499.0
330.0
388.0
421.0
318.0
233.0
267.0
321.0
281.0
401.0
290.0
294.0
309.0
399.0
372.0
372.0
463.0
200.0
370.0
401.0
313.0
383.0
439.0
342.0
219.0
313.0
337.0
439.0
386.0
365.0
304.0
304.0
284.0
299.0
344.0
319.0
375.0
394.0
323.0
365.0
387.0
271.0
342.0
371.0
251.0
347.0
244.0
351.0
388.0
325.0
307.0
303.0
290.0
355.0
384.0
300.0
302.0
339.0
319.0
511.0
407.0
284.0
373.0
311.0
379.0
483.0
284.0
340.0
374.0
225.0
479.0
425.0
383.0
365.0
256.0
507.0
350.0
350.0
239.0
434.0
516.0
231.0
338.0
232.0
369.0
387.0
344.0
199.0
517.0
308.0
591.0
238.0
384.0
329.0
417.0
351.0
273.0
299.0
460.0
330.0
370.0
269.0
326.0
389.0
375.0
333.0
286.0
600.0
404.0
322.0
408.0
313.0
401.0
346.0
298.0
429.0
352.0
315.0
416.0
364.0
477.0
361.0
408.0
343.0
346.0
313.0
355.0
262.0
434.0
393.0
305.0
308.0
339.0
342.0
297.0
375.0
429.0
339.0
488.0
317.0
439.0
266.0
387.0
325.0
255.0
421.0
546.0
469.0
320.0
179.0
294.0
368.0
365.0
295.0
266.0
382.0
313.0
332.0
286.0
296.0
286.0
373.0
264.0
525.0
304.0
320.0
377.0
294.0
309.0
413.0
377.0
304.0
374.0
321.0
408.0
274.0
264.0
323.0
376.0
283.0
320.0
367.0
367.0
317.0
481.0
319.0
365.0
300.0
285.0
350.0
238.0
309.0
322.0
538.0
313.0
218.0
326.0
305.0
415.0
427.0
361.0
371.0
341.0
352.0
290.0
267.0
507.0
324.0
346.0
275.0
505.0
428.0
338.0
461.0
299.0
316.0
478.0
330.0
321.0
312.0
415.0
382.0
450.0
364.0
264.0
473.0
356.0
389.0
454.0
266.0
516.0
400.0
343.0
374.0
261.0
291.0
363.0
299.0
224.0
224.0
352.0
340.0
439.0
375.0
382.0
297.0
318.0
246.0
350.0
303.0
373.0
399.0
351.0
316.0
236.0
482.0
332.0
370.0
245.0
330.0
336.0
391.0
320.0
334.0
256.0
446.0
456.0
297.0
372.0
317.0
277.0
373.0
386.0
356.0
390.0
344.0
378.0
323.0
278.0
388.0
292.0
462.0
320.0
305.0
349.0
436.0
374.0
385.0
257.0
265.0
407.0
318.0
262.0
356.0
318.0
269.0
559.0
503.0
298.0
332.0
338.0
376.0
437.0
284.0
358.0
315.0
256.0
274.0
379.0
397.0
455.0
482.0
294.0
318.0
463.0
372.0
326.0
330.0
351.0
371.0
282.0
324.0
317.0
478.0
344.0
428.0
423.0
364.0
321.0
494.0
359.0
340.0
304.0
328.0
317.0
363.0
318.0
418.0
258.0
293.0
399.0
348.0
351.0
300.0
325.0
353.0
320.0
247.0
327.0
481.0
392.0
324.0
266.0
309.0
300.0
294.0
383.0
478.0
319.0
309.0
292.0
539.0
255.0
453.0
245.0
494.0
308.0
298.0
547.0
359.0
341.0
323.0
229.0
344.0
600.0
281.0
332.0
262.0
395.0
278.0
304.0
413.0
355.0
413.0
317.0
437.0
236.0
321.0
491.0
273.0
332.0
314.0
425.0
221.0
459.0
289.0
325.0
349.0
389.0
233.0
304.0
459.0
269.0
328.0
353.0
377.0
354.0
349.0
306.0
236.0
425.0
237.0
386.0
398.0
308.0
330.0
282.0
325.0
399.0
256.0
379.0
339.0
487.0
433.0
308.0
258.0
350.0
477.0
311.0
503.0
358.0
434.0
208.0
393.0
358.0
392.0
252.0
320.0
371.0
259.0
269.0
344.0
350.0
351.0
444.0
282.0
483.0
382.0
350.0
207.0
294.0
267.0
318.0
419.0
283.0
325.0
312.0
342.0
465.0
420.0
280.0
252.0
353.0
327.0
315.0
492.0
280.0
316.0
334.0
435.0
277.0
277.0
505.0
432.0
375.0
344.0
300.0
352.0
490.0
426.0
365.0
458.0
419.0
392.0
244.0
310.0
334.0
396.0
308.0
343.0
455.0
302.0
250.0
327.0
379.0
374.0
443.0
319.0
326.0
296.0
265.0
333.0
324.0
295.0
305.0
316.0
380.0
412.0
314.0
388.0
605.0
419.0
243.0
437.0
270.0
407.0
349.0
317.0
276.0
300.0
322.0
280.0
382.0
280.0
420.0
249.0
328.0
464.0
298.0
346.0
308.0
268.0
401.0
374.0
418.0
316.0
275.0
348.0
354.0
430.0
407.0
332.0
396.0
316.0
359.0
276.0
297.0
297.0
291.0
416.0
477.0
283.0
247.0
341.0
435.0
337.0
376.0
409.0
313.0
426.0
445.0
337.0
297.0
401.0
314.0
322.0
438.0
419.0
258.0
294.0
451.0
262.0
430.0
431.0
388.0
420.0
372.0
342.0
314.0
279.0
301.0
326.0
305.0
321.0
328.0
361.0
327.0
228.0
297.0
322.0
580.0
311.0
312.0
390.0
279.0
358.0
322.0
471.0
321.0
296.0
312.0
612.0
320.0
430.0
260.0
442.0
435.0
289.0
237.0
324.0
429.0
468.0
261.0
401.0
383.0
338.0
386.0
327.0
309.0
304.0
382.0
221.0
370.0
341.0
543.0
341.0
226.0
259.0
299.0
238.0
338.0
274.0
439.0
357.0
286.0
326.0
326.0
269.0
529.0
551.0
241.0
451.0
358.0
275.0
295.0
259.0
334.0
374.0
287.0
391.0
267.0
310.0
265.0
327.0
310.0
293.0
296.0
376.0
230.0
269.0
327.0
393.0
372.0
281.0
398.0
372.0
347.0
237.0
393.0
364.0
353.0
428.0
236.0
352.0
330.0
395.0
271.0
627.0
328.0
345.0
265.0
243.0
358.0
259.0
331.0
284.0
315.0
343.0
316.0
275.0
412.0
345.0
252.0
293.0
376.0
392.0
319.0
372.0
424.0
235.0
314.0
331.0
421.0
348.0
476.0
417.0
562.0
276.0
382.0
273.0
249.0
326.0
316.0
347.0
383.0
309.0
446.0
431.0
333.0
268.0
278.0
303.0
345.0
397.0
329.0
489.0
288.0
310.0
334.0
477.0
437.0
364.0
517.0
216.0
350.0
350.0
307.0
292.0
433.0
299.0
337.0
262.0
340.0
334.0
316.0
336.0
325.0
228.0
251.0
456.0
428.0
328.0
369.0
395.0
382.0
405.0
406.0
379.0
267.0
437.0
333.0
405.0
258.0
322.0
221.0
259.0
276.0
337.0
477.0
272.0
389.0
281.0
334.0
315.0
317.0
298.0
303.0
293.0
479.0
413.0
274.0
369.0
347.0
271.0
259.0
321.0
371.0
292.0
351.0
295.0
222.0
344.0
346.0
339.0
349.0
284.0
334.0
514.0
313.0
362.0
319.0
326.0
328.0
278.0
375.0
335.0
226.0
328.0
388.0
295.0
327.0
301.0
387.0
247.0
303.0
295.0
390.0
387.0
347.0
358.0
288.0
307.0
333.0
291.0
352.0
283.0
218.0
451.0
446.0
342.0
246.0
305.0
292.0
324.0
315.0
384.0
298.0
278.0
433.0
324.0
353.0
340.0
322.0
349.0
323.0
352.0
406.0
282.0
342.0
260.0
423.0
422.0
380.0
327.0
484.0
364.0
399.0
413.0
286.0
336.0
297.0
338.0
283.0
316.0
391.0
302.0
271.0
286.0
217.0
236.0
256.0
454.0
335.0
287.0
331.0
282.0
348.0
419.0
331.0
252.0
384.0
384.0
282.0
351.0
359.0
218.0
296.0
318.0
341.0
334.0
459.0
327.0
373.0
285.0
482.0
356.0
440.0
285.0
395.0
367.0
320.0
312.0
331.0
405.0
357.0
401.0
279.0
288.0
401.0
367.0
393.0
343.0
282.0
264.0
368.0
314.0
254.0
288.0
279.0
416.0
420.0
316.0
358.0
312.0
298.0
319.0
200.0
304.0
348.0
253.0
304.0
433.0
276.0
406.0
295.0
387.0
254.0
322.0
427.0
413.0
389.0
299.0
469.0
255.0
352.0
349.0
274.0
568.0
494.0
237.0
296.0
255.0
370.0
482.0
430.0
355.0
311.0
246.0
423.0
308.0
340.0
393.0
326.0
368.0
277.0
277.0
409.0
303.0
356.0
406.0
229.0
326.0
429.0
282.0
271.0
283.0
356.0
299.0
350.0
282.0
252.0
387.0
470.0
363.0
334.0
344.0
211.0
441.0
379.0
451.0
404.0
351.0
305.0
368.0
347.0
476.0
388.0
374.0
446.0
449.0
361.0
282.0
397.0
340.0
295.0
388.0
259.0
506.0
357.0
374.0
338.0
444.0
359.0
306.0
299.0
295.0
342.0
213.0
333.0
322.0
325.0
306.0
473.0
515.0
324.0
260.0
346.0
256.0
479.0
362.0
368.0
352.0
245.0
378.0
391.0
421.0
404.0
414.0
418.0
285.0
307.0
266.0
317.0
353.0
515.0
315.0
257.0
366.0
315.0
255.0
374.0
507.0
399.0
292.0
267.0
379.0
364.0
331.0
348.0
280.0
326.0
396.0
370.0
532.0
431.0
441.0
273.0
284.0
309.0
284.0
363.0
323.0
283.0
373.0
340.0
347.0
292.0
293.0
263.0
284.0
338.0
338.0
443.0
461.0
475.0
331.0
316.0
318.0
394.0
353.0
321.0
244.0
460.0
243.0
422.0
407.0
314.0
373.0
335.0
398.0
396.0
316.0
365.0
445.0
451.0
473.0
276.0
412.0
262.0
542.0
419.0
368.0
341.0
301.0
372.0
254.0
512.0
356.0
383.0
268.0
311.0
372.0
343.0
317.0
309.0
374.0
318.0
398.0
279.0
340.0
253.0
358.0
462.0
386.0
353.0
284.0
226.0
333.0
332.0
316.0
472.0
355.0
182.0
347.0
496.0
300.0
309.0
454.0
339.0
301.0
313.0
301.0
299.0
361.0
285.0
399.0
212.0
364.0
323.0
438.0
535.0
285.0
331.0
343.0
277.0
258.0
457.0
333.0
349.0
431.0
460.0
349.0
533.0
359.0
410.0
284.0
335.0
268.0
284.0
328.0
406.0
356.0
267.0
447.0
384.0
351.0
394.0
440.0
286.0
261.0
521.0
443.0
332.0
358.0
419.0
378.0
353.0
379.0
358.0
477.0
334.0
440.0
330.0
355.0
331.0
306.0
329.0
311.0
370.0
416.0
352.0
351.0
444.0
251.0
422.0
291.0
344.0
295.0
378.0
398.0
292.0
240.0
467.0
349.0
354.0
362.0
374.0
280.0
312.0
372.0
365.0
287.0
354.0
237.0
348.0
285.0
398.0
379.0
442.0
202.0
272.0
328.0
396.0
365.0
380.0
379.0
221.0
193.0
324.0
489.0
298.0
434.0
317.0
346.0
358.0
341.0
424.0
250.0
286.0
377.0
272.0
296.0
308.0
452.0
390.0
416.0
423.0
374.0
235.0
188.0
340.0
403.0
277.0
418.0
513.0
290.0
350.0
357.0
486.0
267.0
375.0
382.0
239.0
272.0
369.0
382.0
326.0
258.0
307.0
555.0
312.0
346.0
430.0
385.0
488.0
350.0
447.0
539.0
332.0
406.0
358.0
282.0
307.0
324.0
407.0
399.0
390.0
484.0
490.0
541.0
268.0
310.0
409.0
361.0
351.0
413.0
415.0
340.0
411.0
287.0
376.0
316.0
321.0
316.0
282.0
283.0
352.0
287.0
385.0
300.0
290.0
294.0
341.0
259.0
458.0
205.0
352.0
330.0
417.0
346.0
562.0
186.0
271.0
291.0
332.0
300.0
292.0
395.0
447.0
339.0
276.0
296.0
284.0
395.0
330.0
269.0
341.0
373.0
253.0
456.0
355.0
443.0
320.0
303.0
324.0
430.0
418.0
468.0
406.0
306.0
321.0
260.0
481.0
245.0
326.0
312.0
458.0
336.0
414.0
240.0
505.0
394.0
387.0
390.0
251.0
283.0
410.0
590.0
291.0
334.0
346.0
393.0
355.0
299.0
260.0
303.0
319.0
310.0
374.0
414.0
315.0
390.0
372.0
385.0
263.0
367.0
237.0
328.0
337.0
344.0
418.0
335.0
338.0
305.0
267.0
249.0
317.0
415.0
260.0
386.0
227.0
344.0
276.0
404.0
332.0
341.0
502.0
208.0
326.0
392.0
311.0
332.0
287.0
322.0
303.0
333.0
315.0
378.0
504.0
322.0
315.0
341.0
425.0
398.0
340.0
297.0
418.0
369.0
339.0
343.0
243.0
380.0
511.0
274.0
356.0
467.0
277.0
223.0
310.0
324.0
348.0
376.0
319.0
492.0
160.0
334.0
307.0
318.0
298.0
404.0
437.0
426.0
318.0
470.0
275.0
327.0
206.0
395.0
340.0
365.0
439.0
411.0
372.0
385.0
368.0
403.0
325.0
275.0
304.0
349.0
260.0
335.0
312.0
230.0
355.0
378.0
198.0
445.0
359.0
360.0
343.0
264.0
320.0
426.0
319.0
239.0
398.0
295.0
381.0
391.0
308.0
337.0
392.0
247.0
376.0
472.0
354.0
387.0
254.0
388.0
351.0
384.0
249.0
424.0
315.0
281.0
302.0
338.0
321.0
321.0
325.0
327.0
390.0
381.0
315.0
269.0
373.0
333.0
288.0
234.0
264.0
578.0
424.0
361.0
336.0
313.0
331.0
319.0
428.0
410.0
301.0
444.0
312.0
318.0
404.0
407.0
277.0
398.0
288.0
374.0
297.0
379.0
324.0
296.0
309.0
379.0
267.0
419.0
209.0
339.0
330.0
311.0
261.0
327.0
373.0
369.0
344.0
396.0
287.0
298.0
270.0
315.0
300.0
465.0
666.0
486.0
450.0
474.0
508.0
249.0
285.0
358.0
307.0
347.0
463.0
617.0
428.0
682.0
381.0
352.0
223.0
301.0
205.0
340.0
234.0
292.0
271.0
397.0
344.0
424.0
323.0
516.0
284.0
372.0
373.0
261.0
356.0
266.0
277.0
299.0
318.0
257.0
365.0
479.0
372.0
268.0
254.0
324.0
295.0
285.0
435.0
458.0
252.0
325.0
358.0
302.0
389.0
347.0
544.0
258.0
369.0
320.0
339.0
353.0
436.0
272.0
248.0
439.0
306.0
327.0
226.0
291.0
289.0
293.0
468.0
260.0
301.0
317.0
330.0
328.0
491.0
319.0
275.0
268.0
393.0
490.0
434.0
358.0
365.0
344.0
320.0
369.0
286.0
346.0
330.0
341.0
334.0
469.0
211.0
542.0
311.0
301.0
435.0
261.0
298.0
424.0
377.0
270.0
282.0
320.0
362.0
365.0
333.0
404.0
277.0
647.0
402.0
244.0
470.0
451.0
339.0
377.0
281.0
276.0
349.0
441.0
545.0
366.0
312.0
331.0
262.0
310.0
327.0
357.0
278.0
390.0
391.0
291.0
400.0
261.0
296.0
390.0
278.0
353.0
279.0
219.0
284.0
288.0
275.0
395.0
420.0
382.0
416.0
273.0
374.0
329.0
315.0
357.0
337.0
305.0
540.0
274.0
370.0
340.0
278.0
326.0
315.0
260.0
328.0
442.0
263.0
346.0
421.0
283.0
269.0
219.0
207.0
337.0
243.0
387.0
340.0
352.0
342.0
437.0
239.0
415.0
315.0
422.0
396.0
380.0
400.0
410.0
264.0
349.0
325.0
290.0
454.0
275.0
384.0
273.0
253.0
479.0
352.0
344.0
276.0
264.0
420.0
335.0
338.0
328.0
319.0
298.0
290.0
356.0
292.0
395.0
391.0
424.0
318.0
348.0
554.0
339.0
218.0
474.0
284.0
275.0
322.0
443.0
328.0
481.0
272.0
289.0
335.0
320.0
389.0
345.0
334.0
385.0
350.0
375.0
306.0
426.0
430.0
277.0
296.0
251.0
468.0
356.0
273.0
307.0
298.0
356.0
347.0
264.0
403.0
268.0
396.0
254.0
415.0
258.0
333.0
378.0
235.0
451.0
446.0
326.0
379.0
396.0
465.0
310.0
356.0
462.0
267.0
403.0
328.0
389.0
313.0
428.0
303.0
309.0
337.0
321.0
263.0
328.0
399.0
339.0
309.0
391.0
404.0
324.0
302.0
534.0
376.0
367.0
327.0
204.0
336.0
383.0
293.0
374.0
329.0
380.0
412.0
321.0
399.0
338.0
248.0
384.0
332.0
269.0
368.0
332.0
454.0
437.0
500.0
276.0
274.0
342.0
274.0
346.0
415.0
420.0
383.0
310.0
448.0
316.0
256.0
348.0
317.0
256.0
404.0
461.0
440.0
369.0
469.0
342.0
356.0
313.0
353.0
424.0
167.0
305.0
227.0
409.0
293.0
282.0
301.0
389.0
427.0
388.0
287.0
296.0
286.0
367.0
247.0
513.0
264.0
343.0
325.0
349.0
265.0
376.0
377.0
431.0
511.0
404.0
359.0
423.0
496.0
327.0
308.0
277.0
411.0
418.0
312.0
385.0
235.0
271.0
356.0
393.0
300.0
334.0
314.0
305.0
233.0
391.0
295.0
365.0
294.0
333.0
332.0
398.0
390.0
233.0
268.0
233.0
396.0
341.0
365.0
285.0
456.0
421.0
445.0
336.0
398.0
347.0
269.0
255.0
352.0
289.0
423.0
477.0
399.0
275.0
459.0
342.0
316.0
300.0
322.0
326.0
316.0
278.0
356.0
322.0
482.0
364.0
279.0
438.0
403.0
283.0
421.0
272.0
340.0
241.0
342.0
511.0
232.0
374.0
456.0
353.0
360.0
304.0
345.0
354.0
301.0
294.0
263.0
289.0
400.0
379.0
329.0
365.0
325.0
488.0
342.0
367.0
388.0
386.0
324.0
401.0
255.0
289.0
201.0
403.0
281.0
408.0
304.0
307.0
311.0
600.0
407.0
361.0
306.0
240.0
281.0
259.0
405.0
316.0
243.0
354.0
216.0
289.0
504.0
410.0
305.0
347.0
350.0
348.0
433.0
282.0
321.0
388.0
433.0
318.0
452.0
217.0
188.0
336.0
425.0
470.0
302.0
603.0
377.0
284.0
363.0
365.0
337.0
564.0
407.0
313.0
283.0
327.0
371.0
338.0
415.0
262.0
438.0
339.0
367.0
437.0
238.0
403.0
374.0
346.0
355.0
453.0
269.0
425.0
296.0
283.0
389.0
356.0
235.0
342.0
347.0
209.0
382.0
378.0
478.0
201.0
377.0
271.0
368.0
405.0
301.0
341.0
486.0
187.0
375.0
174.0
312.0
481.0
508.0
462.0
363.0
218.0
351.0
395.0
235.0
314.0
307.0
356.0
454.0
567.0
396.0
256.0
360.0
256.0
410.0
414.0
416.0
481.0
283.0
235.0
297.0
362.0
446.0
317.0
320.0
520.0
340.0
276.0
245.0
361.0
294.0
416.0
346.0
359.0
499.0
485.0
341.0
674.0
255.0
324.0
346.0
338.0
567.0
432.0
388.0
299.0
459.0
305.0
419.0
336.0
367.0
322.0
377.0
416.0
633.0
409.0
314.0
488.0
340.0
385.0
277.0
327.0
264.0
245.0
290.0
362.0
409.0
298.0
264.0
370.0
314.0
273.0
304.0
315.0
267.0
263.0
311.0
272.0
346.0
372.0
295.0
400.0
261.0
326.0
332.0
395.0
342.0
493.0
455.0
267.0
277.0
338.0
582.0
259.0
378.0
269.0
350.0
228.0
266.0
344.0
243.0
374.0
314.0
1024.0
422.0
475.0
325.0
352.0
276.0
318.0
257.0
345.0
243.0
390.0
213.0
234.0
424.0
240.0
543.0
485.0
436.0
381.0
370.0
450.0
458.0
225.0
326.0
318.0
300.0
366.0
461.0
449.0
384.0
294.0
322.0
417.0
331.0
307.0
322.0
485.0
299.0
478.0
362.0
321.0
492.0
318.0
237.0
363.0
381.0
346.0
437.0
363.0
354.0
305.0
358.0
373.0
317.0
378.0
509.0
344.0
331.0
296.0
393.0
365.0
284.0
246.0
344.0
315.0
341.0
299.0
449.0
388.0
242.0
259.0
310.0
211.0
375.0
286.0
405.0
268.0
182.0
342.0
252.0
351.0
362.0
426.0
361.0
379.0
295.0
412.0
385.0
331.0
278.0
372.0
353.0
353.0
239.0
258.0
328.0
395.0
361.0
257.0
255.0
355.0
382.0
388.0
583.0
282.0
350.0
293.0
334.0
330.0
283.0
344.0
308.0
424.0
363.0
371.0
313.0
324.0
388.0
483.0
271.0
301.0
460.0
268.0
347.0
403.0
300.0
280.0
387.0
236.0
563.0
424.0
387.0
214.0
337.0
365.0
338.0
438.0
437.0
440.0
383.0
432.0
339.0
284.0
679.0
323.0
340.0
371.0
334.0
249.0
415.0
235.0
238.0
299.0
328.0
296.0
274.0
408.0
364.0
309.0
257.0
361.0
350.0
286.0
313.0
365.0
439.0
191.0
307.0
259.0
299.0
401.0
197.0
306.0
251.0
293.0
296.0
255.0
337.0
282.0
296.0
385.0
286.0
395.0
291.0
402.0
481.0
266.0
408.0
402.0
330.0
319.0
563.0
228.0
349.0
284.0
418.0
534.0
272.0
279.0
467.0
438.0
266.0
303.0
465.0
240.0
345.0
349.0
350.0
322.0
419.0
397.0
370.0
254.0
345.0
348.0
355.0
354.0
425.0
316.0
314.0
359.0
277.0
304.0
326.0
327.0
355.0
363.0
304.0
373.0
221.0
512.0
529.0
341.0
338.0
331.0
356.0
225.0
467.0
256.0
370.0
325.0
371.0
454.0
351.0
302.0
322.0
342.0
221.0
398.0
266.0
254.0
341.0
385.0
330.0
349.0
181.0
250.0
316.0
378.0
332.0
459.0
412.0
315.0
325.0
502.0
435.0
305.0
334.0
360.0
365.0
211.0
390.0
416.0
416.0
461.0
265.0
351.0
386.0
428.0
328.0
310.0
459.0
360.0
261.0
321.0
332.0
200.0
381.0
257.0
352.0
268.0
412.0
296.0
373.0
409.0
330.0
390.0
478.0
418.0
419.0
313.0
432.0
430.0
409.0
370.0
254.0
316.0
363.0
358.0
317.0
320.0
358.0
250.0
379.0
301.0
356.0
339.0
245.0
460.0
313.0
498.0
359.0
465.0
261.0
322.0
338.0
420.0
256.0
325.0
398.0
581.0
273.0
342.0
344.0
453.0
364.0
350.0
269.0
249.0
386.0
245.0
300.0
487.0
275.0
373.0
990.0
303.0
474.0
320.0
345.0
543.0
358.0
298.0
297.0
275.0
329.0
304.0
308.0
330.0
333.0
352.0
439.0
311.0
325.0
312.0
304.0
458.0
463.0
260.0
296.0
339.0
424.0
308.0
260.0
278.0
404.0
584.0
317.0
417.0
347.0
255.0
398.0
229.0
351.0
283.0
244.0
334.0
291.0
310.0
267.0
255.0
302.0
835.0
377.0
397.0
241.0
467.0
325.0
312.0
378.0
350.0
401.0
386.0
343.0
347.0
292.0
311.0
350.0
280.0
291.0
349.0
247.0
320.0
342.0
317.0
410.0
535.0
398.0
264.0
301.0
434.0
507.0
328.0
304.0
340.0
293.0
400.0
301.0
330.0
332.0
245.0
294.0
357.0
360.0
415.0
273.0
248.0
256.0
203.0
503.0
359.0
278.0
352.0
347.0
380.0
359.0
364.0
403.0
399.0
353.0
320.0
308.0
320.0
319.0
328.0
350.0
496.0
482.0
271.0
303.0
298.0
284.0
475.0
440.0
379.0
298.0
323.0
493.0
431.0
228.0
315.0
285.0
233.0
507.0
226.0
387.0
281.0
353.0
233.0
558.0
405.0
239.0
298.0
359.0
306.0
254.0
179.0
306.0
381.0
332.0
468.0
316.0
392.0
311.0
240.0
389.0
318.0
471.0
357.0
311.0
501.0
344.0
221.0
309.0
403.0
364.0
333.0
417.0
281.0
324.0
295.0
313.0
401.0
315.0
346.0
408.0
426.0
327.0
344.0
382.0
327.0
254.0
286.0
342.0
269.0
363.0
359.0
490.0
285.0
295.0
407.0
282.0
272.0
321.0
349.0
352.0
404.0
377.0
284.0
472.0
528.0
347.0
358.0
358.0
362.0
306.0
371.0
255.0
301.0
310.0
230.0
377.0
281.0
307.0
312.0
422.0
410.0
322.0
327.0
320.0
399.0
418.0
305.0
281.0
275.0
296.0
272.0
245.0
362.0
300.0
270.0
384.0
273.0
370.0
263.0
262.0
324.0
463.0
239.0
346.0
321.0
260.0
223.0
324.0
513.0
274.0
289.0
314.0
263.0
249.0
359.0
339.0
464.0
240.0
352.0
305.0
315.0
292.0
400.0
251.0
342.0
618.0
373.0
467.0
271.0
326.0
349.0
363.0
385.0
464.0
337.0
419.0
326.0
314.0
435.0
311.0
340.0
381.0
373.0
380.0
360.0
295.0
355.0
450.0
291.0
397.0
465.0
389.0
324.0
239.0
499.0
373.0
290.0
342.0
321.0
261.0
274.0
384.0
281.0
338.0
372.0
373.0
450.0
424.0
298.0
319.0
291.0
491.0
320.0
322.0
381.0
379.0
267.0
345.0
280.0
297.0
277.0
380.0
382.0
311.0
371.0
282.0
369.0
336.0
310.0
336.0
527.0
239.0
319.0
226.0
392.0
364.0
598.0
274.0
413.0
383.0
286.0
391.0
351.0
347.0
291.0
293.0
192.0
280.0
398.0
551.0
408.0
310.0
316.0
424.0
303.0
362.0
356.0
321.0
397.0
348.0
310.0
305.0
362.0
505.0
346.0
255.0
279.0
303.0
311.0
329.0
258.0
240.0
296.0
290.0
308.0
425.0
306.0
224.0
417.0
349.0
409.0
462.0
386.0
512.0
267.0
220.0
311.0
532.0
345.0
359.0
432.0
342.0
423.0
430.0
259.0
374.0
258.0
247.0
373.0
239.0
414.0
299.0
438.0
283.0
337.0
294.0
296.0
217.0
327.0
453.0
310.0
358.0
318.0
329.0
363.0
396.0
433.0
492.0
292.0
533.0
332.0
329.0
264.0
243.0
282.0
357.0
399.0
303.0
377.0
288.0
677.0
348.0
329.0
238.0
256.0
363.0
323.0
324.0
296.0
353.0
320.0
372.0
403.0
269.0
321.0
219.0
429.0
457.0
258.0
339.0
325.0
269.0
380.0
291.0
308.0
342.0
353.0
311.0
341.0
235.0
300.0
273.0
397.0
262.0
403.0
272.0
524.0
316.0
299.0
265.0
282.0
380.0
239.0
298.0
333.0
341.0
339.0
279.0
363.0
348.0
419.0
409.0
303.0
303.0
368.0
384.0
254.0
507.0
264.0
408.0
467.0
367.0
387.0
336.0
491.0
956.0
541.0
179.0
380.0
362.0
394.0
523.0
355.0
283.0
397.0
239.0
496.0
322.0
310.0
328.0
348.0
265.0
309.0
251.0
361.0
264.0
283.0
448.0
401.0
329.0
297.0
373.0
255.0
350.0
326.0
389.0
321.0
315.0
313.0
370.0
255.0
334.0
433.0
362.0
535.0
364.0
272.0
362.0
315.0
259.0
400.0
370.0
473.0
397.0
254.0
388.0
321.0
297.0
498.0
273.0
462.0
241.0
469.0
443.0
350.0
313.0
324.0
371.0
346.0
367.0
280.0
421.0
604.0
233.0
264.0
334.0
359.0
358.0
636.0
252.0
411.0
287.0
333.0
246.0
450.0
368.0
362.0
454.0
284.0
244.0
359.0
433.0
430.0
412.0
532.0
297.0
285.0
297.0
341.0
272.0
371.0
439.0
264.0
305.0
338.0
516.0
368.0
377.0
496.0
307.0
328.0
226.0
310.0
248.0
256.0
387.0
297.0
384.0
357.0
418.0
314.0
404.0
381.0
292.0
396.0
256.0
278.0
322.0
293.0
372.0
271.0
451.0
309.0
299.0
270.0
307.0
476.0
288.0
256.0
435.0
264.0
398.0
335.0
287.0
526.0
360.0
432.0
338.0
400.0
536.0
425.0
394.0
258.0
311.0
399.0
334.0
258.0
463.0
364.0
599.0
402.0
252.0
231.0
341.0
262.0
358.0
416.0
261.0
415.0
354.0
403.0
519.0
376.0
409.0
415.0
334.0
366.0
369.0
362.0
308.0
275.0
362.0
427.0
306.0
338.0
360.0
270.0
425.0
438.0
339.0
291.0
331.0
295.0
520.0
299.0
276.0
412.0
554.0
312.0
452.0
285.0
325.0
433.0
393.0
362.0
381.0
252.0
353.0
249.0
434.0
297.0
322.0
446.0
196.0
370.0
264.0
222.0
330.0
328.0
258.0
435.0
456.0
425.0
332.0
402.0
305.0
376.0
265.0
306.0
336.0
292.0
362.0
512.0
357.0
562.0
302.0
273.0
363.0
354.0
314.0
249.0
272.0
467.0
381.0
422.0
332.0
193.0
521.0
260.0
423.0
352.0
376.0
412.0
370.0
406.0
356.0
343.0
461.0
259.0
449.0
315.0
290.0
258.0
463.0
316.0
410.0
459.0
379.0
365.0
308.0
305.0
273.0
230.0
431.0
460.0
323.0
343.0
386.0
367.0
379.0
305.0
437.0
517.0
330.0
299.0
329.0
258.0
371.0
286.0
595.0
309.0
587.0
385.0
283.0
351.0
404.0
344.0
344.0
230.0
269.0
199.0
399.0
237.0
433.0
399.0
204.0
307.0
442.0
312.0
399.0
298.0
374.0
365.0
444.0
279.0
336.0
212.0
219.0
287.0
297.0
397.0
300.0
382.0
425.0
226.0
434.0
263.0
406.0
305.0
294.0
368.0
415.0
353.0
455.0
410.0
395.0
351.0
413.0
441.0
299.0
465.0
243.0
238.0
309.0
284.0
724.0
310.0
474.0
351.0
312.0
402.0
833.0
289.0
369.0
287.0
350.0
359.0
369.0
242.0
294.0
451.0
263.0
400.0
236.0
250.0
378.0
371.0
359.0
406.0
404.0
210.0
359.0
399.0
377.0
331.0
495.0
323.0
253.0
549.0
234.0
438.0
318.0
245.0
443.0
239.0
439.0
282.0
404.0
290.0
237.0
381.0
219.0
306.0
612.0
298.0
415.0
340.0
323.0
279.0
424.0
383.0
224.0
333.0
295.0
427.0
347.0
458.0
347.0
439.0
476.0
248.0
425.0
313.0
376.0
360.0
299.0
310.0
422.0
382.0
277.0
257.0
388.0
341.0
296.0
585.0
289.0
267.0
371.0
193.0
382.0
465.0
379.0
263.0
490.0
318.0
358.0
332.0
357.0
536.0
393.0
325.0
339.0
296.0
437.0
503.0
419.0
365.0
443.0
437.0
333.0
403.0
337.0
394.0
316.0
318.0
416.0
376.0
283.0
321.0
258.0
459.0
379.0
417.0
338.0
262.0
163.0
353.0
296.0
303.0
300.0
408.0
362.0
457.0
395.0
299.0
365.0
409.0
377.0
342.0
350.0
281.0
262.0
520.0
353.0
225.0
262.0
336.0
320.0
427.0
339.0
280.0
226.0
202.0
369.0
264.0
327.0
247.0
296.0
278.0
438.0
372.0
471.0
355.0
370.0
225.0
364.0
389.0
365.0
652.0
332.0
358.0
261.0
501.0
357.0
219.0
416.0
295.0
360.0
308.0
294.0
326.0
207.0
203.0
325.0
480.0
285.0
306.0
274.0
537.0
316.0
315.0
196.0
341.0
337.0
308.0
285.0
400.0
389.0
300.0
292.0
607.0
328.0
241.0
516.0
464.0
620.0
458.0
361.0
409.0
216.0
449.0
291.0
298.0
278.0
455.0
369.0
221.0
388.0
298.0
308.0
294.0
436.0
329.0
421.0
319.0
322.0
500.0
404.0
303.0
348.0
357.0
252.0
384.0
360.0
349.0
279.0
301.0
294.0
377.0
304.0
404.0
234.0
352.0
226.0
389.0
230.0
421.0
286.0
275.0
360.0
321.0
308.0
328.0
271.0
412.0
195.0
361.0
315.0
290.0
416.0
282.0
303.0
382.0
341.0
403.0
472.0
305.0
335.0
422.0
434.0
377.0
267.0
530.0
287.0
258.0
352.0
274.0
332.0
432.0
327.0
220.0
501.0
408.0
255.0
353.0
314.0
305.0
261.0
362.0
299.0
553.0
357.0
223.0
275.0
328.0
509.0
377.0
245.0
276.0
285.0
511.0
285.0
417.0
325.0
269.0
332.0
483.0
451.0
384.0
331.0
298.0
388.0
376.0
400.0
402.0
486.0
299.0
256.0
257.0
352.0
407.0
331.0
313.0
353.0
209.0
337.0
402.0
449.0
289.0
353.0
477.0
557.0
493.0
237.0
325.0
353.0
351.0
388.0
291.0
342.0
378.0
314.0
488.0
271.0
410.0
279.0
372.0
455.0
268.0
370.0
361.0
203.0
328.0
309.0
352.0
195.0
443.0
306.0
330.0
280.0
354.0
404.0
347.0
450.0
337.0
251.0
363.0
316.0
322.0
325.0
377.0
394.0
249.0
250.0
232.0
284.0
297.0
264.0
500.0
333.0
319.0
362.0
494.0
344.0
273.0
519.0
231.0
287.0
364.0
416.0
287.0
433.0
350.0
506.0
318.0
307.0
256.0
323.0
279.0
374.0
289.0
441.0
379.0
260.0
357.0
251.0
319.0
282.0
361.0
373.0
387.0
192.0
379.0
266.0
534.0
404.0
353.0
285.0
336.0
358.0
230.0
553.0
513.0
316.0
197.0
285.0
380.0
264.0
380.0
702.0
294.0
296.0
459.0
276.0
572.0
375.0
379.0
248.0
340.0
490.0
329.0
283.0
296.0
349.0
330.0
491.0
389.0
330.0
355.0
265.0
327.0
340.0
317.0
440.0
383.0
249.0
266.0
476.0
301.0
244.0
306.0
370.0
390.0
318.0
385.0
211.0
397.0
404.0
374.0
323.0
326.0
298.0
400.0
272.0
295.0
346.0
254.0
364.0
253.0
333.0
386.0
327.0
405.0
290.0
510.0
271.0
307.0
241.0
300.0
303.0
392.0
296.0
394.0
449.0
361.0
321.0
426.0
322.0
374.0
377.0
358.0
376.0
248.0
253.0
314.0
691.0
297.0
365.0
425.0
249.0
270.0
321.0
305.0
339.0
212.0
325.0
361.0
383.0
362.0
356.0
442.0
313.0
376.0
307.0
361.0
485.0
356.0
303.0
281.0
283.0
313.0
245.0
342.0
388.0
445.0
351.0
409.0
276.0
412.0
384.0
553.0
312.0
259.0
237.0
339.0
509.0
498.0
474.0
297.0
257.0
261.0
300.0
363.0
368.0
305.0
346.0
319.0
385.0
333.0
335.0
282.0
371.0
721.0
268.0
240.0
219.0
332.0
209.0
399.0
312.0
356.0
271.0
340.0
229.0
224.0
324.0
269.0
311.0
642.0
316.0
273.0
547.0
390.0
339.0
263.0
293.0
404.0
422.0
340.0
300.0
285.0
356.0
302.0
400.0
448.0
262.0
342.0
238.0
290.0
377.0
366.0
217.0
307.0
510.0
358.0
327.0
376.0
303.0
315.0
301.0
358.0
539.0
344.0
248.0
283.0
297.0
278.0
396.0
302.0
258.0
252.0
276.0
306.0
307.0
593.0
296.0
320.0
354.0
330.0
400.0
277.0
426.0
417.0
324.0
439.0
288.0
300.0
355.0
505.0
316.0
499.0
291.0
398.0
495.0
428.0
322.0
381.0
285.0
414.0
405.0
755.0
335.0
283.0
456.0
346.0
390.0
434.0
376.0
561.0
254.0
384.0
311.0
228.0
325.0
315.0
337.0
408.0
455.0
326.0
301.0
259.0
292.0
386.0
322.0
273.0
288.0
374.0
423.0
248.0
673.0
386.0
281.0
435.0
405.0
242.0
322.0
329.0
327.0
220.0
395.0
370.0
341.0
307.0
242.0
278.0
279.0
335.0
436.0
369.0
365.0
368.0
351.0
397.0
410.0
284.0
325.0
432.0
293.0
406.0
303.0
242.0
568.0
314.0
258.0
348.0
275.0
336.0
403.0
359.0
226.0
327.0
270.0
431.0
436.0
247.0
275.0
432.0
420.0
399.0
280.0
431.0
402.0
447.0
455.0
304.0
308.0
284.0
210.0
221.0
230.0
550.0
293.0
374.0
355.0
332.0
274.0
331.0
682.0
282.0
289.0
270.0
337.0
264.0
465.0
361.0
458.0
255.0
183.0
249.0
344.0
323.0
246.0
266.0
449.0
345.0
328.0
279.0
294.0
290.0
373.0
434.0
314.0
311.0
442.0
274.0
380.0
274.0
494.0
486.0
325.0
303.0
500.0
309.0
348.0
321.0
455.0
376.0
261.0
251.0
281.0
438.0
442.0
383.0
346.0
249.0
336.0
315.0
297.0
268.0
528.0
309.0
339.0
441.0
411.0
299.0
299.0
340.0
399.0
292.0
431.0
450.0
412.0
414.0
244.0
325.0
400.0
403.0
357.0
284.0
333.0
500.0
411.0
306.0
408.0
359.0
318.0
413.0
439.0
345.0
398.0
283.0
372.0
413.0
298.0
274.0
380.0
553.0
480.0
314.0
258.0
349.0
468.0
469.0
367.0
402.0
312.0
282.0
360.0
215.0
563.0
376.0
236.0
276.0
307.0
377.0
281.0
375.0
480.0
344.0
303.0
248.0
377.0
254.0
304.0
360.0
306.0
275.0
275.0
308.0
404.0
380.0
256.0
523.0
471.0
487.0
310.0
404.0
270.0
476.0
290.0
318.0
477.0
330.0
364.0
266.0
272.0
362.0
220.0
536.0
269.0
317.0
342.0
312.0
332.0
422.0
290.0
393.0
258.0
242.0
271.0
449.0
518.0
376.0
317.0
262.0
398.0
395.0
489.0
422.0
325.0
277.0
327.0
298.0
525.0
345.0
483.0
359.0
375.0
481.0
327.0
381.0
240.0
495.0
355.0
335.0
495.0
255.0
275.0
295.0
376.0
236.0
268.0
285.0
618.0
342.0
509.0
379.0
305.0
336.0
403.0
408.0
287.0
353.0
248.0
339.0
272.0
494.0
393.0
275.0
357.0
283.0
388.0
239.0
395.0
448.0
349.0
264.0
354.0
383.0
482.0
426.0
414.0
405.0
688.0
344.0
571.0
314.0
285.0
321.0
300.0
448.0
221.0
411.0
349.0
338.0
245.0
336.0
327.0
524.0
255.0
483.0
315.0
346.0
420.0
454.0
313.0
216.0
377.0
382.0
249.0
285.0
306.0
494.0
229.0
407.0
349.0
476.0
857.0
346.0
429.0
407.0
359.0
301.0
384.0
555.0
376.0
308.0
309.0
423.0
433.0
460.0
411.0
228.0
239.0
470.0
295.0
304.0
274.0
402.0
407.0
432.0
317.0
451.0
283.0
250.0
350.0
297.0
266.0
324.0
546.0
360.0
316.0
321.0
356.0
307.0
332.0
285.0
418.0
315.0
380.0
329.0
211.0
272.0
405.0
339.0
351.0
376.0
266.0
232.0
377.0
271.0
356.0
351.0
562.0
404.0
248.0
405.0
551.0
342.0
297.0
290.0
362.0
562.0
330.0
336.0
619.0
200.0
474.0
227.0
286.0
265.0
402.0
417.0
420.0
297.0
333.0
236.0
313.0
240.0
328.0
306.0
259.0
325.0
272.0
483.0
418.0
246.0
575.0
349.0
367.0
312.0
294.0
283.0
248.0
394.0
460.0
318.0
588.0
509.0
381.0
334.0
369.0
314.0
380.0
349.0
401.0
246.0
313.0
385.0
285.0
396.0
403.0
338.0
365.0
359.0
295.0
223.0
313.0
297.0
283.0
247.0
339.0
259.0
239.0
379.0
289.0
304.0
297.0
246.0
287.0
301.0
243.0
304.0
300.0
324.0
313.0
378.0
277.0
297.0
337.0
282.0
294.0
309.0
209.0
414.0
301.0
340.0
522.0
355.0
367.0
404.0
332.0
355.0
359.0
263.0
291.0
161.0
293.0
183.0
282.0
398.0
544.0
528.0
285.0
335.0
286.0
399.0
441.0
602.0
376.0
286.0
267.0
273.0
255.0
341.0
308.0
382.0
307.0
306.0
388.0
323.0
331.0
336.0
263.0
297.0
737.0
246.0
281.0
228.0
561.0
263.0
421.0
266.0
465.0
443.0
322.0
409.0
782.0
364.0
288.0
437.0
424.0
246.0
364.0
439.0
271.0
378.0
382.0
294.0
498.0
241.0
446.0
421.0
273.0
371.0
312.0
272.0
283.0
369.0
295.0
333.0
380.0
290.0
415.0
288.0
383.0
348.0
304.0
341.0
277.0
352.0
325.0
250.0
231.0
260.0
310.0
361.0
294.0
261.0
264.0
247.0
297.0
328.0
359.0
275.0
333.0
275.0
386.0
442.0
245.0
490.0
536.0
428.0
427.0
313.0
467.0
411.0
318.0
341.0
325.0
336.0
219.0
344.0
343.0
276.0
338.0
335.0
306.0
379.0
430.0
440.0
344.0
307.0
257.0
424.0
262.0
352.0
403.0
497.0
297.0
400.0
307.0
462.0
293.0
347.0
385.0
371.0
265.0
335.0
337.0
335.0
352.0
321.0
323.0
486.0
344.0
273.0
280.0
266.0
436.0
296.0
470.0
334.0
419.0
389.0
844.0
331.0
236.0
281.0
300.0
244.0
322.0
366.0
330.0
287.0
209.0
470.0
393.0
425.0
443.0
335.0
465.0
219.0
475.0
229.0
432.0
283.0
277.0
288.0
250.0
423.0
510.0
274.0
286.0
352.0
278.0
345.0
308.0
295.0
342.0
235.0
292.0
336.0
340.0
369.0
364.0
386.0
315.0
295.0
273.0
433.0
332.0
303.0
401.0
358.0
389.0
405.0
300.0
321.0
337.0
401.0
331.0
470.0
261.0
298.0
339.0
423.0
226.0
358.0
311.0
333.0
388.0
332.0
271.0
417.0
229.0
322.0
431.0
443.0
423.0
352.0
359.0
417.0
360.0
341.0
325.0
1073.0
299.0
415.0
325.0
237.0
284.0
415.0
210.0
360.0
463.0
265.0
411.0
487.0
288.0
347.0
333.0
269.0
259.0
218.0
233.0
513.0
323.0
454.0
330.0
338.0
183.0
372.0
498.0
462.0
263.0
183.0
395.0
487.0
373.0
313.0
326.0
372.0
351.0
384.0
499.0
252.0
348.0
348.0
270.0
336.0
402.0
460.0
259.0
338.0
287.0
278.0
356.0
364.0
418.0
233.0
358.0
478.0
405.0
255.0
446.0
384.0
386.0
369.0
365.0
262.0
240.0
300.0
322.0
549.0
297.0
317.0
423.0
371.0
319.0
322.0
256.0
604.0
316.0
515.0
342.0
375.0
270.0
282.0
426.0
389.0
321.0
511.0
362.0
303.0
212.0
368.0
594.0
313.0
302.0
618.0
282.0
296.0
381.0
428.0
401.0
317.0
402.0
268.0
278.0
344.0
232.0
292.0
300.0
397.0
256.0
456.0
421.0
524.0
274.0
214.0
391.0
284.0
343.0
400.0
373.0
369.0
325.0
200.0
375.0
290.0
302.0
278.0
353.0
351.0
489.0
429.0
189.0
313.0
346.0
359.0
348.0
449.0
399.0
447.0
357.0
317.0
375.0
401.0
285.0
306.0
334.0
396.0
286.0
230.0
340.0
319.0
538.0
385.0
357.0
364.0
335.0
443.0
311.0
356.0
316.0
362.0
404.0
321.0
247.0
344.0
330.0
320.0
297.0
310.0
306.0
356.0
339.0
364.0
389.0
240.0
330.0
427.0
496.0
231.0
273.0
576.0
351.0
260.0
250.0
628.0
276.0
260.0
294.0
345.0
246.0
570.0
312.0
391.0
356.0
354.0
461.0
413.0
372.0
411.0
445.0
283.0
361.0
221.0
269.0
376.0
278.0
304.0
389.0
331.0
253.0
451.0
438.0
248.0
1009.0
322.0
390.0
376.0
478.0
276.0
290.0
414.0
404.0
386.0
281.0
309.0
330.0
225.0
302.0
430.0
380.0
322.0
272.0
473.0
362.0
310.0
419.0
565.0
386.0
393.0
246.0
307.0
334.0
393.0
441.0
237.0
253.0
494.0
391.0
363.0
322.0
308.0
421.0
362.0
292.0
438.0
312.0
253.0
448.0
270.0
389.0
322.0
297.0
373.0
357.0
210.0
336.0
249.0
298.0
286.0
427.0
203.0
439.0
279.0
374.0
308.0
416.0
345.0
340.0
311.0
352.0
375.0
282.0
370.0
226.0
332.0
351.0
238.0
340.0
412.0
326.0
345.0
415.0
441.0
550.0
308.0
258.0
292.0
504.0
473.0
402.0
282.0
357.0
199.0
377.0
276.0
264.0
317.0
265.0
295.0
396.0
391.0
349.0
306.0
332.0
323.0
468.0
384.0
431.0
214.0
403.0
430.0
232.0
345.0
308.0
426.0
310.0
288.0
438.0
328.0
437.0
419.0
253.0
582.0
375.0
352.0
302.0
434.0
303.0
266.0
331.0
529.0
420.0
308.0
229.0
414.0
324.0
339.0
236.0
319.0
282.0
302.0
267.0
312.0
354.0
312.0
339.0
279.0
221.0
289.0
352.0
394.0
477.0
334.0
520.0
280.0
287.0
342.0
284.0
394.0
423.0
393.0
314.0
433.0
401.0
293.0
356.0
341.0
457.0
303.0
354.0
283.0
351.0
289.0
355.0
291.0
360.0
278.0
387.0
298.0
359.0
359.0
421.0
271.0
282.0
303.0
393.0
385.0
375.0
204.0
357.0
329.0
293.0
263.0
386.0
380.0
433.0
330.0
338.0
237.0
329.0
334.0
324.0
315.0
282.0
243.0
253.0
373.0
408.0
265.0
333.0
420.0
419.0
248.0
410.0
374.0
357.0
314.0
413.0
479.0
403.0
329.0
352.0
381.0
332.0
314.0
323.0
402.0
352.0
504.0
333.0
430.0
482.0
372.0
474.0
398.0
369.0
369.0
320.0
278.0
317.0
365.0
315.0
332.0
233.0
453.0
254.0
245.0
245.0
272.0
386.0
286.0
286.0
603.0
323.0
362.0
469.0
350.0
328.0
399.0
398.0
300.0
335.0
311.0
367.0
395.0
392.0
304.0
232.0
328.0
365.0
531.0
288.0
494.0
330.0
392.0
241.0
295.0
267.0
549.0
376.0
234.0
347.0
390.0
423.0
418.0
266.0
299.0
270.0
392.0
406.0
301.0
265.0
409.0
293.0
375.0
282.0
335.0
412.0
304.0
229.0
362.0
484.0
292.0
315.0
349.0
324.0
366.0
453.0
523.0
378.0
240.0
418.0
517.0
414.0
274.0
288.0
411.0
436.0
388.0
547.0
343.0
449.0
314.0
404.0
357.0
223.0
369.0
491.0
283.0
368.0
369.0
336.0
360.0
394.0
384.0
366.0
294.0
397.0
258.0
264.0
514.0
318.0
359.0
215.0
289.0
372.0
325.0
287.0
314.0
319.0
251.0
333.0
333.0
245.0
273.0
296.0
441.0
346.0
351.0
1099.0
331.0
329.0
374.0
467.0
308.0
371.0
202.0
371.0
393.0
276.0
270.0
304.0
332.0
380.0
716.0
402.0
348.0
257.0
338.0
404.0
375.0
250.0
313.0
515.0
322.0
453.0
263.0
396.0
353.0
346.0
273.0
399.0
650.0
325.0
270.0
305.0
290.0
301.0
392.0
324.0
359.0
359.0
316.0
370.0
338.0
485.0
259.0
239.0
352.0
432.0
339.0
296.0
324.0
276.0
346.0
281.0
214.0
654.0
535.0
367.0
325.0
207.0
517.0
385.0
375.0
261.0
267.0
332.0
251.0
282.0
383.0
345.0
320.0
221.0
342.0
274.0
235.0
277.0
411.0
341.0
401.0
392.0
411.0
380.0
454.0
223.0
298.0
415.0
364.0
275.0
292.0
434.0
199.0
280.0
374.0
326.0
501.0
380.0
326.0
351.0
426.0
613.0
631.0
590.0
262.0
383.0
294.0
335.0
280.0
473.0
362.0
406.0
416.0
260.0
357.0
331.0
302.0
259.0
417.0
308.0
393.0
422.0
266.0
455.0
233.0
267.0
276.0
407.0
458.0
329.0
265.0
650.0
506.0
377.0
341.0
422.0
385.0
270.0
344.0
340.0
234.0
555.0
301.0
380.0
356.0
397.0
393.0
438.0
339.0
426.0
422.0
348.0
294.0
308.0
244.0
344.0
247.0
364.0
430.0
366.0
270.0
351.0
401.0
338.0
221.0
269.0
290.0
423.0
178.0
385.0
398.0
291.0
351.0
290.0
327.0
323.0
298.0
430.0
342.0
383.0
328.0
354.0
246.0
399.0
361.0
323.0
1098.0
370.0
394.0
376.0
352.0
306.0
314.0
357.0
329.0
259.0
342.0
307.0
323.0
332.0
335.0
428.0
364.0
328.0
344.0
405.0
368.0
331.0
328.0
293.0
431.0
404.0
475.0
356.0
429.0
257.0
352.0
403.0
339.0
239.0
371.0
399.0
379.0
579.0
377.0
356.0
325.0
248.0
306.0
524.0
416.0
330.0
362.0
516.0
312.0
300.0
427.0
396.0
388.0
277.0
437.0
282.0
383.0
327.0
278.0
304.0
454.0
325.0
310.0
458.0
404.0
266.0
392.0
445.0
335.0
212.0
363.0
349.0
322.0
319.0
309.0
473.0
301.0
246.0
437.0
340.0
309.0
298.0
338.0
345.0
410.0
298.0
259.0
385.0
256.0
340.0
269.0
394.0
386.0
280.0
315.0
289.0
307.0
267.0
449.0
309.0
451.0
446.0
274.0
316.0
278.0
266.0
340.0
263.0
393.0
364.0
439.0
372.0
306.0
254.0
322.0
383.0
445.0
266.0
384.0
443.0
223.0
371.0
488.0
316.0
421.0
434.0
315.0
336.0
370.0
251.0
383.0
302.0
237.0
326.0
375.0
411.0
281.0
313.0
505.0
361.0
443.0
413.0
337.0
303.0
347.0
642.0
479.0
262.0
324.0
380.0
323.0
495.0
340.0
383.0
415.0
395.0
295.0
263.0
273.0
254.0
320.0
209.0
320.0
285.0
280.0
299.0
398.0
349.0
396.0
451.0
319.0
260.0
390.0
370.0
667.0
371.0
270.0
301.0
236.0
373.0
399.0
485.0
301.0
310.0
211.0
296.0
289.0
370.0
463.0
484.0
255.0
352.0
307.0
357.0
286.0
272.0
371.0
330.0
198.0
338.0
272.0
376.0
210.0
362.0
332.0
450.0
339.0
479.0
442.0
354.0
521.0
348.0
270.0
395.0
300.0
366.0
395.0
412.0
306.0
258.0
320.0
247.0
345.0
266.0
279.0
369.0
536.0
251.0
279.0
418.0
296.0
354.0
418.0
256.0
466.0
245.0
304.0
275.0
351.0
266.0
471.0
344.0
290.0
390.0
462.0
242.0
260.0
306.0
402.0
279.0
406.0
282.0
290.0
389.0
252.0
268.0
388.0
481.0
307.0
295.0
313.0
253.0
326.0
410.0
336.0
467.0
294.0
391.0
443.0
420.0
476.0
358.0
541.0
513.0
320.0
319.0
274.0
437.0
323.0
497.0
301.0
285.0
271.0
403.0
315.0
324.0
438.0
281.0
353.0
352.0
278.0
351.0
277.0
322.0
237.0
319.0
444.0
249.0
198.0
332.0
306.0
286.0
434.0
226.0
345.0
305.0
435.0
456.0
367.0
422.0
286.0
493.0
301.0
461.0
339.0
259.0
408.0
319.0
309.0
375.0
352.0
271.0
380.0
358.0
371.0
325.0
393.0
198.0
494.0
402.0
494.0
382.0
245.0
450.0
220.0
257.0
285.0
312.0
478.0
362.0
390.0
270.0
305.0
431.0
635.0
404.0
277.0
403.0
453.0
268.0
415.0
413.0
212.0
297.0
317.0
257.0
355.0
337.0
378.0
252.0
390.0
365.0
462.0
337.0
359.0
340.0
300.0
448.0
381.0
273.0
305.0
490.0
347.0
278.0
365.0
372.0
384.0
415.0
405.0
196.0
314.0
384.0
431.0
487.0
305.0
367.0
352.0
278.0
313.0
310.0
448.0
259.0
342.0
331.0
293.0
347.0
283.0
347.0
365.0
401.0
274.0
359.0
278.0
383.0
201.0
304.0
304.0
237.0
317.0
324.0
410.0
272.0
323.0
376.0
325.0
357.0
331.0
303.0
307.0
351.0
416.0
320.0
248.0
324.0
253.0
338.0
342.0
264.0
292.0
282.0
276.0
377.0
447.0
346.0
300.0
384.0
272.0
305.0
392.0
424.0
433.0
287.0
368.0
411.0
284.0
425.0
256.0
518.0
325.0
492.0
328.0
379.0
315.0
271.0
314.0
255.0
342.0
372.0
363.0
414.0
264.0
327.0
358.0
353.0
401.0
428.0
343.0
278.0
311.0
337.0
340.0
318.0
435.0
382.0
328.0
359.0
502.0
230.0
304.0
307.0
265.0
368.0
316.0
279.0
344.0
427.0
398.0
237.0
258.0
213.0
374.0
385.0
372.0
409.0
251.0
564.0
440.0
306.0
351.0
336.0
248.0
289.0
308.0
322.0
316.0
307.0
235.0
361.0
276.0
217.0
339.0
298.0
439.0
282.0
351.0
512.0
343.0
292.0
396.0
339.0
294.0
421.0
309.0
275.0
341.0
335.0
263.0
380.0
418.0
356.0
551.0
246.0
275.0
422.0
461.0
495.0
520.0
368.0
337.0
240.0
292.0
354.0
263.0
419.0
290.0
335.0
410.0
203.0
293.0
283.0
383.0
345.0
401.0
407.0
297.0
434.0
320.0
365.0
344.0
440.0
336.0
350.0
344.0
471.0
232.0
261.0
447.0
373.0
355.0
328.0
602.0
454.0
545.0
807.0
344.0
247.0
462.0
434.0
464.0
343.0
374.0
328.0
313.0
344.0
348.0
386.0
417.0
314.0
346.0
371.0
368.0
377.0
285.0
306.0
357.0
296.0
306.0
251.0
436.0
473.0
341.0
296.0
339.0
271.0
330.0
321.0
407.0
296.0
289.0
284.0
304.0
337.0
305.0
291.0
554.0
431.0
584.0
304.0
299.0
361.0
305.0
383.0
249.0
329.0
456.0
302.0
378.0
262.0
403.0
299.0
450.0
338.0
253.0
371.0
306.0
372.0
246.0
514.0
218.0
372.0
358.0
370.0
326.0
293.0
327.0
242.0
364.0
254.0
268.0
321.0
458.0
313.0
225.0
311.0
393.0
362.0
359.0
564.0
266.0
478.0
382.0
524.0
298.0
406.0
414.0
319.0
385.0
338.0
422.0
284.0
500.0
428.0
303.0
326.0
466.0
493.0
364.0
424.0
329.0
399.0
418.0
360.0
323.0
264.0
292.0
323.0
265.0
315.0
323.0
291.0
738.0
270.0
331.0
453.0
302.0
333.0
350.0
414.0
438.0
396.0
370.0
307.0
290.0
354.0
315.0
365.0
295.0
274.0
273.0
386.0
452.0
316.0
615.0
290.0
403.0
693.0
370.0
363.0
370.0
337.0
362.0
365.0
287.0
234.0
361.0
270.0
231.0
300.0
400.0
382.0
397.0
323.0
366.0
386.0
257.0
268.0
277.0
409.0
454.0
322.0
319.0
254.0
420.0
270.0
334.0
371.0
394.0
393.0
294.0
255.0
234.0
341.0
246.0
293.0
375.0
215.0
333.0
420.0
308.0
522.0
336.0
446.0
498.0
612.0
263.0
401.0
323.0
362.0
427.0
342.0
343.0
401.0
242.0
254.0
355.0
284.0
268.0
329.0
445.0
842.0
411.0
306.0
442.0
323.0
383.0
275.0
310.0
325.0
249.0
436.0
346.0
302.0
306.0
380.0
347.0
451.0
279.0
256.0
292.0
383.0
336.0
247.0
311.0
279.0
443.0
258.0
324.0
451.0
333.0
364.0
268.0
320.0
270.0
361.0
296.0
338.0
262.0
308.0
255.0
535.0
314.0
318.0
479.0
474.0
218.0
312.0
311.0
442.0
451.0
294.0
346.0
343.0
414.0
291.0
419.0
233.0
306.0
507.0
221.0
316.0
306.0
258.0
295.0
299.0
308.0
305.0
359.0
270.0
477.0
311.0
353.0
346.0
270.0
269.0
322.0
416.0
446.0
433.0
337.0
263.0
243.0
380.0
411.0
385.0
313.0
579.0
190.0
477.0
268.0
304.0
385.0
373.0
339.0
289.0
317.0
281.0
426.0
334.0
373.0
262.0
390.0
361.0
355.0
435.0
296.0
345.0
429.0
315.0
322.0
465.0
441.0
349.0
347.0
268.0
460.0
314.0
278.0
287.0
325.0
406.0
528.0
542.0
342.0
261.0
326.0
271.0
377.0
341.0
404.0
398.0
376.0
365.0
323.0
520.0
396.0
255.0
470.0
290.0
262.0
436.0
265.0
551.0
250.0
479.0
316.0
419.0
510.0
301.0
264.0
293.0
340.0
318.0
371.0
315.0
280.0
403.0
374.0
290.0
256.0
354.0
541.0
192.0
340.0
292.0
378.0
811.0
385.0
289.0
320.0
255.0
322.0
249.0
417.0
407.0
263.0
342.0
357.0
345.0
314.0
222.0
305.0
441.0
391.0
322.0
339.0
530.0
380.0
363.0
263.0
292.0
301.0
258.0
321.0
219.0
440.0
403.0
315.0
273.0
298.0
405.0
309.0
343.0
301.0
385.0
335.0
234.0
283.0
447.0
602.0
256.0
351.0
433.0
444.0
351.0
355.0
451.0
378.0
294.0
462.0
386.0
332.0
315.0
446.0
234.0
292.0
358.0
352.0
354.0
270.0
423.0
368.0
435.0
361.0
493.0
328.0
252.0
325.0
332.0
333.0
316.0
443.0
269.0
352.0
498.0
344.0
413.0
355.0
479.0
279.0
413.0
323.0
272.0
401.0
321.0
429.0
282.0
420.0
343.0
221.0
419.0
408.0
362.0
297.0
304.0
500.0
344.0
477.0
276.0
536.0
318.0
268.0
402.0
291.0
516.0
263.0
392.0
427.0
342.0
216.0
294.0
368.0
715.0
270.0
287.0
366.0
444.0
353.0
396.0
358.0
337.0
299.0
389.0
352.0
308.0
362.0
501.0
374.0
280.0
317.0
260.0
338.0
317.0
345.0
311.0
338.0
287.0
337.0
276.0
317.0
212.0
362.0
423.0
378.0
433.0
386.0
429.0
391.0
287.0
271.0
477.0
325.0
313.0
314.0
350.0
351.0
429.0
273.0
330.0
331.0
377.0
451.0
213.0
392.0
454.0
284.0
372.0
363.0
350.0
343.0
484.0
383.0
263.0
405.0
299.0
269.0
252.0
498.0
338.0
348.0
376.0
422.0
384.0
318.0
304.0
401.0
311.0
265.0
372.0
480.0
365.0
314.0
404.0
307.0
461.0
198.0
376.0
282.0
417.0
362.0
249.0
442.0
310.0
358.0
326.0
274.0
318.0
265.0
510.0
243.0
319.0
398.0
333.0
341.0
325.0
438.0
376.0
280.0
209.0
486.0
353.0
262.0
379.0
295.0
337.0
461.0
417.0
285.0
267.0
304.0
533.0
343.0
358.0
296.0
475.0
317.0
327.0
519.0
374.0
347.0
306.0
424.0
363.0
286.0
343.0
355.0
364.0
252.0
300.0
322.0
258.0
411.0
417.0
292.0
257.0
387.0
306.0
332.0
312.0
368.0
369.0
354.0
351.0
270.0
318.0
412.0
294.0
502.0
354.0
286.0
421.0
312.0
298.0
447.0
290.0
360.0
344.0
300.0
337.0
297.0
370.0
411.0
360.0
398.0
277.0
474.0
307.0
573.0
346.0
348.0
245.0
314.0
303.0
404.0
327.0
399.0
334.0
381.0
466.0
343.0
237.0
379.0
411.0
262.0
341.0
275.0
399.0
416.0
358.0
347.0
392.0
362.0
317.0
293.0
455.0
304.0
285.0
457.0
569.0
403.0
307.0
315.0
375.0
332.0
301.0
192.0
333.0
310.0
314.0
288.0
299.0
223.0
469.0
276.0
286.0
346.0
322.0
381.0
248.0
463.0
269.0
412.0
348.0
413.0
326.0
196.0
281.0
293.0
347.0
395.0
311.0
492.0
289.0
464.0
346.0
362.0
342.0
511.0
333.0
350.0
248.0
384.0
449.0
364.0
301.0
403.0
282.0
351.0
255.0
282.0
358.0
275.0
400.0
365.0
378.0
401.0
566.0
313.0
408.0
292.0
305.0
376.0
295.0
304.0
359.0
286.0
389.0
270.0
329.0
364.0
348.0
335.0
478.0
368.0
431.0
330.0
414.0
373.0
388.0
347.0
264.0
341.0
303.0
378.0
268.0
373.0
318.0
354.0
306.0
479.0
334.0
480.0
333.0
318.0
384.0
348.0
323.0
294.0
387.0
355.0
334.0
354.0
372.0
338.0
275.0
332.0
310.0
359.0
333.0
351.0
291.0
458.0
382.0
449.0
346.0
298.0
319.0
220.0
284.0
226.0
447.0
333.0
280.0
333.0
277.0
369.0
321.0
354.0
305.0
428.0
265.0
293.0
379.0
390.0
302.0
242.0
319.0
337.0
243.0
328.0
248.0
295.0
355.0
316.0
364.0
303.0
374.0
321.0
283.0
356.0
368.0
473.0
379.0
281.0
321.0
467.0
408.0
254.0
356.0
354.0
423.0
287.0
326.0
405.0
188.0
483.0
325.0
314.0
441.0
296.0
359.0
316.0
295.0
545.0
279.0
281.0
382.0
287.0
476.0
292.0
281.0
429.0
323.0
326.0
446.0
305.0
339.0
333.0
275.0
502.0
300.0
381.0
358.0
394.0
357.0
369.0
257.0
237.0
333.0
268.0
314.0
348.0
314.0
336.0
305.0
276.0
424.0
320.0
327.0
264.0
345.0
286.0
439.0
300.0
578.0
300.0
452.0
329.0
237.0
286.0
409.0
334.0
376.0
362.0
392.0
326.0
417.0
308.0
365.0
215.0
398.0
545.0
382.0
372.0
286.0
440.0
378.0
310.0
258.0
284.0
392.0
317.0
332.0
262.0
485.0
462.0
238.0
326.0
447.0
326.0
450.0
436.0
346.0
236.0
290.0
856.0
393.0
255.0
308.0
389.0
420.0
315.0
254.0
299.0
321.0
388.0
330.0
343.0
472.0
225.0
311.0
299.0
442.0
313.0
361.0
654.0
379.0
492.0
413.0
247.0
386.0
299.0
277.0
278.0
396.0
320.0
324.0
305.0
260.0
295.0
280.0
274.0
259.0
372.0
382.0
420.0
310.0
600.0
461.0
586.0
306.0
269.0
304.0
376.0
340.0
310.0
276.0
292.0
271.0
417.0
407.0
388.0
283.0
304.0
555.0
329.0
318.0
243.0
284.0
321.0
496.0
269.0
353.0
302.0
355.0
328.0
293.0
329.0
411.0
301.0
276.0
369.0
337.0
195.0
358.0
400.0
457.0
292.0
297.0
333.0
421.0
216.0
311.0
310.0
421.0
311.0
487.0
393.0
423.0
330.0
323.0
397.0
422.0
324.0
277.0
515.0
325.0
338.0
421.0
343.0
385.0
303.0
520.0
347.0
325.0
515.0
289.0
284.0
401.0
303.0
404.0
296.0
320.0
309.0
301.0
287.0
403.0
366.0
260.0
532.0
478.0
399.0
405.0
305.0
604.0
325.0
251.0
399.0
297.0
297.0
579.0
411.0
478.0
328.0
309.0
384.0
322.0
333.0
267.0
449.0
416.0
464.0
371.0
371.0
265.0
351.0
266.0
261.0
367.0
268.0
387.0
418.0
271.0
363.0
209.0
352.0
247.0
293.0
488.0
502.0
256.0
338.0
286.0
306.0
490.0
298.0
305.0
452.0
293.0
318.0
320.0
272.0
364.0
400.0
270.0
302.0
403.0
323.0
339.0
306.0
293.0
399.0
384.0
457.0
232.0
421.0
329.0
314.0
497.0
356.0
295.0
289.0
356.0
307.0
382.0
332.0
228.0
275.0
292.0
337.0
297.0
1187.0
524.0
334.0
479.0
359.0
439.0
283.0
409.0
401.0
191.0
334.0
251.0
326.0
317.0
345.0
304.0
334.0
306.0
323.0
324.0
383.0
304.0
577.0
475.0
305.0
244.0
289.0
433.0
446.0
349.0
380.0
270.0
279.0
224.0
411.0
310.0
485.0
360.0
430.0
419.0
321.0
283.0
383.0
364.0
489.0
372.0
362.0
355.0
543.0
277.0
411.0
217.0
200.0
303.0
210.0
218.0
347.0
464.0
280.0
437.0
315.0
329.0
315.0
295.0
301.0
538.0
282.0
396.0
366.0
273.0
346.0
357.0
328.0
363.0
258.0
228.0
288.0
331.0
314.0
272.0
332.0
209.0
427.0
406.0
398.0
322.0
524.0
337.0
335.0
328.0
557.0
576.0
229.0
304.0
363.0
352.0
336.0
334.0
453.0
406.0
398.0
294.0
376.0
352.0
379.0
218.0
471.0
384.0
346.0
223.0
423.0
348.0
413.0
368.0
385.0
366.0
410.0
272.0
245.0
470.0
241.0
388.0
430.0
630.0
378.0
249.0
288.0
377.0
378.0
340.0
307.0
322.0
317.0
330.0
405.0
447.0
245.0
394.0
416.0
297.0
342.0
288.0
368.0
403.0
378.0
270.0
299.0
272.0
371.0
289.0
269.0
359.0
459.0
346.0
295.0
442.0
518.0
384.0
319.0
406.0
321.0
359.0
297.0
312.0
431.0
282.0
468.0
376.0
319.0
618.0
309.0
342.0
257.0
297.0
275.0
241.0
266.0
280.0
352.0
308.0
243.0
315.0
294.0
348.0
310.0
437.0
388.0
531.0
419.0
330.0
327.0
381.0
355.0
525.0
353.0
411.0
326.0
345.0
356.0
442.0
300.0
395.0
235.0
337.0
248.0
407.0
383.0
356.0
335.0
378.0
357.0
319.0
338.0
440.0
327.0
422.0
473.0
405.0
365.0
398.0
316.0
301.0
411.0
397.0
358.0
441.0
342.0
493.0
267.0
300.0
430.0
268.0
498.0
291.0
364.0
297.0
278.0
427.0
269.0
317.0
309.0
301.0
411.0
318.0
368.0
343.0
248.0
306.0
335.0
449.0
517.0
407.0
355.0
322.0
313.0
291.0
460.0
292.0
356.0
436.0
369.0
305.0
491.0
364.0
228.0
291.0
388.0
338.0
406.0
377.0
378.0
369.0
298.0
290.0
281.0
283.0
360.0
368.0
266.0
233.0
381.0
445.0
377.0
245.0
382.0
361.0
403.0
278.0
409.0
336.0
364.0
347.0
333.0
562.0
538.0
357.0
368.0
322.0
315.0
378.0
399.0
340.0
285.0
337.0
388.0
364.0
386.0
224.0
297.0
525.0
319.0
288.0
439.0
456.0
239.0
347.0
446.0
302.0
429.0
421.0
358.0
352.0
394.0
325.0
428.0
338.0
307.0
397.0
316.0
451.0
387.0
371.0
280.0
318.0
273.0
362.0
357.0
384.0
342.0
440.0
331.0
451.0
265.0
334.0
316.0
465.0
251.0
275.0
303.0
476.0
301.0
409.0
356.0
278.0
291.0
331.0
517.0
268.0
255.0
411.0
377.0
324.0
477.0
356.0
364.0
318.0
306.0
338.0
469.0
393.0
347.0
306.0
346.0
357.0
363.0
436.0
218.0
323.0
333.0
280.0
423.0
347.0
400.0
370.0
443.0
286.0
395.0
329.0
321.0
479.0
317.0
282.0
491.0
232.0
347.0
409.0
265.0
321.0
344.0
353.0
406.0
435.0
395.0
415.0
257.0
291.0
335.0
529.0
388.0
528.0
254.0
317.0
311.0
285.0
399.0
400.0
473.0
322.0
303.0
251.0
405.0
415.0
401.0
225.0
347.0
337.0
336.0
454.0
316.0
443.0
362.0
281.0
418.0
331.0
407.0
304.0
309.0
382.0
349.0
346.0
310.0
292.0
295.0
341.0
536.0
359.0
350.0
431.0
284.0
322.0
358.0
349.0
349.0
331.0
364.0
303.0
359.0
349.0
204.0
443.0
370.0
325.0
389.0
355.0
332.0
455.0
253.0
264.0
353.0
388.0
389.0
326.0
389.0
397.0
362.0
379.0
267.0
411.0
346.0
289.0
428.0
363.0
288.0
436.0
200.0
320.0
471.0
337.0
427.0
445.0
415.0
276.0
260.0
450.0
374.0
309.0
312.0
189.0
631.0
379.0
364.0
330.0
383.0
399.0
330.0
305.0
431.0
476.0
259.0
453.0
300.0
447.0
379.0
433.0
385.0
245.0
273.0
377.0
297.0
336.0
273.0
409.0
326.0
321.0
322.0
400.0
347.0
386.0
314.0
375.0
382.0
374.0
297.0
220.0
366.0
316.0
274.0
403.0
417.0
492.0
273.0
305.0
308.0
385.0
330.0
367.0
365.0
474.0
316.0
348.0
446.0
210.0
286.0
271.0
354.0
279.0
229.0
255.0
390.0
400.0
330.0
436.0
440.0
225.0
275.0
359.0
296.0
403.0
351.0
459.0
412.0
339.0
408.0
350.0
377.0
360.0
352.0
260.0
271.0
227.0
385.0
440.0
312.0
318.0
321.0
333.0
275.0
443.0
383.0
771.0
323.0
366.0
441.0
333.0
386.0
295.0
353.0
415.0
322.0
383.0
379.0
312.0
395.0
387.0
329.0
373.0
254.0
403.0
248.0
328.0
431.0
399.0
240.0
398.0
433.0
264.0
313.0
340.0
386.0
286.0
433.0
373.0
279.0
310.0
366.0
404.0
440.0
359.0
359.0
473.0
396.0
379.0
355.0
406.0
416.0
295.0
321.0
253.0
374.0
244.0
237.0
321.0
277.0
266.0
331.0
442.0
335.0
459.0
268.0
363.0
354.0
433.0
411.0
277.0
293.0
248.0
371.0
394.0
416.0
301.0
342.0
313.0
514.0
264.0
381.0
492.0
605.0
298.0
420.0
274.0
446.0
300.0
247.0
327.0
283.0
305.0
433.0
352.0
357.0
423.0
270.0
345.0
267.0
307.0
464.0
278.0
247.0
285.0
333.0
392.0
389.0
344.0
511.0
443.0
253.0
348.0
278.0
357.0
382.0
345.0
438.0
340.0
393.0
350.0
290.0
353.0
283.0
287.0
443.0
287.0
424.0
373.0
474.0
270.0
422.0
424.0
404.0
366.0
399.0
349.0
406.0
350.0
498.0
332.0
286.0
300.0
409.0
284.0
358.0
334.0
405.0
367.0
436.0
368.0
370.0
322.0
347.0
399.0
235.0
491.0
409.0
297.0
272.0
352.0
355.0
330.0
308.0
288.0
401.0
309.0
505.0
414.0
287.0
451.0
317.0
344.0
264.0
393.0
255.0
383.0
291.0
494.0
304.0
368.0
283.0
327.0
319.0
420.0
362.0
350.0
450.0
349.0
328.0
252.0
339.0
346.0
422.0
300.0
394.0
261.0
361.0
299.0
311.0
298.0
439.0
341.0
297.0
348.0
513.0
236.0
200.0
435.0
293.0
334.0
272.0
408.0
259.0
457.0
350.0
387.0
247.0
333.0
415.0
319.0
476.0
421.0
270.0
439.0
372.0
366.0
425.0
331.0
417.0
367.0
318.0
329.0
218.0
425.0
320.0
251.0
287.0
325.0
231.0
334.0
338.0
684.0
250.0
369.0
310.0
324.0
279.0
300.0
420.0
339.0
272.0
368.0
345.0
454.0
409.0
231.0
227.0
358.0
344.0
394.0
380.0
306.0
366.0
341.0
314.0
327.0
304.0
563.0
314.0
473.0
386.0
321.0
273.0
391.0
335.0
367.0
281.0
273.0
402.0
346.0
272.0
403.0
400.0
553.0
288.0
362.0
385.0
362.0
313.0
327.0
325.0
493.0
244.0
338.0
219.0
290.0
237.0
411.0
321.0
277.0
317.0
360.0
356.0
385.0
536.0
221.0
407.0
421.0
518.0
214.0
325.0
358.0
337.0
356.0
386.0
437.0
430.0
377.0
338.0
373.0
352.0
286.0
395.0
362.0
471.0
441.0
327.0
387.0
255.0
329.0
341.0
321.0
262.0
395.0
331.0
317.0
387.0
420.0
256.0
349.0
355.0
332.0
290.0
415.0
381.0
288.0
325.0
295.0
205.0
427.0
481.0
397.0
409.0
273.0
430.0
305.0
323.0
402.0
354.0
224.0
266.0
348.0
519.0
350.0
431.0
295.0
285.0
323.0
424.0
290.0
281.0
362.0
251.0
526.0
588.0
271.0
295.0
299.0
278.0
236.0
374.0
423.0
458.0
234.0
285.0
469.0
482.0
372.0
331.0
349.0
288.0
365.0
238.0
390.0
288.0
371.0
348.0
390.0
355.0
179.0
300.0
355.0
461.0
284.0
311.0
289.0
343.0
365.0
277.0
365.0
300.0
841.0
416.0
326.0
402.0
332.0
323.0
419.0
393.0
526.0
303.0
247.0
392.0
309.0
360.0
347.0
306.0
308.0
283.0
368.0
430.0
292.0
333.0
448.0
354.0
457.0
355.0
349.0
392.0
292.0
297.0
382.0
285.0
444.0
206.0
390.0
345.0
289.0
338.0
391.0
316.0
387.0
346.0
354.0
482.0
455.0
393.0
196.0
302.0
394.0
364.0
426.0
278.0
451.0
412.0
325.0
357.0
270.0
338.0
388.0
290.0
332.0
258.0
253.0
203.0
548.0
466.0
477.0
300.0
390.0
278.0
286.0
414.0
332.0
339.0
268.0
267.0
426.0
335.0
202.0
348.0
360.0
443.0
276.0
432.0
329.0
321.0
414.0
364.0
472.0
298.0
502.0
271.0
370.0
335.0
289.0
416.0
400.0
277.0
403.0
396.0
380.0
296.0
482.0
356.0
414.0
356.0
292.0
358.0
328.0
432.0
359.0
364.0
327.0
361.0
291.0
241.0
374.0
307.0
521.0
379.0
342.0
397.0
452.0
243.0
260.0
311.0
620.0
300.0
401.0
429.0
498.0
231.0
361.0
213.0
370.0
458.0
310.0
314.0
264.0
339.0
437.0
392.0
381.0
295.0
391.0
386.0
340.0
426.0
353.0
338.0
351.0
295.0
299.0
351.0
356.0
317.0
302.0
269.0
355.0
278.0
370.0
343.0
321.0
382.0
368.0
357.0
219.0
342.0
437.0
362.0
357.0
360.0
422.0
391.0
351.0
336.0
263.0
453.0
294.0
381.0
285.0
460.0
343.0
391.0
368.0
272.0
329.0
286.0
397.0
317.0
402.0
441.0
417.0
249.0
258.0
214.0
478.0
253.0
482.0
396.0
443.0
261.0
331.0
508.0
320.0
371.0
394.0
349.0
302.0
283.0
553.0
347.0
348.0
372.0
230.0
339.0
410.0
401.0
392.0
392.0
323.0
397.0
304.0
277.0
329.0
366.0
491.0
382.0
348.0
530.0
383.0
278.0
322.0
360.0
306.0
271.0
330.0
318.0
362.0
320.0
266.0
292.0
336.0
346.0
398.0
277.0
309.0
288.0
462.0
234.0
326.0
335.0
372.0
334.0
683.0
298.0
296.0
397.0
317.0
454.0
383.0
270.0
250.0
387.0
324.0
502.0
288.0
415.0
376.0
317.0
422.0
219.0
327.0
461.0
393.0
328.0
307.0
293.0
370.0
287.0
389.0
388.0
296.0
348.0
241.0
338.0
396.0
337.0
428.0
380.0
514.0
393.0
283.0
452.0
538.0
410.0
443.0
332.0
437.0
213.0
302.0
217.0
265.0
313.0
412.0
292.0
342.0
419.0
322.0
448.0
267.0
566.0
478.0
244.0
377.0
258.0
273.0
308.0
302.0
380.0
350.0
402.0
411.0
511.0
323.0
422.0
264.0
362.0
302.0
303.0
299.0
363.0
262.0
279.0
412.0
218.0
490.0
263.0
410.0
292.0
398.0
279.0
346.0
365.0
285.0
389.0
365.0
404.0
368.0
422.0
465.0
411.0
241.0
305.0
437.0
282.0
302.0
447.0
399.0
347.0
746.0
289.0
408.0
481.0
257.0
241.0
256.0
386.0
306.0
426.0
296.0
428.0
270.0
318.0
493.0
386.0
283.0
259.0
399.0
427.0
491.0
227.0
365.0
532.0
390.0
396.0
386.0
256.0
261.0
301.0
432.0
345.0
529.0
355.0
272.0
311.0
254.0
346.0
352.0
428.0
366.0
398.0
363.0
375.0
464.0
386.0
307.0
304.0
438.0
317.0
255.0
536.0
475.0
383.0
349.0
253.0
403.0
336.0
310.0
340.0
259.0
320.0
394.0
459.0
386.0
309.0
561.0
194.0
361.0
304.0
300.0
370.0
363.0
338.0
379.0
368.0
296.0
367.0
340.0
309.0
322.0
254.0
344.0
263.0
414.0
351.0
332.0
282.0
243.0
339.0
399.0
533.0
369.0
259.0
253.0
420.0
492.0
287.0
398.0
433.0
415.0
565.0
306.0
258.0
439.0
399.0
362.0
399.0
254.0
348.0
301.0
361.0
275.0
420.0
355.0
304.0
310.0
314.0
381.0
335.0
381.0
432.0
389.0
255.0
389.0
462.0
295.0
292.0
580.0
341.0
387.0
322.0
358.0
313.0
383.0
369.0
254.0
347.0
391.0
351.0
349.0
203.0
373.0
375.0
233.0
422.0
420.0
408.0
374.0
408.0
237.0
264.0
485.0
380.0
274.0
348.0
396.0
338.0
549.0
390.0
386.0
296.0
336.0
331.0
387.0
300.0
341.0
358.0
324.0
335.0
283.0
276.0
158.0
403.0
285.0
334.0
326.0
361.0
361.0
398.0
364.0
208.0
285.0
313.0
317.0
344.0
381.0
314.0
296.0
442.0
359.0
440.0
346.0
322.0
324.0
367.0
503.0
257.0
360.0
323.0
286.0
257.0
444.0
383.0
522.0
299.0
398.0
357.0
459.0
296.0
316.0
268.0
278.0
376.0
573.0
278.0
464.0
396.0
258.0
425.0
295.0
324.0
266.0
282.0
408.0
489.0
387.0
449.0
737.0
462.0
419.0
327.0
415.0
352.0
349.0
382.0
243.0
457.0
358.0
338.0
312.0
326.0
280.0
383.0
318.0
335.0
398.0
246.0
294.0
458.0
436.0
266.0
318.0
335.0
380.0
382.0
395.0
289.0
345.0
346.0
332.0
452.0
236.0
620.0
328.0
271.0
377.0
222.0
374.0
406.0
375.0
381.0
348.0
404.0
283.0
282.0
335.0
201.0
377.0
359.0
470.0
397.0
520.0
389.0
281.0
283.0
394.0
344.0
314.0
300.0
352.0
232.0
349.0
263.0
394.0
410.0
335.0
256.0
434.0
514.0
340.0
459.0
367.0
470.0
402.0
354.0
644.0
432.0
444.0
338.0
262.0
379.0
280.0
308.0
363.0
359.0
262.0
327.0
402.0
314.0
376.0
248.0
542.0
196.0
330.0
381.0
368.0
269.0
556.0
336.0
309.0
326.0
326.0
458.0
301.0
289.0
751.0
276.0
313.0
373.0
419.0
402.0
287.0
575.0
297.0
271.0
377.0
227.0
299.0
330.0
302.0
424.0
536.0
435.0
217.0
353.0
335.0
417.0
449.0
302.0
341.0
443.0
321.0
316.0
319.0
337.0
330.0
329.0
363.0
252.0
300.0
469.0
289.0
347.0
488.0
385.0
412.0
338.0
374.0
360.0
594.0
270.0
378.0
352.0
465.0
398.0
468.0
408.0
406.0
296.0
315.0
355.0
413.0
335.0
287.0
405.0
476.0
339.0
307.0
346.0
294.0
249.0
359.0
338.0
272.0
296.0
311.0
297.0
279.0
479.0
298.0
382.0
370.0
354.0
485.0
480.0
217.0
214.0
351.0
518.0
489.0
405.0
316.0
301.0
281.0
428.0
307.0
388.0
366.0
294.0
273.0
287.0
281.0
228.0
295.0
584.0
519.0
536.0
334.0
241.0
436.0
408.0
339.0
358.0
290.0
320.0
333.0
419.0
411.0
372.0
224.0
343.0
458.0
535.0
281.0
344.0
298.0
262.0
282.0
404.0
337.0
320.0
293.0
319.0
369.0
303.0
420.0
291.0
314.0
706.0
420.0
275.0
346.0
297.0
329.0
427.0
348.0
360.0
239.0
286.0
352.0
451.0
426.0
260.0
327.0
487.0
396.0
492.0
315.0
341.0
374.0
448.0
406.0
251.0
553.0
279.0
188.0
531.0
317.0
262.0
401.0
268.0
318.0
277.0
388.0
346.0
537.0
319.0
229.0
431.0
374.0
400.0
402.0
416.0
457.0
333.0
370.0
351.0
272.0
569.0
378.0
282.0
222.0
523.0
345.0
430.0
294.0
276.0
356.0
432.0
387.0
294.0
363.0
383.0
445.0
437.0
292.0
284.0
321.0
309.0
327.0
427.0
353.0
455.0
364.0
432.0
301.0
371.0
240.0
390.0
328.0
398.0
255.0
373.0
354.0
241.0
353.0
286.0
413.0
280.0
211.0
266.0
328.0
476.0
439.0
212.0
286.0
357.0
291.0
431.0
301.0
416.0
247.0
260.0
329.0
308.0
256.0
293.0
479.0
446.0
456.0
252.0
253.0
388.0
467.0
335.0
389.0
374.0
265.0
423.0
347.0
381.0
289.0
387.0
281.0
351.0
319.0
336.0
257.0
306.0
236.0
242.0
319.0
397.0
403.0
498.0
230.0
389.0
395.0
288.0
349.0
405.0
289.0
300.0
544.0
367.0
367.0
347.0
309.0
205.0
331.0
310.0
309.0
279.0
433.0
259.0
365.0
391.0
370.0
355.0
342.0
325.0
302.0
299.0
371.0
263.0
298.0
429.0
251.0
377.0
233.0
483.0
287.0
427.0
270.0
320.0
237.0
487.0
352.0
368.0
377.0
431.0
342.0
343.0
299.0
264.0
262.0
276.0
372.0
399.0
273.0
428.0
389.0
240.0
306.0
397.0
348.0
288.0
399.0
274.0
576.0
418.0
279.0
315.0
334.0
316.0
390.0
340.0
274.0
382.0
386.0
336.0
323.0
425.0
444.0
259.0
340.0
385.0
363.0
295.0
350.0
447.0
282.0
383.0
288.0
432.0
304.0
345.0
395.0
391.0
385.0
388.0
217.0
306.0
529.0
384.0
393.0
382.0
279.0
304.0
231.0
386.0
284.0
336.0
323.0
387.0
392.0
288.0
377.0
391.0
411.0
368.0
332.0
163.0
345.0
361.0
279.0
364.0
511.0
328.0
332.0
412.0
315.0
324.0
328.0
361.0
399.0
486.0
302.0
423.0
224.0
457.0
281.0
366.0
461.0
254.0
293.0
419.0
306.0
439.0
239.0
252.0
336.0
342.0
300.0
396.0
292.0
397.0
344.0
282.0
420.0
325.0
251.0
416.0
407.0
478.0
430.0
343.0
446.0
343.0
282.0
291.0
223.0
369.0
287.0
290.0
343.0
275.0
457.0
305.0
446.0
327.0
314.0
277.0
267.0
288.0
483.0
399.0
290.0
321.0
398.0
360.0
396.0
286.0
316.0
327.0
310.0
366.0
366.0
370.0
646.0
382.0
254.0
447.0
251.0
244.0
303.0
395.0
324.0
318.0
245.0
325.0
254.0
330.0
337.0
455.0
595.0
443.0
341.0
337.0
460.0
349.0
363.0
302.0
317.0
371.0
281.0
274.0
573.0
240.0
282.0
262.0
380.0
312.0
280.0
345.0
648.0
327.0
799.0
271.0
262.0
400.0
348.0
361.0
255.0
429.0
433.0
366.0
292.0
363.0
365.0
379.0
330.0
457.0
247.0
260.0
293.0
419.0
357.0
352.0
237.0
353.0
299.0
292.0
294.0
314.0
278.0
341.0
333.0
495.0
399.0
271.0
250.0
420.0
388.0
343.0
340.0
237.0
353.0
279.0
339.0
429.0
290.0
507.0
308.0
633.0
294.0
326.0
249.0
331.0
339.0
310.0
927.0
353.0
380.0
292.0
317.0
263.0
269.0
479.0
272.0
442.0
422.0
447.0
284.0
398.0
321.0
321.0
322.0
256.0
302.0
286.0
363.0
364.0
319.0
341.0
324.0
411.0
530.0
340.0
326.0
307.0
400.0
433.0
402.0
369.0
358.0
390.0
444.0
357.0
301.0
436.0
369.0
401.0
287.0
280.0
274.0
310.0
391.0
510.0
263.0
407.0
419.0
388.0
384.0
342.0
503.0
353.0
272.0
541.0
351.0
365.0
326.0
228.0
325.0
363.0
288.0
401.0
321.0
465.0
354.0
344.0
343.0
287.0
349.0
291.0
381.0
268.0
214.0
448.0
421.0
325.0
311.0
262.0
327.0
346.0
431.0
366.0
385.0
318.0
379.0
295.0
307.0
300.0
483.0
333.0
406.0
379.0
394.0
346.0
522.0
315.0
321.0
406.0
263.0
370.0
292.0
338.0
255.0
332.0
280.0
418.0
520.0
397.0
347.0
366.0
277.0
284.0
298.0
365.0
350.0
238.0
432.0
372.0
336.0
313.0
341.0
356.0
488.0
420.0
329.0
384.0
401.0
297.0
377.0
268.0
408.0
339.0
296.0
271.0
428.0
235.0
295.0
294.0
313.0
284.0
555.0
386.0
384.0
324.0
277.0
342.0
491.0
354.0
312.0
237.0
293.0
400.0
382.0
324.0
345.0
433.0
376.0
363.0
291.0
387.0
365.0
418.0
234.0
374.0
258.0
372.0
337.0
351.0
273.0
308.0
317.0
345.0
344.0
333.0
256.0
268.0
370.0
291.0
428.0
392.0
376.0
302.0
363.0
292.0
415.0
258.0
308.0
407.0
308.0
417.0
317.0
389.0
391.0
403.0
616.0
230.0
379.0
414.0
467.0
314.0
388.0
390.0
487.0
533.0
379.0
361.0
244.0
444.0
230.0
302.0
373.0
220.0
305.0
348.0
497.0
284.0
364.0
454.0
428.0
431.0
364.0
277.0
388.0
292.0
487.0
344.0
312.0
365.0
344.0
334.0
238.0
372.0
376.0
391.0
513.0
421.0
398.0
394.0
377.0
258.0
262.0
289.0
239.0
348.0
397.0
521.0
323.0
281.0
175.0
463.0
269.0
507.0
275.0
264.0
303.0
280.0
334.0
396.0
271.0
329.0
498.0
427.0
478.0
297.0
322.0
401.0
352.0
341.0
380.0
286.0
346.0
308.0
433.0
238.0
296.0
445.0
507.0
309.0
334.0
281.0
372.0
379.0
430.0
339.0
385.0
245.0
451.0
384.0
385.0
310.0
386.0
262.0
534.0
258.0
548.0
410.0
423.0
560.0
518.0
365.0
506.0
259.0
511.0
251.0
328.0
495.0
380.0
343.0
456.0
342.0
349.0
339.0
378.0
327.0
435.0
254.0
408.0
285.0
308.0
456.0
419.0
282.0
287.0
387.0
447.0
327.0
402.0
587.0
320.0
444.0
391.0
373.0
462.0
253.0
311.0
406.0
305.0
383.0
415.0
300.0
372.0
283.0
398.0
436.0
284.0
237.0
377.0
319.0
308.0
511.0
351.0
290.0
248.0
462.0
268.0
331.0
397.0
288.0
344.0
374.0
328.0
466.0
416.0
361.0
345.0
957.0
314.0
325.0
363.0
409.0
337.0
432.0
454.0
341.0
250.0
340.0
276.0
572.0
361.0
403.0
313.0
243.0
336.0
265.0
369.0
350.0
387.0
265.0
309.0
359.0
343.0
339.0
587.0
498.0
318.0
274.0
490.0
338.0
274.0
268.0
411.0
322.0
305.0
285.0
403.0
386.0
390.0
361.0
319.0
313.0
273.0
303.0
501.0
302.0
302.0
435.0
360.0
326.0
387.0
308.0
466.0
400.0
452.0
404.0
280.0
508.0
442.0
262.0
252.0
336.0
384.0
353.0
341.0
313.0
341.0
316.0
333.0
227.0
262.0
270.0
221.0
323.0
477.0
310.0
279.0
485.0
267.0
449.0
290.0
388.0
403.0
311.0
403.0
302.0
488.0
429.0
430.0
341.0
316.0
354.0
241.0
440.0
487.0
400.0
487.0
278.0
312.0
261.0
379.0
449.0
393.0
307.0
318.0
322.0
373.0
317.0
361.0
213.0
305.0
381.0
345.0
496.0
335.0
366.0
295.0
243.0
358.0
245.0
370.0
406.0
226.0
320.0
380.0
400.0
424.0
444.0
457.0
231.0
302.0
1138.0
278.0
284.0
290.0
365.0
422.0
300.0
310.0
343.0
504.0
392.0
451.0
357.0
391.0
389.0
309.0
297.0
475.0
516.0
345.0
277.0
389.0
315.0
372.0
370.0
357.0
265.0
278.0
286.0
469.0
246.0
331.0
263.0
311.0
187.0
419.0
275.0
319.0
371.0
419.0
293.0
356.0
343.0
249.0
349.0
430.0
460.0
382.0
475.0
380.0
275.0
308.0
547.0
219.0
404.0
348.0
300.0
409.0
592.0
268.0
268.0
270.0
370.0
397.0
365.0
241.0
263.0
300.0
321.0
334.0
249.0
223.0
306.0
418.0
405.0
673.0
249.0
266.0
312.0
372.0
259.0
396.0
454.0
483.0
262.0
433.0
444.0
439.0
343.0
311.0
283.0
427.0
428.0
209.0
335.0
330.0
317.0
504.0
268.0
356.0
423.0
345.0
300.0
486.0
345.0
262.0
499.0
512.0
562.0
268.0
294.0
508.0
335.0
275.0
360.0
428.0
319.0
430.0
428.0
223.0
320.0
445.0
306.0
319.0
270.0
386.0
357.0
602.0
312.0
353.0
272.0
269.0
297.0
311.0
284.0
326.0
267.0
364.0
307.0
426.0
336.0
287.0
376.0
243.0
377.0
372.0
342.0
296.0
336.0
307.0
344.0
300.0
348.0
397.0
246.0
456.0
367.0
444.0
344.0
329.0
362.0
464.0
348.0
239.0
354.0
260.0
418.0
242.0
384.0
192.0
307.0
304.0
445.0
383.0
324.0
518.0
441.0
353.0
257.0
212.0
341.0
523.0
318.0
303.0
345.0
432.0
307.0
283.0
408.0
274.0
310.0
278.0
408.0
369.0
335.0
280.0
395.0
327.0
408.0
398.0
341.0
262.0
399.0
444.0
471.0
250.0
372.0
347.0
371.0
447.0
322.0
412.0
398.0
327.0
338.0
365.0
287.0
249.0
305.0
265.0
255.0
367.0
410.0
283.0
345.0
413.0
292.0
254.0
342.0
192.0
286.0
408.0
341.0
240.0
275.0
380.0
330.0
315.0
214.0
350.0
407.0
334.0
426.0
366.0
396.0
340.0
353.0
321.0
264.0
333.0
323.0
340.0
278.0
279.0
395.0
551.0
419.0
284.0
402.0
308.0
217.0
313.0
373.0
285.0
310.0
371.0
410.0
376.0
333.0
572.0
303.0
359.0
326.0
324.0
359.0
238.0
395.0
696.0
636.0
406.0
396.0
375.0
247.0
304.0
365.0
360.0
537.0
373.0
297.0
297.0
276.0
450.0
250.0
258.0
326.0
359.0
425.0
313.0
454.0
279.0
365.0
412.0
462.0
344.0
471.0
253.0
195.0
373.0
332.0
244.0
450.0
383.0
480.0
257.0
311.0
245.0
242.0
298.0
312.0
373.0
355.0
269.0
238.0
492.0
423.0
437.0
379.0
246.0
284.0
440.0
356.0
266.0
218.0
299.0
269.0
1280.0
507.0
356.0
380.0
583.0
268.0
204.0
439.0
277.0
282.0
310.0
233.0
456.0
319.0
287.0
368.0
220.0
306.0
299.0
342.0
268.0
357.0
283.0
338.0
437.0
319.0
384.0
320.0
329.0
308.0
291.0
321.0
324.0
295.0
327.0
273.0
412.0
465.0
451.0
255.0
293.0
526.0
463.0
450.0
407.0
369.0
359.0
488.0
365.0
453.0
299.0
311.0
360.0
376.0
380.0
698.0
379.0
296.0
283.0
357.0
462.0
236.0
260.0
263.0
292.0
317.0
218.0
491.0
265.0
252.0
475.0
354.0
356.0
481.0
262.0
293.0
372.0
384.0
331.0
458.0
413.0
375.0
362.0
271.0
387.0
383.0
339.0
148.0
348.0
271.0
294.0
232.0
404.0
530.0
264.0
427.0
334.0
508.0
429.0
415.0
325.0
456.0
428.0
314.0
183.0
286.0
440.0
394.0
294.0
294.0
248.0
383.0
271.0
407.0
367.0
255.0
315.0
243.0
474.0
257.0
323.0
288.0
460.0
327.0
361.0
349.0
381.0
239.0
251.0
261.0
380.0
263.0
286.0
507.0
312.0
266.0
339.0
356.0
327.0
399.0
280.0
418.0
387.0
535.0
359.0
318.0
237.0
407.0
388.0
437.0
389.0
440.0
290.0
345.0
297.0
431.0
370.0
347.0
565.0
409.0
311.0
267.0
499.0
363.0
381.0
294.0
349.0
285.0
387.0
385.0
390.0
427.0
527.0
288.0
283.0
328.0
325.0
383.0
233.0
343.0
298.0
400.0
298.0
377.0
240.0
302.0
319.0
319.0
243.0
382.0
337.0
264.0
414.0
407.0
459.0
337.0
399.0
307.0
494.0
325.0
308.0
296.0
374.0
385.0
295.0
317.0
455.0
348.0
210.0
398.0
245.0
385.0
339.0
394.0
335.0
344.0
437.0
425.0
285.0
270.0
223.0
483.0
330.0
267.0
327.0
420.0
282.0
250.0
433.0
428.0
320.0
410.0
359.0
316.0
276.0
355.0
299.0
406.0
478.0
384.0
414.0
278.0
277.0
242.0
302.0
325.0
342.0
378.0
222.0
357.0
491.0
289.0
447.0
430.0
333.0
320.0
291.0
268.0
349.0
342.0
375.0
403.0
409.0
356.0
336.0
251.0
308.0
314.0
421.0
250.0
340.0
393.0
435.0
470.0
388.0
467.0
414.0
386.0
387.0
271.0
262.0
392.0
354.0
332.0
330.0
446.0
405.0
321.0
252.0
361.0
302.0
352.0
277.0
257.0
216.0
398.0
333.0
391.0
287.0
324.0
525.0
276.0
392.0
339.0
309.0
319.0
357.0
403.0
544.0
312.0
351.0
243.0
405.0
256.0
498.0
347.0
346.0
360.0
417.0
379.0
466.0
365.0
223.0
305.0
376.0
309.0
572.0
353.0
342.0
310.0
411.0
454.0
441.0
276.0
221.0
402.0
435.0
361.0
384.0
261.0
413.0
370.0
197.0
361.0
539.0
311.0
550.0
285.0
397.0
335.0
403.0
368.0
251.0
347.0
274.0
317.0
369.0
1243.0
319.0
426.0
396.0
288.0
521.0
487.0
316.0
283.0
301.0
201.0
270.0
187.0
309.0
296.0
354.0
358.0
311.0
442.0
248.0
361.0
528.0
312.0
318.0
230.0
312.0
310.0
477.0
321.0
375.0
353.0
455.0
428.0
382.0
223.0
405.0
353.0
346.0
417.0
238.0
430.0
265.0
309.0
335.0
264.0
598.0
357.0
434.0
422.0
275.0
297.0
353.0
344.0
637.0
472.0
388.0
293.0
230.0
400.0
450.0
507.0
313.0
272.0
375.0
331.0
309.0
485.0
458.0
335.0
423.0
389.0
374.0
253.0
353.0
356.0
346.0
330.0
254.0
336.0
288.0
337.0
308.0
335.0
367.0
461.0
319.0
450.0
333.0
779.0
223.0
496.0
381.0
334.0
464.0
513.0
368.0
401.0
494.0
322.0
393.0
354.0
296.0
353.0
330.0
490.0
381.0
338.0
219.0
449.0
386.0
348.0
492.0
553.0
540.0
269.0
343.0
234.0
407.0
249.0
277.0
316.0
360.0
306.0
408.0
579.0
352.0
380.0
333.0
296.0
317.0
339.0
308.0
264.0
412.0
341.0
291.0
317.0
341.0
374.0
287.0
489.0
317.0
362.0
367.0
365.0
458.0
398.0
317.0
232.0
344.0
364.0
441.0
303.0
236.0
637.0
331.0
465.0
406.0
214.0
402.0
474.0
328.0
323.0
226.0
399.0
437.0
441.0
216.0
295.0
406.0
252.0
390.0
539.0
358.0
506.0
275.0
344.0
290.0
301.0
342.0
551.0
443.0
495.0
173.0
348.0
340.0
366.0
368.0
347.0
495.0
335.0
397.0
300.0
310.0
438.0
349.0
353.0
356.0
567.0
393.0
385.0
267.0
345.0
233.0
470.0
305.0
346.0
256.0
541.0
290.0
286.0
282.0
347.0
385.0
227.0
304.0
300.0
351.0
230.0
307.0
284.0
422.0
312.0
325.0
346.0
302.0
275.0
321.0
522.0
364.0
326.0
346.0
294.0
385.0
247.0
355.0
492.0
244.0
387.0
269.0
274.0
282.0
386.0
424.0
414.0
386.0
299.0
262.0
316.0
400.0
517.0
509.0
348.0
322.0
449.0
272.0
363.0
505.0
381.0
321.0
328.0
331.0
236.0
251.0
396.0
306.0
267.0
363.0
383.0
369.0
592.0
277.0
317.0
241.0
299.0
357.0
380.0
333.0
446.0
715.0
339.0
252.0
444.0
421.0
324.0
360.0
266.0
297.0
264.0
421.0
289.0
449.0
483.0
444.0
383.0
239.0
500.0
312.0
496.0
286.0
334.0
255.0
364.0
381.0
242.0
312.0
247.0
589.0
343.0
348.0
327.0
381.0
276.0
360.0
390.0
257.0
301.0
404.0
424.0
380.0
418.0
421.0
293.0
453.0
319.0
302.0
393.0
243.0
368.0
565.0
282.0
295.0
308.0
230.0
284.0
283.0
207.0
319.0
281.0
226.0
370.0
621.0
269.0
402.0
330.0
462.0
223.0
293.0
453.0
550.0
245.0
209.0
347.0
337.0
336.0
461.0
293.0
409.0
263.0
621.0
358.0
277.0
378.0
264.0
272.0
284.0
328.0
253.0
331.0
226.0
399.0
313.0
341.0
343.0
344.0
277.0
427.0
301.0
349.0
356.0
273.0
451.0
236.0
340.0
292.0
287.0
377.0
339.0
358.0
325.0
452.0
407.0
287.0
421.0
796.0
259.0
343.0
302.0
440.0
293.0
361.0
337.0
391.0
274.0
454.0
609.0
389.0
341.0
351.0
563.0
466.0
407.0
305.0
265.0
265.0
359.0
279.0
283.0
353.0
276.0
292.0
481.0
685.0
350.0
351.0
349.0
370.0
298.0
346.0
355.0
303.0
259.0
412.0
165.0
382.0
362.0
430.0
403.0
295.0
431.0
282.0
297.0
339.0
317.0
437.0
359.0
378.0
370.0
329.0
286.0
319.0
454.0
271.0
406.0
292.0
348.0
501.0
328.0
393.0
327.0
337.0
275.0
301.0
237.0
447.0
285.0
282.0
399.0
315.0
294.0
375.0
291.0
389.0
367.0
249.0
247.0
327.0
367.0
331.0
473.0
533.0
422.0
339.0
304.0
389.0
373.0
333.0
392.0
311.0
320.0
497.0
506.0
357.0
253.0
318.0
305.0
277.0
345.0
304.0
476.0
272.0
319.0
395.0
350.0
387.0
281.0
307.0
276.0
449.0
296.0
387.0
314.0
369.0
399.0
449.0
353.0
432.0
369.0
350.0
288.0
265.0
263.0
317.0
465.0
355.0
354.0
340.0
267.0
392.0
246.0
356.0
354.0
362.0
302.0
224.0
311.0
333.0
361.0
443.0
249.0
446.0
426.0
329.0
382.0
448.0
218.0
366.0
427.0
342.0
312.0
365.0
377.0
323.0
363.0
233.0
323.0
424.0
430.0
327.0
513.0
311.0
280.0
347.0
352.0
477.0
371.0
455.0
323.0
401.0
295.0
213.0
406.0
290.0
316.0
340.0
735.0
383.0
409.0
367.0
301.0
296.0
332.0
357.0
429.0
301.0
327.0
318.0
330.0
248.0
322.0
297.0
330.0
312.0
586.0
304.0
358.0
417.0
348.0
340.0
243.0
217.0
399.0
423.0
453.0
337.0
357.0
509.0
264.0
280.0
415.0
313.0
247.0
464.0
411.0
293.0
329.0
284.0
333.0
543.0
280.0
374.0
354.0
340.0
227.0
321.0
397.0
342.0
380.0
472.0
247.0
544.0
329.0
345.0
402.0
209.0
379.0
353.0
252.0
348.0
231.0
366.0
406.0
384.0
279.0
328.0
332.0
363.0
478.0
302.0
447.0
290.0
246.0
442.0
218.0
351.0
377.0
245.0
331.0
405.0
305.0
306.0
388.0
307.0
366.0
365.0
391.0
281.0
373.0
538.0
313.0
500.0
335.0
425.0
285.0
356.0
341.0
429.0
280.0
435.0
255.0
295.0
288.0
348.0
304.0
270.0
388.0
294.0
298.0
320.0
464.0
277.0
285.0
304.0
469.0
236.0
390.0
296.0
349.0
276.0
454.0
442.0
401.0
456.0
256.0
393.0
376.0
277.0
337.0
500.0
321.0
291.0
365.0
500.0
335.0
241.0
368.0
346.0
432.0
349.0
349.0
284.0
487.0
279.0
327.0
230.0
393.0
377.0
237.0
393.0
322.0
395.0
371.0
304.0
431.0
362.0
290.0
332.0
357.0
284.0
312.0
283.0
292.0
541.0
352.0
291.0
454.0
357.0
382.0
535.0
347.0
372.0
292.0
212.0
362.0
270.0
419.0
432.0
362.0
431.0
439.0
296.0
943.0
414.0
282.0
278.0
273.0
428.0
259.0
442.0
363.0
475.0
414.0
273.0
373.0
251.0
262.0
345.0
488.0
500.0
316.0
292.0
334.0
337.0
293.0
301.0
274.0
356.0
337.0
377.0
346.0
432.0
520.0
387.0
375.0
225.0
347.0
358.0
348.0
740.0
410.0
263.0
466.0
591.0
390.0
304.0
330.0
384.0
394.0
266.0
331.0
308.0
334.0
311.0
292.0
440.0
298.0
228.0
396.0
392.0
307.0
275.0
449.0
237.0
269.0
361.0
374.0
353.0
268.0
348.0
385.0
446.0
339.0
382.0
391.0
325.0
343.0
439.0
289.0
295.0
334.0
265.0
347.0
252.0
341.0
300.0
363.0
281.0
397.0
477.0
354.0
432.0
474.0
458.0
272.0
295.0
204.0
300.0
397.0
474.0
206.0
256.0
404.0
336.0
396.0
583.0
350.0
387.0
322.0
406.0
392.0
367.0
370.0
387.0
421.0
384.0
249.0
299.0
368.0
389.0
305.0
405.0
353.0
348.0
288.0
301.0
341.0
435.0
401.0
379.0
263.0
307.0
321.0
397.0
632.0
481.0
329.0
449.0
398.0
291.0
208.0
434.0
466.0
389.0
359.0
204.0
459.0
520.0
398.0
255.0
289.0
238.0
218.0
487.0
254.0
430.0
215.0
391.0
315.0
307.0
397.0
461.0
340.0
463.0
291.0
347.0
435.0
301.0
352.0
217.0
290.0
283.0
430.0
381.0
425.0
327.0
347.0
345.0
254.0
230.0
368.0
456.0
277.0
563.0
294.0
274.0
379.0
410.0
396.0
275.0
275.0
359.0
343.0
401.0
427.0
365.0
300.0
328.0
292.0
310.0
245.0
322.0
728.0
338.0
257.0
435.0
425.0
409.0
533.0
426.0
310.0
340.0
1006.0
272.0
326.0
304.0
363.0
224.0
383.0
464.0
353.0
308.0
295.0
479.0
383.0
402.0
371.0
347.0
342.0
457.0
458.0
253.0
271.0
433.0
349.0
332.0
325.0
295.0
516.0
361.0
606.0
350.0
301.0
335.0
221.0
462.0
386.0
321.0
314.0
303.0
631.0
413.0
281.0
282.0
273.0
296.0
352.0
285.0
446.0
332.0
270.0
303.0
390.0
582.0
360.0
414.0
272.0
341.0
414.0
344.0
349.0
459.0
375.0
264.0
340.0
436.0
540.0
419.0
509.0
415.0
351.0
293.0
363.0
374.0
448.0
334.0
339.0
369.0
283.0
368.0
432.0
263.0
306.0
301.0
334.0
373.0
351.0
351.0
553.0
238.0
361.0
254.0
379.0
398.0
316.0
269.0
513.0
472.0
370.0
453.0
271.0
455.0
226.0
379.0
418.0
384.0
304.0
391.0
303.0
403.0
320.0
426.0
489.0
301.0
358.0
548.0
280.0
211.0
283.0
406.0
300.0
330.0
258.0
251.0
482.0
368.0
272.0
347.0
361.0
291.0
322.0
314.0
485.0
493.0
568.0
305.0
306.0
353.0
524.0
390.0
263.0
240.0
346.0
358.0
274.0
461.0
263.0
494.0
372.0
349.0
303.0
432.0
221.0
355.0
281.0
320.0
471.0
419.0
635.0
413.0
415.0
248.0
338.0
410.0
271.0
308.0
417.0
346.0
419.0
368.0
508.0
430.0
337.0
223.0
429.0
217.0
376.0
263.0
345.0
388.0
332.0
265.0
311.0
371.0
630.0
540.0
351.0
447.0
358.0
345.0
405.0
247.0
463.0
318.0
345.0
293.0
262.0
391.0
275.0
336.0
322.0
608.0
268.0
440.0
393.0
411.0
304.0
258.0
371.0
319.0
287.0
577.0
332.0
318.0
374.0
418.0
293.0
393.0
391.0
256.0
316.0
265.0
735.0
445.0
288.0
291.0
261.0
372.0
287.0
388.0
257.0
354.0
293.0
550.0
364.0
313.0
341.0
285.0
291.0
291.0
292.0
325.0
304.0
516.0
331.0
357.0
317.0
431.0
330.0
270.0
446.0
367.0
378.0
233.0
313.0
342.0
320.0
262.0
392.0
270.0
515.0
301.0
327.0
356.0
288.0
257.0
344.0
391.0
358.0
425.0
306.0
377.0
288.0
489.0
403.0
508.0
251.0
223.0
340.0
367.0
380.0
380.0
392.0
295.0
275.0
495.0
344.0
297.0
605.0
490.0
242.0
252.0
357.0
467.0
407.0
285.0
291.0
367.0
284.0
344.0
409.0
278.0
398.0
355.0
483.0
270.0
352.0
423.0
309.0
502.0
415.0
290.0
309.0
454.0
354.0
386.0
331.0
339.0
310.0
298.0
384.0
351.0
271.0
379.0
373.0
488.0
320.0
506.0
350.0
272.0
239.0
331.0
247.0
359.0
290.0
387.0
317.0
415.0
408.0
417.0
418.0
364.0
383.0
407.0
375.0
359.0
353.0
292.0
401.0
319.0
308.0
220.0
366.0
396.0
317.0
334.0
324.0
348.0
283.0
232.0
365.0
257.0
397.0
231.0
387.0
362.0
262.0
577.0
210.0
388.0
533.0
342.0
231.0
456.0
354.0
281.0
279.0
482.0
368.0
472.0
396.0
294.0
559.0
348.0
365.0
455.0
441.0
344.0
314.0
409.0
352.0
218.0
438.0
329.0
599.0
329.0
374.0
285.0
358.0
248.0
511.0
405.0
404.0
304.0
182.0
297.0
345.0
402.0
275.0
399.0
276.0
323.0
442.0
484.0
448.0
357.0
394.0
335.0
274.0
409.0
492.0
397.0
287.0
270.0
360.0
477.0
369.0
380.0
342.0
278.0
520.0
301.0
341.0
322.0
414.0
276.0
202.0
644.0
364.0
320.0
516.0
291.0
238.0
306.0
417.0
199.0
521.0
480.0
329.0
284.0
331.0
288.0
261.0
262.0
333.0
347.0
338.0
350.0
398.0
305.0
329.0
373.0
318.0
487.0
442.0
259.0
450.0
410.0
262.0
414.0
295.0
386.0
350.0
333.0
296.0
314.0
442.0
400.0
482.0
304.0
282.0
338.0
285.0
290.0
378.0
294.0
381.0
347.0
275.0
273.0
244.0
365.0
283.0
380.0
354.0
287.0
352.0
317.0
372.0
352.0
434.0
340.0
400.0
331.0
324.0
352.0
320.0
258.0
472.0
706.0
412.0
322.0
390.0
513.0
218.0
378.0
318.0
400.0
323.0
288.0
274.0
321.0
374.0
357.0
326.0
320.0
342.0
396.0
419.0
438.0
339.0
208.0
298.0
482.0
296.0
345.0
432.0
325.0
250.0
334.0
299.0
335.0
246.0
294.0
318.0
357.0
337.0
345.0
182.0
407.0
447.0
402.0
292.0
384.0
262.0
440.0
319.0
243.0
425.0
300.0
430.0
374.0
708.0
354.0
342.0
346.0
227.0
508.0
346.0
333.0
316.0
423.0
431.0
408.0
359.0
325.0
275.0
305.0
310.0
367.0
527.0
342.0
311.0
296.0
274.0
298.0
219.0
459.0
476.0
205.0
299.0
238.0
340.0
352.0
477.0
264.0
300.0
419.0
407.0
303.0
444.0
286.0
366.0
233.0
278.0
469.0
349.0
310.0
391.0
345.0
327.0
340.0
365.0
479.0
368.0
476.0
314.0
236.0
347.0
342.0
362.0
363.0
298.0
302.0
523.0
295.0
325.0
337.0
292.0
238.0
286.0
386.0
274.0
399.0
277.0
544.0
312.0
461.0
289.0
343.0
455.0
467.0
345.0
484.0
359.0
223.0
444.0
292.0
471.0
356.0
357.0
314.0
291.0
256.0
273.0
303.0
403.0
395.0
361.0
363.0
366.0
218.0
324.0
390.0
339.0
369.0
366.0
302.0
299.0
323.0
319.0
431.0
330.0
386.0
412.0
615.0
417.0
246.0
404.0
249.0
340.0
304.0
228.0
462.0
333.0
314.0
288.0
269.0
256.0
327.0
280.0
434.0
320.0
530.0
314.0
305.0
306.0
209.0
576.0
317.0
257.0
472.0
253.0
361.0
332.0
293.0
300.0
365.0
463.0
257.0
334.0
340.0
308.0
396.0
363.0
342.0
324.0
361.0
385.0
399.0
330.0
285.0
360.0
370.0
299.0
440.0
672.0
377.0
364.0
474.0
392.0
393.0
433.0
318.0
394.0
322.0
399.0
328.0
344.0
273.0
502.0
385.0
448.0
319.0
242.0
451.0
301.0
361.0
279.0
290.0
294.0
449.0
333.0
314.0
428.0
343.0
227.0
296.0
403.0
244.0
363.0
323.0
312.0
208.0
293.0
395.0
409.0
324.0
332.0
565.0
432.0
356.0
249.0
362.0
303.0
390.0
290.0
284.0
381.0
341.0
317.0
377.0
253.0
308.0
302.0
1457.0
459.0
467.0
325.0
308.0
397.0
376.0
305.0
319.0
293.0
223.0
509.0
288.0
366.0
223.0
555.0
465.0
420.0
220.0
328.0
385.0
228.0
306.0
425.0
339.0
394.0
344.0
440.0
431.0
382.0
322.0
274.0
393.0
229.0
310.0
596.0
630.0
458.0
322.0
289.0
188.0
300.0
296.0
397.0
435.0
327.0
317.0
238.0
418.0
337.0
289.0
454.0
251.0
492.0
268.0
277.0
362.0
319.0
438.0
438.0
330.0
257.0
234.0
362.0
324.0
382.0
299.0
430.0
495.0
293.0
391.0
278.0
284.0
223.0
272.0
538.0
231.0
325.0
231.0
324.0
557.0
426.0
266.0
310.0
428.0
424.0
392.0
374.0
299.0
395.0
471.0
410.0
218.0
304.0
431.0
226.0
333.0
308.0
513.0
385.0
299.0
295.0
356.0
255.0
367.0
489.0
423.0
333.0
375.0
418.0
348.0
426.0
304.0
308.0
306.0
457.0
274.0
397.0
305.0
394.0
282.0
632.0
259.0
350.0
297.0
304.0
287.0
288.0
395.0
328.0
330.0
384.0
301.0
326.0
281.0
389.0
218.0
325.0
388.0
365.0
414.0
374.0
333.0
358.0
336.0
347.0
342.0
346.0
239.0
391.0
416.0
324.0
408.0
278.0
327.0
280.0
417.0
239.0
299.0
277.0
345.0
503.0
261.0
514.0
309.0
296.0
378.0
435.0
332.0
238.0
494.0
698.0
416.0
340.0
410.0
298.0
274.0
294.0
301.0
243.0
394.0
440.0
246.0
302.0
407.0
456.0
299.0
346.0
298.0
201.0
454.0
288.0
417.0
447.0
365.0
334.0
231.0
597.0
424.0
385.0
343.0
441.0
311.0
372.0
374.0
382.0
448.0
250.0
346.0
370.0
392.0
371.0
348.0
357.0
452.0
432.0
497.0
254.0
468.0
319.0
235.0
237.0
404.0
431.0
301.0
501.0
263.0
399.0
306.0
357.0
338.0
268.0
427.0
792.0
492.0
406.0
426.0
219.0
332.0
368.0
372.0
322.0
272.0
361.0
337.0
252.0
235.0
272.0
368.0
326.0
406.0
378.0
331.0
260.0
264.0
650.0
312.0
296.0
411.0
279.0
407.0
340.0
354.0
381.0
253.0
403.0
373.0
364.0
391.0
275.0
402.0
453.0
302.0
283.0
380.0
566.0
310.0
325.0
313.0
305.0
431.0
298.0
240.0
293.0
304.0
540.0
280.0
491.0
392.0
327.0
430.0
204.0
366.0
427.0
261.0
410.0
422.0
288.0
354.0
383.0
352.0
443.0
403.0
370.0
397.0
344.0
505.0
315.0
390.0
367.0
346.0
308.0
363.0
307.0
640.0
250.0
360.0
352.0
360.0
295.0
304.0
335.0
365.0
460.0
466.0
327.0
236.0
257.0
210.0
360.0
467.0
316.0
368.0
429.0
277.0
457.0
348.0
323.0
280.0
385.0
321.0
337.0
352.0
319.0
195.0
378.0
291.0
310.0
439.0
307.0
387.0
400.0
360.0
334.0
321.0
301.0
347.0
439.0
303.0
378.0
380.0
427.0
423.0
323.0
257.0
403.0
536.0
227.0
425.0
435.0
316.0
361.0
366.0
409.0
282.0
403.0
390.0
461.0
349.0
454.0
371.0
369.0
313.0
344.0
385.0
418.0
365.0
237.0
315.0
385.0
311.0
289.0
1349.0
301.0
340.0
342.0
331.0
375.0
470.0
352.0
392.0
489.0
387.0
293.0
359.0
383.0
342.0
403.0
308.0
382.0
355.0
277.0
354.0
415.0
456.0
365.0
294.0
270.0
351.0
302.0
322.0
369.0
293.0
454.0
316.0
380.0
294.0
305.0
269.0
318.0
294.0
264.0
278.0
274.0
317.0
435.0
335.0
322.0
276.0
403.0
315.0
268.0
406.0
310.0
247.0
424.0
312.0
538.0
266.0
364.0
498.0
438.0
388.0
419.0
298.0
476.0
250.0
470.0
374.0
424.0
327.0
385.0
397.0
282.0
517.0
305.0
393.0
453.0
353.0
459.0
273.0
357.0
507.0
386.0
403.0
305.0
396.0
282.0
373.0
280.0
348.0
304.0
440.0
566.0
264.0
372.0
285.0
302.0
280.0
451.0
424.0
353.0
284.0
388.0
381.0
318.0
341.0
292.0
344.0
347.0
415.0
252.0
427.0
244.0
345.0
254.0
396.0
331.0
293.0
427.0
453.0
305.0
543.0
279.0
234.0
266.0
395.0
337.0
474.0
326.0
342.0
416.0
323.0
355.0
337.0
358.0
389.0
243.0
404.0
519.0
409.0
372.0
325.0
351.0
263.0
308.0
412.0
300.0
426.0
354.0
261.0
389.0
419.0
378.0
350.0
395.0
401.0
328.0
324.0
242.0
288.0
256.0
461.0
485.0
530.0
436.0
519.0
303.0
243.0
316.0
317.0
525.0
243.0
344.0
339.0
417.0
435.0
367.0
360.0
402.0
317.0
251.0
354.0
459.0
315.0
440.0
218.0
373.0
373.0
365.0
274.0
442.0
321.0
351.0
345.0
364.0
302.0
488.0
336.0
318.0
332.0
429.0
309.0
344.0
333.0
403.0
448.0
279.0
417.0
315.0
331.0
1105.0
272.0
361.0
297.0
365.0
588.0
277.0
372.0
322.0
276.0
353.0
374.0
241.0
387.0
247.0
320.0
385.0
286.0
298.0
335.0
534.0
359.0
263.0
240.0
367.0
432.0
424.0
374.0
337.0
397.0
421.0
505.0
272.0
391.0
471.0
365.0
243.0
211.0
341.0
335.0
600.0
247.0
278.0
341.0
411.0
243.0
329.0
465.0
230.0
282.0
337.0
353.0
296.0
310.0
390.0
272.0
436.0
291.0
519.0
352.0
308.0
291.0
353.0
371.0
344.0
345.0
292.0
317.0
438.0
348.0
341.0
445.0
285.0
468.0
431.0
298.0
275.0
585.0
271.0
523.0
356.0
452.0
302.0
431.0
336.0
447.0
333.0
325.0
333.0
235.0
359.0
308.0
313.0
279.0
241.0
477.0
470.0
325.0
375.0
261.0
384.0
205.0
343.0
264.0
392.0
274.0
401.0
203.0
393.0
508.0
353.0
314.0
377.0
317.0
276.0
409.0
336.0
392.0
283.0
282.0
460.0
210.0
363.0
438.0
377.0
270.0
423.0
484.0
377.0
359.0
312.0
285.0
319.0
276.0
363.0
306.0
309.0
296.0
300.0
305.0
461.0
327.0
304.0
459.0
312.0
437.0
318.0
421.0
374.0
313.0
397.0
300.0
269.0
420.0
243.0
341.0
381.0
889.0
283.0
417.0
311.0
288.0
355.0
340.0
268.0
305.0
444.0
297.0
408.0
444.0
228.0
385.0
356.0
507.0
392.0
330.0
298.0
337.0
374.0
305.0
250.0
333.0
371.0
341.0
296.0
442.0
360.0
246.0
480.0
479.0
250.0
301.0
199.0
306.0
305.0
366.0
356.0
444.0
344.0
326.0
288.0
308.0
231.0
335.0
393.0
383.0
253.0
311.0
340.0
235.0
351.0
360.0
493.0
521.0
218.0
400.0
301.0
437.0
356.0
398.0
281.0
336.0
300.0
313.0
305.0
279.0
309.0
278.0
571.0
221.0
367.0
276.0
279.0
405.0
270.0
268.0
337.0
525.0
485.0
313.0
180.0
232.0
640.0
414.0
295.0
338.0
299.0
264.0
364.0
662.0
383.0
432.0
253.0
412.0
315.0
309.0
350.0
381.0
242.0
527.0
441.0
355.0
402.0
173.0
313.0
300.0
531.0
263.0
260.0
276.0
289.0
447.0
305.0
396.0
414.0
441.0
428.0
411.0
254.0
354.0
366.0
300.0
383.0
324.0
312.0
301.0
297.0
298.0
274.0
419.0
263.0
294.0
414.0
499.0
278.0
342.0
306.0
255.0
243.0
396.0
268.0
454.0
484.0
502.0
375.0
310.0
385.0
279.0
306.0
236.0
290.0
367.0
373.0
321.0
393.0
352.0
389.0
408.0
444.0
390.0
308.0
332.0
391.0
286.0
378.0
248.0
317.0
453.0
341.0
292.0
382.0
439.0
362.0
390.0
271.0
289.0
476.0
480.0
340.0
400.0
377.0
415.0
276.0
623.0
338.0
401.0
433.0
264.0
387.0
370.0
341.0
353.0
401.0
268.0
286.0
416.0
348.0
277.0
359.0
335.0
378.0
469.0
319.0
296.0
323.0
281.0
340.0
296.0
397.0
293.0
377.0
292.0
470.0
242.0
274.0
530.0
475.0
387.0
417.0
465.0
237.0
406.0
434.0
361.0
388.0
313.0
416.0
261.0
280.0
494.0
286.0
907.0
299.0
528.0
245.0
311.0
279.0
288.0
307.0
557.0
271.0
386.0
371.0
269.0
296.0
306.0
304.0
360.0
235.0
472.0
365.0
396.0
270.0
255.0
308.0
348.0
316.0
480.0
514.0
326.0
298.0
489.0
362.0
485.0
384.0
497.0
311.0
307.0
428.0
376.0
293.0
380.0
286.0
280.0
530.0
319.0
366.0
303.0
235.0
331.0
360.0
364.0
461.0
303.0
384.0
306.0
343.0
401.0
367.0
264.0
230.0
314.0
359.0
248.0
309.0
355.0
238.0
411.0
326.0
345.0
194.0
317.0
317.0
261.0
246.0
298.0
327.0
377.0
597.0
318.0
258.0
356.0
277.0
248.0
449.0
385.0
472.0
323.0
315.0
1289.0
529.0
247.0
293.0
411.0
556.0
408.0
392.0
292.0
253.0
453.0
256.0
404.0
397.0
332.0
327.0
278.0
262.0
363.0
391.0
298.0
428.0
481.0
364.0
355.0
296.0
267.0
398.0
327.0
272.0
473.0
456.0
411.0
450.0
245.0
297.0
245.0
456.0
330.0
290.0
311.0
289.0
389.0
420.0
320.0
228.0
431.0
406.0
423.0
306.0
234.0
410.0
427.0
359.0
336.0
364.0
244.0
343.0
352.0
602.0
195.0
400.0
248.0
305.0
319.0
413.0
461.0
324.0
281.0
375.0
298.0
531.0
279.0
294.0
312.0
399.0
337.0
370.0
355.0
251.0
463.0
346.0
239.0
242.0
318.0
391.0
342.0
317.0
262.0
270.0
405.0
471.0
298.0
350.0
276.0
461.0
404.0
378.0
276.0
326.0
357.0
432.0
357.0
368.0
340.0
384.0
259.0
398.0
368.0
383.0
296.0
356.0
279.0
297.0
300.0
298.0
286.0
259.0
337.0
307.0
349.0
477.0
289.0
321.0
306.0
414.0
405.0
351.0
294.0
437.0
386.0
320.0
426.0
402.0
301.0
373.0
413.0
365.0
330.0
370.0
269.0
259.0
367.0
592.0
367.0
484.0
312.0
439.0
386.0
348.0
421.0
297.0
259.0
326.0
326.0
441.0
443.0
407.0
445.0
406.0
324.0
393.0
261.0
308.0
356.0
277.0
455.0
433.0
320.0
317.0
489.0
498.0
251.0
359.0
325.0
374.0
285.0
341.0
355.0
450.0
342.0
317.0
330.0
322.0
294.0
395.0
453.0
323.0
328.0
463.0
628.0
457.0
507.0
267.0
401.0
348.0
376.0
336.0
351.0
440.0
241.0
249.0
323.0
240.0
328.0
413.0
364.0
440.0
384.0
390.0
379.0
299.0
262.0
466.0
350.0
514.0
392.0
241.0
270.0
541.0
386.0
296.0
232.0
491.0
309.0
344.0
294.0
314.0
418.0
251.0
311.0
303.0
446.0
330.0
388.0
319.0
409.0
273.0
314.0
419.0
335.0
391.0
401.0
394.0
297.0
448.0
374.0
305.0
372.0
394.0
559.0
300.0
330.0
480.0
628.0
416.0
333.0
227.0
316.0
525.0
393.0
264.0
235.0
421.0
261.0
313.0
329.0
309.0
426.0
281.0
507.0
436.0
371.0
319.0
379.0
413.0
291.0
598.0
262.0
429.0
273.0
331.0
509.0
379.0
263.0
352.0
437.0
263.0
336.0
335.0
384.0
472.0
439.0
358.0
445.0
266.0
358.0
251.0
515.0
296.0
394.0
251.0
340.0
401.0
309.0
338.0
303.0
339.0
422.0
381.0
353.0
447.0
364.0
478.0
546.0
404.0
477.0
360.0
403.0
324.0
433.0
371.0
410.0
291.0
441.0
416.0
246.0
355.0
378.0
340.0
336.0
329.0
372.0
508.0
344.0
294.0
313.0
441.0
363.0
277.0
363.0
418.0
331.0
351.0
261.0
309.0
321.0
330.0
268.0
510.0
405.0
371.0
362.0
408.0
229.0
469.0
425.0
230.0
475.0
389.0
297.0
322.0
203.0
349.0
440.0
454.0
366.0
268.0
204.0
351.0
339.0
468.0
329.0
475.0
355.0
989.0
517.0
434.0
629.0
257.0
267.0
465.0
338.0
198.0
336.0
314.0
307.0
392.0
311.0
379.0
339.0
401.0
368.0
408.0
302.0
401.0
339.0
342.0
318.0
348.0
291.0
350.0
420.0
422.0
504.0
345.0
530.0
278.0
313.0
415.0
499.0
364.0
413.0
649.0
302.0
294.0
291.0
221.0
571.0
384.0
296.0
360.0
295.0
355.0
364.0
328.0
284.0
294.0
404.0
351.0
228.0
393.0
393.0
300.0
279.0
291.0
265.0
448.0
376.0
301.0
377.0
385.0
303.0
333.0
375.0
434.0
249.0
442.0
287.0
349.0
405.0
364.0
340.0
339.0
325.0
495.0
326.0
358.0
284.0
225.0
339.0
416.0
336.0
353.0
514.0
400.0
366.0
494.0
328.0
341.0
414.0
282.0
462.0
530.0
532.0
381.0
297.0
348.0
289.0
397.0
320.0
310.0
472.0
224.0
255.0
475.0
279.0
339.0
397.0
298.0
446.0
350.0
262.0
430.0
257.0
246.0
279.0
322.0
348.0
205.0
267.0
357.0
385.0
363.0
478.0
279.0
477.0
300.0
237.0
352.0
348.0
395.0
203.0
342.0
587.0
292.0
372.0
324.0
512.0
296.0
323.0
301.0
286.0
316.0
554.0
378.0
403.0
331.0
444.0
291.0
223.0
313.0
455.0
350.0
320.0
285.0
352.0
356.0
391.0
449.0
246.0
276.0
313.0
368.0
488.0
382.0
416.0
432.0
296.0
470.0
276.0
448.0
468.0
272.0
344.0
331.0
299.0
388.0
307.0
429.0
264.0
335.0
275.0
395.0
341.0
392.0
418.0
321.0
390.0
248.0
325.0
356.0
402.0
235.0
391.0
317.0
299.0
533.0
342.0
361.0
396.0
361.0
324.0
268.0
318.0
340.0
408.0
263.0
430.0
276.0
455.0
487.0
332.0
367.0
340.0
356.0
423.0
477.0
363.0
411.0
299.0
276.0
439.0
315.0
379.0
388.0
450.0
423.0
405.0
259.0
346.0
319.0
319.0
397.0
215.0
329.0
324.0
693.0
429.0
341.0
305.0
453.0
379.0
302.0
392.0
273.0
259.0
370.0
350.0
225.0
228.0
428.0
446.0
270.0
314.0
322.0
440.0
243.0
242.0
461.0
313.0
427.0
282.0
368.0
450.0
333.0
311.0
447.0
330.0
414.0
199.0
299.0
273.0
393.0
371.0
258.0
432.0
347.0
660.0
345.0
300.0
334.0
327.0
343.0
366.0
373.0
304.0
306.0
497.0
314.0
352.0
373.0
294.0
337.0
371.0
334.0
325.0
340.0
676.0
348.0
427.0
440.0
291.0
328.0
341.0
292.0
315.0
280.0
260.0
292.0
337.0
318.0
290.0
249.0
373.0
344.0
337.0
379.0
385.0
342.0
299.0
333.0
311.0
668.0
328.0
263.0
350.0
335.0
270.0
481.0
383.0
308.0
361.0
309.0
413.0
316.0
347.0
302.0
283.0
451.0
300.0
262.0
390.0
359.0
245.0
412.0
345.0
422.0
284.0
334.0
391.0
408.0
269.0
265.0
350.0
392.0
416.0
314.0
329.0
300.0
274.0
296.0
254.0
205.0
220.0
412.0
450.0
323.0
343.0
353.0
451.0
340.0
328.0
471.0
352.0
296.0
397.0
321.0
382.0
442.0
486.0
306.0
400.0
357.0
223.0
611.0
550.0
260.0
270.0
276.0
525.0
394.0
272.0
327.0
365.0
414.0
269.0
269.0
328.0
231.0
606.0
301.0
285.0
552.0
264.0
267.0
456.0
406.0
283.0
260.0
316.0
306.0
321.0
240.0
353.0
292.0
341.0
397.0
389.0
275.0
413.0
323.0
527.0
399.0
370.0
373.0
312.0
356.0
325.0
219.0
218.0
289.0
318.0
470.0
401.0
394.0
320.0
442.0
493.0
293.0
339.0
299.0
333.0
402.0
423.0
312.0
301.0
350.0
386.0
554.0
467.0
486.0
387.0
278.0
333.0
224.0
415.0
491.0
511.0
346.0
315.0
256.0
297.0
243.0
334.0
351.0
272.0
439.0
205.0
441.0
347.0
349.0
402.0
411.0
306.0
262.0
514.0
465.0
443.0
276.0
373.0
259.0
330.0
425.0
374.0
338.0
327.0
313.0
270.0
446.0
357.0
261.0
393.0
453.0
286.0
321.0
356.0
404.0
272.0
305.0
308.0
318.0
432.0
262.0
331.0
312.0
369.0
355.0
419.0
321.0
593.0
469.0
313.0
349.0
248.0
305.0
334.0
325.0
453.0
340.0
423.0
300.0
312.0
387.0
380.0
353.0
284.0
312.0
330.0
294.0
446.0
361.0
468.0
348.0
353.0
273.0
331.0
210.0
351.0
380.0
375.0
341.0
430.0
256.0
317.0
320.0
311.0
402.0
359.0
352.0
322.0
332.0
361.0
585.0
357.0
475.0
281.0
453.0
447.0
330.0
355.0
490.0
327.0
280.0
411.0
302.0
219.0
452.0
314.0
364.0
395.0
349.0
280.0
318.0
389.0
431.0
271.0
258.0
301.0
336.0
359.0
399.0
317.0
350.0
395.0
399.0
298.0
355.0
314.0
384.0
339.0
270.0
289.0
355.0
262.0
241.0
496.0
310.0
224.0
407.0
274.0
744.0
383.0
231.0
427.0
330.0
340.0
414.0
220.0
509.0
724.0
303.0
332.0
380.0
466.0
441.0
414.0
276.0
353.0
413.0
557.0
299.0
275.0
383.0
373.0
368.0
445.0
320.0
263.0
265.0
247.0
334.0
522.0
377.0
340.0
386.0
504.0
360.0
256.0
403.0
444.0
327.0
246.0
361.0
232.0
369.0
341.0
390.0
224.0
285.0
379.0
411.0
392.0
317.0
311.0
307.0
511.0
441.0
345.0
219.0
364.0
379.0
360.0
254.0
314.0
245.0
342.0
258.0
293.0
321.0
301.0
383.0
368.0
416.0
410.0
367.0
287.0
394.0
576.0
424.0
322.0
378.0
386.0
300.0
300.0
404.0
332.0
324.0
237.0
365.0
365.0
357.0
548.0
279.0
384.0
365.0
520.0
442.0
322.0
267.0
411.0
349.0
296.0
316.0
346.0
316.0
417.0
327.0
346.0
354.0
313.0
297.0
415.0
449.0
492.0
420.0
538.0
381.0
364.0
402.0
413.0
302.0
373.0
335.0
400.0
276.0
253.0
226.0
398.0
403.0
419.0
393.0
311.0
340.0
193.0
487.0
284.0
256.0
451.0
325.0
366.0
350.0
389.0
382.0
398.0
177.0
386.0
420.0
352.0
358.0
301.0
383.0
444.0
359.0
344.0
284.0
371.0
456.0
490.0
381.0
442.0
313.0
397.0
348.0
299.0
242.0
521.0
237.0
328.0
504.0
327.0
342.0
334.0
400.0
433.0
396.0
408.0
398.0
297.0
339.0
281.0
494.0
350.0
396.0
360.0
408.0
351.0
342.0
283.0
368.0
501.0
433.0
432.0
287.0
305.0
470.0
286.0
318.0
326.0
295.0
624.0
271.0
388.0
383.0
382.0
427.0
356.0
395.0
402.0
400.0
819.0
296.0
386.0
257.0
329.0
260.0
500.0
581.0
342.0
416.0
244.0
452.0
347.0
367.0
485.0
392.0
401.0
349.0
386.0
271.0
277.0
363.0
335.0
377.0
389.0
314.0
370.0
251.0
365.0
292.0
438.0
310.0
486.0
280.0
359.0
277.0
266.0
291.0
510.0
304.0
398.0
339.0
545.0
354.0
239.0
287.0
360.0
248.0
342.0
542.0
362.0
223.0
386.0
335.0
373.0
405.0
360.0
289.0
375.0
266.0
328.0
254.0
255.0
594.0
529.0
522.0
336.0
310.0
398.0
245.0
439.0
298.0
285.0
325.0
296.0
370.0
360.0
415.0
370.0
435.0
367.0
400.0
362.0
410.0
489.0
313.0
322.0
323.0
457.0
357.0
355.0
317.0
433.0
446.0
322.0
415.0
351.0
219.0
309.0
343.0
432.0
433.0
443.0
394.0
414.0
411.0
285.0
394.0
304.0
316.0
411.0
337.0
367.0
410.0
373.0
247.0
386.0
361.0
392.0
344.0
427.0
478.0
333.0
287.0
249.0
354.0
417.0
339.0
343.0
332.0
380.0
350.0
466.0
290.0
416.0
318.0
375.0
349.0
339.0
438.0
376.0
332.0
333.0
378.0
258.0
566.0
569.0
321.0
300.0
367.0
429.0
303.0
380.0
297.0
372.0
596.0
290.0
463.0
360.0
343.0
334.0
247.0
305.0
350.0
404.0
312.0
372.0
403.0
303.0
290.0
370.0
395.0
336.0
383.0
250.0
365.0
290.0
507.0
332.0
300.0
439.0
395.0
553.0
504.0
475.0
360.0
356.0
236.0
250.0
468.0
295.0
358.0
441.0
325.0
221.0
285.0
299.0
355.0
435.0
303.0
508.0
437.0
423.0
439.0
322.0
228.0
366.0
333.0
382.0
448.0
298.0
395.0
357.0
268.0
346.0
410.0
309.0
336.0
390.0
342.0
356.0
454.0
355.0
378.0
310.0
440.0
301.0
428.0
386.0
291.0
594.0
426.0
395.0
254.0
316.0
398.0
449.0
300.0
417.0
346.0
357.0
334.0
296.0
393.0
286.0
280.0
282.0
352.0
332.0
328.0
431.0
389.0
415.0
344.0
312.0
325.0
349.0
357.0
305.0
335.0
417.0
285.0
233.0
286.0
468.0
334.0
318.0
395.0
335.0
322.0
301.0
401.0
301.0
352.0
436.0
374.0
275.0
337.0
312.0
351.0
345.0
458.0
434.0
304.0
339.0
313.0
329.0
365.0
361.0
469.0
297.0
400.0
332.0
301.0
470.0
302.0
332.0
350.0
315.0
303.0
368.0
398.0
357.0
384.0
370.0
550.0
241.0
243.0
292.0
284.0
423.0
393.0
331.0
257.0
433.0
490.0
316.0
322.0
511.0
341.0
326.0
263.0
264.0
315.0
710.0
238.0
299.0
358.0
459.0
401.0
263.0
550.0
356.0
417.0
392.0
396.0
333.0
357.0
264.0
527.0
246.0
370.0
305.0
290.0
343.0
230.0
446.0
556.0
368.0
313.0
251.0
304.0
328.0
380.0
457.0
330.0
466.0
250.0
373.0
316.0
573.0
309.0
296.0
312.0
473.0
370.0
254.0
330.0
285.0
318.0
322.0
287.0
488.0
358.0
250.0
500.0
271.0
429.0
381.0
283.0
421.0
236.0
310.0
274.0
269.0
377.0
413.0
293.0
269.0
510.0
331.0
380.0
242.0
364.0
529.0
374.0
408.0
275.0
434.0
416.0
413.0
221.0
250.0
315.0
472.0
309.0
451.0
724.0
287.0
357.0
441.0
272.0
416.0
351.0
394.0
276.0
383.0
347.0
268.0
340.0
420.0
328.0
465.0
286.0
454.0
401.0
292.0
384.0
366.0
377.0
309.0
383.0
380.0
291.0
356.0
469.0
334.0
254.0
361.0
382.0
388.0
412.0
346.0
344.0
302.0
376.0
387.0
383.0
304.0
326.0
315.0
321.0
331.0
356.0
391.0
330.0
299.0
463.0
312.0
238.0
395.0
316.0
305.0
346.0
322.0
268.0
385.0
292.0
519.0
240.0
299.0
235.0
359.0
347.0
354.0
303.0
207.0
359.0
408.0
396.0
301.0
250.0
502.0
317.0
342.0
348.0
440.0
363.0
391.0
366.0
424.0
280.0
339.0
268.0
307.0
183.0
323.0
353.0
368.0
267.0
422.0
294.0
376.0
276.0
380.0
362.0
453.0
413.0
441.0
340.0
332.0
510.0
381.0
267.0
405.0
308.0
269.0
296.0
481.0
327.0
384.0
236.0
281.0
301.0
311.0
280.0
396.0
274.0
333.0
297.0
510.0
394.0
457.0
280.0
353.0
317.0
394.0
448.0
279.0
405.0
270.0
356.0
395.0
367.0
268.0
411.0
372.0
333.0
295.0
358.0
382.0
301.0
266.0
338.0
248.0
356.0
407.0
449.0
345.0
321.0
277.0
441.0
319.0
403.0
458.0
361.0
411.0
285.0
257.0
504.0
563.0
257.0
338.0
363.0
491.0
287.0
373.0
302.0
252.0
309.0
369.0
308.0
309.0
484.0
238.0
444.0
326.0
279.0
345.0
394.0
507.0
251.0
274.0
357.0
264.0
316.0
354.0
388.0
318.0
470.0
325.0
340.0
392.0
317.0
341.0
395.0
347.0
449.0
524.0
386.0
343.0
369.0
352.0
386.0
312.0
386.0
391.0
375.0
292.0
399.0
274.0
347.0
314.0
214.0
278.0
472.0
342.0
257.0
371.0
405.0
277.0
350.0
413.0
376.0
368.0
514.0
370.0
321.0
325.0
487.0
322.0
372.0
600.0
246.0
283.0
360.0
443.0
310.0
316.0
380.0
406.0
429.0
390.0
292.0
333.0
291.0
365.0
345.0
350.0
305.0
457.0
391.0
319.0
383.0
443.0
325.0
471.0
263.0
302.0
353.0
436.0
354.0
431.0
399.0
268.0
357.0
306.0
255.0
296.0
298.0
490.0
236.0
275.0
468.0
330.0
284.0
371.0
409.0
307.0
317.0
300.0
340.0
287.0
381.0
271.0
350.0
331.0
314.0
557.0
312.0
455.0
335.0
358.0
298.0
396.0
522.0
382.0
484.0
298.0
343.0
474.0
316.0
338.0
294.0
337.0
239.0
428.0
404.0
363.0
361.0
352.0
305.0
277.0
332.0
429.0
288.0
293.0
304.0
291.0
589.0
408.0
323.0
287.0
455.0
356.0
323.0
492.0
315.0
470.0
314.0
322.0
405.0
280.0
464.0
320.0
364.0
282.0
319.0
272.0
412.0
371.0
369.0
321.0
292.0
248.0
474.0
271.0
360.0
257.0
399.0
408.0
358.0
402.0
404.0
336.0
319.0
195.0
264.0
373.0
294.0
307.0
316.0
359.0
415.0
418.0
417.0
233.0
368.0
339.0
285.0
463.0
333.0
274.0
368.0
324.0
365.0
540.0
294.0
404.0
412.0
430.0
618.0
413.0
268.0
354.0
382.0
399.0
426.0
451.0
395.0
281.0
319.0
443.0
305.0
403.0
383.0
303.0
344.0
401.0
527.0
447.0
383.0
262.0
346.0
385.0
356.0
308.0
215.0
294.0
907.0
376.0
449.0
312.0
455.0
349.0
318.0
315.0
338.0
330.0
339.0
351.0
360.0
385.0
372.0
345.0
368.0
304.0
520.0
325.0
320.0
354.0
507.0
547.0
315.0
268.0
411.0
439.0
305.0
275.0
355.0
299.0
320.0
336.0
266.0
387.0
291.0
364.0
347.0
292.0
350.0
324.0
308.0
387.0
383.0
424.0
447.0
627.0
435.0
524.0
331.0
457.0
326.0
315.0
280.0
267.0
306.0
397.0
369.0
310.0
316.0
268.0
515.0
453.0
420.0
452.0
449.0
489.0
357.0
393.0
390.0
282.0
372.0
238.0
492.0
398.0
330.0
447.0
443.0
260.0
404.0
418.0
273.0
429.0
293.0
408.0
266.0
289.0
347.0
386.0
347.0
334.0
366.0
436.0
232.0
404.0
312.0
316.0
284.0
520.0
483.0
246.0
310.0
365.0
278.0
334.0
378.0
300.0
627.0
363.0
482.0
295.0
429.0
413.0
355.0
447.0
275.0
370.0
420.0
357.0
209.0
356.0
393.0
440.0
424.0
272.0
313.0
487.0
350.0
339.0
507.0
317.0
409.0
245.0
301.0
337.0
529.0
384.0
371.0
330.0
422.0
389.0
389.0
335.0
422.0
459.0
418.0
527.0
243.0
369.0
350.0
512.0
410.0
310.0
351.0
257.0
325.0
341.0
314.0
307.0
448.0
374.0
553.0
357.0
281.0
405.0
456.0
373.0
348.0
440.0
337.0
418.0
195.0
347.0
432.0
177.0
390.0
238.0
364.0
284.0
671.0
267.0
336.0
380.0
275.0
371.0
305.0
539.0
377.0
326.0
297.0
352.0
338.0
293.0
348.0
463.0
235.0
336.0
281.0
355.0
231.0
252.0
384.0
413.0
329.0
455.0
268.0
411.0
379.0
471.0
356.0
366.0
305.0
343.0
276.0
428.0
339.0
370.0
211.0
440.0
318.0
385.0
421.0
303.0
316.0
257.0
280.0
539.0
258.0
446.0
265.0
235.0
358.0
321.0
254.0
565.0
409.0
344.0
321.0
514.0
308.0
286.0
330.0
427.0
315.0
329.0
350.0
294.0
429.0
461.0
328.0
391.0
366.0
260.0
373.0
282.0
382.0
387.0
350.0
347.0
332.0
369.0
317.0
266.0
383.0
546.0
313.0
541.0
298.0
394.0
587.0
292.0
256.0
323.0
433.0
203.0
382.0
336.0
305.0
326.0
377.0
337.0
365.0
301.0
311.0
379.0
285.0
329.0
351.0
229.0
353.0
402.0
335.0
307.0
445.0
312.0
233.0
353.0
442.0
371.0
410.0
325.0
338.0
335.0
308.0
396.0
369.0
352.0
263.0
496.0
429.0
349.0
420.0
322.0
329.0
318.0
332.0
500.0
343.0
322.0
539.0
317.0
488.0
374.0
554.0
446.0
315.0
333.0
301.0
339.0
391.0
517.0
198.0
330.0
291.0
443.0
346.0
206.0
344.0
386.0
387.0
351.0
355.0
442.0
434.0
408.0
190.0
339.0
340.0
389.0
452.0
318.0
405.0
435.0
309.0
314.0
415.0
310.0
383.0
244.0
341.0
372.0
330.0
423.0
321.0
471.0
336.0
372.0
561.0
201.0
358.0
279.0
482.0
349.0
395.0
305.0
269.0
292.0
334.0
222.0
224.0
342.0
323.0
393.0
445.0
381.0
289.0
291.0
445.0
325.0
398.0
435.0
298.0
301.0
297.0
332.0
403.0
313.0
281.0
556.0
259.0
397.0
366.0
349.0
338.0
381.0
349.0
335.0
966.0
279.0
443.0
340.0
309.0
399.0
420.0
351.0
292.0
434.0
396.0
441.0
394.0
291.0
353.0
347.0
313.0
378.0
347.0
278.0
341.0
407.0
607.0
321.0
266.0
221.0
429.0
309.0
305.0
352.0
508.0
362.0
393.0
475.0
298.0
293.0
335.0
323.0
350.0
272.0
474.0
255.0
365.0
366.0
336.0
311.0
348.0
355.0
545.0
310.0
398.0
434.0
250.0
307.0
332.0
434.0
498.0
436.0
484.0
300.0
369.0
325.0
448.0
269.0
268.0
348.0
374.0
378.0
401.0
430.0
366.0
331.0
376.0
383.0
373.0
393.0
396.0
336.0
969.0
355.0
318.0
274.0
277.0
406.0
499.0
379.0
373.0
308.0
293.0
242.0
546.0
355.0
272.0
401.0
336.0
437.0
210.0
455.0
341.0
337.0
509.0
200.0
385.0
430.0
346.0
390.0
271.0
412.0
391.0
407.0
345.0
361.0
261.0
356.0
413.0
428.0
291.0
314.0
341.0
501.0
589.0
324.0
243.0
325.0
401.0
452.0
386.0
277.0
431.0
406.0
396.0
315.0
267.0
298.0
324.0
242.0
255.0
365.0
407.0
261.0
315.0
290.0
307.0
371.0
373.0
530.0
328.0
340.0
323.0
423.0
320.0
371.0
375.0
406.0
225.0
378.0
349.0
329.0
332.0
316.0
424.0
373.0
604.0
353.0
398.0
348.0
315.0
417.0
286.0
382.0
342.0
295.0
386.0
360.0
397.0
427.0
326.0
318.0
395.0
287.0
247.0
392.0
393.0
348.0
418.0
414.0
270.0
261.0
447.0
484.0
306.0
493.0
344.0
370.0
363.0
428.0
292.0
249.0
286.0
288.0
310.0
501.0
568.0
289.0
334.0
381.0
429.0
334.0
230.0
396.0
318.0
270.0
392.0
355.0
441.0
222.0
317.0
333.0
336.0
411.0
235.0
318.0
338.0
297.0
457.0
345.0
341.0
351.0
322.0
428.0
348.0
469.0
366.0
381.0
195.0
441.0
233.0
448.0
552.0
568.0
472.0
225.0
380.0
263.0
299.0
398.0
297.0
345.0
320.0
480.0
264.0
348.0
403.0
365.0
346.0
376.0
393.0
455.0
380.0
282.0
325.0
474.0
302.0
307.0
349.0
329.0
279.0
297.0
413.0
371.0
345.0
286.0
360.0
364.0
319.0
429.0
320.0
381.0
290.0
323.0
358.0
373.0
264.0
254.0
359.0
477.0
372.0
469.0
449.0
439.0
359.0
309.0
311.0
276.0
330.0
383.0
296.0
406.0
265.0
299.0
307.0
329.0
951.0
398.0
322.0
380.0
446.0
344.0
295.0
284.0
352.0
553.0
289.0
292.0
368.0
292.0
274.0
252.0
271.0
453.0
365.0
345.0
243.0
306.0
344.0
454.0
267.0
401.0
466.0
434.0
352.0
308.0
363.0
326.0
434.0
358.0
281.0
415.0
490.0
361.0
358.0
412.0
464.0
252.0
365.0
387.0
271.0
229.0
345.0
412.0
338.0
452.0
462.0
214.0
537.0
533.0
358.0
268.0
309.0
347.0
250.0
337.0
405.0
309.0
428.0
292.0
346.0
271.0
273.0
266.0
400.0
460.0
436.0
226.0
347.0
457.0
392.0
388.0
416.0
428.0
434.0
335.0
274.0
299.0
370.0
371.0
458.0
256.0
363.0
291.0
300.0
355.0
470.0
363.0
333.0
279.0
395.0
377.0
341.0
318.0
321.0
335.0
340.0
329.0
353.0
273.0
409.0
388.0
389.0
444.0
435.0
439.0
272.0
336.0
409.0
344.0
390.0
450.0
353.0
405.0
333.0
382.0
495.0
318.0
422.0
542.0
279.0
307.0
252.0
348.0
358.0
259.0
329.0
419.0
323.0
308.0
320.0
539.0
394.0
387.0
272.0
336.0
453.0
389.0
544.0
323.0
361.0
347.0
398.0
371.0
262.0
346.0
196.0
278.0
384.0
356.0
392.0
366.0
435.0
458.0
247.0
223.0
388.0
402.0
306.0
235.0
345.0
373.0
294.0
325.0
331.0
489.0
410.0
330.0
486.0
340.0
363.0
435.0
198.0
288.0
507.0
357.0
423.0
342.0
281.0
268.0
234.0
294.0
496.0
388.0
409.0
303.0
299.0
370.0
361.0
385.0
448.0
330.0
372.0
320.0
307.0
402.0
398.0
293.0
384.0
417.0
402.0
325.0
305.0
381.0
352.0
294.0
289.0
515.0
302.0
290.0
492.0
302.0
429.0
323.0
344.0
325.0
331.0
263.0
355.0
350.0
246.0
338.0
309.0
296.0
298.0
362.0
342.0
372.0
438.0
450.0
400.0
390.0
252.0
409.0
333.0
385.0
434.0
502.0
385.0
404.0
387.0
345.0
415.0
322.0
534.0
335.0
371.0
217.0
381.0
353.0
460.0
560.0
421.0
369.0
556.0
326.0
406.0
363.0
303.0
416.0
389.0
201.0
441.0
321.0
264.0
317.0
467.0
416.0
346.0
284.0
271.0
257.0
317.0
339.0
364.0
333.0
485.0
286.0
214.0
248.0
416.0
969.0
495.0
281.0
387.0
362.0
343.0
389.0
389.0
278.0
349.0
404.0
410.0
328.0
392.0
349.0
361.0
380.0
398.0
356.0
346.0
319.0
375.0
455.0
464.0
418.0
286.0
339.0
261.0
386.0
352.0
397.0
526.0
255.0
374.0
314.0
333.0
327.0
288.0
271.0
336.0
342.0
424.0
432.0
373.0
338.0
377.0
309.0
369.0
289.0
352.0
357.0
527.0
250.0
462.0
485.0
270.0
284.0
451.0
331.0
271.0
292.0
453.0
357.0
350.0
368.0
375.0
383.0
344.0
463.0
297.0
227.0
505.0
418.0
463.0
340.0
348.0
261.0
328.0
668.0
303.0
285.0
310.0
353.0
288.0
328.0
315.0
322.0
349.0
356.0
300.0
410.0
321.0
304.0
223.0
320.0
336.0
472.0
350.0
282.0
416.0
354.0
387.0
259.0
422.0
463.0
420.0
312.0
286.0
393.0
284.0
323.0
274.0
634.0
396.0
311.0
454.0
252.0
259.0
395.0
330.0
348.0
377.0
458.0
284.0
309.0
356.0
281.0
476.0
353.0
405.0
305.0
217.0
302.0
270.0
342.0
364.0
213.0
395.0
309.0
372.0
300.0
391.0
438.0
410.0
425.0
274.0
301.0
378.0
242.0
392.0
317.0
452.0
289.0
337.0
399.0
299.0
340.0
350.0
373.0
390.0
296.0
393.0
477.0
329.0
320.0
416.0
449.0
366.0
315.0
251.0
543.0
329.0
280.0
285.0
640.0
433.0
371.0
369.0
260.0
382.0
307.0
298.0
356.0
229.0
356.0
294.0
371.0
335.0
344.0
418.0
310.0
260.0
476.0
207.0
322.0
253.0
355.0
279.0
452.0
381.0
316.0
342.0
377.0
403.0
301.0
297.0
513.0
293.0
322.0
453.0
368.0
282.0
269.0
399.0
352.0
271.0
467.0
418.0
282.0
331.0
396.0
286.0
351.0
273.0
391.0
321.0
437.0
468.0
252.0
316.0
378.0
288.0
288.0
351.0
391.0
371.0
276.0
331.0
334.0
361.0
367.0
491.0
404.0
359.0
307.0
340.0
338.0
374.0
357.0
284.0
270.0
395.0
283.0
324.0
342.0
369.0
293.0
323.0
360.0
304.0
371.0
231.0
332.0
522.0
251.0
306.0
343.0
477.0
319.0
430.0
341.0
248.0
241.0
364.0
362.0
288.0
299.0
394.0
377.0
383.0
407.0
233.0
403.0
355.0
353.0
344.0
583.0
301.0
409.0
362.0
530.0
378.0
247.0
272.0
312.0
264.0
380.0
252.0
344.0
368.0
460.0
371.0
348.0
320.0
360.0
298.0
385.0
575.0
460.0
380.0
264.0
614.0
434.0
425.0
375.0
379.0
359.0
501.0
282.0
355.0
277.0
322.0
308.0
296.0
301.0
328.0
344.0
395.0
318.0
389.0
393.0
208.0
409.0
289.0
560.0
401.0
223.0
271.0
355.0
350.0
441.0
346.0
663.0
254.0
397.0
311.0
270.0
306.0
274.0
387.0
355.0
213.0
484.0
503.0
287.0
221.0
344.0
340.0
495.0
305.0
388.0
418.0
255.0
258.0
454.0
339.0
309.0
458.0
348.0
301.0
365.0
952.0
326.0
419.0
255.0
350.0
267.0
350.0
344.0
230.0
464.0
289.0
267.0
298.0
261.0
441.0
289.0
427.0
305.0
371.0
307.0
351.0
311.0
259.0
396.0
379.0
289.0
362.0
541.0
299.0
346.0
335.0
306.0
308.0
383.0
254.0
232.0
759.0
1575.0
455.0
271.0
382.0
521.0
243.0
376.0
366.0
536.0
314.0
348.0
406.0
382.0
361.0
314.0
619.0
393.0
351.0
286.0
507.0
374.0
413.0
379.0
433.0
335.0
255.0
549.0
371.0
372.0
259.0
505.0
340.0
392.0
383.0
380.0
317.0
329.0
514.0
396.0
360.0
287.0
392.0
344.0
445.0
279.0
317.0
286.0
389.0
325.0
372.0
328.0
357.0
453.0
378.0
320.0
319.0
319.0
379.0
574.0
431.0
522.0
411.0
267.0
286.0
369.0
269.0
520.0
485.0
219.0
315.0
289.0
427.0
328.0
473.0
339.0
324.0
406.0
307.0
386.0
411.0
438.0
367.0
308.0
399.0
200.0
402.0
265.0
426.0
372.0
244.0
409.0
397.0
354.0
424.0
287.0
820.0
593.0
231.0
338.0
427.0
302.0
299.0
242.0
368.0
288.0
357.0
319.0
419.0
442.0
233.0
269.0
414.0
467.0
344.0
369.0
335.0
324.0
380.0
337.0
351.0
436.0
234.0
334.0
464.0
380.0
448.0
279.0
340.0
385.0
519.0
388.0
344.0
406.0
282.0
540.0
295.0
371.0
200.0
440.0
483.0
375.0
362.0
313.0
411.0
377.0
362.0
393.0
347.0
431.0
313.0
340.0
362.0
360.0
392.0
371.0
319.0
282.0
314.0
490.0
284.0
437.0
275.0
311.0
267.0
465.0
329.0
380.0
288.0
390.0
319.0
356.0
330.0
435.0
374.0
336.0
355.0
370.0
308.0
381.0
268.0
389.0
293.0
427.0
432.0
281.0
344.0
356.0
460.0
338.0
522.0
415.0
289.0
259.0
358.0
463.0
358.0
392.0
329.0
296.0
291.0
327.0
325.0
313.0
316.0
455.0
305.0
350.0
293.0
284.0
255.0
284.0
462.0
254.0
443.0
340.0
352.0
329.0
398.0
409.0
312.0
318.0
263.0
396.0
362.0
367.0
368.0
275.0
289.0
356.0
367.0
293.0
544.0
318.0
418.0
501.0
1211.0
241.0
420.0
331.0
443.0
379.0
336.0
351.0
369.0
328.0
206.0
326.0
344.0
343.0
297.0
282.0
361.0
311.0
410.0
393.0
297.0
306.0
340.0
417.0
381.0
403.0
298.0
382.0
344.0
375.0
387.0
465.0
320.0
306.0
341.0
352.0
424.0
340.0
489.0
349.0
292.0
303.0
398.0
498.0
442.0
382.0
441.0
294.0
331.0
412.0
283.0
320.0
323.0
343.0
518.0
421.0
303.0
267.0
421.0
358.0
265.0
241.0
310.0
737.0
371.0
232.0
357.0
314.0
512.0
386.0
246.0
507.0
505.0
460.0
303.0
257.0
423.0
302.0
295.0
470.0
337.0
311.0
427.0
300.0
577.0
347.0
272.0
412.0
396.0
424.0
356.0
313.0
480.0
340.0
262.0
402.0
347.0
368.0
372.0
391.0
468.0
378.0
261.0
244.0
356.0
353.0
242.0
483.0
286.0
354.0
147.0
355.0
388.0
348.0
351.0
313.0
436.0
491.0
254.0
337.0
407.0
432.0
352.0
309.0
344.0
374.0
433.0
442.0
235.0
319.0
269.0
253.0
346.0
432.0
397.0
386.0
327.0
286.0
281.0
275.0
432.0
611.0
346.0
464.0
299.0
294.0
270.0
401.0
272.0
431.0
364.0
280.0
223.0
277.0
423.0
332.0
439.0
449.0
326.0
212.0
332.0
356.0
341.0
377.0
288.0
414.0
471.0
392.0
470.0
247.0
1347.0
374.0
355.0
295.0
246.0
471.0
290.0
354.0
247.0
260.0
393.0
307.0
397.0
295.0
422.0
442.0
425.0
224.0
482.0
379.0
400.0
417.0
337.0
313.0
338.0
283.0
458.0
298.0
414.0
293.0
347.0
417.0
477.0
274.0
367.0
269.0
334.0
298.0
272.0
359.0
346.0
248.0
339.0
367.0
433.0
359.0
393.0
337.0
409.0
290.0
360.0
214.0
240.0
311.0
509.0
294.0
386.0
380.0
336.0
326.0
297.0
309.0
501.0
273.0
243.0
386.0
355.0
402.0
388.0
420.0
379.0
497.0
266.0
287.0
335.0
404.0
309.0
356.0
268.0
296.0
330.0
333.0
306.0
654.0
257.0
212.0
343.0
650.0
298.0
345.0
315.0
486.0
355.0
335.0
337.0
379.0
497.0
230.0
267.0
369.0
385.0
424.0
312.0
371.0
235.0
800.0
304.0
384.0
275.0
479.0
300.0
518.0
407.0
384.0
332.0
356.0
353.0
383.0
362.0
292.0
389.0
307.0
297.0
411.0
392.0
277.0
285.0
424.0
378.0
438.0
366.0
515.0
352.0
376.0
291.0
379.0
331.0
418.0
365.0
492.0
391.0
307.0
305.0
570.0
343.0
304.0
328.0
446.0
347.0
292.0
265.0
270.0
402.0
282.0
313.0
529.0
611.0
257.0
324.0
482.0
422.0
336.0
334.0
338.0
262.0
243.0
255.0
272.0
226.0
413.0
363.0
613.0
291.0
296.0
416.0
370.0
476.0
329.0
288.0
355.0
400.0
622.0
236.0
417.0
339.0
321.0
364.0
386.0
263.0
349.0
352.0
318.0
374.0
313.0
370.0
396.0
464.0
316.0
361.0
223.0
430.0
298.0
460.0
434.0
264.0
318.0
274.0
264.0
343.0
369.0
358.0
332.0
234.0
453.0
274.0
388.0
306.0
321.0
269.0
312.0
396.0
271.0
368.0
269.0
435.0
346.0
480.0
381.0
534.0
352.0
361.0
349.0
493.0
378.0
306.0
381.0
444.0
409.0
300.0
321.0
575.0
341.0
313.0
288.0
377.0
304.0
287.0
382.0
436.0
210.0
358.0
273.0
346.0
418.0
296.0
306.0
287.0
401.0
388.0
366.0
243.0
322.0
342.0
455.0
518.0
415.0
298.0
403.0
316.0
455.0
395.0
357.0
349.0
353.0
356.0
517.0
256.0
396.0
303.0
334.0
300.0
420.0
431.0
291.0
398.0
348.0
358.0
231.0
229.0
397.0
326.0
364.0
237.0
374.0
393.0
299.0
392.0
331.0
357.0
425.0
327.0
376.0
230.0
385.0
330.0
258.0
403.0
276.0
375.0
297.0
428.0
315.0
210.0
293.0
446.0
253.0
204.0
328.0
356.0
308.0
231.0
370.0
371.0
445.0
488.0
395.0
274.0
404.0
418.0
245.0
350.0
303.0
242.0
346.0
342.0
1032.0
689.0
268.0
496.0
408.0
291.0
276.0
459.0
350.0
622.0
161.0
315.0
308.0
345.0
302.0
421.0
428.0
340.0
387.0
346.0
384.0
338.0
353.0
278.0
343.0
436.0
298.0
314.0
359.0
333.0
270.0
300.0
437.0
473.0
351.0
250.0
347.0
315.0
414.0
208.0
316.0
288.0
301.0
445.0
272.0
425.0
286.0
347.0
340.0
329.0
614.0
314.0
363.0
369.0
249.0
272.0
349.0
316.0
407.0
344.0
217.0
313.0
422.0
388.0
325.0
329.0
424.0
311.0
489.0
501.0
346.0
207.0
310.0
376.0
258.0
501.0
302.0
432.0
247.0
326.0
561.0
199.0
351.0
350.0
300.0
521.0
304.0
453.0
361.0
343.0
429.0
256.0
333.0
410.0
307.0
456.0
285.0
298.0
351.0
373.0
304.0
337.0
381.0
479.0
513.0
482.0
312.0
375.0
270.0
329.0
373.0
300.0
517.0
229.0
645.0
228.0
328.0
376.0
298.0
291.0
346.0
352.0
365.0
336.0
283.0
549.0
356.0
422.0
369.0
345.0
319.0
391.0
454.0
550.0
416.0
368.0
276.0
423.0
347.0
211.0
292.0
396.0
330.0
341.0
316.0
268.0
366.0
295.0
289.0
621.0
466.0
366.0
494.0
315.0
368.0
462.0
260.0
398.0
271.0
360.0
328.0
260.0
312.0
429.0
379.0
344.0
428.0
355.0
324.0
436.0
413.0
344.0
392.0
400.0
271.0
254.0
347.0
306.0
462.0
350.0
236.0
338.0
350.0
295.0
267.0
416.0
267.0
429.0
406.0
354.0
373.0
299.0
343.0
842.0
357.0
364.0
211.0
387.0
288.0
344.0
348.0
322.0
410.0
285.0
415.0
438.0
353.0
325.0
356.0
379.0
506.0
366.0
380.0
314.0
332.0
427.0
306.0
327.0
267.0
389.0
261.0
351.0
433.0
546.0
429.0
345.0
357.0
431.0
346.0
322.0
320.0
279.0
412.0
650.0
402.0
286.0
393.0
253.0
383.0
251.0
283.0
212.0
398.0
286.0
477.0
314.0
369.0
248.0
388.0
412.0
300.0
347.0
479.0
487.0
979.0
249.0
387.0
345.0
350.0
439.0
279.0
448.0
317.0
325.0
452.0
467.0
393.0
417.0
425.0
328.0
281.0
376.0
380.0
354.0
392.0
410.0
283.0
346.0
329.0
229.0
302.0
424.0
1663.0
211.0
427.0
157.0
392.0
260.0
274.0
410.0
405.0
246.0
456.0
243.0
380.0
278.0
360.0
527.0
303.0
248.0
532.0
294.0
387.0
451.0
424.0
291.0
342.0
430.0
519.0
409.0
303.0
502.0
360.0
323.0
317.0
387.0
359.0
399.0
404.0
485.0
291.0
277.0
271.0
239.0
315.0
373.0
330.0
364.0
336.0
323.0
394.0
403.0
468.0
245.0
299.0
336.0
423.0
379.0
335.0
460.0
299.0
187.0
243.0
301.0
351.0
334.0
454.0
430.0
296.0
353.0
502.0
293.0
396.0
348.0
500.0
331.0
265.0
345.0
295.0
535.0
437.0
525.0
450.0
267.0
475.0
375.0
259.0
411.0
370.0
349.0
241.0
457.0
270.0
380.0
364.0
251.0
306.0
335.0
474.0
402.0
266.0
472.0
219.0
319.0
215.0
250.0
246.0
585.0
304.0
180.0
239.0
404.0
357.0
354.0
523.0
305.0
392.0
440.0
344.0
438.0
339.0
308.0
217.0
402.0
440.0
541.0
352.0
252.0
375.0
362.0
354.0
468.0
264.0
345.0
357.0
311.0
217.0
572.0
385.0
242.0
325.0
284.0
307.0
336.0
620.0
275.0
274.0
329.0
255.0
364.0
309.0
416.0
395.0
341.0
288.0
397.0
411.0
340.0
277.0
290.0
318.0
350.0
302.0
295.0
345.0
366.0
207.0
443.0
274.0
559.0
248.0
439.0
371.0
286.0
371.0
486.0
408.0
292.0
384.0
269.0
455.0
206.0
330.0
421.0
276.0
451.0
354.0
309.0
407.0
321.0
399.0
463.0
372.0
353.0
310.0
308.0
344.0
524.0
325.0
433.0
287.0
397.0
378.0
339.0
379.0
389.0
328.0
221.0
347.0
304.0
290.0
315.0
370.0
440.0
387.0
265.0
414.0
323.0
410.0
303.0
322.0
410.0
433.0
332.0
326.0
314.0
302.0
480.0
424.0
290.0
395.0
361.0
236.0
397.0
459.0
280.0
322.0
293.0
385.0
276.0
339.0
229.0
350.0
441.0
272.0
412.0
325.0
191.0
381.0
346.0
415.0
265.0
506.0
319.0
393.0
305.0
521.0
287.0
304.0
361.0
521.0
446.0
372.0
359.0
324.0
366.0
456.0
333.0
407.0
368.0
435.0
307.0
383.0
366.0
432.0
255.0
424.0
429.0
250.0
393.0
385.0
405.0
426.0
346.0
350.0
320.0
245.0
325.0
749.0
297.0
448.0
263.0
514.0
275.0
453.0
276.0
393.0
353.0
320.0
291.0
220.0
392.0
453.0
277.0
695.0
307.0
472.0
340.0
373.0
443.0
425.0
332.0
235.0
450.0
355.0
283.0
261.0
339.0
281.0
360.0
381.0
264.0
366.0
357.0
458.0
423.0
498.0
284.0
322.0
359.0
487.0
455.0
331.0
461.0
322.0
283.0
322.0
417.0
284.0
391.0
367.0
295.0
367.0
326.0
399.0
204.0
323.0
278.0
345.0
278.0
405.0
249.0
391.0
320.0
334.0
425.0
377.0
365.0
470.0
341.0
405.0
202.0
402.0
314.0
380.0
240.0
312.0
406.0
257.0
443.0
273.0
423.0
293.0
342.0
274.0
456.0
232.0
401.0
475.0
382.0
1442.0
282.0
421.0
297.0
291.0
467.0
372.0
283.0
323.0
1541.0
604.0
330.0
445.0
370.0
289.0
347.0
299.0
242.0
313.0
389.0
463.0
370.0
358.0
285.0
408.0
288.0
398.0
267.0
326.0
273.0
393.0
397.0
358.0
313.0
329.0
212.0
410.0
317.0
450.0
313.0
457.0
529.0
279.0
434.0
377.0
322.0
271.0
485.0
486.0
286.0
416.0
324.0
302.0
503.0
298.0
267.0
356.0
226.0
433.0
358.0
345.0
495.0
362.0
439.0
415.0
314.0
287.0
392.0
501.0
321.0
365.0
311.0
454.0
421.0
419.0
272.0
351.0
438.0
392.0
270.0
333.0
349.0
266.0
742.0
250.0
286.0
445.0
333.0
285.0
335.0
374.0
431.0
558.0
344.0
345.0
392.0
213.0
450.0
429.0
447.0
249.0
314.0
364.0
437.0
407.0
450.0
369.0
374.0
326.0
497.0
495.0
364.0
380.0
506.0
328.0
357.0
512.0
264.0
325.0
471.0
445.0
426.0
221.0
385.0
250.0
211.0
589.0
249.0
304.0
338.0
274.0
338.0
314.0
517.0
340.0
316.0
393.0
228.0
337.0
354.0
268.0
356.0
473.0
411.0
268.0
316.0
309.0
321.0
413.0
361.0
238.0
274.0
258.0
407.0
282.0
414.0
431.0
395.0
297.0
365.0
566.0
345.0
327.0
350.0
422.0
284.0
306.0
321.0
432.0
468.0
386.0
237.0
373.0
309.0
479.0
285.0
350.0
429.0
764.0
275.0
353.0
369.0
274.0
249.0
499.0
273.0
258.0
368.0
261.0
302.0
449.0
384.0
440.0
321.0
226.0
392.0
283.0
390.0
368.0
409.0
343.0
350.0
412.0
398.0
296.0
272.0
302.0
378.0
557.0
434.0
229.0
488.0
312.0
301.0
369.0
441.0
310.0
284.0
339.0
413.0
383.0
351.0
433.0
478.0
258.0
323.0
413.0
446.0
295.0
341.0
308.0
394.0
307.0
337.0
491.0
309.0
308.0
234.0
363.0
197.0
312.0
337.0
330.0
348.0
323.0
293.0
517.0
283.0
645.0
317.0
304.0
414.0
300.0
348.0
292.0
304.0
358.0
245.0
327.0
634.0
326.0
536.0
387.0
344.0
359.0
453.0
386.0
350.0
399.0
302.0
454.0
359.0
348.0
370.0
290.0
341.0
228.0
353.0
355.0
278.0
401.0
244.0
442.0
302.0
399.0
418.0
393.0
230.0
396.0
357.0
306.0
263.0
393.0
365.0
309.0
378.0
276.0
309.0
205.0
496.0
275.0
428.0
263.0
281.0
273.0
308.0
263.0
319.0
367.0
258.0
280.0
367.0
402.0
460.0
204.0
428.0
421.0
460.0
1671.0
304.0
318.0
434.0
342.0
493.0
400.0
379.0
405.0
294.0
340.0
353.0
501.0
354.0
420.0
288.0
368.0
307.0
353.0
361.0
251.0
366.0
424.0
231.0
342.0
392.0
214.0
318.0
396.0
309.0
373.0
397.0
316.0
337.0
254.0
382.0
315.0
394.0
355.0
414.0
330.0
365.0
398.0
462.0
432.0
250.0
362.0
309.0
327.0
317.0
501.0
225.0
312.0
387.0
295.0
262.0
385.0
302.0
232.0
302.0
367.0
242.0
214.0
457.0
338.0
463.0
262.0
483.0
318.0
231.0
355.0
283.0
352.0
233.0
315.0
383.0
298.0
318.0
334.0
422.0
377.0
315.0
411.0
382.0
568.0
587.0
272.0
366.0
404.0
375.0
489.0
440.0
336.0
343.0
212.0
398.0
490.0
400.0
451.0
375.0
329.0
407.0
224.0
292.0
369.0
329.0
236.0
387.0
372.0
308.0
453.0
377.0
301.0
323.0
263.0
441.0
481.0
304.0
470.0
344.0
470.0
282.0
340.0
389.0
324.0
203.0
273.0
342.0
330.0
490.0
243.0
356.0
364.0
371.0
513.0
427.0
343.0
395.0
438.0
301.0
418.0
437.0
321.0
621.0
439.0
351.0
366.0
329.0
360.0
359.0
269.0
377.0
295.0
539.0
320.0
341.0
427.0
448.0
317.0
360.0
241.0
430.0
366.0
333.0
314.0
286.0
281.0
215.0
476.0
298.0
367.0
335.0
291.0
485.0
419.0
357.0
372.0
289.0
326.0
340.0
319.0
343.0
374.0
300.0
440.0
436.0
442.0
281.0
429.0
313.0
386.0
298.0
356.0
324.0
281.0
313.0
305.0
277.0
359.0
475.0
421.0
351.0
195.0
681.0
339.0
346.0
342.0
320.0
251.0
331.0
329.0
327.0
302.0
331.0
425.0
444.0
301.0
295.0
354.0
228.0
347.0
381.0
346.0
226.0
371.0
346.0
370.0
353.0
352.0
451.0
481.0
345.0
466.0
292.0
371.0
372.0
220.0
465.0
337.0
422.0
440.0
325.0
341.0
223.0
295.0
366.0
236.0
273.0
310.0
276.0
295.0
496.0
426.0
296.0
267.0
342.0
457.0
268.0
423.0
253.0
303.0
360.0
310.0
342.0
363.0
585.0
431.0
507.0
297.0
536.0
392.0
450.0
309.0
273.0
514.0
337.0
290.0
356.0
326.0
267.0
422.0
322.0
415.0
432.0
269.0
404.0
358.0
403.0
219.0
635.0
246.0
460.0
239.0
356.0
302.0
438.0
366.0
334.0
313.0
308.0
383.0
274.0
392.0
296.0
529.0
220.0
274.0
318.0
351.0
329.0
699.0
347.0
468.0
342.0
287.0
421.0
315.0
437.0
444.0
327.0
284.0
450.0
285.0
337.0
319.0
306.0
393.0
355.0
340.0
418.0
401.0
277.0
263.0
319.0
439.0
284.0
316.0
282.0
370.0
201.0
376.0
353.0
441.0
211.0
333.0
249.0
296.0
347.0
502.0
320.0
306.0
485.0
299.0
277.0
383.0
274.0
420.0
294.0
412.0
357.0
296.0
631.0
418.0
277.0
536.0
342.0
427.0
397.0
438.0
262.0
341.0
388.0
379.0
304.0
400.0
386.0
413.0
280.0
299.0
344.0
382.0
274.0
279.0
412.0
355.0
309.0
388.0
320.0
264.0
352.0
306.0
341.0
406.0
431.0
321.0
385.0
488.0
278.0
337.0
240.0
307.0
296.0
342.0
300.0
351.0
248.0
411.0
576.0
413.0
308.0
429.0
250.0
439.0
313.0
291.0
396.0
343.0
324.0
271.0
398.0
328.0
308.0
387.0
259.0
357.0
363.0
341.0
482.0
242.0
310.0
368.0
339.0
355.0
481.0
383.0
344.0
308.0
223.0
243.0
288.0
323.0
367.0
314.0
330.0
421.0
275.0
297.0
405.0
373.0
362.0
265.0
326.0
313.0
352.0
217.0
296.0
404.0
221.0
279.0
445.0
388.0
296.0
339.0
448.0
426.0
305.0
370.0
315.0
439.0
316.0
312.0
505.0
275.0
255.0
446.0
207.0
248.0
396.0
366.0
314.0
467.0
478.0
370.0
203.0
420.0
306.0
470.0
444.0
247.0
276.0
282.0
490.0
458.0
339.0
223.0
342.0
393.0
398.0
313.0
306.0
471.0
334.0
360.0
359.0
301.0
319.0
463.0
452.0
272.0
338.0
388.0
329.0
323.0
376.0
248.0
299.0
328.0
354.0
389.0
317.0
264.0
255.0
356.0
527.0
313.0
223.0
392.0
466.0
658.0
348.0
340.0
257.0
286.0
264.0
354.0
484.0
419.0
302.0
494.0
431.0
253.0
337.0
285.0
408.0
393.0
332.0
237.0
322.0
383.0
365.0
444.0
361.0
454.0
386.0
320.0
423.0
248.0
268.0
317.0
320.0
368.0
298.0
298.0
402.0
282.0
405.0
261.0
413.0
413.0
219.0
313.0
544.0
364.0
351.0
283.0
347.0
345.0
414.0
539.0
238.0
488.0
322.0
384.0
445.0
579.0
359.0
463.0
497.0
418.0
359.0
461.0
340.0
322.0
381.0
374.0
460.0
361.0
316.0
404.0
341.0
294.0
369.0
321.0
320.0
252.0
342.0
402.0
382.0
307.0
435.0
433.0
373.0
281.0
294.0
305.0
330.0
315.0
599.0
235.0
242.0
543.0
366.0
508.0
325.0
312.0
412.0
454.0
395.0
479.0
216.0
278.0
290.0
326.0
314.0
221.0
295.0
330.0
553.0
572.0
801.0
372.0
438.0
451.0
527.0
277.0
361.0
274.0
288.0
294.0
280.0
216.0
421.0
381.0
408.0
458.0
375.0
329.0
343.0
365.0
425.0
316.0
261.0
314.0
231.0
252.0
318.0
338.0
300.0
321.0
3703.0
855.0
491.0
336.0
418.0
281.0
381.0
379.0
271.0
278.0
247.0
686.0
482.0
568.0
262.0
393.0
309.0
342.0
400.0
465.0
305.0
537.0
277.0
355.0
343.0
535.0
574.0
270.0
313.0
368.0
280.0
394.0
282.0
321.0
298.0
236.0
172.0
229.0
429.0
229.0
379.0
319.0
250.0
463.0
408.0
455.0
332.0
358.0
495.0
312.0
357.0
327.0
543.0
428.0
289.0
461.0
318.0
386.0
444.0
335.0
526.0
400.0
366.0
437.0
280.0
375.0
314.0
338.0
274.0
415.0
644.0
255.0
645.0
348.0
417.0
258.0
258.0
378.0
395.0
529.0
256.0
280.0
408.0
358.0
541.0
422.0
417.0
358.0
379.0
354.0
422.0
292.0
445.0
252.0
402.0
730.0
331.0
441.0
400.0
371.0
351.0
249.0
308.0
368.0
382.0
263.0
789.0
380.0
317.0
545.0
397.0
332.0
327.0
297.0
329.0
382.0
413.0
297.0
262.0
471.0
475.0
465.0
374.0
250.0
241.0
366.0
456.0
270.0
344.0
363.0
383.0
397.0
354.0
262.0
179.0
461.0
335.0
271.0
474.0
297.0
350.0
421.0
213.0
401.0
302.0
301.0
503.0
432.0
261.0
391.0
508.0
454.0
469.0
380.0
266.0
313.0
400.0
288.0
391.0
266.0
506.0
285.0
459.0
415.0
422.0
519.0
286.0
238.0
279.0
407.0
212.0
360.0
337.0
318.0
361.0
424.0
377.0
502.0
325.0
253.0
413.0
414.0
520.0
304.0
411.0
293.0
293.0
388.0
365.0
352.0
481.0
256.0
360.0
319.0
383.0
392.0
312.0
274.0
306.0
407.0
300.0
377.0
359.0
427.0
384.0
272.0
301.0
548.0
496.0
588.0
395.0
361.0
243.0
376.0
464.0
322.0
403.0
283.0
257.0
477.0
406.0
330.0
368.0
351.0
353.0
348.0
233.0
386.0
308.0
496.0
289.0
371.0
355.0
416.0
316.0
241.0
377.0
337.0
360.0
269.0
252.0
276.0
338.0
289.0
443.0
380.0
314.0
282.0
603.0
340.0
440.0
324.0
263.0
413.0
213.0
368.0
337.0
297.0
323.0
376.0
378.0
397.0
306.0
467.0
276.0
423.0
456.0
257.0
322.0
352.0
463.0
412.0
298.0
257.0
410.0
234.0
284.0
266.0
429.0
423.0
278.0
321.0
309.0
330.0
313.0
236.0
313.0
303.0
351.0
325.0
318.0
264.0
317.0
439.0
239.0
358.0
282.0
319.0
557.0
298.0
285.0
691.0
375.0
226.0
465.0
373.0
357.0
280.0
307.0
441.0
305.0
481.0
298.0
400.0
327.0
363.0
415.0
661.0
485.0
281.0
472.0
270.0
377.0
237.0
462.0
344.0
350.0
273.0
268.0
507.0
397.0
417.0
476.0
298.0
302.0
309.0
399.0
348.0
242.0
289.0
402.0
302.0
371.0
365.0
397.0
252.0
501.0
277.0
283.0
329.0
321.0
331.0
325.0
261.0
304.0
313.0
523.0
492.0
324.0
488.0
252.0
345.0
366.0
304.0
366.0
320.0
322.0
404.0
352.0
347.0
309.0
465.0
466.0
233.0
525.0
352.0
293.0
346.0
297.0
330.0
558.0
404.0
341.0
305.0
326.0
384.0
332.0
252.0
360.0
281.0
252.0
275.0
254.0
279.0
301.0
227.0
323.0
288.0
384.0
520.0
351.0
260.0
299.0
354.0
333.0
647.0
364.0
424.0
283.0
387.0
472.0
267.0
407.0
378.0
392.0
274.0
273.0
307.0
326.0
367.0
355.0
325.0
263.0
321.0
344.0
270.0
366.0
489.0
260.0
295.0
431.0
352.0
309.0
371.0
317.0
351.0
361.0
343.0
234.0
251.0
376.0
279.0
327.0
288.0
528.0
319.0
386.0
491.0
325.0
499.0
279.0
345.0
353.0
356.0
433.0
236.0
329.0
246.0
376.0
497.0
453.0
353.0
377.0
304.0
224.0
341.0
444.0
424.0
330.0
297.0
322.0
464.0
455.0
460.0
246.0
387.0
250.0
279.0
293.0
233.0
293.0
352.0
299.0
494.0
485.0
361.0
385.0
345.0
336.0
367.0
441.0
350.0
377.0
301.0
386.0
258.0
405.0
266.0
306.0
269.0
301.0
791.0
229.0
294.0
324.0
305.0
361.0
330.0
254.0
468.0
317.0
394.0
370.0
382.0
466.0
283.0
288.0
313.0
491.0
480.0
341.0
274.0
273.0
350.0
332.0
308.0
688.0
296.0
255.0
332.0
423.0
373.0
377.0
288.0
362.0
315.0
287.0
254.0
308.0
418.0
363.0
348.0
341.0
288.0
319.0
343.0
367.0
434.0
255.0
385.0
444.0
393.0
375.0
473.0
377.0
459.0
231.0
283.0
516.0
268.0
327.0
238.0
268.0
366.0
355.0
471.0
295.0
216.0
391.0
328.0
319.0
337.0
228.0
416.0
301.0
412.0
445.0
184.0
293.0
299.0
354.0
434.0
409.0
400.0
407.0
498.0
326.0
369.0
440.0
330.0
475.0
316.0
347.0
411.0
397.0
251.0
230.0
254.0
541.0
205.0
424.0
392.0
491.0
271.0
306.0
303.0
324.0
378.0
362.0
433.0
375.0
317.0
399.0
357.0
309.0
317.0
281.0
429.0
372.0
328.0
290.0
429.0
306.0
464.0
486.0
322.0
272.0
422.0
394.0
631.0
511.0
286.0
419.0
430.0
496.0
377.0
349.0
307.0
362.0
333.0
231.0
366.0
284.0
292.0
294.0
379.0
294.0
189.0
260.0
353.0
377.0
377.0
426.0
373.0
507.0
340.0
268.0
351.0
502.0
337.0
462.0
302.0
335.0
393.0
413.0
286.0
302.0
350.0
386.0
395.0
282.0
497.0
342.0
490.0
390.0
307.0
291.0
473.0
210.0
282.0
283.0
351.0
375.0
321.0
214.0
478.0
212.0
306.0
667.0
350.0
394.0
241.0
375.0
209.0
300.0
391.0
346.0
572.0
255.0
458.0
310.0
293.0
438.0
269.0
328.0
341.0
226.0
314.0
465.0
348.0
419.0
447.0
298.0
300.0
263.0
403.0
379.0
281.0
295.0
359.0
326.0
424.0
436.0
392.0
339.0
367.0
364.0
326.0
378.0
312.0
326.0
328.0
407.0
365.0
527.0
302.0
376.0
327.0
343.0
354.0
413.0
328.0
252.0
391.0
286.0
424.0
388.0
372.0
352.0
284.0
350.0
554.0
437.0
464.0
387.0
383.0
470.0
425.0
289.0
333.0
350.0
309.0
335.0
351.0
295.0
309.0
253.0
355.0
349.0
402.0
275.0
316.0
439.0
394.0
530.0
298.0
324.0
438.0
398.0
529.0
344.0
346.0
328.0
273.0
413.0
391.0
302.0
433.0
303.0
220.0
459.0
402.0
233.0
288.0
263.0
227.0
290.0
398.0
311.0
362.0
378.0
434.0
373.0
400.0
328.0
387.0
367.0
321.0
364.0
727.0
395.0
414.0
425.0
191.0
477.0
408.0
309.0
364.0
407.0
370.0
474.0
358.0
436.0
508.0
325.0
393.0
363.0
380.0
327.0
307.0
307.0
322.0
359.0
303.0
271.0
357.0
381.0
365.0
266.0
419.0
334.0
348.0
534.0
327.0
379.0
303.0
310.0
292.0
451.0
357.0
245.0
446.0
453.0
276.0
492.0
336.0
510.0
295.0
506.0
423.0
486.0
588.0
402.0
373.0
320.0
278.0
248.0
346.0
410.0
211.0
281.0
273.0
356.0
342.0
459.0
549.0
354.0
438.0
366.0
351.0
476.0
400.0
338.0
366.0
376.0
343.0
259.0
372.0
438.0
386.0
408.0
267.0
494.0
446.0
386.0
246.0
423.0
356.0
306.0
385.0
289.0
343.0
436.0
381.0
491.0
273.0
280.0
344.0
473.0
271.0
373.0
256.0
459.0
254.0
1448.0
523.0
372.0
280.0
398.0
200.0
364.0
486.0
380.0
472.0
413.0
363.0
416.0
392.0
287.0
390.0
344.0
252.0
276.0
372.0
450.0
292.0
547.0
323.0
323.0
452.0
335.0
378.0
335.0
452.0
243.0
399.0
628.0
234.0
419.0
245.0
275.0
304.0
327.0
334.0
315.0
292.0
317.0
516.0
395.0
464.0
350.0
347.0
346.0
437.0
360.0
338.0
299.0
250.0
451.0
275.0
360.0
433.0
332.0
351.0
226.0
365.0
412.0
439.0
451.0
377.0
346.0
295.0
403.0
403.0
352.0
305.0
245.0
305.0
387.0
518.0
438.0
369.0
320.0
337.0
373.0
358.0
237.0
370.0
307.0
330.0
1306.0
355.0
384.0
310.0
225.0
604.0
352.0
314.0
387.0
350.0
446.0
309.0
424.0
302.0
386.0
313.0
273.0
506.0
495.0
356.0
458.0
318.0
360.0
172.0
443.0
380.0
372.0
299.0
363.0
435.0
369.0
245.0
260.0
325.0
353.0
257.0
323.0
238.0
519.0
282.0
366.0
235.0
452.0
380.0
388.0
369.0
366.0
330.0
395.0
444.0
242.0
388.0
326.0
204.0
317.0
556.0
278.0
483.0
254.0
371.0
540.0
363.0
254.0
405.0
570.0
261.0
292.0
396.0
378.0
365.0
345.0
366.0
312.0
349.0
369.0
370.0
303.0
425.0
387.0
260.0
356.0
441.0
621.0
363.0
413.0
197.0
470.0
318.0
420.0
431.0
426.0
384.0
377.0
464.0
380.0
315.0
352.0
346.0
334.0
267.0
338.0
251.0
325.0
439.0
208.0
461.0
371.0
399.0
294.0
351.0
442.0
317.0
415.0
328.0
215.0
484.0
358.0
181.0
286.0
241.0
291.0
360.0
464.0
242.0
431.0
764.0
382.0
454.0
394.0
414.0
393.0
329.0
567.0
453.0
305.0
317.0
355.0
235.0
288.0
359.0
375.0
240.0
413.0
506.0
406.0
313.0
401.0
248.0
367.0
371.0
313.0
317.0
244.0
334.0
447.0
518.0
402.0
321.0
328.0
467.0
292.0
337.0
302.0
279.0
490.0
308.0
230.0
310.0
429.0
360.0
370.0
403.0
489.0
265.0
319.0
373.0
447.0
481.0
498.0
393.0
387.0
282.0
375.0
292.0
387.0
408.0
412.0
300.0
370.0
399.0
351.0
377.0
369.0
366.0
439.0
316.0
379.0
484.0
328.0
410.0
302.0
317.0
300.0
395.0
394.0
308.0
241.0
397.0
311.0
388.0
446.0
450.0
576.0
268.0
366.0
351.0
316.0
353.0
253.0
315.0
289.0
272.0
890.0
354.0
336.0
372.0
304.0
368.0
317.0
399.0
221.0
335.0
461.0
518.0
328.0
236.0
345.0
217.0
317.0
326.0
433.0
282.0
342.0
363.0
459.0
311.0
287.0
264.0
517.0
508.0
324.0
293.0
426.0
402.0
284.0
672.0
468.0
309.0
437.0
448.0
532.0
248.0
351.0
492.0
424.0
302.0
418.0
387.0
407.0
496.0
219.0
272.0
331.0
282.0
335.0
396.0
429.0
371.0
396.0
395.0
331.0
331.0
301.0
285.0
331.0
346.0
372.0
510.0
293.0
318.0
463.0
351.0
338.0
347.0
274.0
414.0
332.0
359.0
396.0
397.0
309.0
375.0
376.0
349.0
348.0
311.0
375.0
249.0
257.0
341.0
373.0
337.0
392.0
458.0
427.0
348.0
286.0
422.0
508.0
373.0
418.0
328.0
279.0
273.0
349.0
347.0
334.0
332.0
335.0
346.0
394.0
312.0
359.0
425.0
292.0
277.0
266.0
474.0
297.0
299.0
402.0
453.0
386.0
472.0
308.0
347.0
341.0
320.0
316.0
329.0
387.0
324.0
343.0
383.0
282.0
473.0
378.0
302.0
436.0
290.0
346.0
327.0
416.0
373.0
464.0
367.0
473.0
298.0
278.0
408.0
364.0
359.0
255.0
359.0
266.0
359.0
443.0
353.0
356.0
336.0
341.0
432.0
325.0
301.0
211.0
274.0
326.0
321.0
381.0
234.0
388.0
493.0
317.0
609.0
284.0
320.0
362.0
305.0
467.0
468.0
306.0
317.0
360.0
475.0
424.0
502.0
404.0
420.0
294.0
344.0
283.0
310.0
287.0
342.0
420.0
567.0
287.0
569.0
307.0
325.0
334.0
364.0
258.0
393.0
449.0
306.0
232.0
279.0
266.0
440.0
277.0
282.0
282.0
315.0
505.0
220.0
579.0
240.0
268.0
402.0
303.0
356.0
354.0
377.0
342.0
338.0
486.0
345.0
412.0
361.0
238.0
265.0
400.0
334.0
313.0
306.0
421.0
328.0
308.0
277.0
323.0
322.0
552.0
342.0
425.0
400.0
271.0
286.0
250.0
272.0
299.0
292.0
413.0
391.0
289.0
369.0
269.0
248.0
281.0
500.0
419.0
363.0
333.0
550.0
408.0
342.0
531.0
406.0
284.0
428.0
362.0
421.0
333.0
245.0
424.0
440.0
404.0
335.0
372.0
456.0
273.0
534.0
316.0
333.0
302.0
387.0
326.0
478.0
279.0
402.0
343.0
322.0
232.0
338.0
332.0
271.0
312.0
397.0
561.0
289.0
630.0
262.0
438.0
316.0
448.0
254.0
335.0
355.0
435.0
344.0
297.0
366.0
377.0
362.0
347.0
408.0
467.0
263.0
346.0
294.0
245.0
378.0
319.0
271.0
408.0
532.0
412.0
412.0
346.0
309.0
327.0
387.0
291.0
261.0
260.0
267.0
356.0
321.0
292.0
357.0
307.0
271.0
322.0
790.0
428.0
670.0
353.0
467.0
371.0
448.0
353.0
396.0
302.0
238.0
419.0
367.0
364.0
330.0
339.0
298.0
412.0
206.0
290.0
320.0
279.0
342.0
416.0
457.0
359.0
466.0
314.0
388.0
233.0
277.0
341.0
359.0
292.0
268.0
405.0
297.0
436.0
373.0
412.0
267.0
316.0
218.0
315.0
372.0
449.0
394.0
230.0
388.0
316.0
276.0
369.0
425.0
262.0
323.0
548.0
425.0
372.0
337.0
561.0
479.0
301.0
344.0
373.0
382.0
249.0
250.0
254.0
391.0
274.0
568.0
308.0
471.0
333.0
382.0
463.0
355.0
321.0
283.0
265.0
367.0
1201.0
307.0
547.0
192.0
293.0
296.0
247.0
315.0
317.0
380.0
361.0
342.0
326.0
271.0
273.0
414.0
255.0
365.0
277.0
401.0
479.0
435.0
386.0
367.0
359.0
328.0
387.0
316.0
414.0
342.0
436.0
387.0
289.0
227.0
277.0
381.0
363.0
460.0
344.0
414.0
314.0
325.0
202.0
246.0
292.0
418.0
329.0
379.0
377.0
355.0
445.0
378.0
360.0
329.0
409.0
415.0
305.0
418.0
363.0
269.0
345.0
310.0
427.0
306.0
375.0
361.0
405.0
271.0
512.0
275.0
393.0
366.0
352.0
244.0
355.0
530.0
305.0
391.0
550.0
353.0
325.0
466.0
512.0
262.0
276.0
321.0
337.0
369.0
268.0
432.0
493.0
363.0
477.0
342.0
222.0
372.0
312.0
303.0
340.0
344.0
256.0
286.0
322.0
399.0
467.0
390.0
384.0
257.0
401.0
294.0
347.0
442.0
538.0
297.0
302.0
369.0
423.0
304.0
416.0
309.0
254.0
199.0
350.0
423.0
490.0
390.0
381.0
354.0
522.0
374.0
376.0
385.0
358.0
428.0
319.0
368.0
281.0
403.0
330.0
372.0
406.0
433.0
347.0
262.0
290.0
268.0
289.0
434.0
382.0
381.0
274.0
320.0
298.0
1872.0
311.0
303.0
388.0
455.0
339.0
473.0
354.0
322.0
430.0
317.0
399.0
504.0
342.0
305.0
347.0
364.0
419.0
226.0
241.0
353.0
383.0
331.0
300.0
597.0
341.0
338.0
440.0
267.0
336.0
402.0
478.0
330.0
292.0
394.0
361.0
347.0
375.0
410.0
232.0
309.0
289.0
433.0
225.0
514.0
326.0
285.0
282.0
354.0
314.0
497.0
308.0
274.0
427.0
364.0
430.0
374.0
359.0
432.0
392.0
282.0
334.0
453.0
545.0
290.0
387.0
267.0
317.0
285.0
399.0
337.0
334.0
210.0
458.0
441.0
304.0
505.0
383.0
351.0
356.0
442.0
435.0
433.0
285.0
504.0
320.0
307.0
525.0
402.0
389.0
204.0
351.0
562.0
330.0
340.0
390.0
389.0
352.0
433.0
453.0
415.0
355.0
342.0
424.0
400.0
399.0
472.0
429.0
286.0
357.0
314.0
429.0
469.0
457.0
280.0
272.0
397.0
520.0
317.0
416.0
429.0
294.0
328.0
252.0
337.0
519.0
368.0
415.0
329.0
297.0
343.0
505.0
267.0
629.0
374.0
519.0
387.0
265.0
446.0
339.0
326.0
301.0
353.0
226.0
243.0
340.0
325.0
294.0
347.0
372.0
448.0
393.0
229.0
340.0
322.0
230.0
342.0
363.0
431.0
313.0
478.0
345.0
369.0
410.0
285.0
397.0
373.0
270.0
442.0
307.0
250.0
265.0
308.0
394.0
323.0
318.0
291.0
298.0
675.0
435.0
234.0
277.0
403.0
335.0
369.0
464.0
391.0
309.0
385.0
446.0
279.0
602.0
261.0
321.0
455.0
300.0
610.0
258.0
272.0
262.0
327.0
386.0
339.0
434.0
273.0
326.0
313.0
311.0
242.0
375.0
333.0
476.0
323.0
334.0
479.0
478.0
315.0
266.0
383.0
380.0
345.0
439.0
294.0
428.0
317.0
414.0
416.0
416.0
382.0
452.0
462.0
343.0
294.0
315.0
371.0
429.0
345.0
367.0
405.0
421.0
250.0
271.0
267.0
296.0
335.0
346.0
275.0
369.0
250.0
311.0
370.0
213.0
477.0
384.0
366.0
399.0
315.0
421.0
352.0
397.0
304.0
516.0
385.0
386.0
370.0
297.0
295.0
442.0
279.0
311.0
298.0
388.0
308.0
342.0
454.0
293.0
446.0
375.0
420.0
452.0
438.0
341.0
542.0
333.0
430.0
270.0
369.0
324.0
289.0
348.0
338.0
490.0
402.0
431.0
365.0
494.0
339.0
300.0
322.0
323.0
358.0
325.0
374.0
462.0
329.0
380.0
359.0
359.0
307.0
432.0
270.0
448.0
356.0
419.0
270.0
282.0
416.0
368.0
419.0
319.0
334.0
476.0
603.0
297.0
505.0
270.0
477.0
323.0
395.0
310.0
427.0
285.0
371.0
361.0
399.0
342.0
236.0
326.0
390.0
362.0
306.0
449.0
401.0
254.0
282.0
396.0
317.0
408.0
442.0
291.0
251.0
585.0
331.0
286.0
316.0
218.0
500.0
378.0
430.0
325.0
291.0
387.0
302.0
382.0
418.0
430.0
330.0
258.0
539.0
419.0
369.0
452.0
450.0
331.0
374.0
457.0
376.0
485.0
329.0
388.0
509.0
271.0
480.0
420.0
373.0
237.0
450.0
469.0
497.0
459.0
223.0
318.0
309.0
339.0
512.0
335.0
407.0
235.0
449.0
231.0
234.0
305.0
448.0
277.0
256.0
373.0
434.0
333.0
349.0
399.0
327.0
326.0
341.0
356.0
483.0
423.0
416.0
359.0
328.0
251.0
476.0
1218.0
265.0
625.0
351.0
354.0
414.0
302.0
257.0
263.0
441.0
306.0
298.0
516.0
348.0
336.0
470.0
333.0
254.0
363.0
272.0
450.0
248.0
572.0
381.0
368.0
676.0
440.0
287.0
360.0
546.0
395.0
258.0
484.0
334.0
385.0
370.0
347.0
368.0
307.0
464.0
353.0
348.0
329.0
327.0
283.0
337.0
281.0
355.0
391.0
390.0
370.0
365.0
453.0
335.0
435.0
297.0
383.0
365.0
322.0
480.0
405.0
308.0
357.0
361.0
491.0
384.0
398.0
400.0
313.0
439.0
270.0
351.0
325.0
411.0
467.0
304.0
245.0
443.0
580.0
234.0
511.0
187.0
245.0
384.0
358.0
343.0
358.0
380.0
263.0
393.0
381.0
347.0
390.0
364.0
343.0
381.0
436.0
303.0
454.0
428.0
399.0
300.0
309.0
433.0
344.0
328.0
370.0
567.0
403.0
337.0
521.0
437.0
282.0
388.0
305.0
261.0
455.0
467.0
378.0
304.0
348.0
550.0
363.0
390.0
344.0
389.0
329.0
496.0
351.0
335.0
359.0
190.0
462.0
370.0
372.0
328.0
354.0
444.0
295.0
330.0
302.0
298.0
403.0
544.0
485.0
462.0
354.0
389.0
324.0
245.0
521.0
396.0
383.0
383.0
355.0
385.0
351.0
312.0
289.0
305.0
224.0
381.0
341.0
327.0
355.0
473.0
444.0
393.0
378.0
221.0
378.0
358.0
290.0
341.0
292.0
385.0
305.0
346.0
427.0
393.0
307.0
292.0
467.0
357.0
341.0
331.0
396.0
496.0
323.0
331.0
343.0
316.0
268.0
765.0
359.0
518.0
409.0
310.0
265.0
405.0
359.0
256.0
362.0
315.0
376.0
288.0
404.0
332.0
356.0
412.0
591.0
397.0
363.0
255.0
349.0
370.0
436.0
362.0
424.0
275.0
526.0
368.0
423.0
340.0
344.0
365.0
311.0
354.0
626.0
380.0
224.0
419.0
312.0
318.0
389.0
515.0
213.0
236.0
240.0
335.0
258.0
329.0
311.0
395.0
460.0
298.0
322.0
233.0
386.0
386.0
363.0
427.0
291.0
385.0
512.0
351.0
526.0
447.0
402.0
389.0
316.0
298.0
324.0
326.0
490.0
416.0
316.0
384.0
418.0
459.0
387.0
271.0
361.0
458.0
350.0
251.0
328.0
410.0
415.0
218.0
410.0
286.0
346.0
337.0
350.0
345.0
266.0
405.0
463.0
352.0
265.0
302.0
326.0
465.0
314.0
262.0
397.0
354.0
360.0
363.0
408.0
376.0
549.0
339.0
374.0
320.0
465.0
299.0
486.0
369.0
507.0
248.0
351.0
302.0
448.0
275.0
407.0
283.0
399.0
302.0
272.0
337.0
262.0
294.0
519.0
312.0
398.0
370.0
316.0
263.0
382.0
325.0
475.0
413.0
330.0
377.0
324.0
522.0
314.0
255.0
263.0
311.0
360.0
477.0
286.0
296.0
329.0
295.0
466.0
340.0
298.0
355.0
493.0
397.0
471.0
282.0
443.0
316.0
300.0
370.0
294.0
326.0
288.0
295.0
316.0
321.0
358.0
276.0
459.0
460.0
269.0
376.0
391.0
254.0
343.0
352.0
291.0
254.0
247.0
268.0
305.0
451.0
365.0
352.0
287.0
370.0
386.0
309.0
315.0
366.0
393.0
370.0
283.0
320.0
440.0
280.0
404.0
396.0
279.0
381.0
503.0
388.0
473.0
236.0
357.0
295.0
299.0
392.0
315.0
283.0
401.0
309.0
443.0
412.0
397.0
381.0
383.0
421.0
318.0
477.0
361.0
350.0
569.0
253.0
393.0
421.0
284.0
418.0
334.0
347.0
239.0
328.0
218.0
346.0
399.0
437.0
352.0
315.0
261.0
510.0
444.0
344.0
386.0
215.0
333.0
282.0
393.0
284.0
321.0
317.0
322.0
278.0
251.0
423.0
338.0
402.0
401.0
359.0
458.0
388.0
294.0
374.0
331.0
355.0
337.0
351.0
315.0
357.0
251.0
338.0
345.0
290.0
295.0
386.0
316.0
392.0
462.0
357.0
231.0
336.0
278.0
345.0
382.0
287.0
326.0
490.0
316.0
498.0
259.0
278.0
584.0
394.0
437.0
385.0
513.0
379.0
271.0
258.0
419.0
315.0
345.0
267.0
355.0
340.0
362.0
374.0
375.0
309.0
439.0
317.0
319.0
366.0
302.0
320.0
287.0
304.0
281.0
611.0
288.0
464.0
451.0
433.0
316.0
388.0
399.0
269.0
562.0
253.0
566.0
390.0
329.0
370.0
384.0
274.0
363.0
291.0
332.0
403.0
515.0
401.0
307.0
391.0
313.0
458.0
439.0
362.0
373.0
236.0
385.0
435.0
445.0
448.0
338.0
357.0
466.0
333.0
366.0
377.0
355.0
240.0
230.0
628.0
298.0
414.0
409.0
261.0
342.0
337.0
315.0
287.0
557.0
275.0
455.0
325.0
442.0
656.0
360.0
421.0
355.0
672.0
439.0
429.0
312.0
272.0
346.0
387.0
319.0
392.0
335.0
381.0
346.0
339.0
286.0
212.0
293.0
310.0
368.0
377.0
458.0
381.0
431.0
445.0
197.0
436.0
448.0
428.0
440.0
391.0
366.0
397.0
457.0
208.0
341.0
455.0
394.0
333.0
380.0
265.0
296.0
337.0
345.0
243.0
352.0
307.0
331.0
417.0
497.0
391.0
336.0
336.0
323.0
394.0
527.0
399.0
378.0
378.0
317.0
396.0
696.0
316.0
308.0
387.0
487.0
400.0
350.0
353.0
383.0
329.0
372.0
412.0
203.0
421.0
301.0
365.0
312.0
422.0
324.0
390.0
520.0
373.0
287.0
309.0
450.0
297.0
362.0
347.0
491.0
438.0
521.0
339.0
393.0
255.0
363.0
425.0
296.0
389.0
423.0
203.0
417.0
369.0
339.0
272.0
280.0
251.0
326.0
323.0
346.0
373.0
351.0
260.0
354.0
430.0
322.0
218.0
302.0
341.0
477.0
316.0
250.0
288.0
305.0
305.0
416.0
384.0
280.0
354.0
250.0
304.0
369.0
339.0
484.0
476.0
411.0
259.0
434.0
293.0
310.0
303.0
362.0
350.0
291.0
247.0
689.0
349.0
390.0
389.0
420.0
249.0
385.0
374.0
440.0
354.0
243.0
327.0
331.0
411.0
386.0
486.0
327.0
450.0
392.0
473.0
379.0
302.0
416.0
493.0
261.0
316.0
300.0
284.0
350.0
442.0
444.0
461.0
490.0
299.0
263.0
250.0
335.0
366.0
384.0
349.0
494.0
460.0
468.0
451.0
331.0
344.0
543.0
389.0
518.0
285.0
405.0
328.0
306.0
290.0
419.0
341.0
360.0
317.0
421.0
332.0
418.0
402.0
316.0
338.0
282.0
365.0
442.0
346.0
330.0
328.0
337.0
376.0
346.0
349.0
482.0
276.0
394.0
320.0
493.0
490.0
297.0
443.0
298.0
527.0
334.0
270.0
332.0
381.0
330.0
250.0
489.0
344.0
591.0
412.0
491.0
284.0
337.0
228.0
341.0
395.0
427.0
496.0
309.0
412.0
402.0
339.0
318.0
379.0
418.0
596.0
285.0
395.0
420.0
391.0
441.0
337.0
315.0
305.0
425.0
437.0
502.0
323.0
427.0
460.0
420.0
358.0
308.0
438.0
458.0
303.0
410.0
412.0
339.0
461.0
314.0
360.0
834.0
310.0
341.0
330.0
300.0
296.0
296.0
459.0
398.0
319.0
352.0
273.0
396.0
286.0
405.0
414.0
374.0
337.0
289.0
333.0
305.0
437.0
359.0
367.0
373.0
283.0
330.0
412.0
353.0
417.0
387.0
314.0
408.0
359.0
328.0
431.0
305.0
351.0
464.0
347.0
395.0
347.0
393.0
474.0
285.0
393.0
423.0
420.0
251.0
395.0
344.0
437.0
340.0
397.0
385.0
333.0
225.0
412.0
331.0
338.0
237.0
370.0
342.0
356.0
452.0
286.0
368.0
383.0
333.0
320.0
230.0
297.0
608.0
383.0
341.0
355.0
227.0
349.0
338.0
344.0
273.0
332.0
399.0
334.0
438.0
373.0
387.0
347.0
674.0
461.0
374.0
500.0
427.0
268.0
485.0
391.0
416.0
399.0
377.0
284.0
341.0
289.0
320.0
310.0
349.0
327.0
258.0
404.0
398.0
412.0
398.0
411.0
275.0
367.0
323.0
346.0
373.0
416.0
453.0
414.0
476.0
360.0
233.0
343.0
262.0
316.0
497.0
405.0
360.0
366.0
352.0
252.0
254.0
370.0
377.0
503.0
408.0
592.0
490.0
424.0
310.0
483.0
398.0
426.0
347.0
387.0
422.0
319.0
269.0
318.0
280.0
315.0
355.0
474.0
406.0
346.0
366.0
463.0
361.0
294.0
328.0
559.0
475.0
320.0
408.0
445.0
293.0
442.0
395.0
315.0
327.0
278.0
305.0
366.0
452.0
255.0
373.0
325.0
346.0
355.0
446.0
268.0
364.0
276.0
406.0
248.0
289.0
425.0
470.0
390.0
350.0
542.0
425.0
455.0
306.0
276.0
406.0
439.0
471.0
354.0
271.0
284.0
341.0
358.0
338.0
212.0
654.0
333.0
423.0
359.0
286.0
412.0
338.0
420.0
477.0
320.0
214.0
358.0
805.0
296.0
458.0
450.0
359.0
313.0
459.0
340.0
229.0
322.0
295.0
588.0
307.0
345.0
398.0
288.0
428.0
399.0
300.0
352.0
492.0
410.0
379.0
311.0
438.0
455.0
382.0
435.0
386.0
314.0
321.0
331.0
419.0
299.0
402.0
252.0
502.0
207.0
397.0
511.0
363.0
307.0
299.0
270.0
517.0
399.0
413.0
230.0
393.0
309.0
433.0
390.0
376.0
377.0
325.0
493.0
339.0
333.0
321.0
391.0
252.0
300.0
244.0
311.0
474.0
311.0
432.0
338.0
333.0
249.0
349.0
359.0
285.0
408.0
475.0
262.0
353.0
327.0
409.0
375.0
310.0
442.0
308.0
523.0
365.0
298.0
324.0
419.0
330.0
391.0
435.0
334.0
290.0
523.0
398.0
294.0
429.0
439.0
373.0
395.0
341.0
314.0
302.0
577.0
382.0
347.0
352.0
359.0
230.0
301.0
499.0
233.0
431.0
384.0
406.0
448.0
338.0
438.0
281.0
270.0
307.0
322.0
408.0
437.0
325.0
385.0
490.0
276.0
482.0
307.0
373.0
284.0
492.0
310.0
521.0
323.0
350.0
311.0
273.0
556.0
463.0
588.0
314.0
489.0
253.0
427.0
315.0
358.0
366.0
371.0
634.0
312.0
375.0
345.0
195.0
379.0
357.0
396.0
311.0
420.0
259.0
343.0
353.0
257.0
322.0
373.0
315.0
338.0
364.0
371.0
444.0
346.0
247.0
560.0
316.0
448.0
416.0
324.0
423.0
381.0
342.0
274.0
358.0
458.0
483.0
341.0
411.0
407.0
447.0
332.0
334.0
271.0
312.0
420.0
364.0
447.0
396.0
372.0
363.0
354.0
338.0
399.0
369.0
517.0
371.0
208.0
382.0
343.0
364.0
339.0
264.0
353.0
382.0
352.0
286.0
268.0
292.0
365.0
381.0
344.0
278.0
323.0
415.0
297.0
451.0
310.0
453.0
460.0
320.0
473.0
334.0
352.0
431.0
325.0
286.0
398.0
313.0
304.0
498.0
388.0
326.0
386.0
289.0
334.0
376.0
190.0
277.0
449.0
287.0
344.0
416.0
326.0
364.0
376.0
330.0
358.0
354.0
411.0
315.0
410.0
374.0
255.0
364.0
386.0
308.0
392.0
260.0
259.0
351.0
414.0
442.0
351.0
372.0
364.0
408.0
375.0
341.0
430.0
322.0
390.0
369.0
290.0
293.0
268.0
342.0
353.0
330.0
399.0
287.0
303.0
318.0
264.0
336.0
382.0
387.0
218.0
270.0
365.0
406.0
435.0
343.0
234.0
346.0
348.0
369.0
506.0
406.0
386.0
364.0
342.0
437.0
350.0
396.0
302.0
408.0
393.0
304.0
267.0
313.0
410.0
314.0
335.0
280.0
387.0
358.0
429.0
329.0
306.0
329.0
404.0
334.0
339.0
431.0
482.0
456.0
314.0
362.0
498.0
325.0
288.0
256.0
352.0
500.0
255.0
344.0
283.0
339.0
253.0
404.0
508.0
227.0
402.0
360.0
288.0
302.0
362.0
299.0
255.0
391.0
390.0
384.0
359.0
419.0
228.0
338.0
386.0
344.0
274.0
388.0
425.0
238.0
400.0
378.0
312.0
303.0
324.0
333.0
385.0
396.0
300.0
314.0
345.0
424.0
277.0
285.0
301.0
272.0
315.0
255.0
324.0
328.0
325.0
346.0
270.0
379.0
463.0
471.0
374.0
475.0
314.0
248.0
432.0
319.0
369.0
294.0
404.0
345.0
457.0
374.0
302.0
342.0
354.0
328.0
293.0
473.0
355.0
225.0
347.0
385.0
345.0
385.0
495.0
399.0
468.0
369.0
314.0
274.0
439.0
350.0
364.0
324.0
406.0
444.0
300.0
505.0
314.0
410.0
295.0
354.0
452.0
337.0
403.0
271.0
475.0
279.0
462.0
455.0
305.0
249.0
372.0
276.0
301.0
372.0
305.0
405.0
446.0
308.0
278.0
427.0
435.0
355.0
409.0
369.0
456.0
290.0
468.0
396.0
228.0
438.0
339.0
445.0
324.0
345.0
325.0
216.0
495.0
337.0
354.0
410.0
368.0
321.0
361.0
376.0
294.0
420.0
389.0
261.0
318.0
383.0
329.0
317.0
367.0
431.0
277.0
345.0
307.0
484.0
336.0
711.0
269.0
297.0
413.0
339.0
559.0
299.0
348.0
371.0
474.0
333.0
282.0
237.0
362.0
477.0
349.0
321.0
315.0
388.0
312.0
394.0
326.0
408.0
302.0
465.0
484.0
283.0
417.0
451.0
339.0
286.0
340.0
355.0
485.0
490.0
225.0
303.0
432.0
342.0
519.0
419.0
441.0
327.0
353.0
348.0
370.0
304.0
387.0
312.0
324.0
348.0
365.0
413.0
369.0
256.0
362.0
469.0
374.0
382.0
293.0
361.0
481.0
496.0
401.0
460.0
303.0
338.0
358.0
439.0
339.0
335.0
295.0
266.0
270.0
368.0
333.0
420.0
302.0
417.0
399.0
262.0
395.0
343.0
566.0
293.0
311.0
509.0
335.0
364.0
300.0
346.0
382.0
458.0
305.0
303.0
258.0
435.0
399.0
384.0
278.0
364.0
326.0
332.0
314.0
340.0
482.0
331.0
318.0
305.0
418.0
374.0
289.0
350.0
338.0
346.0
323.0
365.0
462.0
392.0
389.0
412.0
344.0
466.0
383.0
367.0
359.0
405.0
260.0
397.0
699.0
345.0
391.0
448.0
359.0
282.0
386.0
353.0
491.0
344.0
359.0
357.0
365.0
321.0
342.0
543.0
399.0
409.0
443.0
575.0
452.0
355.0
445.0
350.0
253.0
418.0
353.0
616.0
285.0
474.0
344.0
396.0
450.0
368.0
368.0
266.0
391.0
426.0
271.0
609.0
377.0
369.0
317.0
366.0
489.0
502.0
365.0
288.0
334.0
305.0
274.0
221.0
399.0
299.0
353.0
299.0
369.0
416.0
519.0
607.0
488.0
342.0
391.0
312.0
434.0
337.0
381.0
548.0
418.0
266.0
451.0
432.0
496.0
381.0
267.0
334.0
270.0
467.0
335.0
347.0
399.0
337.0
330.0
373.0
497.0
297.0
386.0
376.0
307.0
292.0
466.0
376.0
386.0
440.0
486.0
293.0
374.0
361.0
310.0
378.0
326.0
389.0
547.0
346.0
407.0
351.0
400.0
460.0
469.0
397.0
258.0
381.0
383.0
494.0
407.0
352.0
373.0
337.0
385.0
404.0
361.0
395.0
461.0
319.0
527.0
334.0
386.0
389.0
270.0
304.0
368.0
421.0
363.0
269.0
350.0
299.0
348.0
359.0
287.0
311.0
483.0
283.0
297.0
325.0
443.0
352.0
330.0
382.0
506.0
440.0
531.0
469.0
273.0
350.0
333.0
335.0
450.0
296.0
379.0
307.0
383.0
375.0
392.0
501.0
284.0
316.0
387.0
448.0
360.0
245.0
339.0
408.0
266.0
366.0
328.0
348.0
359.0
466.0
288.0
514.0
215.0
354.0
347.0
345.0
384.0
387.0
548.0
369.0
378.0
428.0
290.0
355.0
335.0
279.0
378.0
429.0
331.0
354.0
286.0
387.0
450.0
257.0
349.0
331.0
559.0
405.0
272.0
370.0
371.0
365.0
443.0
336.0
445.0
388.0
281.0
369.0
484.0
359.0
435.0
413.0
324.0
363.0
290.0
237.0
307.0
265.0
273.0
372.0
534.0
226.0
315.0
340.0
281.0
288.0
376.0
269.0
391.0
337.0
329.0
422.0
482.0
322.0
448.0
315.0
250.0
300.0
396.0
398.0
291.0
431.0
301.0
350.0
381.0
282.0
380.0
373.0
470.0
402.0
304.0
306.0
295.0
293.0
364.0
431.0
372.0
319.0
410.0
294.0
253.0
471.0
327.0
360.0
559.0
334.0
420.0
244.0
383.0
401.0
403.0
425.0
460.0
323.0
315.0
339.0
342.0
350.0
380.0
349.0
337.0
379.0
426.0
356.0
447.0
395.0
346.0
443.0
327.0
338.0
336.0
291.0
227.0
200.0
409.0
310.0
499.0
378.0
402.0
312.0
506.0
498.0
329.0
263.0
407.0
369.0
344.0
458.0
444.0
278.0
339.0
403.0
612.0
317.0
349.0
309.0
388.0
508.0
302.0
326.0
225.0
380.0
360.0
340.0
367.0
440.0
480.0
289.0
325.0
387.0
512.0
300.0
292.0
294.0
275.0
676.0
311.0
328.0
361.0
310.0
272.0
325.0
428.0
567.0
453.0
287.0
367.0
304.0
327.0
390.0
377.0
243.0
328.0
390.0
318.0
372.0
451.0
484.0
353.0
427.0
347.0
397.0
887.0
278.0
270.0
344.0
307.0
536.0
331.0
362.0
321.0
300.0
344.0
511.0
372.0
391.0
350.0
278.0
409.0
294.0
257.0
421.0
349.0
341.0
354.0
339.0
272.0
421.0
427.0
531.0
277.0
259.0
430.0
367.0
302.0
384.0
350.0
274.0
302.0
548.0
353.0
436.0
481.0
384.0
483.0
276.0
344.0
392.0
403.0
437.0
336.0
426.0
233.0
451.0
446.0
372.0
376.0
333.0
350.0
257.0
504.0
407.0
248.0
346.0
359.0
402.0
298.0
315.0
287.0
388.0
363.0
374.0
400.0
318.0
274.0
362.0
329.0
438.0
298.0
381.0
387.0
397.0
438.0
366.0
429.0
389.0
476.0
347.0
399.0
352.0
262.0
369.0
349.0
397.0
351.0
343.0
411.0
445.0
323.0
339.0
397.0
298.0
358.0
344.0
250.0
320.0
384.0
366.0
308.0
307.0
331.0
304.0
456.0
460.0
326.0
329.0
411.0
394.0
347.0
290.0
284.0
255.0
319.0
333.0
406.0
358.0
447.0
455.0
351.0
305.0
335.0
322.0
382.0
363.0
332.0
348.0
362.0
392.0
394.0
473.0
416.0
268.0
578.0
430.0
388.0
429.0
597.0
431.0
447.0
343.0
331.0
357.0
267.0
286.0
429.0
364.0
300.0
333.0
359.0
327.0
323.0
348.0
364.0
331.0
224.0
348.0
343.0
279.0
344.0
350.0
293.0
411.0
313.0
497.0
310.0
443.0
353.0
409.0
542.0
430.0
377.0
442.0
294.0
452.0
321.0
354.0
370.0
312.0
481.0
449.0
333.0
362.0
452.0
335.0
347.0
280.0
279.0
332.0
277.0
403.0
336.0
319.0
251.0
412.0
420.0
310.0
253.0
314.0
268.0
244.0
456.0
300.0
411.0
338.0
217.0
289.0
317.0
336.0
280.0
268.0
473.0
338.0
434.0
307.0
339.0
345.0
285.0
311.0
432.0
345.0
420.0
366.0
289.0
233.0
569.0
395.0
538.0
289.0
362.0
336.0
499.0
318.0
362.0
299.0
221.0
449.0
452.0
473.0
274.0
453.0
294.0
297.0
299.0
369.0
307.0
292.0
305.0
308.0
341.0
391.0
398.0
225.0
260.0
363.0
416.0
333.0
461.0
479.0
350.0
327.0
424.0
290.0
291.0
354.0
299.0
396.0
354.0
324.0
321.0
320.0
348.0
263.0
397.0
386.0
408.0
308.0
342.0
226.0
360.0
397.0
368.0
321.0
429.0
315.0
323.0
322.0
268.0
390.0
442.0
406.0
273.0
314.0
425.0
281.0
374.0
312.0
410.0
406.0
406.0
408.0
398.0
359.0
421.0
315.0
282.0
324.0
271.0
390.0
393.0
403.0
329.0
374.0
356.0
292.0
252.0
348.0
341.0
330.0
528.0
256.0
400.0
366.0
230.0
312.0
380.0
228.0
314.0
513.0
283.0
481.0
359.0
339.0
340.0
230.0
256.0
292.0
472.0
355.0
371.0
401.0
350.0
301.0
327.0
378.0
514.0
456.0
344.0
290.0
217.0
333.0
218.0
480.0
314.0
351.0
415.0
399.0
604.0
352.0
458.0
449.0
373.0
426.0
321.0
515.0
228.0
348.0
269.0
223.0
402.0
374.0
333.0
357.0
320.0
252.0
398.0
272.0
340.0
276.0
315.0
378.0
335.0
348.0
338.0
381.0
446.0
395.0
405.0
308.0
338.0
509.0
554.0
474.0
373.0
464.0
359.0
286.0
353.0
294.0
232.0
548.0
269.0
306.0
281.0
351.0
478.0
325.0
315.0
491.0
393.0
441.0
395.0
475.0
368.0
331.0
283.0
429.0
357.0
468.0
453.0
409.0
372.0
346.0
400.0
563.0
264.0
256.0
322.0
402.0
279.0
396.0
399.0
312.0
475.0
421.0
426.0
262.0
342.0
379.0
380.0
334.0
247.0
252.0
369.0
272.0
560.0
399.0
407.0
508.0
294.0
330.0
437.0
231.0
302.0
362.0
527.0
375.0
366.0
284.0
343.0
543.0
424.0
361.0
325.0
411.0
250.0
255.0
365.0
352.0
378.0
415.0
405.0
316.0
359.0
354.0
262.0
211.0
304.0
394.0
317.0
428.0
288.0
368.0
408.0
289.0
335.0
304.0
300.0
363.0
439.0
358.0
451.0
303.0
414.0
410.0
361.0
382.0
354.0
521.0
242.0
417.0
299.0
300.0
306.0
380.0
346.0
474.0
322.0
328.0
419.0
446.0
313.0
323.0
391.0
383.0
321.0
294.0
466.0
344.0
311.0
356.0
470.0
534.0
441.0
335.0
383.0
357.0
509.0
374.0
335.0
459.0
356.0
305.0
301.0
364.0
305.0
323.0
428.0
372.0
538.0
413.0
362.0
431.0
259.0
286.0
313.0
263.0
352.0
418.0
458.0
357.0
334.0
293.0
461.0
229.0
441.0
332.0
369.0
428.0
411.0
416.0
361.0
279.0
269.0
377.0
323.0
376.0
453.0
293.0
320.0
374.0
331.0
407.0
434.0
279.0
432.0
361.0
344.0
356.0
313.0
245.0
285.0
422.0
352.0
398.0
276.0
548.0
315.0
361.0
295.0
404.0
217.0
440.0
370.0
403.0
382.0
394.0
310.0
456.0
467.0
532.0
470.0
366.0
315.0
356.0
309.0
472.0
381.0
206.0
370.0
427.0
400.0
408.0
496.0
342.0
332.0
480.0
548.0
449.0
426.0
404.0
324.0
356.0
756.0
419.0
386.0
641.0
312.0
278.0
351.0
443.0
290.0
471.0
377.0
316.0
361.0
315.0
354.0
396.0
414.0
352.0
324.0
350.0
395.0
367.0
411.0
280.0
452.0
294.0
418.0
427.0
373.0
380.0
341.0
377.0
478.0
321.0
389.0
265.0
272.0
299.0
329.0
463.0
505.0
341.0
212.0
330.0
255.0
370.0
402.0
331.0
324.0
311.0
337.0
483.0
501.0
376.0
522.0
357.0
494.0
318.0
342.0
265.0
411.0
362.0
415.0
369.0
285.0
417.0
571.0
303.0
440.0
391.0
464.0
372.0
400.0
350.0
230.0
314.0
392.0
420.0
474.0
343.0
275.0
331.0
280.0
304.0
372.0
266.0
405.0
323.0
258.0
376.0
775.0
376.0
507.0
307.0
349.0
381.0
249.0
288.0
396.0
478.0
473.0
319.0
407.0
323.0
357.0
389.0
335.0
396.0
322.0
454.0
255.0
349.0
440.0
391.0
278.0
338.0
367.0
346.0
403.0
347.0
404.0
459.0
315.0
331.0
345.0
361.0
387.0
296.0
285.0
277.0
447.0
465.0
296.0
308.0
288.0
334.0
508.0
375.0
405.0
309.0
365.0
358.0
386.0
227.0
562.0
350.0
347.0
402.0
542.0
308.0
380.0
344.0
326.0
298.0
443.0
439.0
535.0
651.0
419.0
423.0
449.0
288.0
441.0
303.0
265.0
385.0
325.0
388.0
313.0
382.0
320.0
425.0
386.0
255.0
325.0
383.0
371.0
316.0
428.0
715.0
323.0
284.0
346.0
268.0
354.0
332.0
241.0
363.0
335.0
453.0
239.0
374.0
372.0
412.0
346.0
407.0
396.0
261.0
396.0
339.0
334.0
328.0
395.0
833.0
524.0
381.0
313.0
616.0
414.0
289.0
521.0
367.0
369.0
385.0
350.0
297.0
277.0
277.0
207.0
290.0
527.0
332.0
270.0
362.0
324.0
333.0
303.0
366.0
467.0
306.0
358.0
313.0
304.0
363.0
352.0
264.0
376.0
547.0
266.0
380.0
405.0
321.0
306.0
427.0
341.0
371.0
465.0
310.0
461.0
449.0
323.0
383.0
380.0
449.0
269.0
197.0
384.0
371.0
324.0
322.0
423.0
356.0
425.0
340.0
430.0
301.0
493.0
393.0
334.0
312.0
346.0
511.0
301.0
322.0
422.0
426.0
372.0
255.0
576.0
313.0
272.0
380.0
420.0
446.0
413.0
445.0
256.0
289.0
337.0
422.0
349.0
323.0
382.0
428.0
563.0
551.0
324.0
495.0
392.0
330.0
354.0
292.0
437.0
447.0
287.0
375.0
388.0
469.0
374.0
293.0
398.0
290.0
379.0
368.0
322.0
315.0
302.0
400.0
318.0
382.0
338.0
262.0
440.0
294.0
487.0
297.0
342.0
246.0
415.0
318.0
421.0
304.0
755.0
383.0
410.0
391.0
386.0
312.0
187.0
418.0
263.0
391.0
361.0
605.0
425.0
309.0
544.0
313.0
293.0
538.0
375.0
379.0
326.0
454.0
281.0
304.0
299.0
335.0
278.0
285.0
244.0
324.0
337.0
331.0
344.0
321.0
342.0
350.0
469.0
442.0
273.0
349.0
324.0
342.0
305.0
419.0
322.0
273.0
384.0
287.0
345.0
324.0
335.0
371.0
349.0
354.0
354.0
449.0
477.0
445.0
297.0
533.0
395.0
311.0
380.0
270.0
341.0
326.0
443.0
420.0
400.0
288.0
302.0
492.0
346.0
297.0
377.0
339.0
360.0
441.0
419.0
401.0
427.0
318.0
350.0
385.0
411.0
375.0
319.0
338.0
422.0
368.0
405.0
269.0
413.0
284.0
387.0
300.0
398.0
266.0
455.0
347.0
332.0
321.0
459.0
266.0
381.0
375.0
291.0
475.0
399.0
515.0
288.0
319.0
350.0
311.0
531.0
378.0
369.0
328.0
408.0
240.0
320.0
348.0
432.0
342.0
288.0
314.0
281.0
318.0
290.0
237.0
318.0
278.0
278.0
271.0
329.0
348.0
371.0
387.0
337.0
396.0
268.0
392.0
397.0
381.0
285.0
370.0
414.0
512.0
313.0
465.0
274.0
328.0
359.0
420.0
405.0
358.0
355.0
330.0
329.0
302.0
452.0
336.0
219.0
326.0
323.0
422.0
402.0
324.0
313.0
262.0
408.0
352.0
349.0
292.0
600.0
481.0
329.0
235.0
321.0
346.0
269.0
372.0
582.0
440.0
295.0
272.0
235.0
361.0
285.0
196.0
441.0
367.0
402.0
257.0
423.0
328.0
511.0
492.0
406.0
318.0
450.0
204.0
424.0
354.0
449.0
358.0
338.0
364.0
314.0
413.0
360.0
278.0
722.0
265.0
292.0
329.0
357.0
281.0
237.0
568.0
329.0
311.0
379.0
285.0
386.0
292.0
280.0
336.0
522.0
264.0
290.0
309.0
263.0
359.0
246.0
424.0
331.0
393.0
329.0
390.0
239.0
310.0
446.0
694.0
329.0
359.0
377.0
263.0
274.0
512.0
269.0
344.0
384.0
354.0
334.0
324.0
325.0
308.0
375.0
457.0
176.0
516.0
325.0
333.0
358.0
386.0
590.0
404.0
241.0
611.0
412.0
313.0
240.0
460.0
305.0
330.0
412.0
239.0
401.0
348.0
328.0
288.0
350.0
316.0
353.0
302.0
416.0
234.0
312.0
280.0
466.0
464.0
298.0
359.0
278.0
502.0
531.0
354.0
417.0
339.0
360.0
357.0
241.0
325.0
437.0
331.0
265.0
416.0
560.0
384.0
296.0
262.0
345.0
315.0
192.0
378.0
327.0
373.0
389.0
262.0
397.0
412.0
432.0
391.0
349.0
355.0
311.0
294.0
269.0
295.0
661.0
395.0
214.0
460.0
330.0
352.0
467.0
278.0
302.0
272.0
282.0
299.0
426.0
446.0
312.0
285.0
398.0
314.0
366.0
295.0
401.0
299.0
434.0
369.0
346.0
385.0
320.0
358.0
368.0
318.0
331.0
461.0
390.0
418.0
528.0
530.0
315.0
418.0
280.0
570.0
236.0
430.0
256.0
370.0
287.0
353.0
324.0
327.0
400.0
341.0
254.0
323.0
439.0
369.0
320.0
503.0
403.0
282.0
316.0
605.0
471.0
378.0
305.0
293.0
337.0
290.0
315.0
287.0
576.0
377.0
543.0
461.0
296.0
487.0
505.0
439.0
438.0
275.0
322.0
297.0
300.0
388.0
256.0
454.0
358.0
472.0
393.0
250.0
300.0
371.0
368.0
291.0
249.0
261.0
293.0
473.0
302.0
342.0
435.0
348.0
364.0
417.0
368.0
374.0
331.0
309.0
314.0
369.0
383.0
288.0
276.0
414.0
414.0
335.0
335.0
436.0
362.0
407.0
298.0
491.0
467.0
294.0
291.0
259.0
481.0
391.0
391.0
302.0
329.0
423.0
449.0
424.0
370.0
736.0
408.0
367.0
329.0
381.0
355.0
308.0
401.0
399.0
536.0
390.0
485.0
259.0
333.0
462.0
363.0
480.0
317.0
417.0
316.0
420.0
421.0
332.0
335.0
283.0
354.0
405.0
414.0
504.0
294.0
316.0
405.0
290.0
277.0
382.0
348.0
496.0
358.0
330.0
460.0
349.0
383.0
423.0
364.0
446.0
469.0
321.0
274.0
278.0
325.0
327.0
260.0
319.0
451.0
225.0
370.0
352.0
318.0
634.0
388.0
407.0
485.0
398.0
295.0
234.0
376.0
412.0
240.0
284.0
291.0
412.0
261.0
324.0
378.0
380.0
384.0
314.0
307.0
410.0
278.0
425.0
448.0
417.0
380.0
320.0
569.0
389.0
334.0
397.0
206.0
264.0
413.0
282.0
320.0
448.0
358.0
451.0
718.0
281.0
331.0
610.0
331.0
358.0
363.0
458.0
346.0
366.0
281.0
412.0
344.0
370.0
398.0
610.0
313.0
273.0
267.0
434.0
410.0
424.0
375.0
311.0
287.0
354.0
338.0
412.0
387.0
381.0
323.0
432.0
420.0
331.0
401.0
632.0
278.0
460.0
488.0
283.0
231.0
370.0
327.0
311.0
507.0
335.0
350.0
380.0
477.0
539.0
358.0
305.0
373.0
592.0
193.0
395.0
232.0
538.0
336.0
323.0
351.0
324.0
276.0
331.0
324.0
410.0
307.0
436.0
265.0
300.0
287.0
289.0
295.0
318.0
397.0
309.0
293.0
420.0
343.0
390.0
368.0
301.0
389.0
489.0
482.0
518.0
344.0
306.0
344.0
457.0
512.0
258.0
288.0
349.0
399.0
578.0
307.0
277.0
363.0
344.0
1098.0
406.0
520.0
402.0
267.0
328.0
358.0
509.0
296.0
404.0
349.0
708.0
291.0
298.0
489.0
401.0
262.0
448.0
416.0
280.0
369.0
242.0
259.0
334.0
397.0
334.0
319.0
386.0
391.0
281.0
292.0
379.0
478.0
334.0
493.0
405.0
331.0
433.0
300.0
504.0
500.0
273.0
232.0
351.0
377.0
307.0
277.0
403.0
353.0
415.0
350.0
274.0
278.0
253.0
555.0
287.0
397.0
295.0
310.0
742.0
333.0
413.0
394.0
439.0
182.0
294.0
300.0
370.0
324.0
353.0
406.0
374.0
302.0
332.0
456.0
419.0
278.0
307.0
344.0
326.0
264.0
291.0
486.0
403.0
351.0
291.0
343.0
354.0
298.0
406.0
300.0
256.0
327.0
412.0
433.0
363.0
417.0
518.0
419.0
557.0
399.0
273.0
236.0
392.0
340.0
510.0
269.0
478.0
492.0
353.0
339.0
361.0
423.0
365.0
392.0
446.0
459.0
301.0
393.0
428.0
375.0
300.0
227.0
423.0
442.0
334.0
238.0
373.0
239.0
454.0
319.0
342.0
380.0
369.0
382.0
473.0
332.0
240.0
1009.0
367.0
515.0
335.0
444.0
298.0
336.0
396.0
438.0
432.0
509.0
263.0
346.0
386.0
401.0
363.0
391.0
285.0
339.0
289.0
395.0
317.0
464.0
396.0
390.0
374.0
358.0
372.0
379.0
409.0
294.0
400.0
309.0
382.0
325.0
431.0
441.0
300.0
443.0
217.0
392.0
404.0
291.0
302.0
565.0
349.0
394.0
306.0
231.0
360.0
388.0
371.0
294.0
288.0
463.0
434.0
436.0
362.0
399.0
433.0
303.0
416.0
318.0
352.0
644.0
352.0
343.0
267.0
328.0
412.0
426.0
369.0
346.0
417.0
702.0
361.0
433.0
351.0
392.0
236.0
297.0
356.0
315.0
229.0
453.0
469.0
275.0
361.0
358.0
369.0
287.0
345.0
294.0
396.0
396.0
314.0
360.0
401.0
378.0
334.0
491.0
280.0
347.0
380.0
359.0
393.0
318.0
446.0
526.0
371.0
346.0
413.0
377.0
311.0
392.0
406.0
499.0
274.0
305.0
242.0
370.0
344.0
375.0
306.0
446.0
497.0
294.0
407.0
352.0
406.0
340.0
453.0
363.0
475.0
334.0
407.0
394.0
387.0
384.0
416.0
299.0
1088.0
208.0
242.0
285.0
355.0
378.0
373.0
314.0
435.0
471.0
421.0
290.0
429.0
355.0
545.0
372.0
301.0
321.0
327.0
349.0
377.0
377.0
471.0
293.0
232.0
354.0
564.0
332.0
417.0
242.0
346.0
365.0
400.0
466.0
242.0
388.0
251.0
423.0
233.0
368.0
356.0
425.0
508.0
457.0
270.0
376.0
385.0
381.0
369.0
345.0
412.0
458.0
202.0
241.0
337.0
358.0
419.0
327.0
254.0
276.0
398.0
505.0
473.0
340.0
267.0
405.0
301.0
647.0
301.0
424.0
282.0
430.0
296.0
361.0
393.0
372.0
401.0
326.0
433.0
199.0
324.0
472.0
310.0
257.0
284.0
247.0
372.0
317.0
412.0
582.0
439.0
451.0
321.0
620.0
395.0
343.0
434.0
284.0
293.0
464.0
280.0
396.0
272.0
336.0
279.0
315.0
304.0
378.0
360.0
454.0
239.0
1128.0
179.0
425.0
350.0
376.0
422.0
401.0
300.0
327.0
281.0
287.0
312.0
318.0
500.0
331.0
280.0
226.0
247.0
333.0
328.0
358.0
369.0
425.0
366.0
259.0
606.0
349.0
420.0
269.0
323.0
374.0
470.0
298.0
405.0
472.0
365.0
332.0
348.0
408.0
467.0
388.0
233.0
356.0
377.0
308.0
566.0
259.0
263.0
309.0
393.0
347.0
376.0
394.0
1139.0
506.0
374.0
329.0
363.0
358.0
344.0
405.0
252.0
299.0
374.0
517.0
384.0
406.0
556.0
281.0
429.0
309.0
157.0
497.0
211.0
253.0
330.0
366.0
275.0
321.0
338.0
246.0
417.0
505.0
463.0
320.0
296.0
262.0
354.0
349.0
259.0
382.0
413.0
487.0
354.0
280.0
368.0
290.0
435.0
323.0
357.0
328.0
435.0
267.0
414.0
284.0
307.0
350.0
335.0
454.0
309.0
517.0
381.0
360.0
217.0
461.0
344.0
301.0
342.0
338.0
501.0
384.0
378.0
364.0
380.0
357.0
375.0
311.0
292.0
406.0
382.0
331.0
446.0
337.0
347.0
261.0
492.0
405.0
539.0
264.0
447.0
261.0
336.0
343.0
247.0
478.0
405.0
368.0
334.0
249.0
420.0
249.0
507.0
333.0
393.0
338.0
370.0
316.0
287.0
344.0
483.0
330.0
431.0
306.0
394.0
348.0
247.0
360.0
309.0
357.0
414.0
412.0
176.0
283.0
316.0
248.0
298.0
338.0
440.0
344.0
287.0
247.0
338.0
365.0
446.0
426.0
680.0
438.0
331.0
285.0
267.0
408.0
331.0
344.0
371.0
449.0
310.0
363.0
231.0
335.0
440.0
335.0
439.0
390.0
339.0
145.0
435.0
424.0
444.0
678.0
491.0
368.0
408.0
378.0
267.0
319.0
271.0
330.0
380.0
361.0
388.0
442.0
303.0
325.0
274.0
245.0
322.0
346.0
349.0
297.0
382.0
287.0
270.0
529.0
330.0
500.0
338.0
371.0
305.0
368.0
557.0
343.0
300.0
231.0
405.0
308.0
389.0
269.0
249.0
384.0
332.0
345.0
324.0
394.0
305.0
383.0
370.0
271.0
324.0
301.0
309.0
441.0
434.0
260.0
363.0
333.0
339.0
338.0
395.0
309.0
278.0
389.0
298.0
408.0
441.0
288.0
375.0
439.0
276.0
306.0
522.0
303.0
289.0
301.0
425.0
459.0
468.0
342.0
488.0
408.0
562.0
367.0
400.0
453.0
238.0
348.0
362.0
360.0
279.0
455.0
242.0
371.0
374.0
330.0
396.0
339.0
513.0
336.0
367.0
353.0
595.0
322.0
382.0
332.0
368.0
619.0
544.0
418.0
288.0
322.0
424.0
297.0
426.0
422.0
313.0
491.0
294.0
487.0
435.0
335.0
334.0
513.0
449.0
301.0
308.0
296.0
418.0
363.0
315.0
346.0
268.0
267.0
375.0
362.0
442.0
477.0
338.0
478.0
276.0
308.0
274.0
253.0
250.0
479.0
327.0
395.0
295.0
210.0
316.0
372.0
327.0
340.0
291.0
284.0
424.0
597.0
286.0
451.0
321.0
337.0
338.0
279.0
488.0
388.0
317.0
328.0
414.0
407.0
378.0
286.0
334.0
266.0
360.0
419.0
393.0
378.0
314.0
337.0
466.0
380.0
294.0
374.0
409.0
201.0
410.0
386.0
380.0
495.0
455.0
366.0
419.0
540.0
263.0
410.0
470.0
376.0
303.0
336.0
426.0
721.0
279.0
350.0
514.0
478.0
336.0
344.0
437.0
434.0
317.0
416.0
360.0
293.0
348.0
278.0
322.0
413.0
441.0
219.0
489.0
323.0
303.0
252.0
443.0
366.0
484.0
304.0
418.0
386.0
352.0
395.0
317.0
394.0
436.0
300.0
349.0
257.0
308.0
312.0
581.0
413.0
209.0
439.0
313.0
306.0
337.0
277.0
260.0
346.0
326.0
252.0
434.0
507.0
287.0
329.0
466.0
576.0
385.0
319.0
394.0
340.0
518.0
431.0
270.0
242.0
452.0
328.0
258.0
336.0
326.0
350.0
311.0
418.0
336.0
404.0
225.0
479.0
316.0
319.0
261.0
549.0
276.0
411.0
486.0
302.0
458.0
479.0
400.0
399.0
256.0
375.0
472.0
611.0
338.0
240.0
376.0
525.0
325.0
281.0
346.0
429.0
335.0
471.0
523.0
239.0
355.0
398.0
308.0
435.0
291.0
261.0
249.0
516.0
327.0
477.0
448.0
270.0
360.0
276.0
295.0
323.0
430.0
329.0
382.0
380.0
294.0
423.0
337.0
394.0
1257.0
327.0
356.0
364.0
400.0
379.0
355.0
383.0
396.0
356.0
377.0
332.0
343.0
264.0
363.0
291.0
374.0
301.0
240.0
327.0
408.0
225.0
345.0
412.0
243.0
318.0
333.0
304.0
362.0
344.0
337.0
298.0
372.0
340.0
322.0
307.0
427.0
511.0
275.0
331.0
451.0
426.0
322.0
413.0
279.0
377.0
330.0
284.0
356.0
536.0
308.0
436.0
328.0
480.0
370.0
618.0
382.0
385.0
344.0
371.0
381.0
519.0
477.0
452.0
288.0
440.0
411.0
421.0
398.0
307.0
478.0
274.0
647.0
402.0
337.0
267.0
511.0
359.0
339.0
302.0
291.0
227.0
310.0
358.0
321.0
318.0
329.0
329.0
359.0
333.0
478.0
270.0
281.0
456.0
393.0
392.0
305.0
442.0
331.0
433.0
340.0
436.0
251.0
346.0
630.0
399.0
289.0
304.0
397.0
303.0
426.0
271.0
288.0
344.0
305.0
278.0
370.0
355.0
156.0
325.0
317.0
394.0
287.0
591.0
251.0
230.0
361.0
379.0
313.0
294.0
310.0
529.0
261.0
426.0
330.0
417.0
408.0
255.0
334.0
538.0
597.0
349.0
624.0
261.0
419.0
356.0
374.0
488.0
376.0
353.0
378.0
326.0
278.0
339.0
351.0
336.0
428.0
464.0
511.0
319.0
400.0
470.0
342.0
369.0
389.0
275.0
356.0
385.0
437.0
504.0
354.0
325.0
426.0
356.0
370.0
438.0
301.0
285.0
392.0
325.0
242.0
364.0
716.0
407.0
374.0
295.0
303.0
293.0
469.0
485.0
282.0
528.0
437.0
349.0
342.0
213.0
394.0
391.0
524.0
424.0
340.0
286.0
397.0
273.0
638.0
417.0
356.0
415.0
212.0
290.0
252.0
320.0
343.0
402.0
387.0
389.0
394.0
344.0
291.0
375.0
252.0
454.0
282.0
304.0
352.0
373.0
449.0
391.0
405.0
302.0
326.0
494.0
388.0
239.0
744.0
360.0
383.0
333.0
280.0
417.0
362.0
304.0
535.0
403.0
418.0
387.0
402.0
289.0
436.0
489.0
406.0
272.0
508.0
302.0
295.0
300.0
267.0
609.0
347.0
412.0
645.0
307.0
403.0
268.0
443.0
405.0
358.0
423.0
316.0
403.0
284.0
257.0
483.0
574.0
368.0
355.0
275.0
404.0
614.0
310.0
323.0
379.0
324.0
328.0
409.0
284.0
291.0
368.0
399.0
449.0
378.0
261.0
533.0
277.0
395.0
418.0
349.0
397.0
432.0
362.0
288.0
542.0
347.0
244.0
317.0
320.0
218.0
280.0
408.0
270.0
463.0
460.0
314.0
480.0
350.0
371.0
335.0
506.0
363.0
312.0
323.0
357.0
281.0
271.0
406.0
238.0
461.0
347.0
324.0
470.0
341.0
629.0
325.0
369.0
427.0
303.0
396.0
519.0
444.0
268.0
327.0
386.0
327.0
434.0
408.0
234.0
268.0
285.0
348.0
400.0
334.0
389.0
376.0
308.0
1281.0
205.0
353.0
372.0
401.0
362.0
314.0
543.0
307.0
375.0
526.0
468.0
483.0
442.0
283.0
426.0
388.0
337.0
438.0
463.0
483.0
349.0
298.0
536.0
208.0
415.0
307.0
257.0
392.0
362.0
355.0
369.0
350.0
284.0
334.0
426.0
361.0
328.0
520.0
380.0
162.0
312.0
393.0
364.0
338.0
341.0
355.0
362.0
407.0
480.0
316.0
412.0
331.0
460.0
567.0
264.0
458.0
480.0
551.0
358.0
341.0
459.0
281.0
251.0
403.0
562.0
339.0
346.0
501.0
293.0
470.0
550.0
338.0
273.0
344.0
420.0
272.0
400.0
293.0
406.0
286.0
395.0
309.0
324.0
393.0
402.0
400.0
355.0
346.0
343.0
344.0
454.0
355.0
456.0
312.0
431.0
297.0
355.0
249.0
452.0
366.0
368.0
325.0
302.0
789.0
543.0
499.0
287.0
449.0
417.0
308.0
498.0
370.0
302.0
355.0
363.0
410.0
515.0
254.0
334.0
380.0
310.0
328.0
321.0
449.0
436.0
395.0
254.0
285.0
295.0
355.0
367.0
306.0
286.0
441.0
493.0
324.0
353.0
336.0
461.0
418.0
353.0
294.0
332.0
422.0
440.0
377.0
450.0
445.0
322.0
576.0
392.0
474.0
368.0
432.0
232.0
360.0
462.0
566.0
229.0
254.0
309.0
327.0
297.0
362.0
384.0
368.0
466.0
343.0
394.0
297.0
320.0
352.0
584.0
251.0
482.0
240.0
321.0
361.0
369.0
310.0
328.0
494.0
315.0
360.0
354.0
673.0
372.0
326.0
492.0
541.0
282.0
305.0
300.0
560.0
295.0
328.0
364.0
394.0
354.0
391.0
364.0
415.0
340.0
412.0
394.0
337.0
360.0
406.0
363.0
200.0
315.0
304.0
250.0
279.0
344.0
335.0
286.0
327.0
453.0
255.0
236.0
445.0
333.0
365.0
348.0
414.0
436.0
276.0
451.0
307.0
389.0
302.0
242.0
366.0
384.0
214.0
340.0
223.0
386.0
269.0
292.0
259.0
466.0
385.0
339.0
383.0
273.0
400.0
376.0
362.0
261.0
275.0
496.0
302.0
495.0
357.0
322.0
475.0
412.0
598.0
257.0
401.0
413.0
349.0
251.0
287.0
291.0
462.0
326.0
329.0
374.0
275.0
306.0
327.0
354.0
342.0
406.0
362.0
246.0
359.0
368.0
509.0
236.0
425.0
310.0
426.0
293.0
309.0
256.0
518.0
362.0
382.0
283.0
364.0
330.0
431.0
410.0
462.0
323.0
242.0
262.0
506.0
284.0
289.0
439.0
330.0
378.0
432.0
350.0
424.0
338.0
266.0
697.0
319.0
281.0
425.0
316.0
302.0
364.0
448.0
391.0
192.0
304.0
306.0
329.0
411.0
292.0
324.0
378.0
417.0
286.0
307.0
355.0
316.0
345.0
424.0
289.0
351.0
335.0
424.0
334.0
266.0
282.0
403.0
513.0
288.0
388.0
329.0
267.0
309.0
315.0
273.0
452.0
533.0
226.0
358.0
507.0
436.0
525.0
289.0
479.0
353.0
572.0
338.0
332.0
414.0
334.0
386.0
276.0
352.0
413.0
392.0
338.0
339.0
307.0
383.0
427.0
391.0
513.0
423.0
306.0
443.0
435.0
605.0
350.0
513.0
474.0
266.0
345.0
317.0
320.0
314.0
371.0
353.0
428.0
384.0
246.0
401.0
314.0
285.0
332.0
360.0
321.0
504.0
255.0
547.0
337.0
298.0
287.0
308.0
525.0
357.0
386.0
308.0
348.0
297.0
558.0
466.0
430.0
279.0
402.0
336.0
418.0
323.0
276.0
377.0
456.0
422.0
395.0
366.0
344.0
300.0
338.0
419.0
266.0
290.0
311.0
337.0
257.0
324.0
301.0
318.0
377.0
454.0
336.0
303.0
407.0
371.0
411.0
413.0
271.0
289.0
278.0
393.0
376.0
464.0
483.0
319.0
286.0
390.0
479.0
489.0
378.0
238.0
363.0
314.0
400.0
231.0
320.0
378.0
341.0
407.0
561.0
339.0
310.0
394.0
449.0
414.0
360.0
260.0
432.0
530.0
284.0
530.0
360.0
326.0
195.0
383.0
390.0
239.0
295.0
283.0
471.0
453.0
394.0
309.0
250.0
423.0
385.0
360.0
378.0
264.0
262.0
379.0
545.0
437.0
338.0
277.0
353.0
334.0
202.0
375.0
376.0
385.0
345.0
382.0
387.0
239.0
493.0
475.0
416.0
323.0
330.0
352.0
279.0
290.0
327.0
278.0
411.0
350.0
545.0
237.0
316.0
420.0
313.0
318.0
319.0
354.0
447.0
365.0
268.0
408.0
288.0
310.0
467.0
464.0
425.0
206.0
415.0
305.0
359.0
337.0
298.0
343.0
265.0
220.0
356.0
420.0
442.0
306.0
334.0
318.0
343.0
273.0
416.0
373.0
463.0
461.0
346.0
397.0
282.0
356.0
327.0
287.0
330.0
246.0
382.0
359.0
331.0
293.0
579.0
314.0
360.0
351.0
482.0
455.0
279.0
287.0
464.0
408.0
445.0
467.0
332.0
295.0
319.0
345.0
243.0
411.0
264.0
335.0
289.0
495.0
352.0
474.0
379.0
538.0
285.0
351.0
444.0
307.0
449.0
443.0
250.0
223.0
379.0
324.0
622.0
361.0
430.0
349.0
236.0
388.0
352.0
194.0
435.0
359.0
368.0
340.0
383.0
287.0
563.0
404.0
297.0
341.0
365.0
341.0
396.0
489.0
448.0
383.0
316.0
254.0
382.0
247.0
297.0
489.0
355.0
350.0
414.0
458.0
377.0
264.0
385.0
506.0
384.0
302.0
313.0
399.0
235.0
294.0
330.0
336.0
424.0
334.0
355.0
201.0
324.0
282.0
429.0
389.0
396.0
319.0
364.0
330.0
390.0
331.0
243.0
311.0
346.0
525.0
332.0
292.0
477.0
271.0
353.0
537.0
292.0
452.0
521.0
354.0
329.0
468.0
594.0
383.0
353.0
360.0
348.0
281.0
396.0
371.0
292.0
408.0
363.0
445.0
409.0
312.0
338.0
253.0
619.0
446.0
429.0
275.0
277.0
254.0
322.0
434.0
370.0
377.0
258.0
274.0
336.0
508.0
405.0
272.0
419.0
314.0
295.0
276.0
255.0
409.0
303.0
428.0
419.0
536.0
434.0
312.0
293.0
388.0
363.0
330.0
401.0
441.0
287.0
274.0
296.0
523.0
258.0
439.0
238.0
266.0
649.0
410.0
483.0
345.0
298.0
333.0
290.0
400.0
397.0
296.0
418.0
305.0
298.0
285.0
265.0
423.0
391.0
259.0
390.0
381.0
369.0
240.0
517.0
439.0
389.0
461.0
360.0
598.0
305.0
411.0
485.0
349.0
424.0
456.0
417.0
313.0
501.0
305.0
350.0
284.0
362.0
339.0
466.0
372.0
325.0
458.0
292.0
360.0
275.0
387.0
406.0
338.0
369.0
862.0
204.0
412.0
423.0
403.0
289.0
332.0
394.0
283.0
577.0
331.0
392.0
373.0
284.0
492.0
313.0
344.0
309.0
414.0
490.0
519.0
535.0
324.0
342.0
386.0
429.0
301.0
363.0
348.0
468.0
334.0
376.0
299.0
559.0
205.0
366.0
353.0
462.0
425.0
287.0
340.0
337.0
326.0
251.0
368.0
373.0
494.0
354.0
298.0
344.0
248.0
216.0
529.0
287.0
284.0
511.0
479.0
429.0
421.0
440.0
257.0
348.0
551.0
444.0
402.0
436.0
470.0
470.0
377.0
435.0
353.0
345.0
371.0
416.0
389.0
371.0
443.0
242.0
276.0
355.0
291.0
408.0
461.0
347.0
409.0
336.0
370.0
310.0
381.0
428.0
367.0
713.0
427.0
499.0
325.0
327.0
479.0
331.0
354.0
381.0
266.0
329.0
372.0
357.0
347.0
463.0
350.0
357.0
433.0
471.0
275.0
361.0
333.0
304.0
551.0
257.0
396.0
375.0
266.0
259.0
391.0
482.0
589.0
495.0
183.0
536.0
431.0
331.0
509.0
321.0
409.0
594.0
305.0
283.0
334.0
241.0
441.0
386.0
271.0
354.0
322.0
310.0
330.0
339.0
379.0
277.0
476.0
452.0
435.0
445.0
329.0
376.0
279.0
591.0
362.0
270.0
324.0
478.0
390.0
402.0
333.0
499.0
534.0
286.0
344.0
401.0
753.0
332.0
253.0
371.0
445.0
405.0
352.0
328.0
247.0
272.0
398.0
282.0
386.0
368.0
432.0
303.0
395.0
391.0
707.0
365.0
367.0
352.0
315.0
327.0
279.0
443.0
321.0
296.0
380.0
363.0
425.0
416.0
456.0
377.0
367.0
421.0
380.0
259.0
471.0
336.0
387.0
373.0
257.0
704.0
435.0
314.0
380.0
364.0
452.0
257.0
328.0
344.0
402.0
266.0
257.0
302.0
364.0
346.0
279.0
370.0
418.0
508.0
445.0
411.0
366.0
507.0
396.0
298.0
393.0
279.0
259.0
352.0
265.0
365.0
315.0
364.0
828.0
311.0
480.0
378.0
294.0
398.0
372.0
196.0
374.0
492.0
528.0
372.0
440.0
308.0
357.0
274.0
429.0
309.0
551.0
271.0
387.0
364.0
230.0
410.0
298.0
606.0
347.0
320.0
312.0
317.0
318.0
374.0
325.0
381.0
565.0
256.0
359.0
340.0
482.0
256.0
277.0
565.0
397.0
329.0
311.0
435.0
488.0
397.0
323.0
375.0
300.0
404.0
328.0
384.0
443.0
340.0
379.0
350.0
283.0
211.0
361.0
326.0
353.0
396.0
415.0
308.0
468.0
383.0
328.0
396.0
422.0
448.0
358.0
308.0
385.0
626.0
326.0
359.0
347.0
325.0
304.0
520.0
367.0
356.0
346.0
421.0
353.0
374.0
367.0
321.0
476.0
318.0
290.0
572.0
330.0
267.0
256.0
314.0
329.0
343.0
399.0
415.0
332.0
338.0
427.0
400.0
285.0
375.0
502.0
263.0
385.0
570.0
431.0
452.0
273.0
446.0
319.0
341.0
412.0
269.0
432.0
345.0
340.0
365.0
344.0
312.0
411.0
374.0
436.0
332.0
284.0
329.0
489.0
322.0
475.0
378.0
573.0
500.0
286.0
433.0
327.0
321.0
518.0
531.0
315.0
624.0
296.0
513.0
397.0
373.0
226.0
296.0
232.0
399.0
295.0
376.0
320.0
315.0
382.0
411.0
250.0
227.0
228.0
341.0
240.0
237.0
355.0
342.0
298.0
348.0
371.0
449.0
249.0
321.0
353.0
332.0
290.0
550.0
266.0
273.0
325.0
422.0
387.0
356.0
373.0
426.0
241.0
373.0
387.0
261.0
404.0
534.0
424.0
489.0
410.0
507.0
342.0
335.0
416.0
255.0
333.0
486.0
460.0
386.0
229.0
325.0
301.0
391.0
287.0
246.0
541.0
465.0
517.0
409.0
241.0
371.0
427.0
566.0
547.0
664.0
398.0
444.0
326.0
306.0
313.0
310.0
433.0
654.0
367.0
337.0
317.0
296.0
399.0
303.0
393.0
338.0
366.0
284.0
413.0
404.0
435.0
194.0
341.0
272.0
335.0
280.0
412.0
271.0
390.0
465.0
505.0
324.0
548.0
479.0
483.0
317.0
360.0
362.0
303.0
402.0
305.0
313.0
236.0
371.0
328.0
319.0
281.0
262.0
397.0
319.0
246.0
526.0
381.0
271.0
462.0
407.0
318.0
454.0
379.0
410.0
366.0
349.0
202.0
394.0
293.0
271.0
409.0
341.0
314.0
386.0
364.0
355.0
384.0
425.0
293.0
373.0
379.0
388.0
309.0
367.0
464.0
454.0
339.0
321.0
457.0
339.0
343.0
384.0
234.0
434.0
383.0
414.0
602.0
292.0
524.0
352.0
355.0
343.0
350.0
327.0
474.0
347.0
382.0
265.0
341.0
317.0
529.0
322.0
299.0
350.0
497.0
435.0
417.0
497.0
287.0
336.0
360.0
497.0
465.0
351.0
351.0
423.0
269.0
398.0
310.0
333.0
233.0
383.0
495.0
474.0
302.0
341.0
430.0
286.0
587.0
429.0
363.0
556.0
319.0
402.0
475.0
332.0
319.0
257.0
442.0
501.0
321.0
229.0
322.0
311.0
386.0
328.0
488.0
461.0
284.0
427.0
479.0
316.0
284.0
260.0
288.0
257.0
338.0
516.0
341.0
331.0
291.0
303.0
365.0
333.0
244.0
359.0
239.0
468.0
298.0
337.0
258.0
444.0
393.0
517.0
301.0
362.0
280.0
385.0
498.0
366.0
320.0
512.0
339.0
465.0
429.0
360.0
280.0
485.0
408.0
504.0
402.0
443.0
348.0
325.0
375.0
324.0
398.0
426.0
333.0
346.0
280.0
290.0
430.0
433.0
400.0
259.0
313.0
266.0
371.0
364.0
241.0
395.0
281.0
198.0
228.0
395.0
554.0
269.0
273.0
368.0
312.0
354.0
370.0
265.0
257.0
307.0
328.0
285.0
328.0
255.0
325.0
344.0
460.0
282.0
394.0
528.0
276.0
336.0
288.0
231.0
412.0
294.0
315.0
252.0
284.0
403.0
404.0
380.0
284.0
275.0
257.0
405.0
411.0
255.0
371.0
238.0
392.0
266.0
382.0
335.0
418.0
528.0
305.0
400.0
366.0
361.0
308.0
397.0
350.0
431.0
533.0
269.0
460.0
444.0
553.0
319.0
316.0
448.0
462.0
404.0
354.0
331.0
281.0
331.0
512.0
466.0
344.0
378.0
505.0
275.0
296.0
339.0
283.0
400.0
440.0
230.0
284.0
278.0
343.0
496.0
347.0
278.0
350.0
374.0
219.0
228.0
374.0
432.0
361.0
402.0
295.0
397.0
337.0
376.0
497.0
279.0
379.0
319.0
291.0
372.0
262.0
555.0
270.0
348.0
232.0
320.0
444.0
311.0
338.0
351.0
484.0
488.0
365.0
248.0
328.0
463.0
470.0
583.0
440.0
343.0
336.0
300.0
351.0
350.0
355.0
394.0
611.0
426.0
317.0
303.0
360.0
325.0
312.0
279.0
440.0
471.0
452.0
366.0
508.0
481.0
394.0
315.0
240.0
402.0
425.0
449.0
446.0
536.0
320.0
423.0
429.0
309.0
390.0
344.0
280.0
368.0
264.0
287.0
440.0
551.0
421.0
418.0
298.0
273.0
285.0
289.0
305.0
326.0
338.0
509.0
272.0
244.0
485.0
251.0
356.0
356.0
366.0
336.0
607.0
374.0
297.0
355.0
412.0
321.0
375.0
369.0
386.0
318.0
393.0
315.0
299.0
438.0
607.0
622.0
575.0
219.0
405.0
353.0
366.0
366.0
398.0
385.0
434.0
335.0
311.0
291.0
374.0
327.0
297.0
404.0
464.0
412.0
282.0
279.0
347.0
351.0
539.0
302.0
366.0
355.0
486.0
394.0
376.0
408.0
254.0
270.0
280.0
297.0
404.0
618.0
392.0
294.0
366.0
278.0
373.0
338.0
385.0
570.0
399.0
468.0
300.0
337.0
364.0
207.0
383.0
338.0
256.0
324.0
336.0
429.0
381.0
411.0
369.0
369.0
288.0
322.0
346.0
430.0
384.0
356.0
360.0
715.0
486.0
481.0
339.0
344.0
362.0
336.0
347.0
275.0
297.0
356.0
268.0
432.0
339.0
383.0
461.0
305.0
398.0
400.0
428.0
330.0
709.0
313.0
440.0
297.0
552.0
320.0
264.0
454.0
319.0
286.0
558.0
465.0
298.0
452.0
388.0
288.0
379.0
230.0
431.0
285.0
383.0
358.0
393.0
358.0
324.0
303.0
431.0
298.0
289.0
324.0
722.0
417.0
329.0
441.0
231.0
314.0
306.0
342.0
441.0
480.0
355.0
282.0
452.0
271.0
440.0
281.0
363.0
441.0
296.0
325.0
390.0
335.0
276.0
299.0
232.0
399.0
522.0
391.0
511.0
327.0
327.0
375.0
527.0
327.0
366.0
309.0
338.0
385.0
304.0
310.0
402.0
390.0
347.0
405.0
325.0
462.0
270.0
435.0
228.0
318.0
343.0
304.0
567.0
425.0
310.0
621.0
379.0
361.0
372.0
281.0
433.0
373.0
444.0
341.0
503.0
393.0
373.0
356.0
582.0
309.0
392.0
409.0
284.0
456.0
288.0
679.0
266.0
271.0
415.0
269.0
471.0
309.0
431.0
311.0
364.0
382.0
374.0
326.0
278.0
303.0
366.0
460.0
496.0
376.0
315.0
510.0
397.0
361.0
439.0
319.0
419.0
454.0
364.0
393.0
300.0
383.0
318.0
293.0
410.0
313.0
437.0
450.0
345.0
383.0
410.0
432.0
308.0
409.0
471.0
339.0
349.0
423.0
319.0
352.0
447.0
307.0
259.0
272.0
335.0
392.0
378.0
380.0
369.0
367.0
295.0
257.0
531.0
271.0
339.0
308.0
297.0
451.0
296.0
416.0
374.0
316.0
394.0
389.0
317.0
377.0
420.0
330.0
290.0
350.0
452.0
422.0
420.0
445.0
566.0
308.0
424.0
308.0
324.0
224.0
416.0
373.0
521.0
433.0
352.0
252.0
366.0
310.0
549.0
377.0
375.0
455.0
225.0
312.0
323.0
426.0
465.0
358.0
359.0
497.0
387.0
360.0
343.0
405.0
327.0
286.0
377.0
479.0
333.0
377.0
423.0
490.0
279.0
481.0
535.0
1220.0
376.0
401.0
560.0
198.0
417.0
308.0
328.0
330.0
417.0
367.0
405.0
319.0
403.0
377.0
260.0
376.0
233.0
255.0
333.0
394.0
357.0
337.0
387.0
457.0
342.0
295.0
474.0
295.0
408.0
288.0
369.0
312.0
387.0
382.0
274.0
315.0
400.0
425.0
192.0
313.0
502.0
408.0
345.0
347.0
361.0
342.0
442.0
461.0
464.0
258.0
312.0
354.0
402.0
274.0
293.0
316.0
209.0
387.0
350.0
435.0
387.0
252.0
233.0
395.0
457.0
472.0
453.0
351.0
341.0
408.0
225.0
334.0
296.0
287.0
484.0
315.0
462.0
333.0
384.0
289.0
383.0
365.0
277.0
437.0
324.0
408.0
678.0
347.0
291.0
296.0
292.0
330.0
306.0
406.0
351.0
425.0
443.0
399.0
296.0
522.0
447.0
385.0
308.0
515.0
294.0
525.0
356.0
508.0
461.0
328.0
355.0
300.0
462.0
333.0
268.0
265.0
284.0
383.0
310.0
325.0
225.0
255.0
263.0
646.0
268.0
528.0
352.0
434.0
394.0
559.0
490.0
423.0
352.0
399.0
555.0
327.0
422.0
295.0
391.0
297.0
436.0
462.0
445.0
287.0
371.0
442.0
372.0
350.0
423.0
408.0
439.0
306.0
364.0
341.0
365.0
320.0
345.0
332.0
438.0
317.0
372.0
306.0
384.0
426.0
461.0
353.0
309.0
301.0
343.0
482.0
308.0
370.0
473.0
326.0
357.0
338.0
334.0
254.0
461.0
430.0
278.0
338.0
399.0
306.0
356.0
574.0
443.0
385.0
300.0
508.0
352.0
243.0
243.0
445.0
331.0
402.0
374.0
382.0
366.0
318.0
411.0
466.0
247.0
390.0
347.0
311.0
392.0
269.0
288.0
442.0
342.0
384.0
317.0
317.0
436.0
487.0
330.0
293.0
376.0
274.0
343.0
426.0
340.0
468.0
371.0
583.0
399.0
1317.0
276.0
473.0
431.0
286.0
354.0
370.0
339.0
292.0
303.0
292.0
437.0
459.0
366.0
294.0
518.0
469.0
297.0
295.0
618.0
311.0
404.0
773.0
359.0
201.0
373.0
358.0
426.0
477.0
403.0
338.0
351.0
300.0
281.0
229.0
424.0
279.0
276.0
340.0
356.0
434.0
422.0
451.0
409.0
319.0
259.0
388.0
399.0
281.0
300.0
352.0
346.0
335.0
380.0
363.0
369.0
392.0
407.0
436.0
422.0
327.0
286.0
422.0
329.0
324.0
258.0
475.0
533.0
407.0
434.0
407.0
343.0
257.0
326.0
655.0
530.0
316.0
362.0
274.0
553.0
354.0
419.0
334.0
250.0
376.0
256.0
380.0
390.0
352.0
365.0
227.0
356.0
257.0
250.0
308.0
434.0
331.0
354.0
420.0
527.0
431.0
329.0
397.0
392.0
409.0
421.0
400.0
471.0
359.0
284.0
317.0
372.0
366.0
433.0
372.0
433.0
243.0
334.0
439.0
336.0
282.0
490.0
332.0
386.0
467.0
351.0
383.0
347.0
349.0
356.0
350.0
345.0
335.0
392.0
428.0
293.0
421.0
298.0
350.0
498.0
374.0
284.0
465.0
443.0
370.0
346.0
470.0
507.0
271.0
350.0
407.0
399.0
496.0
400.0
391.0
400.0
359.0
258.0
325.0
294.0
278.0
388.0
512.0
308.0
355.0
500.0
420.0
317.0
350.0
418.0
472.0
308.0
427.0
424.0
325.0
254.0
239.0
280.0
337.0
322.0
316.0
353.0
309.0
442.0
337.0
404.0
380.0
402.0
405.0
253.0
270.0
486.0
461.0
275.0
276.0
453.0
317.0
433.0
276.0
384.0
343.0
525.0
425.0
290.0
479.0
273.0
386.0
268.0
437.0
324.0
355.0
369.0
696.0
288.0
330.0
523.0
385.0
443.0
274.0
413.0
309.0
340.0
231.0
270.0
460.0
410.0
300.0
412.0
332.0
302.0
316.0
308.0
294.0
333.0
289.0
356.0
359.0
279.0
431.0
226.0
243.0
266.0
298.0
289.0
299.0
231.0
425.0
360.0
412.0
425.0
398.0
365.0
296.0
323.0
409.0
496.0
267.0
403.0
306.0
374.0
239.0
337.0
236.0
361.0
424.0
389.0
327.0
321.0
287.0
364.0
399.0
351.0
524.0
517.0
351.0
398.0
381.0
245.0
305.0
335.0
286.0
429.0
210.0
290.0
277.0
347.0
337.0
378.0
564.0
334.0
543.0
355.0
320.0
363.0
306.0
464.0
548.0
307.0
312.0
451.0
401.0
337.0
243.0
253.0
504.0
439.0
303.0
425.0
497.0
334.0
244.0
389.0
334.0
444.0
407.0
478.0
285.0
318.0
280.0
396.0
394.0
369.0
333.0
408.0
502.0
288.0
505.0
252.0
331.0
313.0
368.0
339.0
206.0
386.0
302.0
383.0
473.0
371.0
278.0
476.0
397.0
422.0
381.0
308.0
332.0
360.0
358.0
383.0
493.0
354.0
296.0
353.0
286.0
500.0
339.0
302.0
363.0
367.0
322.0
373.0
289.0
265.0
315.0
343.0
436.0
435.0
276.0
420.0
343.0
470.0
391.0
421.0
405.0
356.0
328.0
311.0
499.0
357.0
304.0
487.0
318.0
337.0
372.0
473.0
378.0
512.0
426.0
623.0
514.0
408.0
227.0
320.0
421.0
366.0
335.0
343.0
406.0
427.0
374.0
234.0
628.0
317.0
295.0
275.0
428.0
329.0
366.0
370.0
429.0
374.0
556.0
348.0
310.0
433.0
323.0
298.0
366.0
267.0
282.0
350.0
441.0
408.0
537.0
398.0
397.0
373.0
287.0
673.0
402.0
365.0
505.0
350.0
296.0
398.0
279.0
280.0
364.0
401.0
305.0
340.0
566.0
355.0
345.0
340.0
343.0
237.0
492.0
348.0
387.0
314.0
355.0
599.0
339.0
349.0
403.0
272.0
368.0
431.0
304.0
312.0
419.0
277.0
323.0
451.0
351.0
315.0
327.0
364.0
404.0
319.0
317.0
384.0
393.0
295.0
392.0
271.0
285.0
404.0
443.0
463.0
442.0
316.0
282.0
523.0
310.0
404.0
380.0
494.0
282.0
362.0
461.0
356.0
322.0
374.0
271.0
439.0
365.0
273.0
363.0
432.0
570.0
308.0
297.0
955.0
286.0
336.0
368.0
316.0
374.0
285.0
451.0
437.0
317.0
367.0
378.0
293.0
330.0
441.0
322.0
406.0
374.0
366.0
464.0
435.0
279.0
310.0
303.0
415.0
357.0
304.0
226.0
376.0
392.0
367.0
519.0
381.0
501.0
306.0
320.0
294.0
496.0
324.0
372.0
395.0
493.0
284.0
388.0
399.0
317.0
493.0
441.0
439.0
236.0
509.0
332.0
372.0
366.0
297.0
429.0
401.0
411.0
449.0
296.0
438.0
261.0
304.0
348.0
296.0
301.0
306.0
307.0
520.0
366.0
246.0
464.0
385.0
484.0
307.0
283.0
499.0
359.0
377.0
345.0
418.0
342.0
390.0
385.0
339.0
378.0
277.0
391.0
428.0
329.0
362.0
316.0
277.0
370.0
300.0
303.0
464.0
252.0
326.0
516.0
341.0
453.0
378.0
307.0
402.0
485.0
437.0
439.0
273.0
411.0
393.0
405.0
427.0
358.0
391.0
378.0
396.0
427.0
349.0
351.0
484.0
385.0
649.0
419.0
384.0
327.0
321.0
404.0
474.0
310.0
248.0
382.0
343.0
369.0
354.0
310.0
272.0
380.0
384.0
512.0
318.0
354.0
430.0
376.0
289.0
400.0
241.0
445.0
569.0
297.0
377.0
326.0
367.0
350.0
338.0
424.0
355.0
411.0
427.0
457.0
386.0
375.0
388.0
417.0
352.0
358.0
397.0
307.0
427.0
494.0
388.0
312.0
391.0
287.0
423.0
262.0
376.0
308.0
273.0
474.0
333.0
366.0
387.0
358.0
309.0
337.0
455.0
302.0
380.0
441.0
289.0
620.0
296.0
502.0
429.0
276.0
328.0
306.0
393.0
403.0
329.0
247.0
332.0
290.0
314.0
338.0
464.0
371.0
418.0
287.0
447.0
306.0
339.0
417.0
440.0
404.0
372.0
281.0
426.0
334.0
416.0
367.0
339.0
406.0
403.0
358.0
804.0
336.0
412.0
313.0
376.0
335.0
425.0
285.0
336.0
327.0
277.0
317.0
281.0
321.0
451.0
258.0
355.0
281.0
405.0
244.0
360.0
349.0
339.0
247.0
461.0
346.0
456.0
362.0
409.0
434.0
374.0
298.0
542.0
372.0
391.0
469.0
532.0
516.0
279.0
525.0
272.0
470.0
316.0
393.0
485.0
390.0
310.0
244.0
383.0
229.0
339.0
427.0
300.0
373.0
344.0
237.0
368.0
432.0
357.0
345.0
416.0
373.0
336.0
430.0
347.0
560.0
422.0
266.0
380.0
386.0
327.0
381.0
360.0
256.0
388.0
383.0
393.0
426.0
325.0
280.0
341.0
371.0
368.0
373.0
383.0
459.0
417.0
422.0
379.0
323.0
470.0
430.0
381.0
358.0
294.0
402.0
335.0
327.0
369.0
439.0
332.0
284.0
448.0
380.0
419.0
275.0
329.0
536.0
441.0
377.0
441.0
381.0
349.0
396.0
270.0
349.0
247.0
550.0
287.0
282.0
441.0
343.0
442.0
320.0
447.0
296.0
340.0
409.0
314.0
327.0
284.0
430.0
259.0
261.0
390.0
421.0
338.0
266.0
574.0
407.0
360.0
397.0
484.0
387.0
335.0
283.0
327.0
365.0
331.0
280.0
306.0
283.0
253.0
275.0
226.0
383.0
390.0
411.0
281.0
325.0
291.0
379.0
285.0
394.0
469.0
390.0
278.0
500.0
360.0
305.0
550.0
370.0
355.0
337.0
311.0
475.0
302.0
361.0
385.0
493.0
393.0
280.0
463.0
587.0
351.0
387.0
372.0
395.0
314.0
309.0
586.0
298.0
270.0
222.0
276.0
253.0
401.0
374.0
452.0
357.0
375.0
477.0
395.0
356.0
331.0
289.0
360.0
298.0
490.0
453.0
290.0
295.0
333.0
355.0
406.0
571.0
303.0
248.0
478.0
308.0
300.0
358.0
412.0
326.0
255.0
235.0
329.0
525.0
508.0
383.0
331.0
399.0
384.0
340.0
431.0
347.0
389.0
283.0
449.0
340.0
317.0
408.0
354.0
292.0
303.0
350.0
369.0
380.0
325.0
301.0
302.0
345.0
260.0
386.0
311.0
378.0
296.0
447.0
538.0
377.0
384.0
423.0
300.0
425.0
310.0
436.0
398.0
663.0
414.0
443.0
359.0
407.0
291.0
377.0
283.0
434.0
448.0
294.0
433.0
333.0
316.0
307.0
440.0
300.0
449.0
521.0
325.0
581.0
419.0
365.0
405.0
348.0
326.0
410.0
369.0
252.0
367.0
328.0
445.0
351.0
674.0
264.0
317.0
347.0
283.0
472.0
398.0
426.0
521.0
395.0
425.0
364.0
322.0
331.0
383.0
380.0
261.0
413.0
302.0
313.0
517.0
318.0
354.0
370.0
456.0
364.0
366.0
321.0
251.0
307.0
367.0
346.0
451.0
261.0
400.0
365.0
313.0
471.0
387.0
428.0
395.0
453.0
231.0
386.0
342.0
374.0
281.0
321.0
375.0
449.0
343.0
294.0
450.0
406.0
297.0
355.0
359.0
471.0
187.0
421.0
551.0
508.0
337.0
366.0
500.0
402.0
400.0
394.0
312.0
390.0
357.0
399.0
514.0
359.0
269.0
407.0
420.0
420.0
322.0
354.0
301.0
445.0
454.0
358.0
446.0
403.0
291.0
430.0
348.0
439.0
442.0
262.0
312.0
363.0
272.0
379.0
276.0
317.0
310.0
271.0
350.0
347.0
399.0
278.0
397.0
330.0
308.0
521.0
307.0
264.0
313.0
436.0
297.0
401.0
348.0
400.0
386.0
332.0
359.0
302.0
322.0
321.0
239.0
431.0
404.0
464.0
374.0
378.0
346.0
546.0
291.0
412.0
265.0
243.0
306.0
407.0
448.0
391.0
442.0
324.0
301.0
355.0
330.0
496.0
324.0
460.0
329.0
409.0
491.0
398.0
434.0
300.0
388.0
332.0
391.0
328.0
499.0
309.0
528.0
400.0
387.0
481.0
473.0
420.0
276.0
472.0
394.0
406.0
304.0
346.0
355.0
351.0
411.0
273.0
351.0
457.0
191.0
403.0
256.0
315.0
323.0
403.0
474.0
399.0
329.0
304.0
370.0
509.0
373.0
343.0
438.0
325.0
334.0
311.0
342.0
353.0
302.0
253.0
342.0
449.0
294.0
250.0
300.0
349.0
357.0
379.0
300.0
302.0
331.0
366.0
387.0
370.0
309.0
285.0
372.0
509.0
386.0
228.0
306.0
384.0
461.0
213.0
330.0
424.0
524.0
446.0
363.0
390.0
387.0
376.0
397.0
407.0
380.0
398.0
293.0
364.0
349.0
336.0
258.0
362.0
330.0
291.0
315.0
453.0
611.0
254.0
309.0
312.0
380.0
461.0
295.0
364.0
243.0
413.0
380.0
433.0
439.0
288.0
366.0
385.0
348.0
453.0
412.0
307.0
426.0
371.0
409.0
499.0
339.0
422.0
404.0
289.0
341.0
316.0
358.0
367.0
500.0
409.0
434.0
344.0
376.0
371.0
347.0
356.0
679.0
319.0
441.0
353.0
345.0
337.0
302.0
410.0
415.0
408.0
315.0
390.0
454.0
342.0
316.0
414.0
401.0
389.0
345.0
322.0
300.0
377.0
272.0
571.0
401.0
366.0
368.0
251.0
515.0
486.0
390.0
237.0
564.0
305.0
342.0
329.0
367.0
278.0
388.0
481.0
260.0
390.0
410.0
422.0
316.0
297.0
396.0
399.0
437.0
300.0
433.0
323.0
303.0
269.0
358.0
301.0
307.0
509.0
534.0
424.0
337.0
288.0
476.0
550.0
280.0
319.0
270.0
393.0
472.0
379.0
340.0
481.0
275.0
360.0
418.0
379.0
372.0
322.0
281.0
350.0
396.0
305.0
342.0
492.0
422.0
379.0
341.0
290.0
559.0
242.0
287.0
399.0
357.0
304.0
340.0
301.0
479.0
413.0
370.0
267.0
375.0
310.0
401.0
342.0
448.0
316.0
407.0
433.0
397.0
487.0
255.0
658.0
362.0
252.0
406.0
326.0
492.0
291.0
324.0
448.0
368.0
314.0
335.0
336.0
431.0
423.0
248.0
456.0
352.0
378.0
475.0
336.0
309.0
412.0
360.0
587.0
354.0
370.0
514.0
358.0
344.0
348.0
252.0
351.0
388.0
412.0
331.0
477.0
272.0
314.0
224.0
447.0
503.0
424.0
362.0
351.0
345.0
196.0
323.0
307.0
325.0
553.0
476.0
235.0
385.0
331.0
355.0
401.0
307.0
357.0
431.0
467.0
369.0
325.0
366.0
290.0
380.0
228.0
341.0
343.0
403.0
248.0
226.0
323.0
306.0
362.0
535.0
321.0
258.0
297.0
353.0
436.0
319.0
443.0
382.0
327.0
383.0
330.0
441.0
425.0
482.0
348.0
416.0
334.0
280.0
384.0
299.0
352.0
414.0
358.0
343.0
421.0
391.0
454.0
418.0
340.0
399.0
294.0
377.0
491.0
309.0
293.0
346.0
300.0
570.0
286.0
498.0
368.0
531.0
479.0
303.0
358.0
554.0
372.0
392.0
331.0
353.0
420.0
417.0
315.0
421.0
234.0
292.0
373.0
304.0
407.0
314.0
269.0
371.0
372.0
264.0
337.0
307.0
288.0
399.0
473.0
398.0
629.0
306.0
333.0
409.0
271.0
357.0
430.0
523.0
290.0
302.0
366.0
393.0
361.0
487.0
329.0
475.0
286.0
441.0
358.0
389.0
464.0
392.0
255.0
369.0
311.0
340.0
551.0
493.0
351.0
326.0
470.0
296.0
525.0
304.0
446.0
439.0
464.0
347.0
387.0
337.0
320.0
381.0
464.0
343.0
366.0
463.0
228.0
305.0
290.0
324.0
461.0
323.0
403.0
329.0
501.0
333.0
307.0
478.0
367.0
320.0
323.0
416.0
422.0
313.0
316.0
292.0
407.0
280.0
337.0
361.0
449.0
435.0
475.0
407.0
346.0
211.0
302.0
319.0
438.0
283.0
486.0
261.0
362.0
344.0
401.0
605.0
330.0
431.0
401.0
272.0
383.0
327.0
398.0
321.0
388.0
376.0
385.0
304.0
312.0
315.0
251.0
384.0
471.0
387.0
452.0
299.0
328.0
262.0
353.0
323.0
439.0
384.0
466.0
358.0
303.0
429.0
334.0
298.0
368.0
355.0
483.0
424.0
355.0
288.0
314.0
365.0
338.0
372.0
343.0
462.0
430.0
442.0
346.0
205.0
285.0
414.0
298.0
274.0
407.0
324.0
395.0
339.0
279.0
351.0
313.0
453.0
359.0
250.0
261.0
379.0
291.0
471.0
303.0
493.0
283.0
411.0
303.0
438.0
354.0
473.0
354.0
392.0
417.0
388.0
319.0
475.0
447.0
462.0
431.0
274.0
379.0
388.0
296.0
324.0
563.0
315.0
401.0
273.0
263.0
382.0
200.0
439.0
396.0
282.0
412.0
339.0
364.0
259.0
531.0
445.0
661.0
359.0
382.0
332.0
366.0
435.0
333.0
446.0
348.0
355.0
312.0
311.0
312.0
327.0
284.0
330.0
370.0
383.0
311.0
284.0
475.0
262.0
469.0
252.0
404.0
398.0
509.0
378.0
333.0
469.0
361.0
374.0
390.0
268.0
275.0
447.0
390.0
573.0
366.0
330.0
373.0
414.0
499.0
297.0
409.0
358.0
489.0
359.0
312.0
378.0
233.0
248.0
360.0
331.0
362.0
284.0
443.0
213.0
411.0
486.0
426.0
390.0
316.0
476.0
294.0
334.0
255.0
353.0
430.0
316.0
393.0
508.0
407.0
338.0
421.0
307.0
418.0
407.0
366.0
368.0
481.0
401.0
380.0
274.0
359.0
312.0
354.0
405.0
347.0
322.0
407.0
347.0
378.0
301.0
374.0
339.0
339.0
379.0
347.0
337.0
511.0
332.0
303.0
451.0
380.0
352.0
289.0
354.0
339.0
352.0
382.0
322.0
378.0
391.0
391.0
396.0
387.0
302.0
280.0
335.0
361.0
395.0
376.0
529.0
335.0
247.0
316.0
395.0
288.0
333.0
332.0
342.0
438.0
325.0
258.0
327.0
420.0
285.0
280.0
305.0
452.0
506.0
378.0
471.0
336.0
396.0
292.0
276.0
356.0
343.0
356.0
409.0
437.0
454.0
406.0
325.0
284.0
418.0
367.0
359.0
281.0
343.0
423.0
571.0
324.0
441.0
238.0
459.0
348.0
408.0
321.0
360.0
502.0
291.0
429.0
381.0
383.0
348.0
283.0
467.0
342.0
365.0
373.0
417.0
389.0
400.0
295.0
288.0
285.0
296.0
392.0
390.0
494.0
353.0
421.0
365.0
413.0
277.0
230.0
572.0
299.0
320.0
290.0
320.0
258.0
431.0
363.0
413.0
541.0
365.0
260.0
452.0
308.0
287.0
344.0
368.0
292.0
430.0
348.0
378.0
364.0
365.0
276.0
470.0
324.0
468.0
507.0
315.0
487.0
267.0
260.0
429.0
410.0
415.0
457.0
350.0
361.0
328.0
287.0
308.0
335.0
314.0
393.0
324.0
457.0
278.0
409.0
415.0
398.0
480.0
370.0
367.0
289.0
354.0
392.0
377.0
417.0
467.0
338.0
410.0
342.0
383.0
496.0
412.0
341.0
448.0
304.0
491.0
407.0
486.0
422.0
345.0
295.0
243.0
393.0
385.0
309.0
245.0
369.0
340.0
374.0
331.0
395.0
470.0
424.0
284.0
534.0
441.0
268.0
540.0
379.0
427.0
470.0
449.0
305.0
278.0
432.0
359.0
543.0
374.0
369.0
408.0
194.0
398.0
409.0
543.0
316.0
444.0
317.0
243.0
348.0
356.0
472.0
415.0
287.0
340.0
426.0
326.0
384.0
353.0
371.0
384.0
376.0
346.0
411.0
315.0
516.0
361.0
244.0
359.0
354.0
461.0
395.0
353.0
423.0
258.0
295.0
369.0
357.0
370.0
329.0
451.0
483.0
285.0
281.0
433.0
272.0
391.0
492.0
319.0
347.0
464.0
282.0
286.0
283.0
338.0
278.0
438.0
305.0
314.0
359.0
485.0
404.0
293.0
337.0
417.0
456.0
370.0
381.0
460.0
306.0
277.0
374.0
482.0
439.0
202.0
413.0
310.0
350.0
368.0
371.0
281.0
364.0
299.0
415.0
354.0
352.0
315.0
298.0
420.0
428.0
700.0
386.0
404.0
492.0
345.0
446.0
321.0
445.0
323.0
349.0
366.0
290.0
542.0
390.0
335.0
353.0
391.0
385.0
391.0
295.0
480.0
442.0
363.0
321.0
328.0
333.0
494.0
246.0
360.0
381.0
421.0
323.0
309.0
365.0
432.0
412.0
408.0
409.0
314.0
261.0
468.0
352.0
352.0
249.0
440.0
442.0
429.0
398.0
343.0
426.0
390.0
393.0
361.0
303.0
343.0
364.0
396.0
400.0
424.0
308.0
309.0
424.0
428.0
299.0
367.0
296.0
371.0
326.0
327.0
294.0
458.0
326.0
349.0
392.0
255.0
314.0
392.0
417.0
420.0
299.0
480.0
324.0
405.0
498.0
478.0
378.0
430.0
272.0
357.0
360.0
502.0
438.0
480.0
356.0
301.0
429.0
410.0
294.0
294.0
398.0
471.0
359.0
427.0
381.0
479.0
405.0
318.0
312.0
342.0
462.0
371.0
369.0
363.0
304.0
361.0
352.0
427.0
383.0
297.0
407.0
316.0
408.0
800.0
306.0
366.0
460.0
378.0
367.0
386.0
323.0
349.0
353.0
376.0
311.0
446.0
377.0
355.0
484.0
336.0
461.0
527.0
297.0
313.0
499.0
403.0
398.0
251.0
433.0
415.0
347.0
320.0
438.0
339.0
446.0
362.0
320.0
275.0
399.0
507.0
349.0
576.0
316.0
464.0
532.0
357.0
340.0
384.0
454.0
326.0
302.0
342.0
379.0
318.0
360.0
404.0
366.0
445.0
373.0
292.0
357.0
280.0
308.0
340.0
277.0
338.0
472.0
438.0
447.0
351.0
273.0
368.0
435.0
258.0
391.0
545.0
434.0
236.0
528.0
375.0
352.0
394.0
317.0
346.0
384.0
365.0
353.0
347.0
389.0
418.0
298.0
312.0
409.0
394.0
357.0
280.0
619.0
411.0
335.0
271.0
418.0
374.0
366.0
319.0
331.0
371.0
372.0
340.0
352.0
393.0
538.0
528.0
362.0
289.0
432.0
427.0
367.0
263.0
263.0
237.0
309.0
485.0
424.0
381.0
412.0
415.0
521.0
339.0
271.0
277.0
392.0
342.0
310.0
396.0
411.0
388.0
210.0
369.0
345.0
321.0
371.0
412.0
371.0
382.0
351.0
339.0
355.0
419.0
224.0
451.0
544.0
332.0
279.0
404.0
318.0
410.0
360.0
379.0
525.0
457.0
397.0
327.0
257.0
362.0
339.0
575.0
294.0
365.0
494.0
353.0
476.0
392.0
494.0
406.0
292.0
437.0
359.0
530.0
419.0
375.0
337.0
275.0
297.0
337.0
391.0
390.0
298.0
335.0
336.0
386.0
333.0
349.0
314.0
297.0
400.0
400.0
349.0
275.0
427.0
305.0
336.0
272.0
597.0
361.0
364.0
333.0
405.0
425.0
360.0
424.0
379.0
315.0
253.0
520.0
422.0
449.0
323.0
310.0
414.0
265.0
264.0
317.0
388.0
357.0
332.0
279.0
326.0
271.0
366.0
415.0
368.0
280.0
376.0
428.0
376.0
329.0
402.0
391.0
296.0
474.0
331.0
395.0
302.0
366.0
377.0
475.0
438.0
307.0
373.0
316.0
274.0
434.0
498.0
461.0
598.0
321.0
243.0
366.0
318.0
383.0
451.0
462.0
308.0
303.0
273.0
361.0
358.0
418.0
309.0
428.0
438.0
420.0
331.0
283.0
333.0
421.0
495.0
472.0
388.0
273.0
368.0
302.0
332.0
332.0
304.0
466.0
373.0
321.0
315.0
494.0
459.0
302.0
445.0
424.0
352.0
409.0
334.0
469.0
323.0
328.0
396.0
543.0
325.0
246.0
275.0
318.0
360.0
493.0
379.0
431.0
506.0
494.0
437.0
315.0
295.0
371.0
445.0
308.0
479.0
339.0
341.0
412.0
354.0
327.0
355.0
360.0
389.0
372.0
404.0
373.0
350.0
237.0
444.0
474.0
329.0
370.0
495.0
334.0
299.0
348.0
366.0
250.0
441.0
418.0
273.0
413.0
303.0
301.0
396.0
219.0
510.0
272.0
397.0
406.0
680.0
478.0
422.0
514.0
341.0
460.0
284.0
264.0
231.0
403.0
287.0
344.0
516.0
423.0
279.0
306.0
448.0
314.0
462.0
313.0
301.0
272.0
372.0
441.0
424.0
490.0
230.0
410.0
305.0
479.0
520.0
461.0
360.0
274.0
636.0
441.0
381.0
331.0
433.0
208.0
345.0
247.0
343.0
311.0
553.0
379.0
385.0
314.0
345.0
247.0
362.0
473.0
338.0
397.0
426.0
428.0
332.0
392.0
404.0
292.0
311.0
357.0
502.0
445.0
278.0
405.0
384.0
360.0
449.0
432.0
352.0
379.0
337.0
480.0
388.0
289.0
360.0
333.0
272.0
234.0
453.0
351.0
251.0
420.0
270.0
421.0
340.0
423.0
271.0
362.0
289.0
422.0
384.0
357.0
336.0
431.0
300.0
547.0
358.0
365.0
590.0
293.0
244.0
334.0
587.0
332.0
354.0
342.0
260.0
369.0
282.0
605.0
480.0
421.0
369.0
382.0
314.0
507.0
229.0
334.0
284.0
371.0
325.0
344.0
433.0
400.0
312.0
761.0
278.0
364.0
491.0
398.0
512.0
286.0
353.0
248.0
275.0
318.0
295.0
355.0
481.0
369.0
367.0
400.0
324.0
337.0
342.0
438.0
279.0
371.0
400.0
273.0
321.0
338.0
396.0
543.0
382.0
411.0
342.0
401.0
436.0
301.0
366.0
465.0
436.0
243.0
297.0
468.0
443.0
332.0
305.0
509.0
638.0
374.0
306.0
338.0
351.0
322.0
530.0
314.0
339.0
339.0
335.0
210.0
332.0
270.0
370.0
370.0
340.0
474.0
440.0
234.0
416.0
322.0
383.0
446.0
271.0
429.0
249.0
371.0
436.0
557.0
408.0
289.0
393.0
400.0
413.0
355.0
558.0
215.0
375.0
392.0
415.0
428.0
388.0
355.0
364.0
374.0
260.0
353.0
327.0
326.0
427.0
346.0
366.0
471.0
261.0
290.0
391.0
379.0
394.0
435.0
504.0
386.0
373.0
453.0
229.0
334.0
462.0
303.0
416.0
326.0
279.0
367.0
410.0
326.0
366.0
392.0
402.0
260.0
487.0
298.0
324.0
429.0
304.0
340.0
478.0
333.0
328.0
380.0
311.0
378.0
308.0
309.0
537.0
426.0
303.0
427.0
270.0
296.0
516.0
427.0
395.0
383.0
299.0
319.0
312.0
382.0
360.0
483.0
286.0
370.0
418.0
475.0
313.0
319.0
325.0
416.0
274.0
415.0
395.0
408.0
361.0
410.0
392.0
325.0
306.0
291.0
274.0
313.0
418.0
358.0
350.0
350.0
467.0
320.0
464.0
272.0
368.0
369.0
419.0
350.0
305.0
284.0
312.0
485.0
425.0
409.0
279.0
440.0
424.0
280.0
312.0
407.0
441.0
417.0
265.0
404.0
490.0
291.0
350.0
361.0
341.0
301.0
427.0
260.0
382.0
238.0
336.0
330.0
402.0
455.0
369.0
400.0
334.0
536.0
417.0
455.0
350.0
478.0
361.0
311.0
312.0
359.0
293.0
294.0
339.0
477.0
543.0
311.0
560.0
505.0
325.0
453.0
411.0
385.0
501.0
253.0
295.0
464.0
313.0
351.0
409.0
369.0
409.0
318.0
401.0
265.0
300.0
372.0
466.0
513.0
274.0
379.0
329.0
305.0
387.0
310.0
255.0
540.0
367.0
321.0
412.0
454.0
426.0
504.0
384.0
443.0
346.0
352.0
363.0
281.0
353.0
389.0
657.0
309.0
397.0
317.0
279.0
266.0
329.0
298.0
231.0
322.0
405.0
446.0
401.0
442.0
374.0
363.0
415.0
391.0
404.0
469.0
425.0
290.0
362.0
534.0
396.0
415.0
369.0
353.0
350.0
371.0
322.0
356.0
461.0
516.0
255.0
415.0
359.0
357.0
408.0
494.0
448.0
370.0
334.0
502.0
297.0
409.0
393.0
284.0
305.0
288.0
298.0
304.0
367.0
325.0
374.0
362.0
346.0
270.0
429.0
313.0
427.0
452.0
601.0
385.0
527.0
565.0
351.0
281.0
332.0
366.0
353.0
391.0
315.0
332.0
341.0
306.0
388.0
286.0
383.0
368.0
453.0
329.0
257.0
301.0
326.0
417.0
536.0
260.0
382.0
331.0
350.0
352.0
358.0
429.0
429.0
407.0
433.0
344.0
316.0
427.0
365.0
373.0
359.0
218.0
401.0
363.0
382.0
343.0
446.0
392.0
297.0
438.0
491.0
533.0
322.0
509.0
281.0
438.0
496.0
343.0
344.0
368.0
264.0
365.0
348.0
331.0
340.0
373.0
379.0
372.0
400.0
254.0
326.0
383.0
292.0
313.0
449.0
548.0
352.0
396.0
390.0
280.0
314.0
246.0
396.0
461.0
246.0
268.0
445.0
347.0
586.0
434.0
463.0
336.0
335.0
440.0
312.0
304.0
338.0
303.0
299.0
387.0
432.0
555.0
320.0
352.0
376.0
351.0
266.0
538.0
330.0
343.0
304.0
412.0
369.0
419.0
426.0
410.0
307.0
340.0
424.0
299.0
395.0
353.0
302.0
438.0
407.0
308.0
339.0
424.0
212.0
324.0
278.0
323.0
356.0
535.0
350.0
388.0
319.0
403.0
396.0
377.0
349.0
298.0
322.0
340.0
360.0
341.0
383.0
400.0
484.0
580.0
292.0
547.0
334.0
409.0
437.0
417.0
251.0
309.0
253.0
357.0
341.0
351.0
325.0
349.0
327.0
356.0
370.0
370.0
434.0
441.0
449.0
357.0
348.0
377.0
279.0
270.0
348.0
376.0
407.0
321.0
416.0
408.0
264.0
500.0
573.0
315.0
373.0
365.0
299.0
284.0
488.0
405.0
373.0
373.0
297.0
468.0
302.0
266.0
426.0
348.0
402.0
304.0
316.0
456.0
537.0
402.0
425.0
397.0
466.0
404.0
280.0
393.0
487.0
354.0
346.0
552.0
388.0
526.0
345.0
309.0
352.0
250.0
429.0
306.0
271.0
391.0
453.0
393.0
395.0
323.0
304.0
309.0
393.0
291.0
617.0
437.0
566.0
393.0
347.0
427.0
285.0
325.0
445.0
291.0
249.0
308.0
432.0
448.0
361.0
409.0
282.0
220.0
505.0
251.0
448.0
402.0
361.0
290.0
571.0
625.0
259.0
280.0
530.0
395.0
245.0
327.0
419.0
443.0
299.0
509.0
297.0
392.0
288.0
474.0
402.0
294.0
430.0
311.0
364.0
502.0
314.0
531.0
336.0
338.0
385.0
308.0
372.0
258.0
387.0
315.0
326.0
343.0
341.0
289.0
402.0
808.0
316.0
239.0
249.0
394.0
373.0
443.0
330.0
601.0
388.0
269.0
198.0
502.0
416.0
276.0
352.0
279.0
236.0
280.0
305.0
257.0
383.0
305.0
437.0
445.0
710.0
256.0
353.0
379.0
265.0
365.0
401.0
365.0
419.0
310.0
794.0
286.0
300.0
448.0
316.0
316.0
351.0
321.0
490.0
427.0
420.0
375.0
365.0
480.0
397.0
374.0
793.0
297.0
374.0
442.0
412.0
426.0
338.0
537.0
301.0
369.0
310.0
451.0
332.0
346.0
221.0
279.0
310.0
463.0
342.0
440.0
503.0
336.0
419.0
400.0
279.0
353.0
400.0
390.0
384.0
457.0
438.0
360.0
404.0
392.0
303.0
338.0
481.0
347.0
589.0
335.0
341.0
372.0
278.0
307.0
316.0
406.0
336.0
419.0
393.0
455.0
362.0
397.0
411.0
345.0
359.0
349.0
359.0
309.0
420.0
485.0
452.0
529.0
287.0
457.0
387.0
417.0
359.0
281.0
570.0
386.0
424.0
408.0
435.0
410.0
455.0
344.0
404.0
518.0
344.0
518.0
364.0
422.0
389.0
264.0
355.0
597.0
293.0
507.0
323.0
262.0
267.0
450.0
414.0
345.0
325.0
339.0
298.0
426.0
279.0
331.0
299.0
325.0
347.0
501.0
427.0
253.0
301.0
353.0
289.0
462.0
1044.0
410.0
280.0
376.0
374.0
369.0
328.0
415.0
544.0
490.0
316.0
379.0
368.0
353.0
389.0
425.0
371.0
288.0
286.0
465.0
460.0
361.0
391.0
377.0
421.0
403.0
551.0
300.0
406.0
361.0
264.0
338.0
443.0
257.0
323.0
411.0
411.0
489.0
271.0
350.0
220.0
430.0
669.0
387.0
363.0
489.0
444.0
363.0
325.0
295.0
332.0
466.0
418.0
539.0
462.0
302.0
520.0
449.0
310.0
391.0
447.0
357.0
549.0
409.0
405.0
276.0
434.0
359.0
324.0
313.0
294.0
313.0
225.0
393.0
449.0
384.0
339.0
551.0
387.0
371.0
475.0
431.0
292.0
456.0
331.0
462.0
396.0
349.0
246.0
302.0
452.0
351.0
334.0
337.0
360.0
355.0
296.0
412.0
370.0
300.0
376.0
329.0
483.0
586.0
403.0
290.0
404.0
431.0
398.0
360.0
223.0
364.0
268.0
279.0
270.0
496.0
240.0
514.0
318.0
431.0
315.0
555.0
350.0
365.0
335.0
280.0
307.0
309.0
494.0
305.0
421.0
410.0
332.0
281.0
236.0
359.0
355.0
326.0
244.0
280.0
507.0
391.0
332.0
346.0
300.0
373.0
356.0
436.0
296.0
367.0
454.0
325.0
321.0
251.0
420.0
393.0
413.0
382.0
339.0
368.0
249.0
383.0
315.0
395.0
630.0
393.0
382.0
381.0
449.0
249.0
408.0
314.0
300.0
275.0
353.0
315.0
303.0
365.0
447.0
362.0
269.0
420.0
540.0
426.0
380.0
479.0
424.0
354.0
352.0
362.0
344.0
364.0
324.0
369.0
309.0
297.0
636.0
331.0
169.0
352.0
450.0
207.0
326.0
501.0
301.0
322.0
377.0
274.0
310.0
317.0
277.0
416.0
474.0
369.0
286.0
433.0
265.0
627.0
512.0
318.0
257.0
302.0
390.0
447.0
346.0
418.0
400.0
474.0
277.0
350.0
366.0
371.0
328.0
240.0
314.0
418.0
436.0
489.0
316.0
349.0
861.0
292.0
263.0
269.0
460.0
482.0
253.0
307.0
645.0
393.0
415.0
303.0
361.0
281.0
323.0
360.0
264.0
312.0
285.0
393.0
352.0
492.0
385.0
456.0
375.0
397.0
572.0
404.0
276.0
374.0
265.0
382.0
445.0
307.0
439.0
253.0
280.0
425.0
337.0
478.0
374.0
278.0
336.0
299.0
402.0
452.0
282.0
281.0
704.0
245.0
303.0
345.0
238.0
296.0
370.0
261.0
339.0
316.0
326.0
261.0
937.0
259.0
265.0
459.0
299.0
257.0
349.0
493.0
453.0
308.0
339.0
420.0
323.0
402.0
387.0
412.0
363.0
440.0
305.0
224.0
534.0
799.0
462.0
300.0
389.0
313.0
428.0
515.0
441.0
271.0
334.0
342.0
391.0
301.0
366.0
395.0
332.0
234.0
466.0
398.0
295.0
546.0
357.0
342.0
429.0
424.0
334.0
351.0
405.0
478.0
275.0
306.0
401.0
496.0
329.0
300.0
504.0
387.0
413.0
366.0
341.0
321.0
396.0
458.0
247.0
316.0
454.0
320.0
535.0
398.0
359.0
330.0
382.0
239.0
285.0
291.0
440.0
357.0
577.0
379.0
350.0
326.0
388.0
438.0
330.0
361.0
351.0
293.0
386.0
417.0
295.0
287.0
544.0
382.0
462.0
352.0
355.0
405.0
236.0
377.0
350.0
581.0
357.0
331.0
466.0
427.0
487.0
331.0
271.0
410.0
378.0
410.0
413.0
403.0
344.0
254.0
395.0
415.0
390.0
455.0
358.0
270.0
361.0
422.0
415.0
362.0
393.0
372.0
284.0
376.0
391.0
373.0
401.0
294.0
388.0
318.0
272.0
446.0
301.0
361.0
424.0
200.0
453.0
448.0
359.0
372.0
320.0
232.0
301.0
229.0
317.0
334.0
345.0
330.0
242.0
353.0
317.0
346.0
422.0
442.0
460.0
290.0
371.0
400.0
520.0
391.0
323.0
589.0
361.0
403.0
374.0
331.0
284.0
331.0
536.0
280.0
617.0
385.0
357.0
400.0
321.0
361.0
284.0
373.0
358.0
355.0
352.0
267.0
444.0
353.0
366.0
426.0
436.0
381.0
376.0
468.0
555.0
322.0
265.0
499.0
429.0
445.0
230.0
396.0
249.0
266.0
470.0
388.0
497.0
295.0
282.0
312.0
320.0
363.0
534.0
406.0
415.0
247.0
427.0
340.0
554.0
427.0
298.0
306.0
485.0
358.0
370.0
313.0
313.0
364.0
373.0
373.0
244.0
428.0
292.0
311.0
476.0
426.0
340.0
390.0
386.0
358.0
321.0
427.0
378.0
326.0
314.0
381.0
433.0
258.0
336.0
251.0
339.0
439.0
301.0
454.0
371.0
277.0
410.0
328.0
306.0
309.0
645.0
379.0
334.0
367.0
445.0
292.0
344.0
466.0
356.0
388.0
241.0
371.0
295.0
324.0
405.0
329.0
317.0
326.0
455.0
229.0
319.0
446.0
433.0
368.0
499.0
333.0
286.0
299.0
417.0
342.0
375.0
412.0
384.0
244.0
242.0
367.0
345.0
425.0
436.0
377.0
328.0
359.0
427.0
361.0
340.0
301.0
581.0
325.0
305.0
358.0
396.0
372.0
387.0
307.0
448.0
339.0
284.0
357.0
352.0
273.0
429.0
353.0
635.0
357.0
401.0
515.0
310.0
353.0
420.0
366.0
301.0
378.0
313.0
398.0
343.0
314.0
424.0
316.0
464.0
309.0
358.0
457.0
531.0
235.0
369.0
303.0
320.0
356.0
376.0
442.0
436.0
534.0
452.0
383.0
408.0
336.0
269.0
322.0
393.0
395.0
385.0
340.0
502.0
266.0
492.0
206.0
342.0
202.0
334.0
308.0
327.0
325.0
621.0
296.0
350.0
298.0
336.0
372.0
394.0
328.0
384.0
399.0
193.0
398.0
520.0
579.0
393.0
424.0
312.0
808.0
447.0
321.0
571.0
387.0
485.0
276.0
557.0
473.0
348.0
354.0
341.0
286.0
340.0
364.0
387.0
427.0
480.0
502.0
346.0
256.0
474.0
390.0
422.0
254.0
388.0
328.0
292.0
321.0
413.0
377.0
292.0
352.0
391.0
413.0
248.0
271.0
438.0
321.0
406.0
272.0
356.0
1174.0
330.0
408.0
391.0
264.0
395.0
328.0
417.0
496.0
467.0
395.0
345.0
444.0
506.0
222.0
312.0
317.0
458.0
336.0
297.0
316.0
374.0
486.0
376.0
302.0
320.0
464.0
257.0
396.0
451.0
241.0
347.0
315.0
475.0
374.0
297.0
449.0
447.0
356.0
384.0
266.0
391.0
334.0
354.0
516.0
384.0
580.0
422.0
221.0
338.0
277.0
418.0
331.0
321.0
417.0
438.0
384.0
422.0
507.0
510.0
287.0
383.0
365.0
583.0
504.0
351.0
509.0
350.0
349.0
456.0
385.0
475.0
495.0
477.0
328.0
371.0
397.0
547.0
356.0
296.0
443.0
391.0
339.0
353.0
339.0
442.0
304.0
471.0
259.0
353.0
425.0
417.0
310.0
330.0
233.0
246.0
382.0
339.0
329.0
467.0
509.0
392.0
307.0
634.0
232.0
647.0
265.0
343.0
239.0
236.0
364.0
320.0
337.0
377.0
316.0
587.0
331.0
266.0
487.0
372.0
344.0
316.0
388.0
287.0
408.0
239.0
357.0
390.0
273.0
350.0
486.0
363.0
405.0
339.0
291.0
412.0
287.0
297.0
276.0
411.0
428.0
400.0
346.0
315.0
307.0
419.0
446.0
386.0
240.0
397.0
488.0
570.0
430.0
333.0
416.0
458.0
278.0
377.0
501.0
314.0
383.0
399.0
372.0
358.0
374.0
269.0
296.0
307.0
402.0
340.0
464.0
509.0
438.0
358.0
334.0
409.0
500.0
415.0
293.0
307.0
489.0
343.0
494.0
432.0
328.0
436.0
441.0
326.0
422.0
369.0
776.0
330.0
396.0
428.0
299.0
452.0
335.0
303.0
448.0
327.0
829.0
498.0
398.0
350.0
527.0
329.0
359.0
300.0
231.0
357.0
413.0
271.0
254.0
475.0
264.0
256.0
568.0
420.0
246.0
409.0
520.0
196.0
257.0
459.0
408.0
239.0
432.0
420.0
392.0
372.0
302.0
320.0
452.0
445.0
606.0
340.0
365.0
330.0
282.0
369.0
485.0
358.0
297.0
306.0
301.0
356.0
421.0
334.0
292.0
395.0
409.0
387.0
384.0
300.0
423.0
285.0
402.0
239.0
462.0
381.0
466.0
306.0
313.0
375.0
401.0
345.0
403.0
381.0
432.0
330.0
482.0
385.0
370.0
329.0
311.0
468.0
259.0
373.0
295.0
373.0
595.0
288.0
379.0
327.0
348.0
392.0
339.0
407.0
450.0
396.0
302.0
458.0
317.0
364.0
341.0
344.0
514.0
339.0
364.0
315.0
314.0
444.0
481.0
455.0
321.0
450.0
267.0
285.0
443.0
403.0
223.0
387.0
380.0
579.0
320.0
340.0
352.0
641.0
456.0
338.0
322.0
389.0
327.0
435.0
337.0
371.0
366.0
337.0
450.0
214.0
308.0
324.0
345.0
305.0
433.0
279.0
420.0
454.0
317.0
432.0
235.0
388.0
364.0
336.0
311.0
320.0
457.0
298.0
339.0
297.0
284.0
366.0
350.0
286.0
257.0
307.0
421.0
316.0
596.0
394.0
515.0
328.0
497.0
418.0
297.0
459.0
257.0
385.0
318.0
291.0
310.0
367.0
346.0
359.0
384.0
326.0
468.0
395.0
307.0
364.0
291.0
468.0
337.0
358.0
235.0
374.0
444.0
289.0
337.0
449.0
307.0
341.0
358.0
326.0
302.0
297.0
375.0
237.0
298.0
231.0
341.0
929.0
502.0
314.0
478.0
518.0
456.0
344.0
308.0
286.0
347.0
569.0
315.0
338.0
500.0
267.0
275.0
277.0
327.0
402.0
338.0
476.0
298.0
332.0
379.0
374.0
346.0
337.0
485.0
333.0
394.0
434.0
427.0
300.0
348.0
403.0
350.0
261.0
357.0
339.0
414.0
242.0
395.0
509.0
390.0
409.0
283.0
303.0
396.0
289.0
346.0
471.0
296.0
318.0
265.0
402.0
421.0
340.0
408.0
356.0
427.0
321.0
1873.0
415.0
227.0
296.0
343.0
347.0
354.0
391.0
408.0
472.0
447.0
343.0
319.0
336.0
327.0
389.0
309.0
297.0
381.0
441.0
305.0
290.0
507.0
357.0
314.0
350.0
333.0
301.0
475.0
345.0
373.0
445.0
256.0
281.0
312.0
342.0
273.0
576.0
323.0
407.0
382.0
325.0
372.0
514.0
311.0
311.0
524.0
326.0
370.0
338.0
287.0
479.0
322.0
357.0
356.0
290.0
370.0
390.0
229.0
389.0
358.0
349.0
242.0
369.0
467.0
280.0
415.0
375.0
359.0
409.0
371.0
443.0
346.0
340.0
357.0
379.0
305.0
773.0
254.0
332.0
304.0
302.0
279.0
416.0
324.0
344.0
364.0
736.0
318.0
282.0
396.0
547.0
373.0
369.0
412.0
372.0
270.0
362.0
408.0
362.0
336.0
379.0
432.0
506.0
335.0
330.0
337.0
382.0
393.0
312.0
343.0
393.0
281.0
420.0
373.0
388.0
399.0
386.0
406.0
229.0
554.0
355.0
398.0
301.0
316.0
339.0
326.0
710.0
297.0
335.0
311.0
348.0
476.0
381.0
188.0
355.0
432.0
320.0
402.0
492.0
288.0
333.0
320.0
476.0
392.0
289.0
348.0
554.0
359.0
403.0
427.0
438.0
436.0
355.0
361.0
468.0
295.0
290.0
478.0
385.0
287.0
517.0
351.0
304.0
331.0
311.0
313.0
362.0
313.0
466.0
336.0
337.0
214.0
351.0
423.0
359.0
323.0
276.0
481.0
313.0
373.0
377.0
391.0
456.0
383.0
299.0
523.0
361.0
415.0
477.0
302.0
521.0
462.0
293.0
311.0
352.0
389.0
328.0
376.0
322.0
301.0
464.0
400.0
476.0
458.0
436.0
395.0
303.0
459.0
386.0
443.0
352.0
308.0
486.0
516.0
439.0
276.0
279.0
354.0
330.0
312.0
314.0
459.0
297.0
367.0
307.0
346.0
378.0
318.0
340.0
432.0
239.0
452.0
286.0
287.0
361.0
422.0
295.0
440.0
441.0
284.0
327.0
444.0
256.0
395.0
400.0
411.0
400.0
334.0
400.0
393.0
331.0
320.0
275.0
410.0
368.0
253.0
360.0
444.0
407.0
417.0
399.0
283.0
283.0
383.0
295.0
394.0
330.0
328.0
336.0
566.0
230.0
512.0
471.0
368.0
296.0
372.0
247.0
348.0
348.0
318.0
369.0
348.0
403.0
696.0
467.0
601.0
307.0
410.0
377.0
336.0
401.0
699.0
486.0
301.0
326.0
386.0
317.0
299.0
411.0
374.0
404.0
357.0
459.0
337.0
431.0
434.0
455.0
352.0
387.0
586.0
339.0
246.0
397.0
320.0
379.0
286.0
267.0
299.0
304.0
493.0
325.0
408.0
299.0
381.0
372.0
420.0
314.0
532.0
269.0
281.0
339.0
346.0
269.0
353.0
324.0
342.0
398.0
402.0
357.0
471.0
373.0
307.0
337.0
296.0
222.0
302.0
384.0
282.0
385.0
391.0
289.0
531.0
322.0
428.0
328.0
341.0
260.0
306.0
453.0
373.0
260.0
326.0
272.0
306.0
469.0
403.0
241.0
431.0
291.0
392.0
470.0
361.0
378.0
342.0
264.0
249.0
412.0
338.0
334.0
373.0
362.0
421.0
374.0
550.0
319.0
285.0
485.0
407.0
279.0
389.0
230.0
331.0
403.0
380.0
309.0
448.0
376.0
277.0
347.0
428.0
338.0
382.0
410.0
375.0
318.0
562.0
275.0
399.0
257.0
309.0
511.0
395.0
287.0
274.0
444.0
464.0
477.0
303.0
387.0
356.0
323.0
251.0
520.0
387.0
477.0
367.0
317.0
344.0
273.0
356.0
440.0
394.0
296.0
413.0
359.0
454.0
446.0
288.0
390.0
432.0
313.0
280.0
332.0
319.0
347.0
369.0
342.0
471.0
235.0
267.0
420.0
418.0
356.0
291.0
453.0
558.0
451.0
387.0
435.0
372.0
362.0
257.0
456.0
451.0
366.0
320.0
300.0
359.0
326.0
385.0
291.0
394.0
292.0
370.0
440.0
393.0
449.0
577.0
439.0
317.0
428.0
440.0
419.0
343.0
379.0
499.0
273.0
528.0
238.0
401.0
443.0
268.0
380.0
385.0
558.0
385.0
346.0
413.0
304.0
354.0
672.0
437.0
540.0
379.0
316.0
391.0
347.0
330.0
387.0
407.0
304.0
254.0
287.0
686.0
321.0
347.0
327.0
356.0
399.0
257.0
338.0
370.0
330.0
402.0
459.0
248.0
369.0
427.0
469.0
210.0
342.0
375.0
328.0
437.0
563.0
412.0
655.0
248.0
325.0
361.0
378.0
334.0
262.0
262.0
368.0
357.0
286.0
327.0
302.0
355.0
450.0
277.0
464.0
477.0
185.0
317.0
272.0
379.0
516.0
448.0
359.0
312.0
481.0
367.0
345.0
367.0
382.0
424.0
356.0
394.0
437.0
539.0
343.0
492.0
496.0
285.0
311.0
236.0
277.0
318.0
335.0
399.0
413.0
443.0
294.0
344.0
505.0
519.0
336.0
507.0
260.0
428.0
415.0
276.0
242.0
419.0
496.0
491.0
274.0
493.0
350.0
371.0
355.0
280.0
402.0
345.0
263.0
270.0
386.0
625.0
239.0
407.0
429.0
408.0
466.0
390.0
450.0
403.0
359.0
291.0
226.0
541.0
297.0
463.0
395.0
537.0
374.0
357.0
444.0
368.0
412.0
296.0
318.0
407.0
198.0
374.0
327.0
826.0
355.0
393.0
379.0
344.0
408.0
417.0
314.0
236.0
324.0
306.0
450.0
445.0
276.0
341.0
425.0
298.0
545.0
267.0
299.0
262.0
338.0
454.0
426.0
493.0
284.0
326.0
283.0
278.0
317.0
416.0
343.0
285.0
454.0
586.0
500.0
340.0
339.0
403.0
382.0
354.0
427.0
461.0
380.0
402.0
511.0
329.0
351.0
215.0
315.0
304.0
340.0
334.0
442.0
517.0
453.0
344.0
416.0
261.0
370.0
330.0
480.0
394.0
584.0
370.0
358.0
411.0
299.0
276.0
286.0
503.0
336.0
353.0
607.0
475.0
1148.0
300.0
313.0
378.0
377.0
435.0
365.0
246.0
367.0
861.0
610.0
425.0
300.0
348.0
353.0
433.0
249.0
455.0
458.0
404.0
546.0
416.0
291.0
426.0
475.0
501.0
425.0
388.0
319.0
302.0
267.0
337.0
333.0
227.0
310.0
432.0
266.0
295.0
300.0
505.0
307.0
273.0
361.0
362.0
415.0
286.0
237.0
327.0
339.0
366.0
320.0
261.0
360.0
361.0
568.0
606.0
308.0
358.0
342.0
422.0
250.0
477.0
369.0
373.0
369.0
393.0
383.0
302.0
367.0
357.0
582.0
544.0
329.0
540.0
328.0
308.0
274.0
345.0
314.0
461.0
385.0
323.0
470.0
373.0
371.0
266.0
407.0
432.0
330.0
438.0
422.0
267.0
459.0
285.0
352.0
260.0
267.0
297.0
417.0
322.0
508.0
284.0
391.0
296.0
422.0
379.0
397.0
506.0
293.0
456.0
383.0
379.0
357.0
423.0
326.0
407.0
318.0
509.0
481.0
313.0
401.0
610.0
467.0
277.0
431.0
246.0
390.0
359.0
365.0
435.0
435.0
271.0
362.0
452.0
313.0
485.0
359.0
399.0
301.0
354.0
272.0
477.0
314.0
401.0
345.0
389.0
259.0
472.0
271.0
419.0
257.0
397.0
416.0
343.0
276.0
420.0
256.0
481.0
408.0
307.0
611.0
350.0
326.0
474.0
433.0
275.0
398.0
373.0
398.0
357.0
378.0
452.0
302.0
388.0
379.0
367.0
426.0
271.0
470.0
288.0
294.0
564.0
235.0
300.0
458.0
387.0
349.0
446.0
287.0
368.0
379.0
273.0
329.0
488.0
194.0
306.0
319.0
829.0
282.0
376.0
473.0
441.0
333.0
410.0
316.0
266.0
279.0
311.0
337.0
291.0
450.0
364.0
462.0
282.0
427.0
351.0
347.0
422.0
496.0
309.0
382.0
320.0
432.0
408.0
372.0
536.0
337.0
367.0
252.0
263.0
366.0
368.0
243.0
421.0
285.0
389.0
338.0
343.0
557.0
578.0
361.0
349.0
252.0
367.0
335.0
346.0
415.0
273.0
354.0
283.0
275.0
421.0
263.0
329.0
473.0
313.0
553.0
334.0
361.0
467.0
465.0
392.0
330.0
329.0
359.0
330.0
312.0
259.0
646.0
391.0
200.0
470.0
346.0
677.0
308.0
332.0
540.0
299.0
322.0
379.0
467.0
307.0
382.0
338.0
361.0
429.0
350.0
401.0
434.0
323.0
238.0
404.0
399.0
427.0
432.0
440.0
434.0
365.0
371.0
309.0
403.0
343.0
407.0
414.0
290.0
358.0
226.0
257.0
236.0
350.0
279.0
387.0
387.0
341.0
416.0
439.0
318.0
277.0
318.0
280.0
302.0
365.0
275.0
366.0
193.0
269.0
471.0
419.0
382.0
490.0
413.0
375.0
305.0
463.0
347.0
314.0
419.0
449.0
368.0
423.0
360.0
354.0
610.0
399.0
321.0
344.0
380.0
336.0
390.0
245.0
354.0
312.0
356.0
428.0
261.0
515.0
215.0
226.0
275.0
443.0
412.0
466.0
416.0
383.0
323.0
314.0
343.0
330.0
577.0
365.0
422.0
367.0
370.0
416.0
495.0
313.0
434.0
339.0
280.0
473.0
379.0
381.0
377.0
520.0
318.0
269.0
284.0
576.0
383.0
375.0
359.0
352.0
257.0
406.0
269.0
290.0
431.0
348.0
285.0
531.0
272.0
225.0
399.0
359.0
246.0
314.0
266.0
201.0
405.0
554.0
510.0
503.0
313.0
265.0
347.0
407.0
468.0
248.0
413.0
428.0
280.0
415.0
239.0
496.0
405.0
360.0
306.0
464.0
290.0
401.0
360.0
352.0
503.0
239.0
451.0
315.0
429.0
625.0
470.0
331.0
321.0
338.0
487.0
353.0
348.0
332.0
353.0
357.0
523.0
505.0
290.0
427.0
522.0
420.0
233.0
411.0
433.0
342.0
340.0
409.0
392.0
417.0
464.0
446.0
408.0
493.0
390.0
281.0
414.0
469.0
372.0
520.0
347.0
302.0
322.0
391.0
396.0
340.0
358.0
306.0
418.0
522.0
264.0
319.0
335.0
513.0
307.0
342.0
402.0
335.0
252.0
563.0
432.0
306.0
384.0
394.0
416.0
238.0
353.0
415.0
344.0
290.0
612.0
353.0
285.0
377.0
358.0
357.0
323.0
377.0
282.0
371.0
244.0
424.0
362.0
286.0
319.0
406.0
418.0
366.0
415.0
323.0
340.0
354.0
286.0
308.0
482.0
360.0
356.0
450.0
342.0
277.0
407.0
426.0
551.0
384.0
441.0
277.0
293.0
337.0
340.0
270.0
325.0
338.0
313.0
311.0
401.0
409.0
628.0
304.0
344.0
339.0
337.0
440.0
415.0
383.0
458.0
416.0
350.0
487.0
267.0
316.0
277.0
595.0
275.0
366.0
205.0
272.0
462.0
351.0
390.0
401.0
491.0
412.0
310.0
530.0
349.0
333.0
311.0
316.0
335.0
346.0
323.0
207.0
389.0
350.0
306.0
316.0
427.0
314.0
346.0
364.0
367.0
258.0
300.0
511.0
260.0
425.0
348.0
490.0
255.0
368.0
266.0
289.0
383.0
391.0
504.0
368.0
317.0
422.0
376.0
327.0
387.0
272.0
404.0
228.0
367.0
315.0
293.0
355.0
440.0
335.0
334.0
466.0
436.0
556.0
275.0
305.0
393.0
240.0
270.0
342.0
307.0
319.0
288.0
305.0
235.0
419.0
362.0
305.0
436.0
394.0
319.0
375.0
342.0
410.0
396.0
267.0
258.0
276.0
534.0
496.0
361.0
352.0
309.0
388.0
498.0
430.0
453.0
553.0
391.0
417.0
375.0
315.0
242.0
435.0
367.0
526.0
408.0
331.0
360.0
475.0
245.0
387.0
265.0
409.0
461.0
472.0
418.0
400.0
534.0
305.0
660.0
266.0
365.0
411.0
348.0
465.0
533.0
286.0
394.0
392.0
362.0
346.0
418.0
404.0
274.0
473.0
424.0
335.0
368.0
374.0
433.0
395.0
408.0
267.0
451.0
291.0
378.0
381.0
312.0
337.0
307.0
521.0
375.0
303.0
304.0
263.0
441.0
320.0
435.0
346.0
424.0
408.0
589.0
387.0
344.0
361.0
452.0
302.0
340.0
318.0
291.0
286.0
348.0
348.0
397.0
428.0
392.0
715.0
597.0
492.0
441.0
401.0
446.0
482.0
622.0
377.0
378.0
425.0
460.0
505.0
240.0
322.0
319.0
449.0
467.0
325.0
302.0
330.0
462.0
411.0
310.0
494.0
333.0
289.0
420.0
410.0
330.0
346.0
358.0
263.0
272.0
351.0
375.0
335.0
463.0
330.0
441.0
315.0
468.0
263.0
465.0
254.0
262.0
289.0
402.0
397.0
349.0
512.0
582.0
327.0
321.0
380.0
482.0
280.0
199.0
330.0
498.0
358.0
418.0
429.0
268.0
390.0
340.0
313.0
465.0
375.0
321.0
455.0
330.0
456.0
357.0
381.0
382.0
308.0
394.0
349.0
444.0
205.0
423.0
323.0
448.0
380.0
432.0
313.0
364.0
383.0
304.0
461.0
275.0
471.0
222.0
368.0
291.0
441.0
459.0
352.0
614.0
294.0
418.0
450.0
406.0
475.0
288.0
538.0
462.0
465.0
456.0
315.0
393.0
364.0
404.0
438.0
376.0
252.0
295.0
411.0
214.0
520.0
388.0
479.0
346.0
398.0
404.0
442.0
271.0
474.0
372.0
288.0
822.0
289.0
274.0
414.0
402.0
285.0
366.0
387.0
380.0
253.0
892.0
347.0
357.0
533.0
351.0
333.0
285.0
414.0
358.0
295.0
264.0
370.0
477.0
296.0
504.0
508.0
463.0
397.0
401.0
338.0
324.0
345.0
545.0
361.0
275.0
269.0
381.0
336.0
465.0
367.0
363.0
546.0
656.0
363.0
243.0
335.0
393.0
319.0
410.0
319.0
508.0
353.0
539.0
356.0
443.0
273.0
369.0
473.0
314.0
297.0
343.0
258.0
367.0
339.0
320.0
301.0
198.0
257.0
313.0
335.0
461.0
236.0
557.0
279.0
406.0
259.0
393.0
483.0
353.0
394.0
352.0
277.0
377.0
409.0
956.0
343.0
456.0
379.0
444.0
419.0
616.0
413.0
395.0
472.0
348.0
284.0
334.0
391.0
349.0
462.0
430.0
378.0
398.0
391.0
603.0
514.0
430.0
297.0
365.0
278.0
466.0
291.0
360.0
343.0
775.0
396.0
413.0
247.0
288.0
380.0
371.0
292.0
363.0
307.0
442.0
372.0
322.0
493.0
417.0
469.0
430.0
326.0
291.0
408.0
316.0
281.0
244.0
408.0
288.0
481.0
328.0
388.0
416.0
415.0
215.0
346.0
408.0
367.0
284.0
290.0
350.0
362.0
437.0
390.0
371.0
418.0
394.0
382.0
372.0
285.0
318.0
365.0
340.0
345.0
368.0
374.0
406.0
355.0
424.0
409.0
410.0
394.0
360.0
625.0
392.0
280.0
314.0
285.0
259.0
313.0
242.0
340.0
311.0
505.0
490.0
652.0
294.0
354.0
672.0
372.0
376.0
330.0
372.0
351.0
455.0
400.0
305.0
398.0
435.0
303.0
466.0
432.0
289.0
363.0
338.0
458.0
400.0
315.0
312.0
518.0
310.0
330.0
294.0
351.0
294.0
313.0
261.0
266.0
279.0
502.0
417.0
323.0
384.0
433.0
341.0
427.0
261.0
588.0
474.0
321.0
747.0
275.0
240.0
303.0
328.0
351.0
458.0
423.0
441.0
501.0
378.0
338.0
543.0
314.0
284.0
389.0
472.0
436.0
387.0
238.0
363.0
373.0
300.0
272.0
323.0
343.0
330.0
502.0
350.0
282.0
466.0
211.0
366.0
300.0
355.0
300.0
318.0
369.0
826.0
326.0
326.0
527.0
279.0
438.0
397.0
313.0
348.0
371.0
444.0
374.0
413.0
419.0
378.0
379.0
381.0
397.0
274.0
584.0
442.0
421.0
340.0
473.0
248.0
313.0
212.0
341.0
480.0
296.0
348.0
282.0
245.0
332.0
415.0
369.0
298.0
304.0
394.0
245.0
308.0
425.0
247.0
251.0
400.0
283.0
607.0
367.0
492.0
331.0
284.0
357.0
419.0
432.0
253.0
370.0
226.0
391.0
472.0
262.0
403.0
556.0
541.0
304.0
483.0
356.0
460.0
346.0
405.0
398.0
364.0
234.0
334.0
390.0
414.0
319.0
390.0
319.0
448.0
352.0
398.0
370.0
315.0
301.0
348.0
442.0
333.0
389.0
231.0
446.0
332.0
278.0
494.0
272.0
315.0
325.0
531.0
334.0
219.0
339.0
355.0
413.0
560.0
298.0
456.0
502.0
448.0
451.0
342.0
309.0
268.0
493.0
327.0
486.0
487.0
366.0
374.0
361.0
295.0
401.0
363.0
332.0
373.0
404.0
356.0
327.0
387.0
326.0
459.0
483.0
495.0
337.0
377.0
328.0
334.0
339.0
319.0
273.0
485.0
361.0
313.0
504.0
347.0
419.0
307.0
399.0
262.0
400.0
254.0
329.0
373.0
249.0
365.0
346.0
428.0
313.0
299.0
464.0
381.0
365.0
345.0
317.0
358.0
402.0
361.0
338.0
345.0
305.0
370.0
339.0
391.0
213.0
433.0
283.0
418.0
224.0
307.0
329.0
318.0
323.0
319.0
527.0
247.0
468.0
254.0
382.0
283.0
396.0
245.0
259.0
423.0
357.0
372.0
466.0
365.0
428.0
374.0
445.0
391.0
286.0
408.0
321.0
441.0
358.0
327.0
392.0
360.0
399.0
576.0
284.0
388.0
248.0
367.0
331.0
432.0
803.0
325.0
412.0
281.0
333.0
359.0
319.0
430.0
364.0
415.0
335.0
507.0
251.0
408.0
287.0
301.0
426.0
329.0
380.0
376.0
464.0
314.0
317.0
571.0
362.0
365.0
536.0
271.0
411.0
367.0
327.0
235.0
272.0
408.0
411.0
268.0
285.0
393.0
370.0
238.0
326.0
310.0
394.0
414.0
349.0
274.0
565.0
362.0
361.0
456.0
372.0
329.0
354.0
278.0
350.0
296.0
460.0
385.0
304.0
396.0
262.0
318.0
555.0
352.0
324.0
507.0
327.0
399.0
381.0
314.0
313.0
291.0
438.0
405.0
224.0
389.0
362.0
306.0
351.0
401.0
361.0
366.0
506.0
327.0
389.0
340.0
286.0
268.0
241.0
366.0
203.0
247.0
404.0
271.0
404.0
535.0
416.0
534.0
403.0
321.0
396.0
387.0
451.0
411.0
384.0
346.0
382.0
297.0
359.0
315.0
450.0
403.0
448.0
387.0
294.0
363.0
381.0
383.0
344.0
297.0
393.0
607.0
369.0
360.0
352.0
351.0
348.0
351.0
427.0
341.0
304.0
315.0
287.0
356.0
410.0
462.0
466.0
344.0
392.0
245.0
331.0
295.0
353.0
404.0
405.0
302.0
386.0
283.0
408.0
288.0
264.0
399.0
362.0
360.0
390.0
294.0
417.0
371.0
311.0
583.0
348.0
269.0
315.0
370.0
388.0
383.0
358.0
372.0
298.0
502.0
311.0
360.0
287.0
346.0
325.0
389.0
314.0
333.0
484.0
288.0
268.0
427.0
339.0
351.0
381.0
510.0
306.0
524.0
348.0
381.0
370.0
270.0
239.0
407.0
393.0
314.0
402.0
415.0
337.0
439.0
310.0
409.0
353.0
474.0
313.0
342.0
333.0
385.0
557.0
323.0
623.0
326.0
326.0
282.0
311.0
404.0
282.0
320.0
305.0
322.0
458.0
305.0
307.0
280.0
457.0
302.0
350.0
391.0
303.0
533.0
392.0
492.0
220.0
306.0
331.0
387.0
365.0
314.0
293.0
316.0
305.0
388.0
305.0
361.0
384.0
388.0
384.0
424.0
534.0
565.0
406.0
346.0
423.0
364.0
439.0
491.0
368.0
373.0
301.0
407.0
348.0
495.0
386.0
666.0
316.0
342.0
428.0
344.0
411.0
343.0
384.0
248.0
511.0
248.0
317.0
387.0
480.0
261.0
429.0
360.0
541.0
282.0
308.0
292.0
249.0
443.0
433.0
343.0
402.0
296.0
432.0
305.0
566.0
375.0
501.0
296.0
468.0
672.0
328.0
423.0
342.0
412.0
448.0
355.0
503.0
711.0
386.0
382.0
392.0
257.0
348.0
261.0
442.0
273.0
402.0
496.0
289.0
607.0
263.0
347.0
317.0
283.0
229.0
438.0
343.0
273.0
446.0
394.0
372.0
676.0
296.0
317.0
378.0
412.0
341.0
318.0
377.0
407.0
441.0
942.0
450.0
308.0
308.0
443.0
400.0
383.0
250.0
637.0
363.0
271.0
348.0
283.0
413.0
349.0
363.0
345.0
274.0
366.0
383.0
467.0
338.0
372.0
374.0
287.0
297.0
396.0
294.0
456.0
616.0
419.0
352.0
325.0
465.0
458.0
438.0
499.0
466.0
388.0
461.0
382.0
235.0
636.0
579.0
443.0
298.0
384.0
364.0
284.0
288.0
468.0
488.0
372.0
404.0
408.0
584.0
313.0
335.0
438.0
272.0
505.0
287.0
366.0
536.0
321.0
342.0
332.0
339.0
571.0
364.0
270.0
557.0
322.0
317.0
393.0
282.0
313.0
359.0
283.0
293.0
403.0
366.0
601.0
362.0
443.0
225.0
352.0
278.0
311.0
408.0
476.0
436.0
407.0
432.0
391.0
320.0
403.0
428.0
355.0
444.0
407.0
351.0
351.0
335.0
376.0
319.0
266.0
425.0
392.0
299.0
361.0
351.0
498.0
247.0
334.0
357.0
259.0
322.0
338.0
294.0
527.0
398.0
393.0
308.0
540.0
445.0
346.0
369.0
285.0
340.0
495.0
238.0
547.0
439.0
292.0
391.0
347.0
321.0
298.0
484.0
321.0
503.0
1303.0
315.0
427.0
366.0
254.0
357.0
452.0
363.0
302.0
314.0
389.0
416.0
287.0
428.0
445.0
334.0
263.0
344.0
410.0
311.0
332.0
431.0
482.0
383.0
287.0
613.0
253.0
423.0
1470.0
452.0
498.0
379.0
365.0
344.0
288.0
490.0
262.0
316.0
390.0
301.0
333.0
318.0
362.0
375.0
371.0
393.0
567.0
452.0
350.0
363.0
344.0
325.0
407.0
286.0
357.0
485.0
290.0
336.0
492.0
460.0
405.0
335.0
368.0
377.0
363.0
413.0
320.0
359.0
418.0
298.0
467.0
309.0
372.0
387.0
252.0
337.0
556.0
261.0
347.0
249.0
328.0
388.0
300.0
469.0
357.0
286.0
399.0
455.0
341.0
325.0
471.0
598.0
322.0
343.0
506.0
403.0
303.0
357.0
351.0
329.0
247.0
322.0
296.0
394.0
477.0
347.0
459.0
312.0
382.0
263.0
328.0
257.0
491.0
448.0
373.0
458.0
432.0
548.0
431.0
388.0
409.0
449.0
435.0
328.0
461.0
402.0
522.0
328.0
568.0
271.0
407.0
419.0
334.0
268.0
438.0
351.0
364.0
400.0
474.0
360.0
329.0
509.0
266.0
285.0
410.0
373.0
254.0
359.0
399.0
502.0
299.0
419.0
414.0
378.0
336.0
371.0
430.0
419.0
330.0
407.0
521.0
264.0
529.0
365.0
477.0
364.0
280.0
337.0
453.0
444.0
357.0
405.0
345.0
298.0
289.0
344.0
377.0
371.0
288.0
285.0
506.0
435.0
333.0
411.0
405.0
380.0
281.0
401.0
365.0
235.0
274.0
377.0
314.0
317.0
344.0
386.0
349.0
301.0
400.0
376.0
326.0
374.0
324.0
385.0
352.0
370.0
417.0
400.0
405.0
490.0
290.0
406.0
438.0
311.0
320.0
355.0
317.0
426.0
424.0
336.0
357.0
567.0
332.0
391.0
364.0
255.0
424.0
278.0
407.0
337.0
375.0
437.0
295.0
278.0
335.0
446.0
303.0
386.0
303.0
304.0
344.0
464.0
247.0
415.0
300.0
364.0
396.0
646.0
261.0
272.0
284.0
319.0
369.0
297.0
423.0
395.0
319.0
499.0
290.0
309.0
415.0
506.0
351.0
520.0
686.0
337.0
394.0
372.0
411.0
332.0
430.0
573.0
431.0
384.0
312.0
312.0
314.0
324.0
428.0
324.0
325.0
374.0
329.0
296.0
324.0
390.0
318.0
428.0
431.0
317.0
406.0
392.0
373.0
383.0
368.0
352.0
270.0
448.0
373.0
363.0
414.0
342.0
373.0
440.0
366.0
500.0
396.0
474.0
360.0
361.0
410.0
423.0
386.0
489.0
409.0
292.0
425.0
384.0
341.0
457.0
578.0
279.0
341.0
435.0
256.0
412.0
286.0
487.0
562.0
358.0
265.0
295.0
389.0
381.0
342.0
331.0
426.0
332.0
276.0
362.0
428.0
359.0
283.0
342.0
301.0
380.0
290.0
342.0
364.0
431.0
418.0
382.0
355.0
360.0
323.0
467.0
375.0
460.0
435.0
438.0
453.0
325.0
562.0
276.0
483.0
384.0
284.0
298.0
478.0
440.0
407.0
409.0
489.0
197.0
366.0
352.0
265.0
378.0
481.0
256.0
278.0
354.0
253.0
400.0
436.0
302.0
337.0
322.0
372.0
363.0
372.0
287.0
556.0
275.0
534.0
292.0
449.0
394.0
285.0
291.0
332.0
377.0
428.0
437.0
382.0
299.0
424.0
312.0
334.0
463.0
408.0
395.0
312.0
346.0
291.0
549.0
315.0
293.0
359.0
391.0
348.0
488.0
257.0
333.0
288.0
339.0
319.0
324.0
340.0
336.0
502.0
454.0
288.0
384.0
450.0
441.0
396.0
417.0
399.0
315.0
347.0
317.0
273.0
339.0
332.0
360.0
315.0
435.0
353.0
321.0
416.0
371.0
304.0
261.0
307.0
386.0
407.0
397.0
436.0
414.0
398.0
366.0
304.0
382.0
441.0
351.0
404.0
384.0
402.0
307.0
358.0
378.0
472.0
316.0
257.0
290.0
475.0
325.0
396.0
310.0
262.0
339.0
232.0
311.0
401.0
327.0
393.0
358.0
268.0
385.0
503.0
262.0
394.0
300.0
450.0
531.0
273.0
429.0
320.0
368.0
286.0
595.0
274.0
409.0
349.0
279.0
373.0
354.0
455.0
287.0
373.0
350.0
350.0
283.0
404.0
310.0
415.0
426.0
490.0
703.0
471.0
310.0
397.0
332.0
451.0
380.0
249.0
316.0
405.0
305.0
291.0
335.0
610.0
294.0
388.0
335.0
348.0
371.0
307.0
473.0
228.0
277.0
389.0
291.0
331.0
322.0
227.0
387.0
348.0
280.0
479.0
419.0
489.0
476.0
233.0
356.0
331.0
386.0
379.0
249.0
347.0
367.0
339.0
372.0
387.0
307.0
384.0
460.0
527.0
278.0
567.0
320.0
435.0
267.0
617.0
286.0
478.0
360.0
342.0
387.0
335.0
334.0
310.0
306.0
432.0
315.0
405.0
383.0
341.0
366.0
430.0
383.0
359.0
508.0
390.0
319.0
342.0
416.0
281.0
394.0
286.0
459.0
364.0
334.0
302.0
295.0
344.0
364.0
257.0
218.0
278.0
333.0
428.0
352.0
454.0
292.0
361.0
376.0
408.0
359.0
408.0
412.0
446.0
307.0
368.0
244.0
399.0
315.0
393.0
479.0
329.0
343.0
314.0
393.0
596.0
371.0
294.0
333.0
435.0
378.0
328.0
342.0
286.0
291.0
559.0
272.0
309.0
236.0
379.0
375.0
273.0
353.0
339.0
447.0
456.0
360.0
306.0
386.0
401.0
370.0
301.0
444.0
482.0
299.0
370.0
449.0
393.0
453.0
408.0
392.0
282.0
429.0
361.0
287.0
291.0
414.0
348.0
499.0
302.0
429.0
553.0
283.0
281.0
320.0
473.0
413.0
332.0
378.0
244.0
638.0
228.0
255.0
308.0
367.0
451.0
301.0
315.0
421.0
440.0
437.0
400.0
351.0
282.0
403.0
319.0
347.0
302.0
275.0
317.0
290.0
408.0
319.0
303.0
310.0
537.0
445.0
338.0
334.0
315.0
437.0
452.0
275.0
419.0
379.0
324.0
496.0
397.0
417.0
600.0
366.0
340.0
300.0
262.0
342.0
319.0
310.0
866.0
296.0
437.0
261.0
372.0
402.0
423.0
402.0
618.0
445.0
372.0
248.0
450.0
552.0
468.0
306.0
599.0
232.0
361.0
304.0
274.0
490.0
342.0
457.0
306.0
462.0
261.0
455.0
435.0
425.0
452.0
524.0
386.0
406.0
537.0
389.0
363.0
363.0
383.0
239.0
382.0
315.0
323.0
424.0
348.0
459.0
267.0
297.0
409.0
304.0
334.0
469.0
340.0
359.0
352.0
320.0
468.0
473.0
299.0
358.0
320.0
271.0
302.0
429.0
467.0
387.0
398.0
397.0
260.0
368.0
276.0
413.0
354.0
303.0
319.0
359.0
451.0
279.0
466.0
398.0
431.0
376.0
386.0
392.0
290.0
347.0
364.0
592.0
282.0
453.0
250.0
337.0
499.0
469.0
444.0
373.0
452.0
396.0
328.0
212.0
363.0
266.0
514.0
397.0
505.0
341.0
379.0
445.0
357.0
299.0
366.0
563.0
305.0
478.0
277.0
398.0
342.0
469.0
1044.0
415.0
408.0
406.0
389.0
269.0
329.0
462.0
299.0
532.0
351.0
301.0
365.0
439.0
408.0
350.0
279.0
659.0
427.0
535.0
363.0
240.0
460.0
426.0
384.0
1413.0
370.0
423.0
310.0
284.0
360.0
343.0
413.0
301.0
353.0
399.0
399.0
381.0
335.0
319.0
396.0
367.0
386.0
343.0
497.0
412.0
352.0
251.0
338.0
349.0
499.0
378.0
266.0
246.0
610.0
363.0
471.0
383.0
298.0
500.0
316.0
398.0
304.0
344.0
401.0
324.0
437.0
337.0
406.0
288.0
449.0
293.0
394.0
415.0
358.0
509.0
355.0
334.0
421.0
320.0
295.0
401.0
305.0
268.0
310.0
311.0
329.0
498.0
496.0
277.0
361.0
346.0
243.0
387.0
573.0
398.0
385.0
404.0
412.0
379.0
367.0
555.0
224.0
283.0
517.0
265.0
434.0
248.0
358.0
416.0
478.0
335.0
323.0
225.0
320.0
285.0
290.0
479.0
459.0
477.0
484.0
528.0
414.0
378.0
497.0
318.0
412.0
386.0
502.0
564.0
372.0
336.0
257.0
275.0
271.0
374.0
484.0
428.0
428.0
385.0
331.0
337.0
357.0
600.0
299.0
349.0
325.0
402.0
284.0
354.0
317.0
414.0
359.0
430.0
331.0
436.0
413.0
334.0
294.0
444.0
467.0
325.0
484.0
282.0
395.0
475.0
293.0
489.0
315.0
377.0
383.0
783.0
218.0
359.0
248.0
326.0
388.0
414.0
371.0
308.0
282.0
434.0
331.0
398.0
500.0
358.0
401.0
304.0
308.0
389.0
414.0
428.0
376.0
292.0
377.0
319.0
457.0
280.0
305.0
430.0
363.0
453.0
285.0
392.0
347.0
236.0
335.0
399.0
340.0
366.0
285.0
496.0
340.0
423.0
494.0
375.0
444.0
327.0
376.0
400.0
286.0
389.0
605.0
419.0
581.0
335.0
382.0
431.0
348.0
486.0
358.0
375.0
401.0
521.0
348.0
455.0
410.0
294.0
501.0
442.0
513.0
304.0
439.0
419.0
339.0
416.0
431.0
350.0
498.0
425.0
445.0
433.0
337.0
342.0
322.0
317.0
352.0
509.0
405.0
384.0
250.0
369.0
384.0
330.0
342.0
499.0
374.0
253.0
320.0
349.0
454.0
342.0
260.0
285.0
585.0
319.0
281.0
439.0
409.0
509.0
381.0
346.0
419.0
411.0
535.0
302.0
420.0
396.0
342.0
317.0
330.0
334.0
363.0
304.0
386.0
336.0
250.0
418.0
341.0
456.0
486.0
339.0
399.0
420.0
566.0
397.0
393.0
322.0
526.0
416.0
379.0
328.0
351.0
418.0
346.0
372.0
397.0
407.0
383.0
332.0
482.0
385.0
503.0
275.0
321.0
275.0
391.0
276.0
404.0
449.0
448.0
399.0
289.0
514.0
349.0
346.0
300.0
318.0
300.0
336.0
342.0
472.0
386.0
289.0
579.0
437.0
769.0
319.0
330.0
398.0
464.0
452.0
403.0
389.0
368.0
444.0
321.0
308.0
349.0
612.0
370.0
358.0
359.0
338.0
361.0
341.0
303.0
385.0
302.0
349.0
251.0
520.0
283.0
248.0
459.0
438.0
432.0
491.0
313.0
311.0
440.0
495.0
485.0
303.0
561.0
379.0
317.0
338.0
382.0
425.0
285.0
342.0
269.0
521.0
421.0
323.0
405.0
335.0
375.0
248.0
317.0
503.0
293.0
292.0
490.0
280.0
435.0
576.0
700.0
418.0
263.0
317.0
375.0
376.0
584.0
335.0
341.0
436.0
378.0
369.0
258.0
303.0
324.0
301.0
461.0
391.0
356.0
371.0
284.0
491.0
405.0
310.0
380.0
419.0
387.0
325.0
416.0
445.0
284.0
413.0
449.0
401.0
293.0
339.0
371.0
340.0
521.0
263.0
313.0
534.0
441.0
513.0
348.0
347.0
352.0
327.0
345.0
407.0
403.0
507.0
341.0
257.0
479.0
404.0
417.0
427.0
403.0
324.0
250.0
339.0
304.0
411.0
524.0
603.0
297.0
295.0
519.0
336.0
399.0
364.0
366.0
382.0
399.0
444.0
383.0
458.0
239.0
316.0
294.0
317.0
453.0
418.0
330.0
306.0
314.0
411.0
348.0
486.0
252.0
456.0
389.0
390.0
273.0
471.0
306.0
559.0
342.0
350.0
410.0
443.0
399.0
400.0
354.0
271.0
325.0
288.0
408.0
273.0
436.0
428.0
297.0
443.0
310.0
400.0
274.0
348.0
349.0
418.0
456.0
361.0
279.0
311.0
311.0
430.0
358.0
304.0
486.0
269.0
273.0
373.0
374.0
591.0
407.0
260.0
293.0
351.0
345.0
373.0
229.0
401.0
341.0
476.0
432.0
287.0
338.0
361.0
262.0
277.0
259.0
409.0
384.0
448.0
286.0
367.0
357.0
392.0
308.0
279.0
664.0
431.0
409.0
394.0
424.0
396.0
423.0
279.0
444.0
340.0
452.0
286.0
394.0
550.0
329.0
356.0
349.0
311.0
279.0
256.0
327.0
383.0
372.0
256.0
603.0
276.0
335.0
385.0
455.0
377.0
396.0
566.0
397.0
398.0
334.0
295.0
429.0
410.0
419.0
357.0
338.0
315.0
319.0
287.0
381.0
438.0
274.0
339.0
276.0
364.0
413.0
278.0
433.0
320.0
381.0
340.0
255.0
338.0
370.0
398.0
410.0
302.0
522.0
338.0
343.0
532.0
432.0
262.0
325.0
327.0
385.0
277.0
446.0
379.0
320.0
369.0
395.0
467.0
318.0
377.0
363.0
341.0
414.0
476.0
379.0
349.0
457.0
383.0
404.0
270.0
337.0
313.0
376.0
275.0
280.0
480.0
291.0
352.0
289.0
386.0
572.0
414.0
350.0
327.0
348.0
337.0
379.0
280.0
298.0
374.0
426.0
409.0
429.0
336.0
441.0
319.0
294.0
391.0
354.0
347.0
379.0
210.0
309.0
444.0
391.0
348.0
347.0
377.0
475.0
362.0
502.0
359.0
314.0
382.0
347.0
435.0
348.0
391.0
306.0
393.0
390.0
257.0
332.0
572.0
333.0
345.0
375.0
486.0
419.0
276.0
332.0
343.0
346.0
316.0
439.0
449.0
427.0
323.0
302.0
296.0
331.0
382.0
478.0
497.0
282.0
400.0
342.0
281.0
594.0
389.0
324.0
235.0
524.0
265.0
338.0
282.0
386.0
410.0
282.0
376.0
343.0
288.0
294.0
329.0
355.0
294.0
321.0
391.0
234.0
340.0
462.0
342.0
419.0
459.0
385.0
415.0
362.0
352.0
368.0
299.0
334.0
359.0
347.0
248.0
388.0
505.0
389.0
293.0
364.0
347.0
566.0
382.0
276.0
262.0
358.0
379.0
332.0
311.0
314.0
410.0
348.0
394.0
512.0
311.0
290.0
468.0
345.0
489.0
353.0
393.0
399.0
447.0
369.0
286.0
429.0
473.0
413.0
275.0
363.0
451.0
357.0
310.0
367.0
461.0
474.0
337.0
414.0
450.0
345.0
309.0
310.0
486.0
417.0
346.0
335.0
397.0
282.0
459.0
470.0
273.0
283.0
410.0
621.0
336.0
466.0
425.0
435.0
248.0
256.0
440.0
284.0
479.0
267.0
284.0
469.0
308.0
380.0
507.0
417.0
361.0
369.0
219.0
376.0
276.0
303.0
443.0
561.0
291.0
417.0
396.0
234.0
538.0
367.0
425.0
316.0
353.0
398.0
236.0
391.0
448.0
359.0
399.0
388.0
316.0
325.0
427.0
395.0
357.0
385.0
541.0
601.0
318.0
410.0
446.0
289.0
457.0
316.0
479.0
440.0
310.0
384.0
354.0
388.0
356.0
395.0
483.0
347.0
329.0
544.0
474.0
216.0
487.0
348.0
313.0
537.0
311.0
345.0
554.0
391.0
328.0
309.0
362.0
250.0
335.0
356.0
332.0
299.0
420.0
348.0
439.0
382.0
302.0
366.0
393.0
429.0
244.0
340.0
356.0
399.0
409.0
348.0
363.0
350.0
361.0
347.0
544.0
515.0
355.0
404.0
345.0
450.0
270.0
397.0
334.0
253.0
382.0
226.0
415.0
424.0
492.0
449.0
253.0
439.0
308.0
427.0
316.0
384.0
419.0
296.0
352.0
458.0
440.0
506.0
487.0
420.0
310.0
303.0
389.0
418.0
515.0
403.0
400.0
284.0
446.0
585.0
386.0
343.0
439.0
335.0
431.0
540.0
417.0
450.0
543.0
451.0
293.0
335.0
393.0
170.0
437.0
451.0
292.0
310.0
388.0
402.0
435.0
302.0
400.0
602.0
391.0
284.0
399.0
319.0
330.0
312.0
520.0
283.0
331.0
332.0
381.0
501.0
441.0
383.0
444.0
367.0
355.0
467.0
212.0
423.0
392.0
347.0
436.0
298.0
344.0
645.0
453.0
431.0
331.0
463.0
373.0
334.0
268.0
509.0
321.0
415.0
377.0
488.0
408.0
510.0
453.0
384.0
386.0
259.0
227.0
331.0
288.0
364.0
446.0
322.0
437.0
421.0
383.0
274.0
653.0
383.0
422.0
455.0
422.0
428.0
413.0
285.0
376.0
336.0
349.0
506.0
300.0
378.0
466.0
378.0
392.0
426.0
425.0
344.0
370.0
472.0
327.0
232.0
358.0
399.0
446.0
374.0
401.0
292.0
472.0
287.0
216.0
354.0
396.0
463.0
514.0
536.0
302.0
404.0
271.0
310.0
352.0
370.0
389.0
279.0
375.0
468.0
411.0
364.0
384.0
334.0
472.0
412.0
530.0
279.0
310.0
255.0
346.0
610.0
454.0
360.0
351.0
473.0
507.0
355.0
320.0
338.0
444.0
349.0
578.0
411.0
451.0
331.0
318.0
532.0
444.0
322.0
392.0
341.0
309.0
348.0
401.0
242.0
454.0
340.0
364.0
332.0
430.0
338.0
573.0
305.0
391.0
399.0
361.0
465.0
369.0
455.0
369.0
411.0
432.0
272.0
321.0
394.0
232.0
472.0
396.0
418.0
449.0
437.0
385.0
434.0
360.0
275.0
388.0
452.0
417.0
324.0
333.0
521.0
441.0
329.0
298.0
377.0
413.0
315.0
438.0
396.0
359.0
462.0
373.0
386.0
449.0
343.0
336.0
412.0
451.0
254.0
422.0
411.0
339.0
439.0
240.0
419.0
302.0
364.0
435.0
285.0
393.0
262.0
360.0
297.0
463.0
450.0
362.0
430.0
415.0
479.0
414.0
330.0
460.0
371.0
488.0
352.0
462.0
234.0
342.0
485.0
364.0
532.0
414.0
404.0
492.0
316.0
447.0
413.0
477.0
239.0
258.0
351.0
500.0
297.0
614.0
444.0
524.0
384.0
322.0
342.0
292.0
414.0
479.0
493.0
354.0
287.0
308.0
320.0
435.0
369.0
471.0
342.0
410.0
330.0
343.0
269.0
304.0
419.0
298.0
505.0
336.0
317.0
358.0
385.0
388.0
415.0
317.0
212.0
335.0
366.0
451.0
345.0
325.0
300.0
306.0
369.0
445.0
372.0
423.0
511.0
296.0
270.0
536.0
375.0
425.0
493.0
359.0
314.0
267.0
329.0
364.0
243.0
479.0
389.0
336.0
443.0
388.0
399.0
347.0
282.0
369.0
316.0
446.0
323.0
319.0
568.0
429.0
409.0
250.0
380.0
520.0
564.0
328.0
339.0
519.0
495.0
506.0
395.0
427.0
375.0
332.0
388.0
485.0
314.0
408.0
294.0
343.0
264.0
391.0
337.0
574.0
543.0
400.0
378.0
411.0
435.0
324.0
468.0
504.0
500.0
341.0
287.0
426.0
336.0
428.0
824.0
393.0
373.0
427.0
285.0
312.0
355.0
492.0
343.0
287.0
331.0
468.0
391.0
278.0
351.0
382.0
321.0
318.0
370.0
440.0
351.0
333.0
344.0
396.0
277.0
293.0
324.0
484.0
296.0
475.0
260.0
521.0
279.0
319.0
372.0
555.0
382.0
326.0
484.0
376.0
275.0
417.0
457.0
375.0
338.0
515.0
382.0
287.0
520.0
375.0
423.0
352.0
406.0
284.0
384.0
403.0
330.0
381.0
410.0
411.0
271.0
596.0
715.0
508.0
577.0
287.0
312.0
366.0
327.0
385.0
402.0
385.0
289.0
332.0
459.0
434.0
280.0
317.0
340.0
298.0
364.0
565.0
471.0
337.0
275.0
398.0
336.0
324.0
494.0
489.0
331.0
272.0
456.0
297.0
408.0
458.0
344.0
342.0
340.0
531.0
359.0
391.0
345.0
507.0
432.0
365.0
385.0
280.0
326.0
306.0
386.0
418.0
411.0
286.0
480.0
254.0
323.0
346.0
374.0
313.0
393.0
409.0
528.0
492.0
383.0
446.0
495.0
507.0
397.0
371.0
373.0
364.0
580.0
404.0
389.0
320.0
315.0
361.0
435.0
543.0
308.0
295.0
587.0
372.0
387.0
485.0
387.0
329.0
409.0
412.0
363.0
382.0
433.0
283.0
461.0
397.0
265.0
385.0
296.0
545.0
348.0
189.0
409.0
321.0
233.0
348.0
351.0
370.0
412.0
373.0
279.0
345.0
311.0
429.0
372.0
324.0
409.0
378.0
431.0
344.0
296.0
428.0
252.0
398.0
337.0
303.0
439.0
262.0
372.0
295.0
282.0
614.0
413.0
550.0
411.0
343.0
295.0
379.0
427.0
324.0
276.0
321.0
250.0
396.0
307.0
280.0
385.0
338.0
421.0
346.0
382.0
590.0
303.0
293.0
372.0
321.0
447.0
239.0
367.0
367.0
891.0
304.0
377.0
348.0
439.0
373.0
426.0
561.0
367.0
391.0
265.0
422.0
389.0
266.0
451.0
364.0
603.0
510.0
300.0
229.0
325.0
435.0
282.0
288.0
313.0
444.0
333.0
494.0
302.0
407.0
324.0
330.0
288.0
236.0
481.0
288.0
303.0
431.0
378.0
336.0
360.0
322.0
387.0
364.0
243.0
489.0
428.0
297.0
339.0
414.0
300.0
347.0
464.0
611.0
468.0
319.0
410.0
367.0
360.0
363.0
464.0
344.0
422.0
320.0
569.0
260.0
428.0
379.0
241.0
352.0
494.0
374.0
370.0
295.0
322.0
327.0
369.0
428.0
274.0
476.0
356.0
327.0
345.0
275.0
423.0
357.0
307.0
341.0
312.0
475.0
510.0
316.0
269.0
263.0
351.0
389.0
395.0
273.0
297.0
363.0
325.0
414.0
489.0
493.0
452.0
380.0
328.0
359.0
364.0
342.0
421.0
377.0
247.0
352.0
331.0
425.0
467.0
329.0
279.0
396.0
283.0
440.0
333.0
306.0
352.0
349.0
360.0
320.0
491.0
264.0
416.0
370.0
499.0
316.0
229.0
495.0
266.0
288.0
304.0
444.0
404.0
291.0
352.0
378.0
542.0
282.0
298.0
290.0
455.0
456.0
411.0
452.0
275.0
324.0
402.0
473.0
379.0
400.0
631.0
471.0
358.0
269.0
342.0
359.0
483.0
370.0
387.0
353.0
390.0
437.0
284.0
403.0
396.0
351.0
232.0
527.0
373.0
304.0
376.0
510.0
373.0
356.0
299.0
347.0
420.0
271.0
335.0
361.0
320.0
362.0
261.0
338.0
479.0
247.0
333.0
318.0
520.0
276.0
391.0
408.0
402.0
369.0
348.0
393.0
330.0
339.0
359.0
528.0
321.0
435.0
332.0
391.0
373.0
376.0
423.0
444.0
249.0
319.0
333.0
271.0
361.0
422.0
336.0
312.0
384.0
451.0
313.0
426.0
358.0
455.0
432.0
455.0
352.0
342.0
346.0
383.0
462.0
462.0
332.0
356.0
345.0
239.0
449.0
716.0
404.0
300.0
359.0
354.0
299.0
280.0
368.0
329.0
376.0
319.0
387.0
316.0
469.0
350.0
304.0
355.0
411.0
352.0
521.0
410.0
263.0
370.0
342.0
466.0
342.0
448.0
344.0
336.0
339.0
341.0
409.0
383.0
417.0
415.0
325.0
345.0
309.0
274.0
324.0
413.0
458.0
443.0
497.0
509.0
398.0
528.0
385.0
266.0
400.0
413.0
274.0
461.0
638.0
322.0
265.0
437.0
401.0
402.0
321.0
359.0
425.0
334.0
362.0
356.0
384.0
354.0
332.0
483.0
356.0
447.0
483.0
321.0
353.0
365.0
322.0
404.0
273.0
538.0
271.0
296.0
434.0
315.0
372.0
226.0
358.0
471.0
398.0
522.0
382.0
419.0
355.0
328.0
358.0
409.0
572.0
349.0
308.0
296.0
471.0
333.0
268.0
407.0
407.0
317.0
294.0
411.0
446.0
512.0
362.0
466.0
357.0
405.0
312.0
444.0
427.0
347.0
380.0
432.0
271.0
431.0
393.0
346.0
520.0
398.0
432.0
387.0
450.0
389.0
489.0
359.0
395.0
361.0
435.0
480.0
471.0
225.0
317.0
361.0
362.0
418.0
352.0
482.0
399.0
549.0
368.0
513.0
225.0
445.0
366.0
299.0
453.0
273.0
404.0
492.0
459.0
304.0
333.0
499.0
349.0
347.0
390.0
412.0
247.0
490.0
397.0
459.0
423.0
500.0
341.0
270.0
448.0
495.0
408.0
350.0
216.0
453.0
439.0
321.0
304.0
261.0
340.0
411.0
257.0
392.0
439.0
444.0
436.0
462.0
288.0
299.0
449.0
340.0
379.0
359.0
345.0
392.0
328.0
355.0
398.0
355.0
424.0
407.0
516.0
267.0
252.0
516.0
346.0
367.0
826.0
306.0
445.0
422.0
296.0
335.0
349.0
436.0
473.0
544.0
333.0
328.0
346.0
305.0
383.0
299.0
389.0
425.0
240.0
351.0
300.0
400.0
552.0
410.0
275.0
470.0
390.0
341.0
577.0
408.0
408.0
413.0
291.0
629.0
353.0
352.0
435.0
590.0
469.0
333.0
584.0
370.0
362.0
367.0
428.0
307.0
397.0
309.0
435.0
410.0
306.0
476.0
278.0
360.0
291.0
281.0
356.0
417.0
504.0
505.0
454.0
501.0
247.0
314.0
433.0
448.0
320.0
341.0
437.0
417.0
456.0
367.0
448.0
327.0
378.0
280.0
338.0
384.0
342.0
370.0
249.0
402.0
348.0
402.0
318.0
421.0
240.0
351.0
288.0
270.0
378.0
490.0
334.0
338.0
323.0
406.0
378.0
646.0
389.0
393.0
460.0
311.0
429.0
382.0
336.0
473.0
404.0
339.0
437.0
445.0
395.0
296.0
437.0
322.0
414.0
413.0
292.0
431.0
287.0
319.0
452.0
514.0
249.0
438.0
296.0
386.0
735.0
290.0
304.0
352.0
354.0
296.0
568.0
428.0
452.0
307.0
316.0
274.0
433.0
366.0
320.0
272.0
373.0
328.0
377.0
428.0
378.0
359.0
378.0
259.0
390.0
434.0
339.0
330.0
249.0
341.0
390.0
330.0
441.0
307.0
479.0
452.0
423.0
362.0
462.0
528.0
263.0
364.0
510.0
208.0
338.0
305.0
369.0
515.0
248.0
322.0
479.0
307.0
604.0
294.0
302.0
424.0
306.0
657.0
377.0
306.0
537.0
296.0
320.0
648.0
508.0
376.0
293.0
458.0
346.0
267.0
410.0
313.0
326.0
425.0
306.0
275.0
512.0
1000.0
370.0
292.0
338.0
316.0
323.0
488.0
312.0
308.0
415.0
307.0
367.0
334.0
284.0
314.0
293.0
355.0
361.0
337.0
389.0
320.0
309.0
428.0
412.0
360.0
530.0
306.0
369.0
463.0
386.0
266.0
342.0
370.0
307.0
434.0
420.0
380.0
239.0
375.0
393.0
301.0
323.0
382.0
327.0
376.0
465.0
257.0
335.0
391.0
491.0
376.0
423.0
342.0
357.0
230.0
390.0
389.0
416.0
500.0
426.0
341.0
349.0
396.0
455.0
367.0
378.0
412.0
435.0
318.0
586.0
374.0
369.0
383.0
364.0
411.0
391.0
469.0
294.0
278.0
337.0
369.0
372.0
368.0
375.0
429.0
378.0
456.0
459.0
400.0
538.0
389.0
380.0
279.0
355.0
378.0
478.0
410.0
556.0
334.0
393.0
361.0
512.0
287.0
464.0
323.0
360.0
298.0
310.0
287.0
357.0
379.0
356.0
500.0
438.0
385.0
403.0
575.0
273.0
335.0
389.0
322.0
457.0
523.0
550.0
324.0
272.0
289.0
406.0
407.0
395.0
457.0
372.0
439.0
327.0
231.0
378.0
362.0
437.0
451.0
445.0
388.0
342.0
397.0
439.0
294.0
338.0
354.0
297.0
409.0
269.0
323.0
397.0
490.0
260.0
521.0
537.0
336.0
413.0
379.0
382.0
508.0
372.0
412.0
317.0
341.0
366.0
253.0
410.0
471.0
400.0
453.0
387.0
441.0
331.0
434.0
388.0
289.0
469.0
354.0
331.0
397.0
288.0
313.0
444.0
342.0
486.0
384.0
370.0
422.0
467.0
327.0
343.0
293.0
380.0
424.0
298.0
289.0
335.0
403.0
396.0
319.0
483.0
336.0
451.0
410.0
373.0
459.0
358.0
314.0
406.0
385.0
377.0
407.0
468.0
416.0
390.0
483.0
431.0
325.0
413.0
413.0
386.0
303.0
328.0
270.0
400.0
413.0
307.0
396.0
461.0
259.0
351.0
384.0
395.0
420.0
417.0
317.0
324.0
371.0
300.0
355.0
454.0
324.0
437.0
309.0
466.0
298.0
469.0
469.0
418.0
475.0
404.0
349.0
325.0
471.0
259.0
266.0
332.0
462.0
261.0
318.0
667.0
364.0
338.0
357.0
351.0
398.0
436.0
379.0
527.0
423.0
386.0
329.0
342.0
297.0
360.0
304.0
296.0
338.0
322.0
304.0
358.0
184.0
576.0
422.0
366.0
278.0
363.0
341.0
341.0
385.0
342.0
427.0
347.0
252.0
360.0
420.0
335.0
343.0
231.0
305.0
369.0
389.0
515.0
478.0
306.0
564.0
273.0
346.0
377.0
307.0
445.0
272.0
319.0
235.0
390.0
418.0
347.0
286.0
395.0
291.0
446.0
405.0
266.0
366.0
365.0
333.0
339.0
283.0
334.0
372.0
397.0
367.0
410.0
368.0
713.0
293.0
460.0
355.0
421.0
353.0
344.0
551.0
280.0
766.0
648.0
346.0
441.0
465.0
494.0
446.0
354.0
409.0
274.0
425.0
367.0
404.0
504.0
444.0
376.0
357.0
211.0
355.0
343.0
320.0
362.0
302.0
390.0
279.0
403.0
480.0
405.0
359.0
354.0
410.0
467.0
260.0
348.0
460.0
318.0
416.0
351.0
279.0
327.0
303.0
390.0
551.0
296.0
299.0
428.0
379.0
363.0
410.0
306.0
459.0
290.0
346.0
364.0
425.0
373.0
323.0
305.0
334.0
364.0
275.0
462.0
407.0
375.0
408.0
319.0
401.0
424.0
247.0
390.0
342.0
410.0
311.0
437.0
509.0
377.0
388.0
397.0
406.0
245.0
450.0
346.0
596.0
287.0
382.0
394.0
385.0
431.0
421.0
314.0
327.0
297.0
227.0
479.0
463.0
464.0
195.0
403.0
460.0
404.0
333.0
395.0
420.0
364.0
479.0
346.0
296.0
371.0
299.0
420.0
256.0
326.0
297.0
435.0
227.0
287.0
472.0
489.0
337.0
275.0
377.0
494.0
448.0
340.0
387.0
345.0
359.0
374.0
365.0
324.0
462.0
275.0
353.0
331.0
399.0
442.0
458.0
381.0
432.0
387.0
533.0
463.0
292.0
306.0
460.0
482.0
399.0
403.0
294.0
298.0
272.0
302.0
378.0
323.0
418.0
372.0
462.0
375.0
606.0
350.0
458.0
173.0
340.0
333.0
293.0
474.0
211.0
436.0
296.0
486.0
421.0
420.0
327.0
274.0
357.0
300.0
387.0
371.0
405.0
247.0
272.0
425.0
228.0
321.0
414.0
425.0
302.0
506.0
323.0
289.0
385.0
475.0
402.0
390.0
438.0
738.0
362.0
453.0
235.0
338.0
365.0
493.0
421.0
312.0
219.0
293.0
326.0
280.0
295.0
444.0
464.0
316.0
358.0
364.0
266.0
343.0
251.0
374.0
395.0
514.0
395.0
463.0
346.0
395.0
351.0
344.0
303.0
467.0
452.0
374.0
269.0
411.0
480.0
328.0
344.0
421.0
366.0
436.0
320.0
447.0
425.0
271.0
363.0
354.0
351.0
417.0
375.0
332.0
318.0
353.0
341.0
488.0
322.0
297.0
325.0
404.0
328.0
325.0
446.0
400.0
328.0
274.0
431.0
390.0
395.0
294.0
323.0
425.0
376.0
371.0
315.0
328.0
275.0
424.0
417.0
403.0
394.0
339.0
361.0
297.0
439.0
375.0
236.0
490.0
357.0
352.0
339.0
388.0
502.0
249.0
405.0
402.0
315.0
235.0
540.0
719.0
289.0
418.0
422.0
386.0
276.0
339.0
289.0
386.0
296.0
810.0
318.0
512.0
395.0
357.0
328.0
411.0
365.0
277.0
366.0
390.0
409.0
324.0
354.0
589.0
303.0
325.0
326.0
296.0
324.0
444.0
449.0
253.0
361.0
302.0
370.0
537.0
442.0
485.0
272.0
347.0
272.0
495.0
308.0
294.0
389.0
415.0
479.0
482.0
433.0
404.0
255.0
357.0
324.0
495.0
420.0
429.0
364.0
386.0
289.0
285.0
255.0
333.0
447.0
499.0
535.0
416.0
339.0
390.0
388.0
391.0
362.0
412.0
391.0
309.0
300.0
397.0
395.0
330.0
318.0
473.0
588.0
447.0
576.0
274.0
345.0
203.0
559.0
451.0
351.0
217.0
457.0
368.0
398.0
358.0
374.0
351.0
323.0
387.0
431.0
441.0
372.0
541.0
343.0
401.0
347.0
387.0
344.0
441.0
330.0
354.0
563.0
292.0
450.0
314.0
325.0
369.0
504.0
381.0
538.0
300.0
462.0
424.0
276.0
524.0
413.0
293.0
355.0
244.0
393.0
385.0
316.0
354.0
482.0
341.0
425.0
306.0
235.0
296.0
478.0
409.0
340.0
368.0
255.0
302.0
348.0
381.0
341.0
455.0
456.0
496.0
470.0
434.0
272.0
508.0
419.0
347.0
735.0
392.0
377.0
530.0
285.0
379.0
278.0
296.0
441.0
315.0
342.0
379.0
377.0
384.0
271.0
395.0
426.0
390.0
379.0
402.0
345.0
470.0
493.0
332.0
291.0
417.0
285.0
482.0
374.0
446.0
282.0
431.0
300.0
325.0
338.0
272.0
479.0
389.0
352.0
487.0
474.0
228.0
336.0
317.0
335.0
490.0
345.0
457.0
240.0
330.0
371.0
319.0
463.0
307.0
379.0
438.0
346.0
334.0
374.0
267.0
496.0
364.0
338.0
383.0
376.0
585.0
294.0
293.0
269.0
266.0
433.0
464.0
404.0
299.0
331.0
295.0
488.0
294.0
394.0
417.0
317.0
367.0
387.0
313.0
397.0
303.0
340.0
313.0
482.0
381.0
424.0
450.0
442.0
405.0
392.0
304.0
599.0
335.0
420.0
458.0
433.0
404.0
270.0
397.0
430.0
361.0
309.0
262.0
497.0
392.0
384.0
416.0
378.0
371.0
341.0
326.0
427.0
396.0
367.0
451.0
357.0
416.0
484.0
348.0
260.0
396.0
315.0
431.0
485.0
265.0
272.0
467.0
403.0
393.0
292.0
301.0
284.0
417.0
578.0
260.0
386.0
394.0
265.0
340.0
414.0
390.0
413.0
305.0
465.0
351.0
329.0
304.0
365.0
481.0
330.0
406.0
493.0
413.0
415.0
507.0
342.0
298.0
316.0
298.0
488.0
401.0
223.0
401.0
451.0
440.0
336.0
446.0
420.0
389.0
476.0
405.0
464.0
488.0
381.0
343.0
254.0
297.0
348.0
341.0
560.0
316.0
333.0
818.0
464.0
392.0
383.0
379.0
500.0
489.0
492.0
488.0
202.0
332.0
353.0
328.0
487.0
318.0
439.0
373.0
408.0
436.0
293.0
311.0
325.0
349.0
346.0
295.0
434.0
299.0
328.0
341.0
445.0
277.0
376.0
465.0
403.0
416.0
302.0
410.0
390.0
406.0
328.0
399.0
297.0
605.0
252.0
279.0
461.0
327.0
262.0
412.0
298.0
463.0
343.0
412.0
406.0
292.0
409.0
376.0
497.0
271.0
358.0
298.0
480.0
518.0
510.0
324.0
504.0
220.0
415.0
348.0
291.0
309.0
421.0
515.0
342.0
369.0
268.0
462.0
483.0
428.0
408.0
529.0
326.0
379.0
290.0
304.0
523.0
295.0
427.0
415.0
396.0
328.0
330.0
394.0
421.0
355.0
360.0
305.0
317.0
311.0
318.0
385.0
384.0
325.0
522.0
332.0
535.0
487.0
345.0
403.0
333.0
285.0
367.0
363.0
381.0
439.0
354.0
344.0
319.0
360.0
206.0
385.0
391.0
384.0
324.0
318.0
294.0
264.0
359.0
381.0
365.0
424.0
387.0
418.0
439.0
328.0
298.0
641.0
393.0
341.0
353.0
409.0
385.0
278.0
458.0
489.0
455.0
369.0
396.0
466.0
459.0
406.0
212.0
342.0
364.0
356.0
423.0
318.0
276.0
350.0
344.0
442.0
264.0
401.0
385.0
388.0
317.0
357.0
240.0
341.0
386.0
318.0
340.0
411.0
325.0
553.0
530.0
482.0
431.0
269.0
550.0
366.0
354.0
495.0
419.0
301.0
284.0
384.0
382.0
284.0
348.0
426.0
413.0
262.0
394.0
455.0
326.0
389.0
351.0
342.0
396.0
409.0
539.0
274.0
453.0
403.0
461.0
238.0
504.0
380.0
454.0
594.0
318.0
325.0
404.0
304.0
469.0
305.0
366.0
516.0
358.0
269.0
422.0
336.0
329.0
363.0
437.0
318.0
360.0
635.0
408.0
360.0
348.0
367.0
291.0
324.0
427.0
309.0
364.0
363.0
417.0
301.0
317.0
450.0
436.0
546.0
281.0
377.0
568.0
339.0
272.0
285.0
419.0
349.0
492.0
378.0
327.0
361.0
335.0
344.0
243.0
441.0
340.0
315.0
365.0
413.0
308.0
508.0
290.0
471.0
391.0
379.0
372.0
414.0
436.0
479.0
360.0
535.0
475.0
436.0
298.0
457.0
357.0
373.0
358.0
491.0
342.0
430.0
491.0
315.0
319.0
349.0
228.0
348.0
318.0
370.0
331.0
262.0
315.0
411.0
351.0
387.0
385.0
398.0
277.0
410.0
252.0
306.0
287.0
444.0
481.0
386.0
323.0
254.0
388.0
457.0
445.0
317.0
372.0
326.0
410.0
441.0
405.0
350.0
351.0
423.0
345.0
455.0
542.0
354.0
309.0
419.0
343.0
485.0
450.0
301.0
347.0
405.0
403.0
522.0
576.0
369.0
330.0
350.0
336.0
418.0
178.0
441.0
404.0
383.0
308.0
284.0
457.0
364.0
496.0
480.0
345.0
292.0
449.0
505.0
450.0
395.0
430.0
396.0
335.0
378.0
562.0
543.0
402.0
428.0
595.0
332.0
351.0
384.0
346.0
289.0
347.0
372.0
395.0
485.0
279.0
327.0
389.0
294.0
429.0
407.0
276.0
354.0
432.0
210.0
529.0
377.0
461.0
346.0
391.0
455.0
488.0
427.0
449.0
381.0
386.0
318.0
293.0
338.0
293.0
364.0
303.0
340.0
639.0
393.0
385.0
409.0
363.0
246.0
479.0
521.0
334.0
470.0
488.0
466.0
261.0
536.0
367.0
421.0
413.0
269.0
445.0
399.0
439.0
280.0
370.0
439.0
335.0
473.0
343.0
627.0
333.0
411.0
280.0
398.0
314.0
450.0
454.0
635.0
389.0
249.0
430.0
331.0
441.0
336.0
229.0
355.0
384.0
324.0
306.0
344.0
373.0
496.0
360.0
324.0
386.0
641.0
446.0
350.0
428.0
338.0
420.0
390.0
398.0
519.0
182.0
512.0
418.0
347.0
370.0
268.0
336.0
331.0
495.0
331.0
415.0
351.0
322.0
408.0
293.0
307.0
470.0
313.0
418.0
383.0
338.0
449.0
372.0
291.0
388.0
476.0
487.0
444.0
313.0
448.0
291.0
392.0
467.0
293.0
488.0
334.0
376.0
392.0
444.0
425.0
441.0
293.0
266.0
213.0
489.0
291.0
276.0
370.0
449.0
414.0
283.0
290.0
490.0
370.0
425.0
398.0
323.0
306.0
289.0
329.0
301.0
424.0
317.0
437.0
410.0
343.0
435.0
269.0
285.0
330.0
472.0
422.0
339.0
307.0
354.0
323.0
464.0
426.0
487.0
431.0
352.0
284.0
347.0
590.0
297.0
316.0
344.0
297.0
254.0
452.0
307.0
382.0
240.0
408.0
564.0
349.0
364.0
300.0
302.0
457.0
468.0
243.0
376.0
424.0
478.0
344.0
352.0
348.0
316.0
321.0
345.0
303.0
278.0
322.0
307.0
406.0
381.0
339.0
377.0
251.0
355.0
630.0
304.0
415.0
416.0
511.0
360.0
310.0
387.0
438.0
287.0
285.0
444.0
307.0
302.0
335.0
459.0
374.0
345.0
309.0
253.0
336.0
338.0
369.0
339.0
423.0
296.0
403.0
336.0
344.0
500.0
448.0
431.0
314.0
268.0
239.0
294.0
350.0
356.0
359.0
475.0
288.0
313.0
419.0
304.0
237.0
287.0
333.0
384.0
443.0
214.0
267.0
455.0
349.0
373.0
472.0
402.0
321.0
362.0
484.0
391.0
290.0
268.0
447.0
390.0
349.0
419.0
518.0
365.0
511.0
333.0
564.0
363.0
533.0
319.0
256.0
252.0
439.0
518.0
404.0
412.0
306.0
316.0
582.0
401.0
479.0
450.0
357.0
451.0
372.0
347.0
472.0
380.0
383.0
295.0
346.0
346.0
352.0
341.0
514.0
354.0
394.0
432.0
439.0
295.0
386.0
361.0
394.0
255.0
455.0
302.0
462.0
308.0
410.0
541.0
358.0
367.0
397.0
305.0
384.0
406.0
360.0
354.0
612.0
341.0
293.0
383.0
407.0
523.0
318.0
359.0
329.0
530.0
484.0
380.0
258.0
344.0
550.0
270.0
292.0
336.0
322.0
305.0
229.0
404.0
515.0
368.0
571.0
370.0
528.0
330.0
466.0
497.0
280.0
274.0
332.0
359.0
393.0
646.0
422.0
307.0
279.0
386.0
449.0
390.0
385.0
381.0
344.0
271.0
402.0
289.0
378.0
294.0
381.0
432.0
331.0
301.0
385.0
321.0
273.0
455.0
376.0
370.0
645.0
503.0
359.0
453.0
335.0
361.0
456.0
366.0
280.0
424.0
448.0
296.0
336.0
487.0
235.0
252.0
398.0
240.0
288.0
446.0
375.0
396.0
397.0
374.0
254.0
319.0
343.0
241.0
450.0
566.0
347.0
385.0
510.0
346.0
229.0
392.0
571.0
282.0
439.0
351.0
324.0
477.0
418.0
408.0
373.0
446.0
245.0
446.0
421.0
345.0
448.0
289.0
385.0
428.0
244.0
506.0
524.0
328.0
356.0
331.0
269.0
293.0
352.0
445.0
436.0
411.0
409.0
356.0
469.0
320.0
385.0
388.0
246.0
418.0
338.0
256.0
237.0
423.0
317.0
449.0
252.0
339.0
291.0
382.0
253.0
430.0
435.0
517.0
225.0
416.0
308.0
285.0
318.0
323.0
270.0
371.0
304.0
247.0
322.0
445.0
343.0
481.0
380.0
551.0
331.0
467.0
464.0
447.0
254.0
359.0
322.0
335.0
479.0
201.0
280.0
355.0
546.0
372.0
355.0
452.0
301.0
387.0
502.0
295.0
351.0
589.0
433.0
412.0
504.0
381.0
358.0
337.0
513.0
443.0
394.0
439.0
271.0
422.0
291.0
289.0
540.0
469.0
288.0
251.0
447.0
299.0
548.0
407.0
358.0
477.0
462.0
557.0
482.0
317.0
266.0
385.0
411.0
351.0
495.0
300.0
454.0
242.0
313.0
461.0
297.0
502.0
283.0
521.0
423.0
328.0
330.0
524.0
364.0
381.0
347.0
429.0
392.0
272.0
341.0
419.0
267.0
340.0
282.0
351.0
389.0
636.0
305.0
333.0
322.0
299.0
309.0
529.0
356.0
592.0
437.0
373.0
360.0
639.0
374.0
304.0
348.0
288.0
320.0
299.0
483.0
303.0
372.0
364.0
409.0
413.0
353.0
290.0
330.0
448.0
483.0
268.0
435.0
370.0
409.0
566.0
295.0
409.0
272.0
414.0
475.0
490.0
237.0
447.0
399.0
382.0
448.0
303.0
235.0
310.0
424.0
279.0
389.0
416.0
370.0
439.0
327.0
278.0
417.0
347.0
400.0
386.0
433.0
437.0
238.0
445.0
559.0
359.0
502.0
465.0
335.0
361.0
256.0
354.0
430.0
429.0
558.0
307.0
350.0
218.0
407.0
257.0
364.0
436.0
259.0
375.0
519.0
382.0
372.0
451.0
323.0
402.0
532.0
306.0
292.0
332.0
392.0
348.0
404.0
329.0
298.0
528.0
315.0
276.0
304.0
409.0
297.0
406.0
447.0
424.0
407.0
341.0
490.0
449.0
346.0
317.0
373.0
525.0
282.0
437.0
231.0
494.0
362.0
410.0
395.0
460.0
454.0
409.0
416.0
374.0
343.0
292.0
314.0
351.0
443.0
335.0
344.0
348.0
458.0
304.0
367.0
492.0
382.0
532.0
392.0
275.0
238.0
300.0
468.0
301.0
409.0
361.0
392.0
334.0
346.0
341.0
353.0
389.0
418.0
217.0
524.0
272.0
317.0
349.0
343.0
387.0
322.0
870.0
441.0
345.0
299.0
436.0
288.0
328.0
404.0
551.0
407.0
298.0
340.0
504.0
328.0
413.0
280.0
447.0
276.0
284.0
356.0
300.0
401.0
504.0
365.0
333.0
401.0
370.0
347.0
426.0
476.0
276.0
286.0
436.0
255.0
341.0
285.0
312.0
356.0
459.0
483.0
292.0
369.0
452.0
335.0
467.0
466.0
379.0
584.0
717.0
466.0
458.0
384.0
311.0
302.0
256.0
243.0
347.0
492.0
375.0
455.0
307.0
381.0
312.0
362.0
437.0
332.0
313.0
519.0
265.0
247.0
370.0
562.0
388.0
374.0
325.0
430.0
332.0
503.0
368.0
380.0
438.0
334.0
338.0
267.0
452.0
598.0
285.0
418.0
433.0
204.0
396.0
434.0
223.0
494.0
398.0
400.0
325.0
475.0
383.0
321.0
305.0
227.0
341.0
271.0
494.0
494.0
448.0
502.0
314.0
345.0
355.0
309.0
378.0
518.0
585.0
421.0
514.0
323.0
449.0
302.0
353.0
341.0
334.0
338.0
467.0
337.0
407.0
423.0
406.0
419.0
377.0
445.0
437.0
434.0
322.0
385.0
326.0
513.0
546.0
290.0
394.0
395.0
435.0
358.0
454.0
389.0
282.0
459.0
367.0
310.0
411.0
373.0
332.0
525.0
389.0
395.0
342.0
295.0
353.0
323.0
347.0
393.0
379.0
466.0
431.0
345.0
431.0
384.0
365.0
332.0
334.0
266.0
287.0
367.0
356.0
411.0
243.0
399.0
390.0
329.0
395.0
508.0
497.0
304.0
219.0
324.0
403.0
496.0
479.0
347.0
287.0
456.0
365.0
527.0
283.0
369.0
469.0
380.0
327.0
270.0
458.0
445.0
300.0
288.0
441.0
305.0
353.0
506.0
486.0
351.0
598.0
333.0
553.0
367.0
281.0
463.0
298.0
251.0
467.0
442.0
497.0
413.0
240.0
348.0
345.0
375.0
346.0
315.0
490.0
342.0
338.0
376.0
426.0
390.0
368.0
513.0
366.0
505.0
380.0
351.0
416.0
434.0
367.0
309.0
311.0
314.0
187.0
352.0
379.0
272.0
352.0
365.0
439.0
372.0
287.0
483.0
362.0
499.0
294.0
343.0
616.0
365.0
442.0
410.0
458.0
410.0
480.0
548.0
457.0
305.0
448.0
431.0
308.0
420.0
275.0
543.0
281.0
390.0
446.0
557.0
507.0
511.0
303.0
292.0
388.0
436.0
302.0
362.0
368.0
261.0
383.0
333.0
375.0
494.0
434.0
349.0
503.0
314.0
264.0
403.0
366.0
343.0
267.0
402.0
348.0
368.0
395.0
273.0
421.0
346.0
501.0
469.0
386.0
304.0
447.0
381.0
306.0
393.0
414.0
354.0
337.0
285.0
303.0
311.0
364.0
274.0
355.0
225.0
514.0
397.0
315.0
277.0
270.0
297.0
323.0
350.0
404.0
547.0
349.0
547.0
316.0
264.0
365.0
443.0
356.0
376.0
495.0
296.0
511.0
208.0
284.0
443.0
352.0
464.0
384.0
298.0
370.0
281.0
429.0
417.0
408.0
471.0
233.0
501.0
526.0
360.0
409.0
418.0
394.0
389.0
300.0
405.0
535.0
339.0
372.0
275.0
250.0
311.0
309.0
510.0
373.0
331.0
335.0
405.0
326.0
424.0
362.0
250.0
258.0
346.0
456.0
446.0
319.0
419.0
366.0
364.0
359.0
463.0
513.0
387.0
473.0
416.0
377.0
447.0
426.0
230.0
395.0
318.0
416.0
392.0
335.0
334.0
355.0
321.0
380.0
299.0
363.0
281.0
316.0
725.0
441.0
248.0
376.0
259.0
316.0
461.0
419.0
375.0
325.0
397.0
351.0
307.0
339.0
568.0
296.0
318.0
355.0
462.0
326.0
608.0
335.0
495.0
435.0
433.0
305.0
288.0
335.0
505.0
329.0
424.0
335.0
345.0
279.0
354.0
263.0
573.0
460.0
442.0
542.0
315.0
365.0
547.0
239.0
241.0
550.0
444.0
493.0
401.0
504.0
267.0
341.0
271.0
595.0
372.0
344.0
410.0
327.0
263.0
422.0
251.0
289.0
285.0
472.0
886.0
440.0
247.0
372.0
439.0
292.0
388.0
325.0
463.0
390.0
297.0
376.0
334.0
332.0
290.0
433.0
285.0
548.0
463.0
335.0
312.0
291.0
542.0
324.0
325.0
247.0
360.0
276.0
451.0
349.0
462.0
345.0
289.0
357.0
366.0
312.0
343.0
340.0
448.0
336.0
456.0
325.0
314.0
266.0
412.0
443.0
415.0
380.0
460.0
263.0
417.0
330.0
330.0
246.0
535.0
335.0
371.0
461.0
411.0
260.0
464.0
1488.0
432.0
385.0
260.0
238.0
431.0
349.0
378.0
385.0
325.0
356.0
474.0
383.0
334.0
566.0
394.0
352.0
371.0
335.0
502.0
496.0
406.0
242.0
438.0
405.0
200.0
299.0
266.0
314.0
485.0
387.0
287.0
454.0
372.0
356.0
511.0
368.0
405.0
323.0
340.0
399.0
284.0
473.0
481.0
500.0
356.0
363.0
300.0
498.0
331.0
554.0
325.0
382.0
428.0
338.0
348.0
271.0
309.0
300.0
404.0
461.0
300.0
438.0
357.0
451.0
494.0
445.0
336.0
220.0
336.0
448.0
321.0
401.0
278.0
318.0
312.0
352.0
244.0
408.0
429.0
603.0
266.0
288.0
418.0
264.0
424.0
407.0
294.0
356.0
293.0
396.0
362.0
417.0
373.0
378.0
284.0
414.0
438.0
312.0
360.0
334.0
281.0
287.0
355.0
607.0
414.0
370.0
338.0
326.0
457.0
344.0
395.0
296.0
442.0
380.0
297.0
351.0
548.0
456.0
419.0
409.0
369.0
254.0
482.0
534.0
428.0
319.0
314.0
311.0
367.0
301.0
396.0
371.0
371.0
246.0
470.0
383.0
396.0
293.0
282.0
361.0
432.0
520.0
340.0
393.0
227.0
506.0
506.0
439.0
403.0
319.0
493.0
427.0
351.0
525.0
375.0
259.0
433.0
359.0
354.0
289.0
424.0
367.0
309.0
658.0
326.0
361.0
288.0
438.0
237.0
382.0
290.0
311.0
311.0
457.0
260.0
325.0
428.0
354.0
315.0
304.0
497.0
375.0
273.0
446.0
373.0
326.0
398.0
315.0
325.0
285.0
678.0
378.0
400.0
460.0
334.0
268.0
507.0
367.0
326.0
626.0
386.0
377.0
422.0
338.0
417.0
479.0
285.0
461.0
275.0
291.0
427.0
366.0
310.0
421.0
489.0
320.0
663.0
408.0
391.0
369.0
253.0
410.0
384.0
417.0
386.0
293.0
411.0
732.0
303.0
374.0
388.0
373.0
320.0
544.0
358.0
349.0
332.0
483.0
562.0
468.0
353.0
349.0
229.0
283.0
331.0
482.0
368.0
516.0
526.0
307.0
209.0
346.0
250.0
453.0
333.0
356.0
344.0
345.0
369.0
304.0
349.0
361.0
368.0
353.0
332.0
444.0
397.0
679.0
422.0
436.0
261.0
533.0
304.0
424.0
383.0
446.0
312.0
360.0
365.0
265.0
319.0
303.0
274.0
461.0
440.0
300.0
297.0
320.0
691.0
301.0
529.0
599.0
438.0
427.0
371.0
489.0
455.0
466.0
349.0
257.0
282.0
464.0
555.0
395.0
282.0
386.0
413.0
429.0
424.0
435.0
268.0
493.0
320.0
369.0
389.0
458.0
404.0
476.0
359.0
488.0
378.0
269.0
403.0
323.0
251.0
282.0
497.0
393.0
260.0
424.0
414.0
285.0
292.0
412.0
368.0
476.0
296.0
410.0
414.0
336.0
398.0
442.0
335.0
361.0
255.0
344.0
305.0
269.0
353.0
755.0
392.0
379.0
333.0
634.0
575.0
293.0
304.0
382.0
308.0
269.0
281.0
251.0
349.0
376.0
536.0
458.0
399.0
303.0
299.0
527.0
359.0
400.0
343.0
355.0
388.0
267.0
256.0
509.0
552.0
373.0
299.0
404.0
234.0
290.0
325.0
448.0
395.0
453.0
369.0
292.0
346.0
274.0
318.0
515.0
427.0
544.0
252.0
393.0
370.0
378.0
390.0
434.0
452.0
272.0
303.0
293.0
296.0
386.0
407.0
274.0
371.0
456.0
273.0
402.0
243.0
459.0
355.0
263.0
382.0
393.0
430.0
446.0
485.0
389.0
313.0
291.0
337.0
301.0
373.0
293.0
439.0
497.0
459.0
366.0
360.0
348.0
323.0
409.0
376.0
378.0
361.0
504.0
385.0
287.0
441.0
368.0
376.0
296.0
449.0
331.0
525.0
410.0
287.0
412.0
427.0
296.0
605.0
353.0
422.0
443.0
423.0
607.0
485.0
425.0
280.0
298.0
272.0
462.0
322.0
364.0
348.0
346.0
484.0
304.0
401.0
484.0
410.0
314.0
452.0
520.0
429.0
381.0
396.0
229.0
234.0
318.0
363.0
293.0
242.0
343.0
659.0
457.0
499.0
525.0
400.0
329.0
474.0
274.0
349.0
414.0
406.0
337.0
432.0
453.0
225.0
358.0
280.0
283.0
496.0
413.0
324.0
486.0
481.0
268.0
382.0
344.0
352.0
433.0
417.0
346.0
422.0
280.0
284.0
342.0
298.0
486.0
241.0
334.0
444.0
279.0
273.0
362.0
350.0
270.0
886.0
329.0
349.0
617.0
412.0
345.0
426.0
398.0
347.0
397.0
342.0
352.0
207.0
335.0
214.0
450.0
334.0
425.0
325.0
315.0
404.0
287.0
423.0
341.0
460.0
385.0
401.0
530.0
418.0
371.0
363.0
373.0
390.0
553.0
335.0
352.0
606.0
492.0
492.0
336.0
492.0
322.0
255.0
295.0
364.0
296.0
439.0
323.0
348.0
402.0
432.0
280.0
444.0
357.0
215.0
380.0
525.0
279.0
480.0
345.0
325.0
557.0
294.0
364.0
552.0
467.0
435.0
368.0
406.0
352.0
284.0
427.0
311.0
331.0
352.0
366.0
422.0
313.0
364.0
265.0
399.0
404.0
697.0
343.0
461.0
488.0
508.0
298.0
298.0
261.0
268.0
247.0
279.0
303.0
306.0
435.0
380.0
395.0
347.0
341.0
360.0
266.0
402.0
470.0
457.0
263.0
335.0
319.0
514.0
274.0
347.0
313.0
548.0
327.0
409.0
439.0
439.0
519.0
208.0
447.0
433.0
300.0
451.0
293.0
408.0
405.0
513.0
282.0
304.0
541.0
399.0
334.0
218.0
335.0
315.0
400.0
453.0
464.0
397.0
309.0
307.0
373.0
542.0
332.0
335.0
341.0
325.0
318.0
322.0
386.0
310.0
303.0
470.0
376.0
541.0
534.0
406.0
295.0
256.0
387.0
364.0
451.0
333.0
329.0
316.0
427.0
443.0
342.0
484.0
343.0
331.0
426.0
301.0
506.0
282.0
555.0
331.0
322.0
451.0
326.0
413.0
403.0
505.0
217.0
283.0
506.0
496.0
285.0
456.0
354.0
419.0
355.0
213.0
475.0
296.0
349.0
366.0
484.0
417.0
332.0
414.0
361.0
396.0
311.0
290.0
297.0
436.0
347.0
1037.0
388.0
435.0
333.0
412.0
301.0
413.0
290.0
416.0
425.0
310.0
472.0
358.0
466.0
559.0
354.0
259.0
343.0
239.0
409.0
322.0
505.0
442.0
297.0
515.0
426.0
424.0
374.0
469.0
338.0
396.0
343.0
399.0
274.0
362.0
367.0
334.0
415.0
398.0
428.0
301.0
421.0
396.0
413.0
241.0
258.0
350.0
292.0
491.0
546.0
271.0
375.0
472.0
286.0
448.0
290.0
416.0
501.0
429.0
265.0
427.0
464.0
366.0
346.0
452.0
301.0
491.0
435.0
392.0
435.0
262.0
515.0
250.0
527.0
454.0
395.0
434.0
504.0
420.0
533.0
296.0
260.0
421.0
399.0
282.0
431.0
308.0
389.0
397.0
505.0
242.0
434.0
326.0
297.0
291.0
321.0
561.0
375.0
367.0
374.0
326.0
394.0
583.0
509.0
322.0
432.0
539.0
330.0
313.0
359.0
409.0
490.0
419.0
496.0
236.0
351.0
480.0
443.0
353.0
285.0
311.0
267.0
997.0
384.0
492.0
277.0
391.0
333.0
351.0
450.0
387.0
387.0
446.0
397.0
359.0
415.0
509.0
302.0
307.0
434.0
358.0
288.0
371.0
557.0
423.0
394.0
428.0
302.0
314.0
396.0
340.0
274.0
814.0
294.0
349.0
328.0
284.0
402.0
372.0
511.0
516.0
467.0
284.0
348.0
389.0
493.0
414.0
472.0
615.0
385.0
316.0
351.0
271.0
529.0
375.0
439.0
425.0
267.0
419.0
373.0
440.0
333.0
422.0
468.0
469.0
373.0
375.0
417.0
323.0
325.0
321.0
433.0
368.0
322.0
435.0
419.0
338.0
376.0
290.0
266.0
288.0
294.0
376.0
351.0
332.0
456.0
319.0
426.0
656.0
312.0
372.0
346.0
404.0
326.0
321.0
585.0
299.0
493.0
249.0
328.0
571.0
370.0
292.0
295.0
450.0
614.0
382.0
348.0
454.0
578.0
440.0
333.0
455.0
312.0
305.0
400.0
332.0
416.0
544.0
320.0
452.0
444.0
455.0
873.0
395.0
238.0
414.0
253.0
303.0
383.0
297.0
419.0
280.0
310.0
313.0
411.0
455.0
352.0
334.0
289.0
367.0
264.0
401.0
367.0
497.0
385.0
312.0
382.0
680.0
351.0
349.0
383.0
636.0
309.0
404.0
527.0
302.0
396.0
368.0
539.0
347.0
313.0
296.0
354.0
236.0
232.0
266.0
451.0
298.0
434.0
306.0
476.0
388.0
822.0
430.0
461.0
316.0
453.0
203.0
379.0
361.0
363.0
302.0
249.0
272.0
488.0
336.0
396.0
444.0
400.0
423.0
400.0
358.0
407.0
393.0
433.0
432.0
247.0
557.0
366.0
281.0
468.0
372.0
364.0
421.0
258.0
404.0
416.0
321.0
314.0
321.0
497.0
342.0
415.0
395.0
360.0
423.0
360.0
295.0
512.0
206.0
346.0
270.0
221.0
375.0
451.0
341.0
525.0
343.0
269.0
413.0
256.0
438.0
415.0
324.0
464.0
365.0
380.0
377.0
322.0
420.0
432.0
363.0
368.0
367.0
311.0
311.0
453.0
299.0
297.0
223.0
377.0
590.0
527.0
405.0
327.0
403.0
260.0
312.0
564.0
427.0
343.0
297.0
434.0
404.0
451.0
475.0
407.0
337.0
370.0
249.0
414.0
288.0
507.0
402.0
273.0
397.0
388.0
356.0
413.0
370.0
384.0
254.0
391.0
216.0
368.0
309.0
275.0
486.0
532.0
512.0
308.0
393.0
363.0
453.0
476.0
426.0
365.0
341.0
318.0
306.0
385.0
400.0
202.0
331.0
478.0
330.0
403.0
382.0
345.0
294.0
357.0
230.0
333.0
431.0
396.0
345.0
476.0
459.0
337.0
341.0
565.0
461.0
284.0
378.0
234.0
346.0
503.0
416.0
562.0
298.0
282.0
464.0
432.0
520.0
271.0
376.0
343.0
277.0
353.0
332.0
367.0
347.0
437.0
346.0
292.0
371.0
538.0
273.0
436.0
373.0
536.0
281.0
317.0
310.0
234.0
373.0
480.0
370.0
336.0
280.0
453.0
366.0
258.0
328.0
317.0
439.0
423.0
364.0
345.0
374.0
295.0
391.0
399.0
714.0
508.0
382.0
288.0
284.0
312.0
270.0
310.0
324.0
246.0
454.0
274.0
382.0
387.0
411.0
425.0
363.0
682.0
305.0
502.0
481.0
602.0
435.0
269.0
500.0
266.0
371.0
408.0
302.0
288.0
312.0
437.0
368.0
277.0
361.0
436.0
524.0
360.0
448.0
403.0
287.0
515.0
619.0
308.0
333.0
300.0
411.0
329.0
487.0
426.0
392.0
407.0
462.0
348.0
478.0
337.0
323.0
355.0
359.0
324.0
391.0
393.0
303.0
385.0
326.0
390.0
350.0
308.0
413.0
399.0
355.0
357.0
418.0
378.0
240.0
350.0
320.0
365.0
329.0
370.0
253.0
529.0
321.0
302.0
540.0
338.0
305.0
460.0
304.0
288.0
280.0
356.0
319.0
466.0
293.0
318.0
298.0
589.0
389.0
394.0
807.0
373.0
522.0
582.0
428.0
473.0
515.0
422.0
446.0
200.0
292.0
438.0
458.0
291.0
499.0
382.0
465.0
271.0
307.0
267.0
248.0
408.0
355.0
361.0
850.0
406.0
371.0
533.0
434.0
299.0
400.0
334.0
324.0
353.0
268.0
320.0
353.0
378.0
311.0
278.0
416.0
496.0
590.0
243.0
456.0
463.0
432.0
415.0
376.0
356.0
544.0
276.0
388.0
350.0
476.0
366.0
423.0
446.0
415.0
427.0
343.0
293.0
380.0
448.0
340.0
326.0
263.0
354.0
315.0
385.0
330.0
381.0
410.0
431.0
359.0
484.0
381.0
463.0
364.0
353.0
322.0
354.0
253.0
331.0
327.0
547.0
328.0
374.0
373.0
370.0
313.0
363.0
314.0
359.0
552.0
376.0
465.0
385.0
418.0
373.0
278.0
393.0
369.0
398.0
336.0
378.0
276.0
294.0
477.0
531.0
290.0
517.0
395.0
665.0
379.0
250.0
315.0
368.0
538.0
379.0
365.0
452.0
222.0
267.0
282.0
590.0
542.0
308.0
414.0
391.0
474.0
468.0
353.0
408.0
408.0
359.0
362.0
362.0
374.0
230.0
391.0
397.0
297.0
337.0
346.0
453.0
371.0
325.0
280.0
741.0
221.0
527.0
502.0
349.0
300.0
554.0
412.0
314.0
315.0
348.0
296.0
423.0
387.0
383.0
345.0
466.0
476.0
341.0
339.0
361.0
405.0
251.0
251.0
421.0
275.0
296.0
312.0
302.0
339.0
417.0
396.0
424.0
278.0
229.0
424.0
294.0
301.0
369.0
481.0
511.0
268.0
314.0
385.0
476.0
434.0
296.0
365.0
310.0
354.0
401.0
279.0
580.0
304.0
308.0
410.0
303.0
364.0
302.0
371.0
293.0
575.0
325.0
442.0
455.0
515.0
570.0
306.0
488.0
376.0
554.0
163.0
391.0
298.0
417.0
356.0
359.0
318.0
482.0
436.0
431.0
423.0
462.0
287.0
359.0
313.0
418.0
405.0
215.0
490.0
404.0
291.0
453.0
285.0
339.0
429.0
243.0
362.0
345.0
533.0
364.0
304.0
385.0
376.0
372.0
363.0
401.0
400.0
444.0
333.0
439.0
401.0
288.0
343.0
297.0
384.0
463.0
352.0
303.0
518.0
517.0
332.0
275.0
369.0
449.0
436.0
427.0
458.0
268.0
350.0
431.0
266.0
438.0
357.0
441.0
271.0
339.0
315.0
363.0
490.0
317.0
330.0
291.0
322.0
232.0
430.0
376.0
438.0
425.0
525.0
422.0
408.0
392.0
227.0
428.0
366.0
360.0
268.0
444.0
490.0
333.0
346.0
366.0
390.0
222.0
486.0
525.0
333.0
520.0
305.0
390.0
266.0
293.0
392.0
336.0
367.0
308.0
215.0
443.0
245.0
416.0
441.0
388.0
394.0
361.0
761.0
241.0
454.0
355.0
368.0
443.0
428.0
451.0
398.0
421.0
298.0
368.0
363.0
268.0
392.0
432.0
401.0
459.0
401.0
266.0
457.0
313.0
342.0
640.0
619.0
390.0
400.0
280.0
330.0
480.0
334.0
497.0
487.0
341.0
591.0
295.0
327.0
394.0
456.0
349.0
400.0
429.0
304.0
423.0
356.0
392.0
370.0
369.0
374.0
556.0
355.0
522.0
372.0
429.0
405.0
295.0
346.0
302.0
262.0
488.0
367.0
448.0
285.0
294.0
468.0
363.0
361.0
539.0
235.0
382.0
369.0
374.0
406.0
353.0
440.0
419.0
267.0
441.0
558.0
366.0
279.0
277.0
536.0
348.0
422.0
501.0
400.0
434.0
360.0
327.0
356.0
333.0
324.0
322.0
358.0
353.0
353.0
404.0
356.0
648.0
360.0
475.0
539.0
451.0
298.0
358.0
330.0
365.0
328.0
486.0
633.0
400.0
305.0
328.0
309.0
446.0
327.0
227.0
541.0
407.0
405.0
434.0
368.0
300.0
344.0
466.0
512.0
507.0
352.0
407.0
389.0
405.0
299.0
934.0
312.0
284.0
386.0
314.0
314.0
419.0
483.0
435.0
408.0
339.0
495.0
295.0
357.0
447.0
387.0
468.0
341.0
477.0
431.0
422.0
505.0
312.0
490.0
316.0
392.0
298.0
323.0
344.0
436.0
431.0
325.0
325.0
374.0
381.0
348.0
296.0
482.0
556.0
357.0
393.0
326.0
395.0
566.0
369.0
371.0
500.0
282.0
443.0
353.0
368.0
287.0
367.0
409.0
428.0
433.0
271.0
341.0
362.0
529.0
357.0
409.0
273.0
312.0
337.0
416.0
244.0
414.0
384.0
413.0
357.0
470.0
431.0
307.0
287.0
332.0
449.0
331.0
417.0
385.0
381.0
364.0
342.0
463.0
428.0
388.0
332.0
539.0
325.0
365.0
415.0
455.0
511.0
354.0
313.0
348.0
457.0
321.0
656.0
486.0
302.0
453.0
341.0
434.0
618.0
495.0
373.0
397.0
380.0
353.0
336.0
285.0
443.0
306.0
348.0
315.0
513.0
435.0
449.0
422.0
439.0
419.0
379.0
440.0
286.0
472.0
661.0
375.0
304.0
340.0
255.0
375.0
324.0
422.0
332.0
223.0
276.0
373.0
363.0
262.0
276.0
403.0
286.0
452.0
300.0
377.0
329.0
394.0
416.0
376.0
429.0
481.0
304.0
442.0
469.0
294.0
521.0
799.0
397.0
399.0
371.0
414.0
600.0
346.0
431.0
438.0
396.0
437.0
380.0
352.0
331.0
549.0
1414.0
288.0
326.0
273.0
413.0
416.0
460.0
269.0
315.0
487.0
413.0
361.0
445.0
290.0
333.0
256.0
351.0
376.0
271.0
374.0
342.0
416.0
366.0
389.0
407.0
348.0
468.0
367.0
361.0
305.0
499.0
448.0
475.0
375.0
392.0
387.0
556.0
520.0
411.0
303.0
362.0
219.0
367.0
268.0
390.0
373.0
406.0
391.0
318.0
315.0
347.0
246.0
351.0
414.0
251.0
280.0
270.0
272.0
356.0
394.0
523.0
275.0
301.0
372.0
420.0
441.0
389.0
372.0
515.0
476.0
479.0
290.0
375.0
495.0
298.0
405.0
297.0
305.0
343.0
376.0
336.0
321.0
308.0
356.0
372.0
355.0
480.0
500.0
420.0
579.0
528.0
414.0
428.0
345.0
358.0
401.0
345.0
406.0
359.0
397.0
475.0
360.0
347.0
455.0
382.0
386.0
258.0
444.0
324.0
282.0
345.0
300.0
559.0
545.0
417.0
310.0
370.0
385.0
341.0
382.0
292.0
425.0
325.0
391.0
277.0
271.0
426.0
572.0
309.0
373.0
464.0
355.0
405.0
402.0
395.0
258.0
319.0
290.0
350.0
464.0
413.0
309.0
304.0
384.0
350.0
330.0
258.0
378.0
316.0
425.0
483.0
311.0
336.0
416.0
438.0
293.0
361.0
584.0
449.0
226.0
318.0
352.0
348.0
445.0
332.0
386.0
365.0
585.0
353.0
383.0
418.0
324.0
246.0
249.0
393.0
414.0
380.0
428.0
428.0
398.0
307.0
293.0
401.0
476.0
459.0
488.0
340.0
315.0
337.0
287.0
309.0
417.0
557.0
417.0
384.0
324.0
502.0
328.0
239.0
292.0
371.0
568.0
354.0
216.0
518.0
226.0
259.0
429.0
484.0
349.0
243.0
457.0
228.0
388.0
429.0
367.0
470.0
350.0
319.0
355.0
492.0
261.0
286.0
318.0
327.0
391.0
395.0
299.0
347.0
345.0
420.0
437.0
323.0
378.0
344.0
402.0
326.0
442.0
341.0
342.0
412.0
340.0
279.0
336.0
438.0
322.0
339.0
417.0
475.0
368.0
276.0
486.0
305.0
650.0
340.0
431.0
225.0
352.0
277.0
437.0
508.0
423.0
587.0
394.0
286.0
364.0
339.0
510.0
422.0
328.0
377.0
336.0
282.0
270.0
272.0
293.0
358.0
307.0
434.0
373.0
344.0
378.0
481.0
541.0
365.0
476.0
397.0
464.0
181.0
343.0
293.0
273.0
314.0
366.0
490.0
356.0
430.0
410.0
448.0
307.0
319.0
394.0
382.0
385.0
408.0
453.0
320.0
323.0
311.0
436.0
324.0
486.0
347.0
379.0
403.0
395.0
342.0
424.0
385.0
386.0
275.0
347.0
434.0
304.0
386.0
429.0
329.0
373.0
369.0
665.0
364.0
291.0
342.0
279.0
354.0
500.0
349.0
296.0
411.0
369.0
339.0
479.0
348.0
290.0
595.0
358.0
311.0
488.0
321.0
318.0
315.0
379.0
505.0
467.0
455.0
329.0
350.0
544.0
328.0
478.0
495.0
437.0
494.0
516.0
268.0
326.0
340.0
309.0
410.0
413.0
324.0
500.0
434.0
293.0
345.0
377.0
251.0
364.0
452.0
330.0
403.0
467.0
432.0
386.0
327.0
641.0
694.0
504.0
271.0
302.0
409.0
457.0
429.0
318.0
466.0
349.0
390.0
310.0
395.0
413.0
404.0
539.0
340.0
363.0
459.0
387.0
262.0
337.0
362.0
341.0
450.0
354.0
362.0
303.0
358.0
328.0
451.0
388.0
401.0
445.0
327.0
432.0
394.0
353.0
362.0
387.0
363.0
309.0
613.0
474.0
277.0
411.0
332.0
290.0
312.0
299.0
324.0
443.0
336.0
377.0
481.0
381.0
398.0
373.0
563.0
395.0
427.0
389.0
434.0
328.0
470.0
215.0
460.0
515.0
333.0
339.0
432.0
381.0
541.0
359.0
308.0
1040.0
270.0
420.0
533.0
398.0
304.0
301.0
410.0
305.0
306.0
399.0
455.0
350.0
335.0
303.0
455.0
343.0
371.0
346.0
377.0
329.0
345.0
340.0
341.0
452.0
341.0
544.0
344.0
406.0
463.0
400.0
375.0
304.0
269.0
351.0
349.0
348.0
274.0
392.0
453.0
259.0
376.0
235.0
401.0
195.0
342.0
482.0
293.0
323.0
351.0
316.0
409.0
308.0
323.0
347.0
401.0
420.0
452.0
318.0
299.0
379.0
623.0
389.0
422.0
386.0
478.0
217.0
372.0
314.0
335.0
390.0
348.0
350.0
279.0
463.0
246.0
428.0
255.0
363.0
417.0
553.0
348.0
324.0
317.0
307.0
486.0
592.0
478.0
285.0
543.0
339.0
357.0
259.0
357.0
395.0
283.0
335.0
383.0
360.0
707.0
322.0
383.0
325.0
360.0
266.0
328.0
536.0
431.0
438.0
476.0
329.0
345.0
288.0
396.0
296.0
346.0
288.0
336.0
470.0
356.0
317.0
457.0
407.0
348.0
607.0
378.0
370.0
599.0
521.0
286.0
348.0
330.0
381.0
342.0
592.0
459.0
370.0
410.0
549.0
316.0
309.0
500.0
321.0
276.0
375.0
467.0
379.0
345.0
410.0
519.0
351.0
281.0
383.0
328.0
271.0
575.0
392.0
498.0
320.0
375.0
356.0
390.0
284.0
354.0
319.0
439.0
457.0
348.0
564.0
390.0
397.0
355.0
326.0
284.0
425.0
464.0
380.0
291.0
379.0
427.0
461.0
433.0
339.0
402.0
280.0
404.0
356.0
318.0
377.0
329.0
1226.0
364.0
428.0
444.0
434.0
351.0
409.0
295.0
313.0
472.0
394.0
437.0
427.0
337.0
368.0
342.0
296.0
328.0
641.0
410.0
489.0
361.0
316.0
492.0
440.0
527.0
466.0
406.0
351.0
327.0
392.0
452.0
463.0
496.0
330.0
359.0
305.0
353.0
466.0
336.0
551.0
387.0
378.0
441.0
729.0
295.0
237.0
311.0
397.0
399.0
417.0
425.0
278.0
349.0
423.0
316.0
495.0
285.0
380.0
464.0
249.0
460.0
222.0
386.0
407.0
364.0
357.0
394.0
352.0
479.0
430.0
323.0
421.0
325.0
374.0
477.0
439.0
350.0
273.0
329.0
423.0
338.0
340.0
303.0
296.0
354.0
386.0
416.0
376.0
385.0
442.0
667.0
279.0
416.0
384.0
394.0
288.0
280.0
361.0
376.0
588.0
289.0
389.0
566.0
346.0
461.0
430.0
358.0
364.0
422.0
366.0
301.0
378.0
435.0
364.0
300.0
583.0
395.0
358.0
345.0
319.0
527.0
473.0
381.0
288.0
401.0
447.0
364.0
379.0
308.0
274.0
311.0
350.0
449.0
367.0
432.0
297.0
336.0
264.0
536.0
291.0
419.0
309.0
478.0
287.0
315.0
368.0
402.0
476.0
316.0
395.0
377.0
384.0
366.0
398.0
335.0
390.0
454.0
310.0
363.0
437.0
399.0
340.0
400.0
351.0
289.0
336.0
551.0
306.0
329.0
566.0
313.0
275.0
301.0
501.0
492.0
313.0
374.0
406.0
422.0
487.0
244.0
236.0
338.0
351.0
408.0
444.0
571.0
349.0
445.0
394.0
481.0
477.0
366.0
280.0
470.0
502.0
387.0
470.0
424.0
316.0
307.0
298.0
384.0
309.0
450.0
254.0
390.0
495.0
437.0
349.0
404.0
484.0
427.0
458.0
380.0
300.0
415.0
310.0
400.0
412.0
332.0
517.0
430.0
450.0
324.0
312.0
295.0
406.0
375.0
418.0
419.0
631.0
305.0
244.0
541.0
300.0
428.0
369.0
417.0
386.0
401.0
415.0
410.0
305.0
425.0
358.0
390.0
480.0
379.0
387.0
431.0
549.0
320.0
381.0
437.0
372.0
288.0
257.0
321.0
281.0
462.0
422.0
459.0
378.0
419.0
257.0
407.0
268.0
467.0
283.0
459.0
335.0
304.0
497.0
364.0
536.0
271.0
307.0
340.0
273.0
362.0
346.0
316.0
403.0
284.0
459.0
395.0
430.0
411.0
342.0
620.0
336.0
382.0
318.0
383.0
355.0
482.0
375.0
497.0
273.0
365.0
353.0
443.0
326.0
241.0
334.0
329.0
397.0
280.0
446.0
246.0
426.0
392.0
451.0
414.0
423.0
329.0
450.0
327.0
340.0
327.0
439.0
478.0
368.0
348.0
350.0
406.0
347.0
405.0
429.0
377.0
429.0
369.0
414.0
413.0
450.0
349.0
330.0
405.0
289.0
475.0
446.0
386.0
277.0
463.0
254.0
581.0
394.0
350.0
405.0
305.0
284.0
468.0
410.0
453.0
217.0
398.0
386.0
529.0
346.0
317.0
318.0
352.0
327.0
300.0
367.0
310.0
312.0
390.0
341.0
316.0
418.0
333.0
352.0
472.0
303.0
312.0
353.0
416.0
512.0
326.0
470.0
534.0
340.0
427.0
288.0
399.0
329.0
328.0
421.0
392.0
414.0
349.0
321.0
450.0
413.0
394.0
339.0
424.0
343.0
447.0
371.0
395.0
261.0
350.0
468.0
444.0
404.0
339.0
267.0
406.0
364.0
406.0
358.0
462.0
588.0
323.0
411.0
484.0
305.0
335.0
361.0
549.0
432.0
400.0
320.0
375.0
364.0
422.0
382.0
328.0
310.0
431.0
444.0
519.0
543.0
387.0
385.0
437.0
282.0
488.0
318.0
524.0
374.0
352.0
499.0
306.0
365.0
376.0
353.0
280.0
358.0
312.0
368.0
494.0
505.0
342.0
339.0
291.0
348.0
406.0
313.0
455.0
389.0
476.0
324.0
287.0
344.0
348.0
306.0
412.0
390.0
345.0
410.0
452.0
390.0
486.0
383.0
363.0
342.0
389.0
437.0
342.0
307.0
260.0
365.0
365.0
530.0
313.0
602.0
233.0
484.0
294.0
363.0
315.0
417.0
252.0
463.0
389.0
432.0
539.0
305.0
519.0
373.0
473.0
340.0
324.0
393.0
299.0
445.0
378.0
530.0
420.0
336.0
519.0
443.0
406.0
440.0
313.0
385.0
383.0
396.0
407.0
300.0
408.0
431.0
357.0
411.0
322.0
458.0
476.0
522.0
332.0
275.0
421.0
288.0
365.0
317.0
405.0
329.0
452.0
392.0
307.0
324.0
375.0
391.0
307.0
403.0
471.0
346.0
381.0
337.0
354.0
355.0
345.0
489.0
450.0
427.0
277.0
371.0
349.0
256.0
315.0
357.0
397.0
905.0
232.0
326.0
405.0
278.0
271.0
347.0
433.0
339.0
830.0
438.0
316.0
354.0
445.0
327.0
412.0
350.0
360.0
245.0
273.0
452.0
216.0
556.0
375.0
365.0
359.0
374.0
353.0
424.0
484.0
340.0
433.0
380.0
505.0
476.0
362.0
384.0
346.0
214.0
455.0
348.0
320.0
441.0
401.0
410.0
469.0
427.0
346.0
408.0
349.0
462.0
361.0
417.0
285.0
558.0
284.0
363.0
417.0
245.0
282.0
381.0
345.0
345.0
350.0
351.0
390.0
595.0
478.0
415.0
325.0
272.0
333.0
345.0
324.0
411.0
314.0
330.0
372.0
299.0
403.0
480.0
496.0
306.0
464.0
390.0
557.0
261.0
366.0
412.0
395.0
376.0
517.0
386.0
252.0
341.0
486.0
362.0
314.0
294.0
351.0
213.0
493.0
378.0
400.0
388.0
328.0
501.0
435.0
369.0
395.0
319.0
400.0
464.0
613.0
350.0
257.0
268.0
514.0
419.0
323.0
400.0
408.0
259.0
270.0
369.0
433.0
540.0
323.0
414.0
291.0
496.0
258.0
394.0
401.0
362.0
469.0
484.0
310.0
385.0
335.0
343.0
401.0
458.0
320.0
293.0
439.0
344.0
339.0
342.0
427.0
302.0
416.0
479.0
412.0
453.0
451.0
303.0
284.0
405.0
309.0
425.0
266.0
238.0
376.0
399.0
375.0
555.0
363.0
570.0
502.0
323.0
385.0
434.0
349.0
302.0
352.0
329.0
391.0
233.0
310.0
340.0
306.0
247.0
376.0
264.0
391.0
427.0
286.0
335.0
1023.0
315.0
423.0
414.0
395.0
376.0
435.0
288.0
289.0
291.0
400.0
374.0
390.0
277.0
375.0
483.0
379.0
317.0
347.0
400.0
473.0
401.0
233.0
527.0
363.0
453.0
311.0
381.0
503.0
299.0
404.0
373.0
363.0
349.0
284.0
285.0
482.0
325.0
397.0
301.0
423.0
310.0
281.0
362.0
431.0
375.0
343.0
341.0
336.0
435.0
448.0
565.0
519.0
478.0
331.0
351.0
245.0
436.0
414.0
348.0
332.0
374.0
444.0
557.0
290.0
344.0
354.0
486.0
287.0
452.0
407.0
301.0
465.0
343.0
369.0
376.0
313.0
344.0
282.0
298.0
286.0
392.0
407.0
360.0
325.0
300.0
367.0
360.0
326.0
437.0
349.0
266.0
478.0
350.0
273.0
316.0
322.0
320.0
361.0
358.0
584.0
343.0
357.0
316.0
409.0
344.0
409.0
349.0
322.0
439.0
399.0
576.0
473.0
407.0
340.0
386.0
330.0
245.0
386.0
276.0
414.0
416.0
270.0
448.0
472.0
272.0
299.0
432.0
351.0
370.0
428.0
441.0
367.0
389.0
473.0
251.0
332.0
352.0
444.0
413.0
353.0
401.0
406.0
327.0
379.0
230.0
278.0
289.0
410.0
409.0
423.0
681.0
308.0
690.0
377.0
448.0
294.0
406.0
493.0
370.0
354.0
309.0
350.0
440.0
409.0
351.0
292.0
384.0
300.0
352.0
268.0
461.0
378.0
435.0
364.0
400.0
466.0
420.0
416.0
288.0
292.0
457.0
388.0
341.0
523.0
264.0
346.0
421.0
366.0
469.0
526.0
651.0
419.0
345.0
438.0
395.0
549.0
451.0
523.0
250.0
245.0
337.0
379.0
439.0
353.0
275.0
404.0
343.0
479.0
385.0
353.0
416.0
280.0
351.0
392.0
451.0
375.0
324.0
298.0
328.0
379.0
412.0
278.0
462.0
458.0
411.0
275.0
450.0
352.0
351.0
379.0
509.0
479.0
382.0
342.0
383.0
446.0
404.0
375.0
462.0
403.0
610.0
519.0
246.0
298.0
349.0
386.0
369.0
388.0
363.0
517.0
440.0
434.0
421.0
438.0
443.0
418.0
355.0
403.0
455.0
456.0
437.0
395.0
392.0
375.0
418.0
330.0
364.0
419.0
340.0
411.0
363.0
344.0
420.0
279.0
330.0
347.0
366.0
369.0
438.0
423.0
384.0
377.0
433.0
344.0
385.0
397.0
505.0
298.0
314.0
380.0
277.0
302.0
534.0
423.0
533.0
307.0
323.0
415.0
361.0
334.0
306.0
477.0
342.0
480.0
423.0
476.0
353.0
501.0
209.0
381.0
455.0
589.0
385.0
303.0
420.0
410.0
266.0
439.0
456.0
330.0
474.0
217.0
509.0
327.0
435.0
283.0
471.0
364.0
273.0
384.0
432.0
435.0
410.0
464.0
269.0
433.0
376.0
560.0
282.0
309.0
414.0
355.0
463.0
348.0
468.0
332.0
326.0
425.0
332.0
450.0
273.0
375.0
365.0
469.0
282.0
347.0
378.0
420.0
428.0
329.0
329.0
303.0
475.0
384.0
456.0
375.0
331.0
234.0
282.0
401.0
396.0
569.0
381.0
362.0
307.0
379.0
374.0
422.0
396.0
358.0
341.0
522.0
410.0
447.0
454.0
298.0
287.0
433.0
304.0
474.0
417.0
362.0
432.0
330.0
297.0
325.0
437.0
302.0
409.0
464.0
312.0
259.0
439.0
398.0
367.0
348.0
459.0
299.0
331.0
294.0
444.0
406.0
270.0
358.0
374.0
517.0
314.0
498.0
342.0
418.0
321.0
421.0
374.0
388.0
498.0
310.0
479.0
330.0
396.0
501.0
381.0
398.0
456.0
423.0
331.0
519.0
323.0
351.0
331.0
636.0
379.0
333.0
270.0
323.0
354.0
498.0
448.0
383.0
447.0
400.0
300.0
312.0
397.0
394.0
343.0
317.0
391.0
490.0
439.0
365.0
432.0
336.0
372.0
334.0
374.0
336.0
318.0
443.0
335.0
489.0
325.0
407.0
299.0
416.0
381.0
433.0
453.0
452.0
389.0
490.0
372.0
594.0
353.0
268.0
348.0
423.0
312.0
525.0
370.0
246.0
400.0
383.0
305.0
520.0
310.0
390.0
430.0
467.0
403.0
378.0
294.0
212.0
325.0
509.0
419.0
242.0
428.0
408.0
510.0
346.0
386.0
358.0
335.0
572.0
493.0
306.0
410.0
440.0
304.0
369.0
353.0
431.0
387.0
331.0
266.0
577.0
381.0
348.0
353.0
466.0
373.0
411.0
551.0
339.0
423.0
409.0
280.0
241.0
259.0
308.0
329.0
367.0
392.0
315.0
372.0
404.0
295.0
446.0
279.0
357.0
369.0
383.0
479.0
401.0
291.0
484.0
371.0
473.0
382.0
327.0
314.0
314.0
332.0
337.0
408.0
604.0
454.0
294.0
463.0
340.0
412.0
346.0
537.0
488.0
387.0
425.0
216.0
325.0
479.0
356.0
309.0
382.0
314.0
484.0
319.0
412.0
294.0
423.0
441.0
280.0
382.0
323.0
255.0
478.0
455.0
295.0
475.0
332.0
421.0
255.0
330.0
282.0
473.0
389.0
345.0
508.0
293.0
528.0
389.0
330.0
213.0
422.0
375.0
310.0
378.0
450.0
273.0
364.0
258.0
569.0
340.0
493.0
388.0
544.0
422.0
330.0
453.0
359.0
339.0
421.0
493.0
359.0
469.0
468.0
314.0
331.0
338.0
295.0
248.0
366.0
284.0
316.0
483.0
429.0
410.0
415.0
349.0
458.0
305.0
352.0
464.0
520.0
435.0
399.0
323.0
375.0
351.0
305.0
405.0
379.0
404.0
389.0
392.0
470.0
419.0
390.0
411.0
305.0
430.0
279.0
419.0
362.0
495.0
361.0
447.0
459.0
307.0
436.0
320.0
348.0
317.0
390.0
357.0
271.0
329.0
415.0
402.0
527.0
429.0
381.0
277.0
397.0
334.0
337.0
451.0
346.0
276.0
355.0
422.0
333.0
400.0
239.0
389.0
370.0
390.0
451.0
424.0
528.0
349.0
524.0
447.0
390.0
308.0
445.0
338.0
373.0
379.0
554.0
321.0
281.0
450.0
319.0
280.0
330.0
333.0
482.0
414.0
276.0
544.0
260.0
480.0
453.0
527.0
313.0
404.0
401.0
388.0
360.0
329.0
452.0
375.0
464.0
340.0
475.0
335.0
471.0
357.0
504.0
397.0
400.0
360.0
432.0
364.0
386.0
328.0
490.0
435.0
436.0
386.0
465.0
476.0
323.0
540.0
303.0
403.0
510.0
350.0
380.0
346.0
274.0
437.0
256.0
288.0
339.0
401.0
388.0
338.0
265.0
326.0
458.0
293.0
332.0
442.0
440.0
283.0
317.0
512.0
309.0
333.0
353.0
502.0
536.0
462.0
460.0
330.0
437.0
328.0
375.0
309.0
573.0
330.0
255.0
381.0
386.0
399.0
422.0
380.0
428.0
385.0
612.0
364.0
315.0
374.0
517.0
469.0
712.0
361.0
441.0
425.0
464.0
268.0
389.0
399.0
233.0
372.0
496.0
358.0
389.0
392.0
582.0
337.0
358.0
280.0
475.0
315.0
466.0
280.0
402.0
397.0
355.0
377.0
280.0
289.0
448.0
372.0
337.0
313.0
465.0
391.0
318.0
347.0
272.0
398.0
276.0
401.0
435.0
351.0
438.0
286.0
397.0
440.0
426.0
382.0
401.0
556.0
344.0
298.0
323.0
532.0
433.0
364.0
515.0
360.0
346.0
433.0
352.0
347.0
444.0
384.0
402.0
303.0
468.0
483.0
327.0
407.0
350.0
251.0
433.0
406.0
279.0
503.0
310.0
322.0
506.0
482.0
435.0
504.0
431.0
437.0
371.0
385.0
478.0
351.0
296.0
408.0
387.0
448.0
315.0
461.0
397.0
401.0
378.0
420.0
304.0
455.0
449.0
391.0
381.0
472.0
410.0
362.0
328.0
426.0
287.0
372.0
301.0
364.0
278.0
316.0
404.0
365.0
339.0
383.0
332.0
398.0
491.0
209.0
458.0
474.0
363.0
328.0
358.0
478.0
358.0
639.0
377.0
368.0
386.0
392.0
347.0
395.0
286.0
388.0
400.0
323.0
418.0
329.0
438.0
391.0
376.0
514.0
401.0
479.0
305.0
401.0
341.0
266.0
336.0
408.0
301.0
516.0
308.0
330.0
318.0
345.0
281.0
264.0
371.0
264.0
417.0
421.0
394.0
335.0
285.0
398.0
310.0
378.0
343.0
294.0
395.0
316.0
400.0
421.0
456.0
360.0
971.0
382.0
311.0
333.0
448.0
234.0
337.0
462.0
333.0
296.0
414.0
281.0
465.0
357.0
317.0
415.0
297.0
408.0
333.0
416.0
474.0
419.0
301.0
501.0
338.0
320.0
386.0
359.0
420.0
343.0
354.0
404.0
339.0
400.0
290.0
283.0
260.0
288.0
403.0
464.0
359.0
488.0
377.0
314.0
445.0
523.0
285.0
336.0
317.0
472.0
367.0
431.0
477.0
329.0
278.0
383.0
371.0
307.0
295.0
461.0
457.0
349.0
395.0
469.0
275.0
299.0
373.0
526.0
383.0
391.0
290.0
322.0
409.0
451.0
393.0
249.0
386.0
435.0
350.0
394.0
360.0
338.0
306.0
415.0
338.0
497.0
379.0
323.0
285.0
341.0
389.0
264.0
658.0
360.0
207.0
410.0
383.0
299.0
302.0
319.0
322.0
382.0
497.0
409.0
298.0
325.0
274.0
417.0
277.0
449.0
407.0
319.0
469.0
361.0
499.0
331.0
395.0
336.0
344.0
250.0
346.0
311.0
288.0
554.0
200.0
350.0
504.0
431.0
360.0
280.0
302.0
425.0
337.0
522.0
553.0
353.0
380.0
372.0
337.0
395.0
360.0
473.0
359.0
494.0
420.0
284.0
418.0
416.0
386.0
335.0
392.0
362.0
453.0
271.0
342.0
393.0
379.0
359.0
441.0
362.0
363.0
332.0
357.0
375.0
328.0
296.0
332.0
347.0
400.0
408.0
340.0
409.0
410.0
456.0
463.0
461.0
350.0
467.0
344.0
378.0
424.0
441.0
311.0
378.0
278.0
304.0
389.0
378.0
375.0
484.0
418.0
496.0
346.0
382.0
412.0
406.0
360.0
395.0
265.0
381.0
519.0
490.0
223.0
367.0
230.0
326.0
436.0
474.0
346.0
350.0
381.0
388.0
329.0
466.0
407.0
296.0
352.0
294.0
449.0
334.0
353.0
294.0
416.0
388.0
280.0
398.0
439.0
356.0
320.0
327.0
300.0
407.0
403.0
438.0
417.0
408.0
354.0
292.0
522.0
387.0
344.0
396.0
532.0
329.0
336.0
399.0
446.0
342.0
354.0
299.0
380.0
453.0
407.0
356.0
325.0
511.0
290.0
682.0
280.0
336.0
362.0
288.0
524.0
354.0
279.0
370.0
379.0
343.0
300.0
418.0
639.0
310.0
279.0
409.0
417.0
390.0
394.0
287.0
344.0
309.0
279.0
357.0
304.0
305.0
347.0
416.0
423.0
297.0
319.0
471.0
482.0
442.0
444.0
341.0
406.0
547.0
288.0
439.0
578.0
490.0
320.0
353.0
374.0
450.0
296.0
366.0
306.0
388.0
406.0
305.0
501.0
366.0
444.0
432.0
289.0
336.0
263.0
472.0
254.0
408.0
334.0
446.0
413.0
419.0
507.0
319.0
368.0
629.0
291.0
404.0
417.0
365.0
420.0
259.0
411.0
408.0
623.0
361.0
392.0
378.0
437.0
474.0
432.0
339.0
484.0
372.0
415.0
405.0
331.0
339.0
357.0
295.0
416.0
378.0
325.0
341.0
470.0
288.0
435.0
349.0
372.0
428.0
435.0
381.0
432.0
248.0
586.0
348.0
384.0
447.0
359.0
515.0
355.0
436.0
408.0
403.0
301.0
512.0
509.0
286.0
427.0
298.0
388.0
367.0
325.0
345.0
397.0
429.0
512.0
384.0
298.0
321.0
397.0
354.0
379.0
493.0
432.0
333.0
369.0
327.0
404.0
315.0
506.0
243.0
336.0
460.0
416.0
523.0
408.0
337.0
542.0
402.0
532.0
543.0
342.0
323.0
259.0
548.0
423.0
320.0
320.0
371.0
395.0
420.0
503.0
416.0
374.0
390.0
443.0
305.0
425.0
345.0
364.0
390.0
513.0
394.0
412.0
339.0
285.0
406.0
551.0
382.0
216.0
364.0
480.0
403.0
380.0
312.0
570.0
492.0
380.0
438.0
427.0
497.0
294.0
285.0
490.0
375.0
522.0
279.0
554.0
321.0
426.0
433.0
634.0
435.0
403.0
381.0
400.0
453.0
334.0
256.0
253.0
315.0
334.0
335.0
321.0
424.0
443.0
359.0
336.0
460.0
406.0
332.0
413.0
384.0
326.0
236.0
376.0
480.0
399.0
473.0
324.0
461.0
256.0
350.0
434.0
288.0
428.0
460.0
470.0
431.0
354.0
323.0
378.0
437.0
375.0
362.0
385.0
458.0
376.0
328.0
466.0
326.0
298.0
495.0
445.0
347.0
577.0
368.0
362.0
402.0
370.0
588.0
432.0
441.0
343.0
279.0
403.0
418.0
407.0
365.0
326.0
330.0
337.0
388.0
425.0
312.0
349.0
467.0
369.0
251.0
343.0
271.0
389.0
342.0
211.0
370.0
348.0
372.0
356.0
389.0
408.0
388.0
355.0
326.0
366.0
410.0
404.0
401.0
340.0
384.0
344.0
458.0
439.0
318.0
394.0
431.0
393.0
375.0
693.0
513.0
403.0
314.0
430.0
329.0
338.0
400.0
340.0
304.0
367.0
245.0
355.0
359.0
285.0
454.0
318.0
354.0
479.0
355.0
419.0
360.0
382.0
596.0
384.0
426.0
413.0
498.0
396.0
407.0
427.0
372.0
345.0
362.0
425.0
401.0
303.0
527.0
315.0
422.0
453.0
335.0
347.0
373.0
334.0
336.0
459.0
393.0
390.0
356.0
429.0
451.0
337.0
424.0
324.0
389.0
298.0
363.0
308.0
283.0
473.0
356.0
360.0
359.0
380.0
427.0
377.0
408.0
559.0
264.0
254.0
399.0
254.0
372.0
526.0
284.0
397.0
423.0
298.0
429.0
395.0
510.0
373.0
557.0
424.0
397.0
254.0
283.0
405.0
324.0
404.0
411.0
441.0
294.0
360.0
310.0
373.0
430.0
434.0
443.0
366.0
281.0
384.0
304.0
382.0
364.0
374.0
314.0
424.0
421.0
493.0
550.0
277.0
420.0
442.0
391.0
306.0
369.0
266.0
309.0
313.0
350.0
377.0
460.0
310.0
389.0
395.0
338.0
356.0
353.0
458.0
429.0
357.0
338.0
350.0
486.0
465.0
373.0
662.0
339.0
354.0
384.0
404.0
390.0
338.0
430.0
339.0
446.0
278.0
259.0
425.0
463.0
411.0
356.0
452.0
320.0
326.0
322.0
535.0
327.0
425.0
361.0
417.0
410.0
528.0
561.0
526.0
317.0
280.0
341.0
469.0
277.0
491.0
256.0
341.0
355.0
357.0
350.0
310.0
464.0
311.0
662.0
395.0
389.0
305.0
308.0
484.0
313.0
379.0
322.0
310.0
259.0
362.0
326.0
456.0
381.0
551.0
253.0
515.0
320.0
265.0
406.0
363.0
348.0
378.0
442.0
392.0
333.0
340.0
422.0
604.0
305.0
352.0
420.0
393.0
304.0
534.0
953.0
377.0
371.0
473.0
399.0
390.0
408.0
371.0
325.0
487.0
370.0
478.0
365.0
250.0
332.0
442.0
385.0
390.0
437.0
444.0
348.0
330.0
523.0
305.0
380.0
503.0
389.0
446.0
329.0
472.0
349.0
426.0
347.0
457.0
319.0
679.0
404.0
291.0
243.0
380.0
356.0
300.0
380.0
299.0
463.0
454.0
336.0
437.0
331.0
290.0
485.0
411.0
305.0
511.0
314.0
254.0
434.0
327.0
422.0
330.0
464.0
459.0
395.0
289.0
275.0
356.0
360.0
350.0
339.0
374.0
349.0
462.0
263.0
323.0
262.0
444.0
430.0
383.0
428.0
355.0
395.0
576.0
447.0
392.0
580.0
348.0
311.0
428.0
441.0
416.0
343.0
553.0
347.0
302.0
322.0
431.0
418.0
281.0
428.0
437.0
379.0
582.0
315.0
287.0
383.0
485.0
392.0
356.0
329.0
294.0
413.0
542.0
404.0
351.0
321.0
394.0
364.0
334.0
330.0
498.0
454.0
353.0
433.0
343.0
364.0
299.0
424.0
338.0
307.0
465.0
412.0
345.0
368.0
528.0
347.0
375.0
408.0
355.0
461.0
344.0
399.0
439.0
340.0
414.0
296.0
382.0
260.0
376.0
368.0
381.0
304.0
301.0
311.0
257.0
334.0
551.0
278.0
321.0
411.0
455.0
464.0
378.0
368.0
399.0
455.0
339.0
382.0
333.0
301.0
396.0
347.0
474.0
419.0
230.0
545.0
290.0
362.0
376.0
459.0
446.0
401.0
402.0
629.0
344.0
292.0
365.0
466.0
299.0
443.0
313.0
364.0
424.0
194.0
385.0
309.0
379.0
357.0
494.0
386.0
504.0
244.0
382.0
376.0
401.0
329.0
386.0
344.0
328.0
390.0
387.0
282.0
492.0
510.0
422.0
320.0
491.0
348.0
319.0
344.0
433.0
488.0
453.0
283.0
398.0
409.0
455.0
377.0
451.0
317.0
461.0
423.0
413.0
517.0
292.0
311.0
386.0
423.0
384.0
446.0
394.0
333.0
354.0
284.0
433.0
303.0
304.0
281.0
283.0
374.0
321.0
378.0
279.0
275.0
531.0
339.0
360.0
427.0
714.0
385.0
453.0
451.0
326.0
344.0
449.0
285.0
303.0
385.0
426.0
333.0
534.0
377.0
321.0
362.0
589.0
295.0
401.0
372.0
414.0
321.0
363.0
424.0
474.0
404.0
315.0
417.0
526.0
352.0
397.0
345.0
367.0
720.0
327.0
533.0
419.0
353.0
239.0
420.0
360.0
492.0
368.0
361.0
375.0
336.0
361.0
299.0
333.0
416.0
368.0
437.0
280.0
348.0
339.0
369.0
306.0
494.0
366.0
400.0
233.0
277.0
584.0
392.0
616.0
418.0
383.0
455.0
365.0
353.0
304.0
382.0
379.0
620.0
273.0
272.0
252.0
407.0
384.0
543.0
286.0
569.0
369.0
299.0
448.0
298.0
422.0
268.0
337.0
459.0
318.0
500.0
373.0
357.0
603.0
383.0
287.0
365.0
288.0
336.0
481.0
385.0
324.0
473.0
535.0
267.0
278.0
430.0
351.0
370.0
321.0
512.0
406.0
373.0
366.0
336.0
355.0
651.0
368.0
378.0
274.0
314.0
342.0
275.0
377.0
411.0
367.0
376.0
363.0
460.0
437.0
326.0
410.0
351.0
448.0
397.0
527.0
417.0
205.0
295.0
364.0
336.0
649.0
297.0
480.0
461.0
263.0
375.0
442.0
334.0
422.0
222.0
428.0
243.0
340.0
383.0
287.0
335.0
366.0
508.0
324.0
285.0
472.0
351.0
366.0
321.0
285.0
503.0
329.0
298.0
445.0
476.0
275.0
463.0
403.0
345.0
303.0
394.0
437.0
340.0
387.0
316.0
382.0
365.0
436.0
414.0
431.0
413.0
268.0
394.0
309.0
402.0
430.0
363.0
272.0
241.0
510.0
451.0
397.0
306.0
307.0
475.0
491.0
422.0
357.0
427.0
383.0
314.0
259.0
352.0
324.0
287.0
442.0
339.0
370.0
372.0
393.0
366.0
287.0
523.0
301.0
332.0
412.0
392.0
485.0
338.0
327.0
284.0
455.0
330.0
465.0
501.0
285.0
315.0
427.0
403.0
379.0
397.0
365.0
399.0
408.0
373.0
378.0
321.0
341.0
434.0
340.0
377.0
363.0
356.0
505.0
379.0
327.0
453.0
328.0
271.0
346.0
367.0
295.0
355.0
304.0
326.0
361.0
399.0
444.0
380.0
462.0
441.0
297.0
383.0
364.0
380.0
315.0
616.0
405.0
317.0
396.0
423.0
500.0
319.0
366.0
496.0
401.0
425.0
296.0
324.0
520.0
282.0
371.0
389.0
474.0
291.0
271.0
445.0
411.0
303.0
362.0
631.0
428.0
326.0
316.0
320.0
406.0
390.0
318.0
311.0
475.0
406.0
391.0
248.0
429.0
456.0
417.0
461.0
412.0
326.0
525.0
274.0
379.0
361.0
291.0
438.0
306.0
346.0
473.0
419.0
426.0
372.0
382.0
422.0
331.0
412.0
317.0
360.0
281.0
375.0
316.0
394.0
407.0
407.0
347.0
558.0
362.0
389.0
434.0
521.0
332.0
385.0
421.0
362.0
295.0
428.0
466.0
361.0
346.0
454.0
264.0
304.0
302.0
378.0
338.0
518.0
290.0
292.0
450.0
544.0
456.0
364.0
409.0
256.0
349.0
1083.0
393.0
276.0
429.0
381.0
391.0
441.0
583.0
362.0
372.0
328.0
461.0
377.0
461.0
409.0
312.0
448.0
446.0
284.0
388.0
255.0
292.0
445.0
365.0
690.0
731.0
316.0
318.0
502.0
376.0
353.0
402.0
285.0
341.0
274.0
319.0
359.0
564.0
323.0
496.0
378.0
528.0
366.0
535.0
498.0
533.0
310.0
372.0
239.0
356.0
343.0
326.0
306.0
364.0
453.0
375.0
246.0
611.0
271.0
261.0
534.0
498.0
334.0
457.0
319.0
372.0
334.0
485.0
365.0
264.0
369.0
267.0
290.0
601.0
404.0
477.0
410.0
305.0
338.0
357.0
379.0
385.0
796.0
419.0
475.0
299.0
240.0
460.0
627.0
258.0
448.0
365.0
523.0
379.0
321.0
332.0
294.0
424.0
241.0
367.0
456.0
456.0
304.0
408.0
559.0
259.0
415.0
505.0
421.0
513.0
313.0
672.0
317.0
297.0
836.0
301.0
238.0
368.0
386.0
401.0
365.0
325.0
307.0
305.0
400.0
286.0
285.0
405.0
403.0
294.0
352.0
438.0
435.0
413.0
345.0
461.0
421.0
324.0
298.0
380.0
409.0
339.0
314.0
450.0
510.0
386.0
438.0
442.0
350.0
418.0
391.0
590.0
301.0
401.0
651.0
476.0
275.0
473.0
301.0
356.0
258.0
431.0
313.0
337.0
347.0
476.0
321.0
341.0
345.0
451.0
360.0
454.0
562.0
258.0
378.0
412.0
434.0
456.0
325.0
432.0
513.0
492.0
398.0
493.0
433.0
363.0
578.0
404.0
362.0
436.0
327.0
353.0
469.0
347.0
458.0
358.0
438.0
283.0
403.0
452.0
539.0
432.0
309.0
303.0
490.0
347.0
349.0
337.0
413.0
432.0
409.0
317.0
542.0
294.0
373.0
464.0
284.0
429.0
280.0
446.0
491.0
368.0
533.0
333.0
448.0
322.0
352.0
361.0
288.0
347.0
333.0
355.0
299.0
399.0
463.0
269.0
308.0
285.0
550.0
326.0
423.0
402.0
302.0
385.0
446.0
356.0
414.0
365.0
390.0
520.0
399.0
462.0
371.0
413.0
333.0
303.0
496.0
429.0
309.0
495.0
311.0
340.0
481.0
387.0
344.0
370.0
416.0
492.0
362.0
418.0
392.0
490.0
330.0
418.0
537.0
447.0
399.0
272.0
285.0
512.0
369.0
452.0
411.0
394.0
492.0
318.0
303.0
289.0
333.0
441.0
373.0
359.0
333.0
401.0
310.0
280.0
328.0
445.0
253.0
337.0
504.0
408.0
345.0
285.0
493.0
342.0
408.0
358.0
460.0
343.0
275.0
363.0
405.0
298.0
474.0
416.0
458.0
332.0
437.0
270.0
423.0
380.0
533.0
440.0
312.0
569.0
410.0
234.0
323.0
262.0
394.0
343.0
418.0
415.0
287.0
366.0
366.0
385.0
343.0
257.0
325.0
387.0
274.0
257.0
543.0
313.0
361.0
292.0
493.0
381.0
362.0
324.0
262.0
336.0
501.0
364.0
282.0
455.0
643.0
255.0
490.0
283.0
409.0
656.0
339.0
328.0
317.0
534.0
421.0
487.0
436.0
334.0
674.0
412.0
254.0
324.0
263.0
428.0
299.0
372.0
523.0
326.0
272.0
312.0
494.0
371.0
432.0
443.0
395.0
722.0
258.0
313.0
297.0
352.0
360.0
422.0
322.0
295.0
290.0
312.0
323.0
329.0
441.0
474.0
624.0
366.0
276.0
259.0
405.0
253.0
391.0
485.0
396.0
351.0
437.0
356.0
377.0
401.0
370.0
340.0
399.0
302.0
477.0
385.0
313.0
368.0
267.0
378.0
379.0
449.0
306.0
397.0
429.0
624.0
248.0
560.0
327.0
408.0
395.0
426.0
546.0
321.0
316.0
516.0
232.0
347.0
306.0
420.0
387.0
249.0
443.0
450.0
450.0
420.0
343.0
423.0
442.0
376.0
405.0
249.0
290.0
420.0
337.0
371.0
334.0
522.0
451.0
282.0
279.0
357.0
779.0
279.0
365.0
406.0
307.0
600.0
504.0
428.0
427.0
324.0
522.0
330.0
325.0
622.0
299.0
304.0
287.0
439.0
262.0
368.0
535.0
359.0
351.0
292.0
339.0
307.0
397.0
641.0
515.0
302.0
265.0
510.0
359.0
444.0
337.0
317.0
337.0
404.0
274.0
412.0
388.0
334.0
451.0
357.0
461.0
415.0
418.0
277.0
285.0
529.0
389.0
384.0
303.0
568.0
499.0
333.0
336.0
433.0
338.0
326.0
253.0
254.0
503.0
314.0
465.0
397.0
444.0
454.0
386.0
317.0
449.0
256.0
444.0
297.0
354.0
492.0
414.0
418.0
412.0
361.0
548.0
374.0
349.0
326.0
481.0
398.0
356.0
295.0
362.0
335.0
360.0
208.0
310.0
410.0
255.0
455.0
262.0
340.0
409.0
433.0
396.0
445.0
322.0
358.0
659.0
304.0
443.0
360.0
279.0
397.0
517.0
506.0
412.0
422.0
431.0
441.0
374.0
432.0
298.0
442.0
360.0
560.0
479.0
318.0
391.0
260.0
363.0
323.0
346.0
285.0
279.0
324.0
366.0
378.0
478.0
427.0
475.0
437.0
338.0
379.0
244.0
384.0
305.0
477.0
422.0
327.0
481.0
399.0
345.0
401.0
332.0
378.0
578.0
424.0
378.0
369.0
308.0
3046.0
518.0
274.0
313.0
385.0
295.0
424.0
432.0
235.0
322.0
485.0
338.0
430.0
351.0
298.0
354.0
277.0
432.0
304.0
422.0
413.0
373.0
426.0
499.0
361.0
516.0
336.0
529.0
323.0
317.0
440.0
352.0
267.0
334.0
397.0
413.0
252.0
355.0
392.0
307.0
345.0
430.0
399.0
216.0
286.0
313.0
379.0
534.0
435.0
318.0
280.0
432.0
505.0
437.0
661.0
363.0
354.0
389.0
441.0
436.0
300.0
428.0
564.0
365.0
401.0
914.0
475.0
387.0
309.0
357.0
320.0
376.0
341.0
268.0
718.0
344.0
279.0
413.0
344.0
318.0
391.0
368.0
575.0
347.0
337.0
288.0
277.0
205.0
411.0
265.0
301.0
427.0
396.0
335.0
331.0
441.0
342.0
341.0
352.0
312.0
305.0
583.0
405.0
500.0
488.0
325.0
346.0
373.0
560.0
411.0
339.0
354.0
386.0
384.0
391.0
313.0
502.0
229.0
308.0
393.0
267.0
265.0
259.0
389.0
296.0
449.0
352.0
433.0
384.0
322.0
318.0
444.0
415.0
500.0
538.0
314.0
338.0
446.0
367.0
271.0
384.0
366.0
393.0
389.0
290.0
268.0
448.0
311.0
260.0
486.0
310.0
423.0
333.0
329.0
314.0
414.0
490.0
386.0
362.0
297.0
361.0
380.0
262.0
381.0
467.0
413.0
355.0
441.0
496.0
413.0
218.0
395.0
466.0
294.0
391.0
369.0
430.0
254.0
384.0
438.0
501.0
428.0
438.0
264.0
367.0
302.0
440.0
375.0
339.0
261.0
225.0
401.0
305.0
281.0
321.0
411.0
577.0
306.0
340.0
367.0
332.0
388.0
323.0
503.0
288.0
389.0
338.0
396.0
361.0
318.0
372.0
318.0
388.0
220.0
421.0
360.0
501.0
488.0
336.0
263.0
395.0
497.0
391.0
390.0
381.0
405.0
372.0
428.0
377.0
363.0
295.0
337.0
389.0
308.0
430.0
392.0
310.0
404.0
372.0
306.0
300.0
326.0
508.0
279.0
250.0
333.0
331.0
376.0
458.0
294.0
494.0
287.0
383.0
337.0
325.0
375.0
549.0
405.0
280.0
362.0
370.0
411.0
368.0
431.0
372.0
435.0
403.0
296.0
463.0
416.0
317.0
422.0
445.0
416.0
357.0
348.0
498.0
330.0
416.0
455.0
367.0
253.0
304.0
803.0
469.0
360.0
440.0
512.0
382.0
282.0
367.0
482.0
295.0
429.0
378.0
330.0
311.0
347.0
313.0
404.0
271.0
459.0
420.0
314.0
404.0
287.0
396.0
384.0
337.0
392.0
302.0
337.0
352.0
325.0
428.0
473.0
328.0
322.0
380.0
398.0
561.0
330.0
464.0
337.0
484.0
419.0
326.0
380.0
307.0
296.0
349.0
375.0
410.0
529.0
323.0
294.0
449.0
443.0
566.0
352.0
280.0
329.0
284.0
268.0
311.0
337.0
330.0
286.0
370.0
355.0
303.0
432.0
445.0
324.0
456.0
377.0
472.0
497.0
328.0
441.0
557.0
455.0
1981.0
414.0
379.0
354.0
300.0
309.0
387.0
443.0
345.0
384.0
445.0
466.0
336.0
415.0
402.0
274.0
373.0
404.0
409.0
416.0
405.0
331.0
322.0
552.0
364.0
375.0
494.0
514.0
311.0
409.0
376.0
262.0
299.0
304.0
306.0
342.0
260.0
360.0
429.0
454.0
427.0
507.0
423.0
391.0
360.0
286.0
320.0
484.0
429.0
576.0
478.0
573.0
270.0
340.0
368.0
339.0
332.0
403.0
255.0
338.0
508.0
364.0
331.0
511.0
323.0
500.0
338.0
350.0
364.0
383.0
505.0
291.0
348.0
297.0
563.0
370.0
340.0
383.0
400.0
317.0
362.0
392.0
312.0
354.0
520.0
410.0
339.0
249.0
566.0
329.0
697.0
575.0
461.0
530.0
469.0
359.0
345.0
429.0
381.0
378.0
303.0
395.0
539.0
268.0
335.0
377.0
267.0
240.0
531.0
547.0
298.0
523.0
349.0
365.0
313.0
355.0
443.0
407.0
508.0
423.0
301.0
338.0
440.0
342.0
442.0
384.0
516.0
409.0
425.0
287.0
413.0
402.0
326.0
410.0
342.0
368.0
450.0
370.0
375.0
258.0
412.0
414.0
335.0
358.0
436.0
323.0
448.0
331.0
362.0
495.0
391.0
378.0
267.0
339.0
406.0
255.0
450.0
468.0
629.0
518.0
321.0
379.0
559.0
367.0
570.0
500.0
288.0
390.0
341.0
310.0
425.0
306.0
416.0
343.0
337.0
533.0
418.0
387.0
235.0
432.0
493.0
358.0
398.0
264.0
393.0
404.0
333.0
496.0
407.0
261.0
381.0
239.0
744.0
321.0
692.0
516.0
346.0
365.0
380.0
326.0
414.0
238.0
660.0
254.0
314.0
417.0
430.0
445.0
483.0
429.0
480.0
394.0
306.0
315.0
306.0
430.0
399.0
295.0
412.0
352.0
472.0
357.0
391.0
389.0
400.0
316.0
320.0
408.0
454.0
379.0
326.0
626.0
373.0
470.0
384.0
376.0
323.0
422.0
339.0
313.0
394.0
321.0
324.0
370.0
465.0
403.0
312.0
469.0
337.0
558.0
303.0
415.0
497.0
355.0
291.0
388.0
258.0
248.0
569.0
349.0
474.0
408.0
356.0
296.0
467.0
333.0
356.0
364.0
467.0
263.0
463.0
416.0
366.0
622.0
386.0
390.0
318.0
520.0
509.0
386.0
377.0
402.0
355.0
272.0
378.0
448.0
340.0
345.0
379.0
652.0
508.0
259.0
301.0
240.0
307.0
507.0
461.0
480.0
468.0
275.0
359.0
386.0
296.0
592.0
350.0
638.0
339.0
338.0
340.0
327.0
304.0
463.0
320.0
364.0
388.0
401.0
356.0
358.0
266.0
445.0
305.0
388.0
331.0
495.0
398.0
218.0
195.0
470.0
402.0
296.0
683.0
438.0
309.0
343.0
262.0
499.0
387.0
270.0
443.0
351.0
314.0
472.0
513.0
494.0
358.0
506.0
345.0
328.0
372.0
457.0
406.0
364.0
294.0
379.0
366.0
426.0
351.0
488.0
240.0
478.0
431.0
270.0
403.0
645.0
434.0
375.0
388.0
503.0
352.0
377.0
344.0
653.0
553.0
465.0
470.0
295.0
425.0
377.0
594.0
358.0
400.0
335.0
346.0
368.0
340.0
235.0
319.0
362.0
371.0
430.0
316.0
454.0
329.0
452.0
376.0
284.0
334.0
281.0
486.0
470.0
369.0
447.0
351.0
293.0
553.0
396.0
537.0
397.0
456.0
305.0
446.0
350.0
244.0
523.0
579.0
407.0
511.0
282.0
650.0
328.0
315.0
276.0
349.0
367.0
294.0
321.0
326.0
375.0
370.0
369.0
321.0
481.0
398.0
371.0
470.0
364.0
333.0
383.0
359.0
422.0
346.0
283.0
237.0
342.0
369.0
336.0
334.0
354.0
383.0
411.0
344.0
387.0
326.0
482.0
381.0
318.0
534.0
570.0
376.0
287.0
453.0
418.0
443.0
391.0
311.0
448.0
333.0
559.0
306.0
462.0
268.0
428.0
449.0
279.0
465.0
310.0
704.0
445.0
478.0
641.0
334.0
399.0
442.0
361.0
362.0
325.0
335.0
378.0
357.0
289.0
290.0
506.0
377.0
447.0
411.0
382.0
510.0
302.0
293.0
466.0
319.0
433.0
516.0
406.0
482.0
278.0
454.0
322.0
435.0
399.0
421.0
464.0
336.0
320.0
510.0
522.0
391.0
389.0
407.0
323.0
402.0
367.0
328.0
306.0
330.0
316.0
395.0
213.0
288.0
998.0
326.0
508.0
383.0
427.0
422.0
347.0
434.0
372.0
428.0
381.0
213.0
370.0
407.0
321.0
297.0
391.0
363.0
537.0
397.0
324.0
522.0
383.0
264.0
550.0
388.0
327.0
345.0
323.0
434.0
434.0
316.0
436.0
411.0
266.0
501.0
404.0
463.0
316.0
319.0
302.0
406.0
462.0
224.0
660.0
331.0
310.0
455.0
282.0
354.0
530.0
301.0
505.0
350.0
257.0
423.0
387.0
270.0
327.0
563.0
333.0
323.0
361.0
339.0
428.0
367.0
329.0
373.0
287.0
380.0
344.0
542.0
363.0
269.0
540.0
424.0
314.0
429.0
282.0
630.0
493.0
279.0
329.0
328.0
312.0
343.0
344.0
368.0
437.0
387.0
397.0
403.0
261.0
321.0
304.0
342.0
362.0
1376.0
314.0
273.0
535.0
549.0
405.0
582.0
466.0
425.0
369.0
289.0
390.0
319.0
353.0
248.0
489.0
352.0
384.0
430.0
333.0
396.0
480.0
398.0
376.0
333.0
281.0
475.0
388.0
328.0
307.0
236.0
314.0
220.0
230.0
471.0
295.0
213.0
440.0
314.0
386.0
371.0
582.0
467.0
330.0
399.0
317.0
371.0
474.0
388.0
322.0
356.0
433.0
475.0
387.0
284.0
236.0
452.0
241.0
461.0
312.0
368.0
472.0
469.0
340.0
638.0
304.0
358.0
272.0
640.0
286.0
477.0
342.0
449.0
364.0
203.0
482.0
280.0
321.0
405.0
386.0
332.0
313.0
276.0
562.0
671.0
401.0
317.0
461.0
529.0
334.0
341.0
231.0
280.0
377.0
386.0
366.0
301.0
383.0
381.0
251.0
324.0
518.0
377.0
346.0
308.0
271.0
267.0
278.0
339.0
675.0
436.0
552.0
343.0
244.0
369.0
618.0
311.0
405.0
349.0
501.0
440.0
389.0
281.0
272.0
467.0
369.0
367.0
249.0
262.0
471.0
433.0
491.0
394.0
380.0
387.0
414.0
314.0
487.0
359.0
332.0
342.0
382.0
487.0
370.0
276.0
356.0
388.0
378.0
484.0
318.0
483.0
418.0
349.0
402.0
274.0
433.0
319.0
523.0
351.0
339.0
443.0
315.0
500.0
391.0
302.0
455.0
392.0
455.0
329.0
450.0
412.0
331.0
467.0
335.0
269.0
340.0
422.0
289.0
373.0
295.0
387.0
345.0
336.0
552.0
319.0
323.0
546.0
297.0
274.0
296.0
393.0
305.0
317.0
358.0
406.0
263.0
371.0
306.0
429.0
299.0
354.0
389.0
412.0
312.0
337.0
311.0
512.0
468.0
496.0
376.0
413.0
260.0
467.0
181.0
285.0
948.0
355.0
455.0
355.0
309.0
616.0
302.0
523.0
338.0
297.0
463.0
284.0
461.0
458.0
308.0
360.0
352.0
348.0
368.0
258.0
290.0
531.0
415.0
370.0
353.0
394.0
410.0
428.0
453.0
226.0
180.0
248.0
375.0
449.0
413.0
497.0
433.0
257.0
361.0
352.0
459.0
269.0
270.0
426.0
395.0
311.0
407.0
410.0
587.0
415.0
315.0
352.0
300.0
516.0
298.0
364.0
397.0
351.0
353.0
428.0
325.0
404.0
421.0
487.0
309.0
322.0
267.0
438.0
735.0
336.0
431.0
263.0
305.0
402.0
349.0
714.0
389.0
317.0
441.0
486.0
457.0
283.0
256.0
316.0
547.0
298.0
250.0
337.0
498.0
283.0
368.0
572.0
350.0
276.0
417.0
237.0
380.0
460.0
407.0
256.0
376.0
428.0
415.0
412.0
445.0
356.0
409.0
340.0
368.0
480.0
348.0
453.0
296.0
369.0
410.0
445.0
344.0
455.0
455.0
348.0
336.0
377.0
422.0
365.0
331.0
468.0
302.0
423.0
251.0
400.0
509.0
314.0
288.0
394.0
330.0
283.0
327.0
423.0
363.0
312.0
450.0
506.0
336.0
517.0
406.0
304.0
439.0
1589.0
262.0
426.0
379.0
279.0
724.0
298.0
468.0
379.0
284.0
379.0
389.0
302.0
346.0
385.0
315.0
303.0
349.0
337.0
461.0
354.0
293.0
478.0
434.0
565.0
297.0
399.0
412.0
402.0
648.0
345.0
385.0
305.0
279.0
410.0
354.0
411.0
361.0
374.0
417.0
273.0
393.0
320.0
310.0
312.0
331.0
210.0
379.0
356.0
417.0
279.0
344.0
395.0
364.0
387.0
449.0
240.0
405.0
491.0
478.0
366.0
337.0
452.0
276.0
396.0
325.0
375.0
309.0
321.0
707.0
398.0
432.0
320.0
329.0
564.0
425.0
450.0
531.0
479.0
399.0
302.0
524.0
380.0
379.0
275.0
262.0
508.0
297.0
454.0
389.0
305.0
499.0
428.0
447.0
278.0
457.0
341.0
473.0
494.0
318.0
290.0
434.0
378.0
383.0
341.0
273.0
390.0
402.0
433.0
450.0
315.0
466.0
267.0
458.0
361.0
348.0
427.0
619.0
344.0
400.0
436.0
444.0
266.0
336.0
486.0
326.0
382.0
421.0
421.0
352.0
352.0
454.0
345.0
542.0
234.0
368.0
414.0
446.0
350.0
331.0
403.0
341.0
463.0
356.0
344.0
313.0
312.0
388.0
302.0
360.0
321.0
336.0
443.0
396.0
363.0
422.0
419.0
387.0
409.0
311.0
439.0
364.0
405.0
327.0
312.0
339.0
502.0
823.0
238.0
388.0
405.0
416.0
369.0
440.0
357.0
446.0
333.0
399.0
304.0
381.0
431.0
366.0
414.0
342.0
414.0
425.0
488.0
319.0
297.0
354.0
413.0
396.0
404.0
319.0
399.0
336.0
402.0
515.0
283.0
496.0
405.0
470.0
308.0
477.0
453.0
384.0
417.0
392.0
405.0
484.0
377.0
542.0
383.0
308.0
361.0
501.0
395.0
587.0
252.0
413.0
413.0
446.0
521.0
448.0
328.0
428.0
360.0
540.0
326.0
300.0
384.0
485.0
354.0
421.0
364.0
406.0
424.0
522.0
521.0
437.0
414.0
359.0
524.0
399.0
423.0
319.0
302.0
411.0
322.0
472.0
330.0
406.0
415.0
393.0
278.0
466.0
380.0
332.0
429.0
426.0
350.0
429.0
406.0
366.0
418.0
473.0
357.0
439.0
369.0
401.0
335.0
398.0
393.0
230.0
372.0
424.0
389.0
377.0
407.0
358.0
431.0
306.0
277.0
375.0
295.0
343.0
249.0
333.0
514.0
341.0
235.0
345.0
608.0
481.0
306.0
338.0
313.0
385.0
474.0
269.0
357.0
406.0
292.0
401.0
301.0
431.0
422.0
503.0
692.0
356.0
445.0
240.0
449.0
317.0
221.0
547.0
312.0
363.0
524.0
349.0
315.0
358.0
358.0
492.0
386.0
318.0
290.0
415.0
402.0
336.0
428.0
323.0
392.0
376.0
447.0
449.0
387.0
756.0
223.0
327.0
480.0
424.0
316.0
457.0
343.0
646.0
413.0
345.0
580.0
336.0
380.0
373.0
350.0
369.0
435.0
391.0
341.0
439.0
307.0
428.0
422.0
430.0
564.0
428.0
435.0
421.0
538.0
457.0
269.0
517.0
332.0
304.0
483.0
557.0
269.0
425.0
560.0
413.0
350.0
484.0
498.0
426.0
270.0
461.0
348.0
413.0
373.0
293.0
547.0
344.0
486.0
379.0
285.0
424.0
306.0
288.0
280.0
311.0
449.0
373.0
448.0
451.0
514.0
334.0
267.0
453.0
313.0
373.0
373.0
387.0
249.0
372.0
452.0
242.0
459.0
430.0
442.0
444.0
336.0
478.0
512.0
349.0
339.0
282.0
470.0
275.0
406.0
383.0
290.0
298.0
406.0
399.0
291.0
374.0
290.0
374.0
355.0
294.0
383.0
474.0
408.0
379.0
331.0
377.0
389.0
366.0
383.0
407.0
315.0
372.0
332.0
518.0
485.0
446.0
388.0
342.0
329.0
534.0
237.0
390.0
359.0
488.0
391.0
408.0
252.0
362.0
295.0
375.0
507.0
510.0
315.0
580.0
460.0
359.0
335.0
343.0
452.0
278.0
498.0
377.0
303.0
486.0
349.0
470.0
412.0
338.0
617.0
355.0
408.0
345.0
366.0
335.0
417.0
451.0
402.0
433.0
327.0
331.0
303.0
361.0
354.0
334.0
565.0
580.0
332.0
395.0
441.0
296.0
398.0
388.0
506.0
285.0
256.0
492.0
213.0
608.0
361.0
268.0
403.0
503.0
631.0
407.0
427.0
452.0
328.0
429.0
415.0
541.0
589.0
272.0
333.0
396.0
363.0
383.0
357.0
400.0
411.0
243.0
311.0
306.0
258.0
355.0
457.0
354.0
387.0
643.0
319.0
261.0
462.0
364.0
422.0
287.0
377.0
279.0
327.0
392.0
373.0
314.0
388.0
209.0
334.0
470.0
299.0
404.0
212.0
412.0
379.0
331.0
409.0
285.0
279.0
440.0
235.0
412.0
318.0
348.0
543.0
452.0
541.0
402.0
394.0
427.0
467.0
331.0
441.0
358.0
597.0
385.0
329.0
366.0
385.0
400.0
513.0
273.0
309.0
346.0
352.0
372.0
360.0
425.0
321.0
335.0
319.0
452.0
311.0
336.0
383.0
391.0
292.0
385.0
234.0
347.0
301.0
450.0
371.0
546.0
420.0
263.0
367.0
431.0
580.0
394.0
414.0
474.0
371.0
340.0
364.0
277.0
384.0
379.0
380.0
231.0
289.0
485.0
250.0
268.0
373.0
398.0
277.0
462.0
429.0
284.0
442.0
315.0
453.0
299.0
325.0
326.0
332.0
359.0
309.0
250.0
392.0
284.0
353.0
381.0
360.0
396.0
471.0
324.0
480.0
388.0
379.0
197.0
353.0
475.0
453.0
298.0
224.0
297.0
470.0
338.0
646.0
336.0
422.0
314.0
507.0
425.0
483.0
461.0
386.0
379.0
315.0
398.0
505.0
421.0
564.0
350.0
470.0
411.0
340.0
347.0
501.0
252.0
264.0
412.0
459.0
741.0
425.0
457.0
409.0
383.0
353.0
256.0
325.0
289.0
383.0
445.0
332.0
316.0
333.0
378.0
446.0
537.0
346.0
394.0
405.0
371.0
294.0
317.0
392.0
527.0
444.0
322.0
371.0
290.0
539.0
304.0
283.0
258.0
399.0
396.0
337.0
470.0
381.0
250.0
339.0
511.0
301.0
315.0
286.0
610.0
471.0
345.0
253.0
315.0
246.0
340.0
350.0
311.0
378.0
374.0
469.0
350.0
409.0
318.0
331.0
402.0
340.0
450.0
440.0
430.0
474.0
430.0
330.0
436.0
328.0
415.0
322.0
337.0
646.0
266.0
480.0
310.0
391.0
439.0
454.0
484.0
311.0
412.0
513.0
388.0
335.0
493.0
448.0
348.0
344.0
432.0
348.0
460.0
377.0
349.0
404.0
366.0
473.0
460.0
251.0
389.0
441.0
462.0
494.0
355.0
432.0
436.0
328.0
276.0
410.0
403.0
327.0
628.0
201.0
416.0
397.0
347.0
376.0
366.0
399.0
556.0
268.0
316.0
351.0
338.0
378.0
425.0
313.0
308.0
405.0
448.0
339.0
341.0
421.0
279.0
633.0
269.0
552.0
264.0
360.0
264.0
247.0
433.0
397.0
360.0
610.0
413.0
347.0
347.0
393.0
382.0
334.0
257.0
297.0
403.0
433.0
375.0
366.0
341.0
451.0
325.0
399.0
436.0
322.0
304.0
337.0
427.0
511.0
458.0
457.0
481.0
238.0
371.0
418.0
321.0
407.0
440.0
428.0
307.0
355.0
497.0
393.0
420.0
316.0
732.0
432.0
437.0
374.0
382.0
364.0
286.0
386.0
598.0
264.0
266.0
400.0
377.0
387.0
342.0
365.0
346.0
282.0
339.0
522.0
291.0
475.0
505.0
408.0
322.0
420.0
361.0
337.0
312.0
417.0
464.0
289.0
375.0
287.0
472.0
395.0
280.0
349.0
335.0
316.0
396.0
628.0
390.0
256.0
413.0
448.0
304.0
413.0
288.0
530.0
430.0
425.0
395.0
403.0
406.0
398.0
393.0
363.0
382.0
493.0
269.0
391.0
328.0
433.0
376.0
282.0
374.0
285.0
415.0
362.0
368.0
354.0
472.0
247.0
390.0
524.0
448.0
293.0
396.0
212.0
491.0
275.0
513.0
497.0
543.0
393.0
351.0
356.0
392.0
740.0
314.0
511.0
353.0
304.0
340.0
378.0
346.0
283.0
702.0
354.0
455.0
352.0
312.0
373.0
583.0
393.0
393.0
300.0
415.0
541.0
428.0
436.0
394.0
456.0
578.0
262.0
365.0
379.0
370.0
386.0
306.0
279.0
345.0
373.0
478.0
394.0
422.0
347.0
279.0
275.0
320.0
358.0
327.0
439.0
341.0
284.0
357.0
271.0
398.0
317.0
425.0
460.0
377.0
345.0
363.0
352.0
468.0
298.0
628.0
391.0
315.0
249.0
397.0
394.0
479.0
323.0
347.0
504.0
362.0
210.0
335.0
363.0
619.0
450.0
353.0
415.0
471.0
415.0
516.0
332.0
464.0
404.0
393.0
453.0
298.0
267.0
450.0
286.0
316.0
406.0
377.0
334.0
530.0
354.0
434.0
490.0
283.0
310.0
516.0
503.0
348.0
267.0
325.0
589.0
301.0
310.0
367.0
477.0
503.0
300.0
205.0
403.0
584.0
234.0
425.0
494.0
394.0
424.0
425.0
322.0
507.0
406.0
390.0
260.0
233.0
397.0
396.0
504.0
331.0
277.0
366.0
412.0
228.0
420.0
432.0
390.0
766.0
425.0
408.0
286.0
439.0
334.0
398.0
402.0
360.0
293.0
388.0
263.0
388.0
343.0
368.0
356.0
373.0
357.0
443.0
397.0
215.0
350.0
320.0
482.0
372.0
309.0
282.0
371.0
325.0
317.0
448.0
387.0
428.0
251.0
331.0
474.0
451.0
326.0
336.0
344.0
287.0
358.0
428.0
343.0
400.0
296.0
521.0
372.0
346.0
395.0
411.0
466.0
440.0
426.0
317.0
366.0
302.0
337.0
253.0
377.0
325.0
599.0
408.0
418.0
372.0
314.0
433.0
279.0
352.0
513.0
465.0
516.0
258.0
442.0
477.0
337.0
523.0
545.0
316.0
403.0
412.0
381.0
347.0
557.0
378.0
318.0
519.0
464.0
345.0
354.0
366.0
352.0
331.0
370.0
381.0
619.0
357.0
325.0
316.0
352.0
296.0
494.0
324.0
346.0
352.0
344.0
321.0
317.0
424.0
423.0
508.0
263.0
415.0
527.0
290.0
388.0
388.0
445.0
392.0
401.0
393.0
533.0
366.0
384.0
373.0
336.0
471.0
569.0
254.0
352.0
363.0
377.0
381.0
482.0
356.0
357.0
516.0
323.0
524.0
283.0
459.0
369.0
393.0
271.0
492.0
293.0
344.0
317.0
345.0
385.0
555.0
828.0
302.0
396.0
430.0
302.0
354.0
471.0
402.0
413.0
303.0
354.0
471.0
411.0
380.0
520.0
379.0
365.0
318.0
370.0
403.0
481.0
418.0
332.0
291.0
276.0
618.0
336.0
418.0
332.0
543.0
416.0
663.0
360.0
392.0
472.0
305.0
318.0
350.0
337.0
372.0
411.0
468.0
353.0
547.0
427.0
307.0
241.0
372.0
316.0
335.0
629.0
289.0
378.0
497.0
354.0
381.0
597.0
563.0
384.0
528.0
259.0
488.0
311.0
302.0
370.0
485.0
333.0
307.0
410.0
462.0
505.0
592.0
363.0
813.0
358.0
354.0
519.0
484.0
488.0
460.0
369.0
403.0
339.0
402.0
356.0
411.0
404.0
331.0
453.0
301.0
525.0
479.0
496.0
357.0
338.0
269.0
468.0
306.0
323.0
422.0
370.0
307.0
258.0
444.0
416.0
315.0
374.0
305.0
385.0
370.0
462.0
370.0
346.0
485.0
369.0
413.0
475.0
426.0
521.0
407.0
387.0
345.0
398.0
482.0
508.0
427.0
477.0
302.0
448.0
262.0
507.0
248.0
379.0
456.0
392.0
339.0
283.0
464.0
344.0
406.0
385.0
387.0
369.0
421.0
396.0
318.0
291.0
337.0
434.0
496.0
355.0
460.0
425.0
389.0
396.0
259.0
322.0
333.0
499.0
319.0
586.0
362.0
344.0
376.0
347.0
322.0
284.0
364.0
388.0
473.0
279.0
404.0
229.0
384.0
323.0
508.0
344.0
475.0
306.0
318.0
445.0
291.0
449.0
522.0
411.0
268.0
443.0
306.0
244.0
393.0
383.0
382.0
325.0
473.0
400.0
342.0
533.0
528.0
290.0
337.0
326.0
419.0
367.0
458.0
418.0
298.0
367.0
326.0
462.0
445.0
546.0
332.0
405.0
378.0
396.0
277.0
270.0
474.0
335.0
404.0
389.0
446.0
445.0
398.0
363.0
374.0
347.0
418.0
1510.0
464.0
319.0
422.0
437.0
352.0
341.0
345.0
282.0
244.0
499.0
358.0
370.0
284.0
394.0
559.0
295.0
351.0
241.0
424.0
263.0
349.0
433.0
289.0
363.0
378.0
419.0
349.0
367.0
351.0
299.0
448.0
356.0
307.0
401.0
659.0
286.0
324.0
407.0
393.0
428.0
294.0
239.0
361.0
434.0
551.0
412.0
321.0
284.0
611.0
483.0
287.0
297.0
384.0
315.0
372.0
472.0
278.0
309.0
422.0
460.0
342.0
398.0
317.0
419.0
375.0
301.0
495.0
469.0
336.0
175.0
269.0
368.0
281.0
671.0
418.0
400.0
368.0
333.0
306.0
374.0
268.0
389.0
364.0
417.0
354.0
397.0
371.0
370.0
370.0
388.0
436.0
475.0
383.0
476.0
341.0
331.0
545.0
335.0
440.0
258.0
384.0
381.0
322.0
499.0
257.0
386.0
406.0
225.0
390.0
228.0
331.0
570.0
373.0
544.0
359.0
295.0
471.0
257.0
508.0
272.0
240.0
316.0
330.0
505.0
427.0
395.0
264.0
425.0
367.0
320.0
513.0
394.0
542.0
352.0
516.0
552.0
339.0
406.0
294.0
450.0
434.0
351.0
331.0
335.0
265.0
437.0
441.0
390.0
508.0
239.0
281.0
364.0
300.0
531.0
319.0
396.0
329.0
586.0
419.0
241.0
401.0
374.0
483.0
226.0
406.0
563.0
301.0
303.0
294.0
318.0
372.0
309.0
387.0
480.0
318.0
350.0
401.0
335.0
650.0
675.0
641.0
306.0
350.0
348.0
283.0
590.0
422.0
369.0
378.0
423.0
241.0
440.0
319.0
472.0
455.0
607.0
424.0
307.0
433.0
422.0
458.0
405.0
458.0
385.0
435.0
421.0
323.0
315.0
389.0
422.0
280.0
384.0
310.0
550.0
431.0
351.0
325.0
498.0
377.0
377.0
313.0
347.0
301.0
347.0
267.0
549.0
450.0
530.0
398.0
405.0
357.0
250.0
570.0
355.0
382.0
334.0
430.0
319.0
284.0
382.0
457.0
383.0
299.0
473.0
219.0
382.0
469.0
319.0
383.0
358.0
306.0
348.0
541.0
410.0
293.0
399.0
287.0
399.0
364.0
290.0
382.0
407.0
336.0
481.0
392.0
342.0
393.0
219.0
452.0
488.0
313.0
443.0
382.0
617.0
362.0
309.0
395.0
482.0
373.0
262.0
526.0
435.0
359.0
381.0
380.0
421.0
418.0
377.0
382.0
408.0
375.0
369.0
411.0
263.0
350.0
447.0
354.0
419.0
393.0
406.0
319.0
338.0
327.0
383.0
360.0
356.0
446.0
336.0
397.0
612.0
382.0
483.0
313.0
307.0
523.0
390.0
357.0
472.0
354.0
323.0
265.0
384.0
287.0
355.0
426.0
327.0
378.0
270.0
426.0
304.0
366.0
466.0
455.0
467.0
409.0
300.0
385.0
325.0
366.0
350.0
333.0
338.0
298.0
347.0
211.0
448.0
419.0
478.0
542.0
284.0
535.0
311.0
385.0
282.0
366.0
403.0
465.0
492.0
425.0
373.0
448.0
381.0
331.0
394.0
447.0
237.0
260.0
296.0
625.0
362.0
250.0
398.0
315.0
389.0
415.0
331.0
337.0
518.0
357.0
464.0
277.0
347.0
385.0
434.0
1120.0
375.0
348.0
454.0
615.0
251.0
383.0
309.0
397.0
511.0
313.0
354.0
306.0
426.0
284.0
387.0
379.0
371.0
369.0
483.0
442.0
295.0
323.0
377.0
395.0
363.0
322.0
457.0
298.0
393.0
289.0
423.0
335.0
347.0
518.0
296.0
257.0
425.0
235.0
424.0
238.0
401.0
348.0
394.0
349.0
297.0
329.0
265.0
394.0
426.0
448.0
393.0
381.0
462.0
389.0
327.0
440.0
357.0
302.0
679.0
382.0
329.0
506.0
374.0
415.0
371.0
438.0
501.0
343.0
367.0
525.0
405.0
408.0
390.0
359.0
256.0
519.0
336.0
465.0
476.0
408.0
387.0
391.0
252.0
488.0
371.0
265.0
313.0
528.0
491.0
340.0
355.0
421.0
484.0
311.0
236.0
390.0
379.0
396.0
600.0
309.0
505.0
264.0
402.0
379.0
375.0
363.0
325.0
891.0
271.0
385.0
306.0
371.0
276.0
532.0
341.0
311.0
444.0
421.0
335.0
252.0
281.0
281.0
378.0
499.0
465.0
262.0
312.0
265.0
373.0
526.0
293.0
307.0
238.0
278.0
328.0
277.0
364.0
483.0
329.0
380.0
660.0
282.0
480.0
285.0
420.0
333.0
231.0
314.0
439.0
307.0
448.0
342.0
486.0
393.0
298.0
547.0
596.0
587.0
509.0
275.0
552.0
379.0
425.0
374.0
634.0
468.0
326.0
466.0
569.0
342.0
350.0
396.0
338.0
372.0
311.0
290.0
373.0
382.0
333.0
519.0
450.0
303.0
307.0
325.0
347.0
358.0
332.0
395.0
301.0
498.0
571.0
333.0
401.0
393.0
343.0
264.0
517.0
271.0
359.0
451.0
413.0
367.0
496.0
469.0
396.0
330.0
379.0
395.0
334.0
495.0
366.0
352.0
293.0
403.0
399.0
318.0
328.0
438.0
212.0
492.0
376.0
382.0
361.0
311.0
348.0
446.0
447.0
346.0
306.0
301.0
327.0
349.0
380.0
418.0
485.0
432.0
297.0
406.0
327.0
330.0
408.0
384.0
533.0
366.0
423.0
455.0
343.0
458.0
305.0
388.0
331.0
451.0
334.0
413.0
365.0
303.0
403.0
338.0
673.0
170.0
339.0
368.0
377.0
349.0
361.0
340.0
467.0
272.0
464.0
364.0
412.0
399.0
396.0
370.0
547.0
326.0
373.0
775.0
318.0
320.0
294.0
342.0
262.0
386.0
334.0
484.0
367.0
380.0
321.0
436.0
413.0
415.0
249.0
420.0
413.0
323.0
324.0
413.0
375.0
629.0
403.0
467.0
577.0
379.0
428.0
490.0
336.0
358.0
432.0
441.0
417.0
297.0
446.0
368.0
418.0
432.0
314.0
426.0
343.0
376.0
357.0
395.0
337.0
492.0
229.0
333.0
330.0
319.0
569.0
374.0
455.0
514.0
400.0
485.0
288.0
433.0
369.0
528.0
362.0
491.0
384.0
401.0
348.0
381.0
292.0
401.0
453.0
518.0
408.0
432.0
392.0
420.0
558.0
344.0
334.0
426.0
568.0
299.0
391.0
473.0
348.0
497.0
544.0
284.0
272.0
344.0
346.0
317.0
354.0
362.0
316.0
366.0
337.0
299.0
524.0
427.0
427.0
1494.0
439.0
420.0
577.0
385.0
344.0
369.0
350.0
404.0
411.0
367.0
515.0
321.0
331.0
524.0
330.0
256.0
405.0
505.0
494.0
484.0
395.0
314.0
375.0
334.0
534.0
431.0
386.0
332.0
430.0
370.0
379.0
411.0
302.0
332.0
702.0
355.0
351.0
511.0
397.0
278.0
398.0
398.0
275.0
323.0
347.0
331.0
282.0
431.0
438.0
373.0
516.0
381.0
445.0
386.0
414.0
307.0
363.0
393.0
395.0
584.0
459.0
456.0
343.0
357.0
369.0
418.0
458.0
415.0
355.0
310.0
355.0
274.0
416.0
386.0
428.0
385.0
494.0
556.0
399.0
377.0
404.0
492.0
379.0
376.0
482.0
367.0
399.0
311.0
347.0
324.0
401.0
611.0
367.0
321.0
560.0
296.0
353.0
395.0
428.0
362.0
424.0
398.0
478.0
298.0
344.0
388.0
370.0
366.0
446.0
316.0
377.0
346.0
373.0
325.0
366.0
540.0
332.0
395.0
336.0
360.0
384.0
466.0
313.0
389.0
334.0
389.0
403.0
316.0
448.0
530.0
281.0
332.0
332.0
345.0
608.0
286.0
388.0
355.0
418.0
321.0
287.0
406.0
299.0
317.0
575.0
325.0
258.0
470.0
472.0
296.0
367.0
421.0
324.0
473.0
371.0
320.0
288.0
448.0
311.0
426.0
367.0
460.0
329.0
267.0
405.0
321.0
435.0
515.0
325.0
411.0
339.0
473.0
322.0
544.0
516.0
390.0
426.0
388.0
412.0
376.0
410.0
264.0
357.0
459.0
392.0
450.0
359.0
423.0
471.0
412.0
383.0
283.0
377.0
341.0
390.0
338.0
320.0
373.0
392.0
432.0
328.0
450.0
445.0
332.0
423.0
406.0
295.0
413.0
392.0
392.0
505.0
232.0
259.0
275.0
415.0
243.0
285.0
366.0
365.0
373.0
347.0
351.0
282.0
270.0
408.0
406.0
418.0
504.0
453.0
475.0
492.0
367.0
339.0
539.0
323.0
423.0
1141.0
292.0
415.0
366.0
454.0
273.0
386.0
401.0
302.0
425.0
498.0
279.0
405.0
400.0
366.0
300.0
480.0
326.0
399.0
395.0
290.0
365.0
378.0
262.0
424.0
338.0
346.0
345.0
385.0
495.0
382.0
367.0
305.0
552.0
442.0
395.0
351.0
396.0
433.0
463.0
345.0
431.0
334.0
348.0
372.0
422.0
301.0
335.0
317.0
562.0
424.0
328.0
481.0
313.0
507.0
539.0
307.0
360.0
412.0
518.0
297.0
517.0
267.0
352.0
435.0
465.0
314.0
393.0
299.0
336.0
275.0
416.0
312.0
286.0
408.0
427.0
417.0
301.0
413.0
388.0
356.0
286.0
323.0
356.0
430.0
421.0
403.0
506.0
430.0
399.0
313.0
356.0
477.0
194.0
314.0
414.0
386.0
448.0
333.0
287.0
460.0
550.0
386.0
426.0
441.0
357.0
393.0
298.0
356.0
394.0
352.0
226.0
409.0
482.0
424.0
331.0
347.0
461.0
389.0
443.0
382.0
320.0
477.0
402.0
382.0
394.0
503.0
344.0
345.0
465.0
570.0
416.0
446.0
424.0
379.0
347.0
353.0
496.0
335.0
407.0
348.0
254.0
346.0
519.0
458.0
395.0
350.0
415.0
455.0
358.0
493.0
482.0
354.0
352.0
364.0
426.0
429.0
470.0
436.0
389.0
472.0
323.0
539.0
283.0
260.0
348.0
410.0
389.0
318.0
437.0
459.0
250.0
443.0
503.0
368.0
273.0
335.0
454.0
462.0
299.0
533.0
385.0
349.0
364.0
359.0
375.0
346.0
419.0
234.0
452.0
320.0
376.0
368.0
367.0
446.0
368.0
463.0
342.0
405.0
564.0
488.0
255.0
435.0
309.0
365.0
418.0
441.0
401.0
315.0
358.0
352.0
314.0
311.0
288.0
429.0
344.0
407.0
341.0
288.0
314.0
367.0
313.0
511.0
330.0
485.0
447.0
497.0
456.0
438.0
356.0
318.0
324.0
381.0
430.0
297.0
332.0
358.0
370.0
318.0
459.0
328.0
364.0
441.0
550.0
350.0
478.0
266.0
401.0
214.0
297.0
496.0
321.0
527.0
582.0
290.0
369.0
418.0
336.0
478.0
337.0
426.0
292.0
376.0
488.0
364.0
449.0
334.0
417.0
379.0
469.0
419.0
388.0
443.0
444.0
316.0
292.0
529.0
409.0
314.0
334.0
279.0
350.0
412.0
480.0
296.0
419.0
410.0
588.0
365.0
407.0
330.0
325.0
334.0
321.0
400.0
345.0
341.0
384.0
403.0
396.0
326.0
372.0
312.0
304.0
311.0
254.0
563.0
341.0
414.0
263.0
423.0
363.0
339.0
355.0
332.0
411.0
301.0
323.0
411.0
294.0
317.0
288.0
414.0
334.0
370.0
383.0
473.0
456.0
444.0
247.0
466.0
455.0
462.0
466.0
427.0
353.0
340.0
325.0
373.0
338.0
448.0
319.0
458.0
445.0
320.0
361.0
389.0
335.0
575.0
468.0
512.0
357.0
329.0
243.0
334.0
456.0
440.0
455.0
514.0
425.0
416.0
423.0
393.0
487.0
360.0
506.0
384.0
344.0
370.0
392.0
448.0
325.0
390.0
280.0
340.0
362.0
683.0
348.0
631.0
291.0
385.0
324.0
439.0
428.0
291.0
365.0
411.0
309.0
453.0
335.0
358.0
312.0
248.0
338.0
588.0
408.0
361.0
323.0
312.0
360.0
424.0
351.0
358.0
417.0
322.0
391.0
358.0
505.0
329.0
314.0
457.0
451.0
348.0
414.0
322.0
369.0
458.0
470.0
218.0
389.0
383.0
416.0
415.0
388.0
424.0
488.0
463.0
422.0
276.0
436.0
567.0
417.0
514.0
416.0
360.0
452.0
434.0
349.0
401.0
551.0
411.0
294.0
320.0
486.0
470.0
416.0
382.0
470.0
758.0
480.0
553.0
395.0
277.0
385.0
393.0
341.0
445.0
481.0
330.0
274.0
518.0
336.0
376.0
371.0
346.0
412.0
354.0
441.0
414.0
437.0
364.0
409.0
464.0
298.0
488.0
413.0
427.0
304.0
199.0
391.0
403.0
432.0
309.0
306.0
509.0
291.0
379.0
364.0
430.0
430.0
318.0
286.0
412.0
284.0
238.0
466.0
359.0
321.0
414.0
447.0
426.0
355.0
468.0
383.0
317.0
441.0
367.0
435.0
412.0
375.0
306.0
421.0
732.0
493.0
400.0
368.0
387.0
386.0
377.0
592.0
393.0
398.0
402.0
408.0
283.0
406.0
243.0
609.0
465.0
326.0
554.0
278.0
319.0
456.0
308.0
356.0
433.0
448.0
457.0
566.0
486.0
392.0
436.0
379.0
394.0
463.0
269.0
403.0
316.0
479.0
440.0
442.0
261.0
364.0
412.0
275.0
404.0
388.0
413.0
391.0
549.0
378.0
382.0
388.0
386.0
395.0
363.0
293.0
385.0
437.0
403.0
428.0
499.0
372.0
433.0
323.0
413.0
269.0
359.0
412.0
496.0
389.0
384.0
396.0
398.0
494.0
352.0
317.0
446.0
415.0
444.0
314.0
351.0
253.0
367.0
439.0
311.0
436.0
382.0
309.0
300.0
287.0
360.0
333.0
348.0
482.0
546.0
301.0
297.0
465.0
282.0
424.0
402.0
302.0
445.0
499.0
358.0
275.0
339.0
380.0
315.0
313.0
446.0
383.0
303.0
386.0
286.0
401.0
486.0
300.0
409.0
471.0
345.0
287.0
378.0
401.0
445.0
424.0
313.0
389.0
545.0
431.0
411.0
357.0
461.0
298.0
471.0
512.0
263.0
342.0
316.0
352.0
426.0
372.0
410.0
693.0
368.0
415.0
492.0
380.0
431.0
257.0
402.0
421.0
393.0
288.0
377.0
446.0
323.0
413.0
305.0
442.0
428.0
367.0
445.0
422.0
464.0
376.0
359.0
366.0
305.0
456.0
506.0
402.0
482.0
393.0
321.0
322.0
334.0
389.0
280.0
314.0
311.0
455.0
381.0
367.0
360.0
323.0
459.0
462.0
306.0
413.0
253.0
471.0
422.0
303.0
460.0
424.0
443.0
299.0
320.0
380.0
389.0
500.0
333.0
458.0
408.0
377.0
351.0
377.0
449.0
498.0
406.0
395.0
349.0
306.0
262.0
310.0
339.0
386.0
454.0
533.0
420.0
288.0
661.0
236.0
416.0
290.0
274.0
407.0
343.0
467.0
468.0
516.0
425.0
372.0
464.0
304.0
378.0
466.0
356.0
419.0
376.0
369.0
410.0
361.0
503.0
440.0
707.0
342.0
1008.0
326.0
468.0
268.0
295.0
389.0
401.0
406.0
293.0
314.0
352.0
427.0
299.0
230.0
418.0
371.0
511.0
407.0
265.0
499.0
378.0
323.0
448.0
294.0
247.0
378.0
422.0
361.0
395.0
397.0
331.0
307.0
540.0
380.0
387.0
448.0
349.0
433.0
294.0
516.0
333.0
400.0
393.0
484.0
505.0
391.0
321.0
282.0
325.0
417.0
458.0
553.0
365.0
607.0
373.0
342.0
467.0
402.0
447.0
366.0
552.0
330.0
342.0
293.0
462.0
314.0
390.0
333.0
284.0
285.0
322.0
454.0
294.0
332.0
297.0
322.0
398.0
363.0
384.0
437.0
468.0
399.0
317.0
352.0
366.0
424.0
497.0
457.0
376.0
373.0
242.0
366.0
463.0
383.0
356.0
367.0
391.0
468.0
371.0
428.0
291.0
575.0
490.0
418.0
441.0
308.0
251.0
468.0
357.0
343.0
344.0
329.0
393.0
326.0
419.0
355.0
184.0
338.0
447.0
435.0
439.0
257.0
407.0
483.0
409.0
339.0
422.0
464.0
355.0
485.0
279.0
567.0
414.0
356.0
269.0
250.0
427.0
574.0
320.0
312.0
350.0
362.0
322.0
511.0
343.0
375.0
428.0
543.0
474.0
378.0
280.0
540.0
234.0
350.0
436.0
431.0
361.0
567.0
354.0
407.0
436.0
329.0
361.0
413.0
384.0
420.0
416.0
395.0
264.0
375.0
493.0
399.0
341.0
334.0
348.0
329.0
320.0
407.0
333.0
374.0
306.0
402.0
309.0
428.0
274.0
521.0
288.0
416.0
345.0
487.0
384.0
435.0
427.0
474.0
447.0
314.0
375.0
333.0
418.0
337.0
342.0
474.0
343.0
365.0
322.0
292.0
375.0
377.0
436.0
344.0
286.0
261.0
407.0
327.0
250.0
362.0
492.0
394.0
530.0
409.0
382.0
364.0
283.0
307.0
483.0
262.0
305.0
569.0
504.0
365.0
419.0
432.0
332.0
418.0
449.0
389.0
366.0
396.0
712.0
541.0
325.0
381.0
316.0
392.0
517.0
254.0
417.0
438.0
361.0
464.0
340.0
416.0
334.0
434.0
313.0
350.0
408.0
348.0
638.0
430.0
415.0
290.0
364.0
489.0
360.0
301.0
410.0
528.0
269.0
472.0
362.0
360.0
505.0
409.0
328.0
349.0
391.0
349.0
571.0
413.0
355.0
368.0
330.0
355.0
433.0
307.0
406.0
1012.0
366.0
351.0
472.0
395.0
317.0
321.0
565.0
405.0
329.0
455.0
439.0
371.0
467.0
291.0
308.0
555.0
404.0
400.0
365.0
459.0
413.0
300.0
489.0
271.0
248.0
644.0
259.0
307.0
329.0
415.0
803.0
403.0
407.0
456.0
439.0
427.0
349.0
339.0
292.0
316.0
537.0
375.0
374.0
406.0
338.0
416.0
355.0
362.0
280.0
391.0
637.0
433.0
417.0
440.0
343.0
345.0
501.0
387.0
376.0
328.0
357.0
362.0
395.0
370.0
433.0
315.0
488.0
373.0
477.0
397.0
309.0
407.0
498.0
438.0
391.0
292.0
630.0
380.0
443.0
346.0
348.0
403.0
369.0
387.0
446.0
407.0
319.0
306.0
289.0
449.0
265.0
407.0
354.0
423.0
506.0
250.0
443.0
445.0
410.0
412.0
353.0
348.0
324.0
523.0
519.0
252.0
413.0
581.0
364.0
450.0
506.0
416.0
391.0
308.0
305.0
322.0
286.0
329.0
294.0
387.0
265.0
338.0
486.0
278.0
454.0
357.0
370.0
279.0
334.0
280.0
507.0
390.0
439.0
374.0
345.0
561.0
449.0
362.0
410.0
315.0
322.0
400.0
322.0
321.0
305.0
460.0
478.0
401.0
564.0
290.0
353.0
293.0
412.0
437.0
445.0
325.0
548.0
372.0
396.0
476.0
328.0
380.0
341.0
404.0
283.0
393.0
424.0
460.0
449.0
279.0
378.0
460.0
333.0
360.0
397.0
412.0
363.0
334.0
352.0
376.0
394.0
426.0
369.0
432.0
588.0
290.0
339.0
334.0
258.0
341.0
336.0
336.0
324.0
242.0
354.0
438.0
397.0
384.0
352.0
532.0
308.0
281.0
485.0
506.0
295.0
399.0
408.0
375.0
353.0
369.0
540.0
401.0
415.0
402.0
378.0
338.0
348.0
431.0
464.0
279.0
313.0
478.0
207.0
410.0
375.0
317.0
416.0
407.0
329.0
312.0
380.0
300.0
339.0
342.0
365.0
470.0
414.0
509.0
444.0
270.0
376.0
351.0
381.0
262.0
437.0
373.0
293.0
356.0
440.0
453.0
283.0
398.0
294.0
325.0
369.0
455.0
455.0
371.0
505.0
452.0
398.0
433.0
480.0
407.0
348.0
306.0
450.0
298.0
401.0
442.0
398.0
299.0
344.0
398.0
417.0
313.0
541.0
339.0
520.0
485.0
391.0
240.0
353.0
410.0
384.0
499.0
335.0
497.0
368.0
420.0
480.0
347.0
369.0
262.0
339.0
347.0
400.0
357.0
329.0
684.0
525.0
271.0
443.0
310.0
447.0
330.0
342.0
485.0
402.0
477.0
401.0
436.0
356.0
438.0
440.0
425.0
460.0
402.0
350.0
364.0
388.0
341.0
454.0
346.0
421.0
420.0
396.0
274.0
410.0
444.0
343.0
327.0
493.0
382.0
414.0
326.0
322.0
433.0
443.0
368.0
430.0
405.0
431.0
356.0
355.0
481.0
347.0
368.0
401.0
388.0
360.0
345.0
330.0
330.0
455.0
388.0
527.0
409.0
260.0
342.0
484.0
351.0
438.0
371.0
587.0
307.0
418.0
383.0
488.0
353.0
399.0
534.0
278.0
467.0
389.0
496.0
336.0
318.0
384.0
365.0
414.0
558.0
481.0
431.0
336.0
351.0
442.0
471.0
477.0
611.0
327.0
348.0
394.0
420.0
347.0
541.0
446.0
267.0
390.0
307.0
492.0
378.0
414.0
512.0
506.0
352.0
312.0
300.0
353.0
312.0
432.0
381.0
394.0
239.0
413.0
357.0
350.0
380.0
341.0
328.0
489.0
339.0
402.0
385.0
416.0
267.0
452.0
324.0
325.0
440.0
536.0
302.0
471.0
541.0
348.0
405.0
308.0
399.0
288.0
364.0
383.0
298.0
431.0
385.0
300.0
350.0
485.0
414.0
317.0
331.0
365.0
360.0
373.0
563.0
421.0
547.0
362.0
413.0
432.0
466.0
531.0
443.0
373.0
781.0
561.0
407.0
395.0
533.0
275.0
370.0
407.0
470.0
385.0
328.0
351.0
483.0
327.0
435.0
374.0
236.0
407.0
335.0
294.0
394.0
442.0
384.0
244.0
343.0
335.0
350.0
397.0
469.0
376.0
394.0
403.0
502.0
438.0
435.0
350.0
355.0
384.0
259.0
260.0
499.0
332.0
343.0
417.0
394.0
330.0
429.0
450.0
315.0
395.0
391.0
308.0
493.0
361.0
356.0
391.0
350.0
264.0
363.0
458.0
364.0
340.0
334.0
461.0
328.0
303.0
357.0
535.0
306.0
471.0
402.0
391.0
417.0
506.0
317.0
335.0
258.0
407.0
411.0
364.0
211.0
394.0
237.0
602.0
285.0
497.0
440.0
500.0
517.0
319.0
350.0
389.0
445.0
470.0
629.0
556.0
326.0
469.0
361.0
288.0
613.0
389.0
374.0
259.0
419.0
341.0
354.0
381.0
402.0
319.0
511.0
360.0
432.0
457.0
342.0
299.0
386.0
437.0
345.0
473.0
360.0
485.0
269.0
428.0
348.0
381.0
327.0
258.0
358.0
319.0
582.0
550.0
488.0
429.0
492.0
415.0
384.0
411.0
459.0
343.0
469.0
235.0
315.0
310.0
420.0
343.0
451.0
435.0
322.0
349.0
417.0
307.0
344.0
523.0
395.0
341.0
469.0
315.0
487.0
375.0
245.0
339.0
287.0
474.0
497.0
454.0
417.0
312.0
402.0
460.0
448.0
398.0
446.0
417.0
413.0
331.0
374.0
337.0
296.0
411.0
475.0
335.0
306.0
465.0
300.0
352.0
278.0
547.0
417.0
339.0
383.0
484.0
448.0
326.0
446.0
396.0
280.0
342.0
446.0
361.0
454.0
494.0
333.0
378.0
302.0
277.0
392.0
425.0
541.0
410.0
430.0
324.0
430.0
394.0
491.0
398.0
437.0
491.0
422.0
325.0
323.0
426.0
320.0
373.0
417.0
395.0
300.0
378.0
418.0
313.0
491.0
613.0
292.0
462.0
397.0
308.0
499.0
489.0
372.0
392.0
453.0
438.0
352.0
320.0
370.0
397.0
403.0
412.0
476.0
379.0
342.0
399.0
300.0
358.0
369.0
391.0
357.0
307.0
416.0
491.0
420.0
325.0
365.0
339.0
271.0
329.0
264.0
317.0
333.0
435.0
511.0
293.0
423.0
470.0
265.0
428.0
339.0
304.0
275.0
285.0
368.0
383.0
468.0
361.0
497.0
456.0
333.0
373.0
405.0
422.0
424.0
402.0
650.0
542.0
306.0
331.0
338.0
291.0
341.0
401.0
542.0
267.0
442.0
330.0
366.0
355.0
337.0
369.0
350.0
409.0
224.0
333.0
430.0
420.0
477.0
478.0
453.0
292.0
424.0
250.0
396.0
298.0
421.0
478.0
343.0
443.0
402.0
368.0
341.0
381.0
392.0
311.0
438.0
402.0
383.0
459.0
375.0
394.0
278.0
404.0
395.0
426.0
446.0
343.0
474.0
397.0
414.0
433.0
379.0
399.0
320.0
429.0
305.0
562.0
381.0
346.0
313.0
535.0
476.0
515.0
287.0
347.0
445.0
323.0
448.0
333.0
350.0
291.0
384.0
372.0
600.0
559.0
405.0
300.0
290.0
397.0
346.0
446.0
478.0
350.0
509.0
361.0
494.0
308.0
399.0
408.0
401.0
416.0
559.0
418.0
346.0
282.0
318.0
406.0
378.0
456.0
368.0
424.0
334.0
232.0
322.0
470.0
418.0
361.0
578.0
412.0
399.0
361.0
419.0
379.0
325.0
341.0
379.0
328.0
343.0
256.0
533.0
376.0
416.0
377.0
361.0
338.0
449.0
293.0
469.0
343.0
276.0
376.0
427.0
416.0
449.0
416.0
432.0
362.0
405.0
351.0
415.0
294.0
392.0
386.0
502.0
542.0
460.0
369.0
436.0
368.0
345.0
343.0
365.0
543.0
302.0
291.0
399.0
272.0
287.0
290.0
415.0
525.0
278.0
419.0
315.0
422.0
406.0
373.0
426.0
256.0
669.0
460.0
466.0
451.0
267.0
390.0
402.0
458.0
525.0
453.0
240.0
427.0
355.0
423.0
385.0
352.0
476.0
542.0
431.0
358.0
542.0
463.0
464.0
329.0
356.0
364.0
375.0
354.0
384.0
372.0
342.0
466.0
466.0
489.0
222.0
483.0
397.0
416.0
451.0
448.0
358.0
396.0
322.0
587.0
315.0
362.0
520.0
341.0
483.0
353.0
367.0
370.0
638.0
383.0
369.0
234.0
476.0
403.0
338.0
359.0
269.0
393.0
371.0
367.0
329.0
392.0
503.0
335.0
366.0
1239.0
458.0
618.0
378.0
332.0
279.0
295.0
442.0
383.0
365.0
425.0
276.0
358.0
352.0
367.0
338.0
297.0
373.0
341.0
333.0
326.0
445.0
398.0
290.0
488.0
417.0
427.0
503.0
591.0
464.0
355.0
338.0
371.0
339.0
235.0
370.0
346.0
443.0
320.0
428.0
260.0
314.0
514.0
488.0
459.0
368.0
304.0
395.0
581.0
269.0
292.0
493.0
532.0
477.0
385.0
385.0
466.0
334.0
372.0
353.0
513.0
280.0
374.0
376.0
367.0
374.0
351.0
557.0
637.0
432.0
321.0
494.0
302.0
483.0
354.0
453.0
284.0
310.0
456.0
519.0
452.0
324.0
392.0
253.0
409.0
335.0
468.0
313.0
474.0
330.0
338.0
472.0
383.0
302.0
376.0
326.0
450.0
283.0
355.0
407.0
388.0
378.0
391.0
348.0
534.0
477.0
421.0
339.0
523.0
337.0
497.0
457.0
296.0
372.0
381.0
363.0
304.0
266.0
374.0
318.0
474.0
315.0
285.0
352.0
465.0
222.0
460.0
326.0
469.0
336.0
369.0
341.0
517.0
370.0
373.0
344.0
430.0
463.0
423.0
595.0
283.0
366.0
243.0
443.0
307.0
407.0
371.0
510.0
629.0
466.0
363.0
396.0
326.0
430.0
466.0
362.0
518.0
334.0
323.0
330.0
341.0
416.0
341.0
422.0
352.0
338.0
418.0
452.0
456.0
345.0
290.0
503.0
461.0
477.0
450.0
642.0
423.0
425.0
453.0
238.0
423.0
252.0
393.0
383.0
320.0
232.0
358.0
309.0
334.0
412.0
364.0
460.0
351.0
340.0
399.0
294.0
428.0
414.0
356.0
414.0
408.0
385.0
391.0
463.0
428.0
374.0
378.0
433.0
465.0
387.0
505.0
575.0
353.0
396.0
367.0
422.0
513.0
421.0
335.0
336.0
489.0
295.0
442.0
233.0
459.0
475.0
325.0
362.0
289.0
392.0
347.0
340.0
426.0
457.0
526.0
433.0
417.0
409.0
431.0
314.0
368.0
394.0
393.0
322.0
454.0
344.0
314.0
442.0
313.0
364.0
460.0
401.0
360.0
368.0
463.0
312.0
482.0
447.0
311.0
458.0
382.0
510.0
387.0
394.0
392.0
284.0
258.0
341.0
305.0
445.0
300.0
251.0
392.0
366.0
454.0
315.0
318.0
326.0
438.0
597.0
494.0
347.0
439.0
387.0
323.0
262.0
401.0
436.0
371.0
373.0
404.0
376.0
472.0
566.0
381.0
374.0
411.0
579.0
421.0
452.0
354.0
304.0
508.0
424.0
240.0
305.0
378.0
335.0
353.0
344.0
415.0
284.0
326.0
382.0
371.0
356.0
443.0
362.0
361.0
279.0
300.0
414.0
453.0
445.0
438.0
342.0
301.0
366.0
435.0
439.0
541.0
282.0
318.0
447.0
365.0
334.0
400.0
453.0
463.0
356.0
419.0
357.0
412.0
318.0
383.0
483.0
351.0
264.0
455.0
336.0
313.0
432.0
379.0
451.0
246.0
290.0
330.0
574.0
505.0
289.0
400.0
475.0
455.0
447.0
390.0
454.0
525.0
340.0
437.0
391.0
458.0
428.0
331.0
320.0
310.0
368.0
407.0
402.0
366.0
381.0
239.0
310.0
465.0
321.0
465.0
398.0
395.0
415.0
401.0
394.0
439.0
373.0
437.0
397.0
627.0
338.0
588.0
243.0
447.0
409.0
516.0
323.0
403.0
412.0
326.0
349.0
311.0
287.0
305.0
272.0
255.0
345.0
398.0
325.0
422.0
325.0
390.0
462.0
330.0
443.0
383.0
409.0
491.0
339.0
324.0
385.0
340.0
462.0
446.0
454.0
362.0
434.0
379.0
507.0
353.0
416.0
499.0
320.0
383.0
391.0
255.0
382.0
393.0
396.0
327.0
332.0
336.0
262.0
281.0
279.0
340.0
553.0
446.0
445.0
393.0
620.0
372.0
350.0
295.0
373.0
645.0
533.0
363.0
308.0
466.0
353.0
488.0
438.0
504.0
404.0
431.0
338.0
383.0
290.0
334.0
392.0
341.0
374.0
369.0
300.0
448.0
391.0
196.0
489.0
321.0
506.0
415.0
384.0
436.0
332.0
481.0
395.0
375.0
351.0
378.0
311.0
425.0
454.0
505.0
526.0
445.0
296.0
338.0
286.0
404.0
581.0
397.0
370.0
254.0
382.0
279.0
481.0
333.0
351.0
404.0
413.0
273.0
405.0
462.0
305.0
274.0
329.0
246.0
342.0
461.0
429.0
419.0
269.0
504.0
454.0
355.0
387.0
428.0
293.0
383.0
325.0
319.0
478.0
435.0
463.0
333.0
316.0
428.0
328.0
350.0
411.0
413.0
250.0
707.0
617.0
421.0
552.0
379.0
304.0
350.0
401.0
377.0
444.0
345.0
314.0
408.0
490.0
478.0
186.0
392.0
324.0
343.0
640.0
376.0
459.0
268.0
526.0
321.0
394.0
439.0
323.0
364.0
442.0
423.0
292.0
350.0
406.0
366.0
415.0
350.0
381.0
365.0
472.0
256.0
339.0
424.0
340.0
416.0
405.0
286.0
330.0
279.0
422.0
437.0
471.0
429.0
424.0
553.0
427.0
458.0
359.0
299.0
380.0
262.0
428.0
322.0
331.0
418.0
398.0
345.0
480.0
368.0
431.0
495.0
370.0
258.0
377.0
279.0
287.0
283.0
341.0
368.0
474.0
1101.0
366.0
484.0
557.0
356.0
437.0
371.0
241.0
380.0
408.0
340.0
313.0
469.0
379.0
436.0
591.0
537.0
380.0
425.0
357.0
450.0
408.0
488.0
375.0
246.0
374.0
371.0
457.0
349.0
439.0
583.0
413.0
335.0
424.0
547.0
442.0
376.0
200.0
382.0
418.0
437.0
406.0
345.0
289.0
290.0
374.0
477.0
331.0
425.0
357.0
455.0
380.0
322.0
372.0
429.0
514.0
458.0
417.0
356.0
331.0
493.0
391.0
313.0
366.0
484.0
328.0
385.0
331.0
434.0
481.0
250.0
419.0
320.0
436.0
468.0
353.0
435.0
375.0
339.0
442.0
371.0
433.0
419.0
595.0
300.0
429.0
393.0
361.0
334.0
313.0
443.0
318.0
343.0
534.0
228.0
245.0
380.0
343.0
312.0
303.0
365.0
404.0
550.0
370.0
400.0
408.0
378.0
236.0
362.0
338.0
409.0
282.0
437.0
449.0
284.0
324.0
448.0
414.0
345.0
433.0
374.0
292.0
461.0
282.0
266.0
286.0
366.0
361.0
534.0
605.0
326.0
380.0
362.0
368.0
425.0
340.0
456.0
333.0
561.0
494.0
399.0
385.0
204.0
395.0
257.0
662.0
274.0
390.0
460.0
389.0
384.0
435.0
484.0
369.0
395.0
353.0
869.0
362.0
311.0
431.0
334.0
339.0
358.0
288.0
451.0
455.0
387.0
465.0
248.0
478.0
424.0
330.0
405.0
658.0
480.0
361.0
335.0
473.0
614.0
444.0
360.0
374.0
432.0
339.0
373.0
503.0
390.0
351.0
403.0
396.0
515.0
445.0
339.0
509.0
586.0
366.0
300.0
316.0
277.0
382.0
421.0
730.0
326.0
388.0
435.0
435.0
646.0
347.0
282.0
480.0
402.0
416.0
262.0
420.0
255.0
297.0
374.0
232.0
442.0
309.0
344.0
303.0
323.0
453.0
328.0
468.0
317.0
323.0
305.0
368.0
363.0
470.0
371.0
358.0
522.0
332.0
384.0
331.0
343.0
381.0
408.0
369.0
450.0
386.0
422.0
323.0
429.0
333.0
470.0
448.0
355.0
384.0
404.0
388.0
776.0
396.0
348.0
310.0
337.0
438.0
323.0
449.0
404.0
324.0
381.0
367.0
453.0
439.0
564.0
282.0
401.0
322.0
384.0
419.0
424.0
266.0
328.0
359.0
393.0
461.0
351.0
300.0
345.0
416.0
369.0
413.0
322.0
347.0
573.0
481.0
338.0
402.0
304.0
372.0
427.0
455.0
403.0
359.0
358.0
453.0
393.0
279.0
1332.0
504.0
340.0
418.0
281.0
388.0
277.0
406.0
376.0
476.0
399.0
379.0
408.0
400.0
400.0
424.0
312.0
448.0
265.0
371.0
397.0
329.0
299.0
375.0
373.0
229.0
274.0
363.0
430.0
416.0
267.0
403.0
404.0
338.0
503.0
405.0
339.0
414.0
458.0
492.0
406.0
668.0
365.0
605.0
373.0
306.0
324.0
272.0
384.0
349.0
255.0
385.0
455.0
331.0
303.0
342.0
355.0
443.0
583.0
253.0
393.0
406.0
415.0
504.0
353.0
325.0
373.0
490.0
344.0
302.0
335.0
473.0
307.0
408.0
378.0
297.0
434.0
350.0
315.0
535.0
340.0
502.0
461.0
637.0
161.0
392.0
364.0
286.0
312.0
319.0
459.0
520.0
360.0
315.0
328.0
503.0
385.0
328.0
286.0
323.0
550.0
443.0
383.0
286.0
422.0
350.0
533.0
468.0
249.0
362.0
407.0
196.0
391.0
391.0
361.0
520.0
419.0
386.0
364.0
268.0
377.0
409.0
400.0
269.0
533.0
360.0
338.0
342.0
412.0
557.0
382.0
406.0
340.0
400.0
313.0
345.0
550.0
396.0
385.0
473.0
515.0
415.0
333.0
564.0
315.0
391.0
546.0
370.0
539.0
304.0
432.0
381.0
345.0
342.0
316.0
374.0
419.0
294.0
443.0
318.0
372.0
373.0
391.0
371.0
424.0
318.0
391.0
289.0
377.0
319.0
352.0
424.0
362.0
415.0
434.0
257.0
449.0
254.0
661.0
265.0
329.0
357.0
390.0
298.0
414.0
374.0
438.0
381.0
384.0
532.0
553.0
498.0
353.0
431.0
418.0
482.0
397.0
540.0
327.0
403.0
261.0
370.0
446.0
511.0
407.0
397.0
282.0
537.0
512.0
372.0
314.0
347.0
365.0
411.0
317.0
368.0
409.0
502.0
273.0
551.0
294.0
198.0
310.0
310.0
333.0
263.0
314.0
226.0
355.0
341.0
324.0
449.0
376.0
372.0
379.0
240.0
463.0
866.0
574.0
352.0
441.0
457.0
368.0
455.0
487.0
337.0
394.0
335.0
358.0
675.0
374.0
268.0
420.0
419.0
245.0
473.0
413.0
349.0
344.0
291.0
505.0
451.0
389.0
291.0
517.0
478.0
304.0
353.0
450.0
391.0
379.0
354.0
465.0
312.0
421.0
507.0
353.0
594.0
503.0
329.0
427.0
397.0
361.0
387.0
321.0
372.0
340.0
318.0
380.0
454.0
284.0
457.0
339.0
314.0
365.0
410.0
432.0
462.0
432.0
460.0
334.0
340.0
460.0
440.0
365.0
291.0
467.0
318.0
394.0
333.0
518.0
304.0
430.0
385.0
329.0
341.0
466.0
291.0
460.0
396.0
291.0
361.0
310.0
413.0
475.0
297.0
298.0
398.0
306.0
503.0
333.0
347.0
298.0
300.0
400.0
538.0
519.0
459.0
374.0
507.0
414.0
481.0
381.0
403.0
307.0
387.0
504.0
331.0
334.0
342.0
361.0
364.0
363.0
344.0
488.0
417.0
372.0
410.0
390.0
431.0
521.0
541.0
317.0
409.0
370.0
418.0
390.0
427.0
432.0
361.0
338.0
398.0
307.0
316.0
375.0
412.0
591.0
409.0
366.0
320.0
406.0
553.0
420.0
288.0
435.0
438.0
446.0
354.0
623.0
324.0
310.0
453.0
331.0
470.0
395.0
298.0
356.0
314.0
467.0
396.0
438.0
461.0
366.0
466.0
277.0
327.0
471.0
349.0
430.0
287.0
406.0
297.0
257.0
415.0
471.0
547.0
427.0
384.0
319.0
402.0
387.0
375.0
351.0
288.0
382.0
476.0
351.0
347.0
656.0
391.0
311.0
437.0
281.0
544.0
403.0
502.0
451.0
298.0
335.0
323.0
339.0
397.0
515.0
421.0
342.0
432.0
323.0
315.0
385.0
493.0
393.0
412.0
264.0
660.0
434.0
354.0
340.0
361.0
481.0
336.0
405.0
366.0
310.0
259.0
549.0
401.0
338.0
315.0
322.0
347.0
367.0
271.0
479.0
276.0
446.0
371.0
287.0
323.0
340.0
385.0
357.0
805.0
445.0
574.0
387.0
440.0
422.0
508.0
293.0
531.0
286.0
542.0
380.0
483.0
625.0
323.0
438.0
546.0
281.0
360.0
395.0
509.0
514.0
373.0
308.0
332.0
293.0
477.0
264.0
422.0
326.0
433.0
471.0
411.0
380.0
288.0
423.0
306.0
224.0
279.0
308.0
3239.0
396.0
336.0
271.0
423.0
380.0
446.0
340.0
527.0
390.0
401.0
326.0
441.0
374.0
249.0
241.0
342.0
558.0
289.0
307.0
450.0
391.0
321.0
468.0
431.0
221.0
626.0
256.0
370.0
460.0
277.0
397.0
495.0
337.0
262.0
637.0
416.0
343.0
277.0
634.0
320.0
442.0
230.0
266.0
363.0
398.0
393.0
350.0
483.0
413.0
531.0
492.0
411.0
373.0
374.0
344.0
343.0
291.0
328.0
273.0
362.0
339.0
357.0
386.0
361.0
376.0
481.0
432.0
425.0
352.0
444.0
324.0
475.0
718.0
358.0
319.0
305.0
342.0
492.0
290.0
417.0
536.0
404.0
658.0
335.0
304.0
291.0
356.0
474.0
428.0
413.0
396.0
321.0
447.0
397.0
423.0
501.0
352.0
251.0
630.0
395.0
316.0
276.0
355.0
458.0
332.0
348.0
370.0
386.0
276.0
372.0
308.0
308.0
336.0
420.0
273.0
349.0
340.0
300.0
273.0
417.0
413.0
225.0
360.0
366.0
514.0
398.0
324.0
418.0
506.0
1104.0
321.0
555.0
321.0
355.0
401.0
428.0
407.0
385.0
337.0
344.0
303.0
353.0
554.0
355.0
431.0
393.0
378.0
317.0
468.0
424.0
298.0
428.0
499.0
345.0
356.0
264.0
437.0
431.0
300.0
328.0
398.0
309.0
420.0
431.0
390.0
509.0
533.0
446.0
402.0
398.0
307.0
284.0
476.0
345.0
535.0
426.0
302.0
328.0
292.0
456.0
315.0
322.0
492.0
395.0
406.0
314.0
575.0
486.0
316.0
432.0
564.0
313.0
348.0
359.0
317.0
303.0
402.0
453.0
405.0
403.0
399.0
425.0
574.0
347.0
259.0
271.0
382.0
407.0
355.0
322.0
414.0
443.0
374.0
347.0
330.0
292.0
334.0
485.0
327.0
351.0
428.0
501.0
537.0
422.0
470.0
501.0
309.0
344.0
368.0
481.0
425.0
370.0
495.0
331.0
429.0
322.0
257.0
342.0
332.0
245.0
395.0
365.0
318.0
385.0
255.0
460.0
528.0
345.0
399.0
438.0
488.0
426.0
455.0
330.0
461.0
283.0
326.0
357.0
443.0
372.0
297.0
271.0
631.0
280.0
361.0
322.0
567.0
276.0
569.0
321.0
389.0
292.0
423.0
306.0
328.0
398.0
309.0
728.0
472.0
370.0
339.0
329.0
344.0
403.0
387.0
308.0
430.0
365.0
480.0
278.0
382.0
445.0
364.0
392.0
358.0
369.0
394.0
323.0
295.0
371.0
367.0
328.0
355.0
333.0
456.0
348.0
486.0
462.0
297.0
287.0
317.0
348.0
449.0
365.0
302.0
445.0
409.0
383.0
345.0
445.0
362.0
456.0
343.0
468.0
314.0
504.0
373.0
489.0
439.0
401.0
340.0
262.0
422.0
345.0
361.0
379.0
479.0
402.0
572.0
329.0
385.0
303.0
425.0
400.0
360.0
315.0
480.0
305.0
381.0
269.0
396.0
330.0
361.0
360.0
549.0
358.0
328.0
407.0
397.0
358.0
319.0
415.0
311.0
315.0
356.0
443.0
385.0
384.0
422.0
325.0
377.0
465.0
435.0
397.0
383.0
375.0
240.0
469.0
287.0
371.0
327.0
382.0
449.0
365.0
316.0
448.0
254.0
465.0
283.0
384.0
266.0
324.0
293.0
530.0
311.0
577.0
356.0
381.0
405.0
514.0
520.0
373.0
382.0
378.0
525.0
316.0
439.0
348.0
347.0
381.0
521.0
422.0
356.0
310.0
329.0
407.0
315.0
471.0
267.0
331.0
421.0
401.0
312.0
401.0
343.0
426.0
430.0
466.0
335.0
417.0
496.0
364.0
298.0
343.0
532.0
305.0
233.0
400.0
295.0
335.0
395.0
282.0
415.0
369.0
295.0
364.0
427.0
361.0
462.0
385.0
294.0
458.0
425.0
331.0
380.0
568.0
449.0
376.0
386.0
391.0
347.0
644.0
389.0
380.0
350.0
537.0
312.0
357.0
343.0
409.0
363.0
418.0
431.0
373.0
317.0
317.0
241.0
381.0
663.0
388.0
308.0
285.0
433.0
396.0
332.0
338.0
622.0
414.0
410.0
385.0
444.0
396.0
288.0
369.0
376.0
301.0
386.0
368.0
555.0
457.0
448.0
364.0
434.0
333.0
358.0
489.0
311.0
424.0
363.0
457.0
381.0
475.0
249.0
406.0
325.0
336.0
474.0
351.0
280.0
407.0
380.0
316.0
261.0
431.0
487.0
442.0
496.0
303.0
271.0
472.0
375.0
307.0
427.0
405.0
312.0
379.0
345.0
325.0
330.0
358.0
380.0
568.0
297.0
260.0
291.0
402.0
463.0
462.0
345.0
359.0
222.0
540.0
361.0
461.0
424.0
371.0
383.0
330.0
381.0
518.0
307.0
573.0
347.0
566.0
335.0
389.0
369.0
289.0
504.0
490.0
508.0
407.0
344.0
435.0
436.0
384.0
415.0
319.0
497.0
340.0
765.0
323.0
334.0
297.0
354.0
296.0
448.0
269.0
332.0
413.0
261.0
497.0
476.0
764.0
456.0
327.0
399.0
341.0
342.0
509.0
351.0
517.0
421.0
291.0
702.0
488.0
662.0
320.0
380.0
329.0
467.0
296.0
320.0
365.0
416.0
495.0
282.0
329.0
348.0
303.0
364.0
288.0
433.0
348.0
352.0
409.0
257.0
291.0
379.0
417.0
335.0
298.0
286.0
371.0
479.0
285.0
390.0
416.0
414.0
383.0
304.0
684.0
327.0
359.0
464.0
282.0
419.0
379.0
449.0
463.0
462.0
511.0
256.0
324.0
383.0
553.0
336.0
436.0
360.0
328.0
336.0
234.0
391.0
504.0
296.0
467.0
294.0
648.0
406.0
397.0
373.0
549.0
443.0
405.0
471.0
513.0
582.0
255.0
324.0
1150.0
487.0
426.0
297.0
413.0
379.0
376.0
332.0
1693.0
231.0
322.0
424.0
485.0
365.0
311.0
428.0
416.0
447.0
350.0
436.0
288.0
413.0
338.0
290.0
457.0
468.0
572.0
442.0
509.0
393.0
479.0
405.0
349.0
295.0
376.0
765.0
295.0
268.0
411.0
345.0
339.0
410.0
365.0
632.0
442.0
451.0
404.0
437.0
424.0
400.0
272.0
416.0
355.0
384.0
293.0
373.0
272.0
302.0
492.0
561.0
331.0
421.0
500.0
365.0
336.0
261.0
335.0
461.0
278.0
534.0
330.0
422.0
547.0
332.0
273.0
404.0
586.0
397.0
300.0
434.0
449.0
360.0
310.0
416.0
292.0
298.0
412.0
310.0
436.0
473.0
439.0
315.0
473.0
260.0
509.0
594.0
307.0
589.0
404.0
362.0
410.0
354.0
346.0
314.0
559.0
281.0
333.0
368.0
466.0
305.0
346.0
383.0
342.0
327.0
463.0
331.0
495.0
385.0
279.0
348.0
328.0
327.0
370.0
366.0
392.0
564.0
548.0
447.0
511.0
361.0
523.0
534.0
307.0
307.0
467.0
337.0
405.0
378.0
320.0
380.0
657.0
347.0
311.0
308.0
348.0
467.0
448.0
309.0
314.0
386.0
418.0
248.0
369.0
482.0
314.0
374.0
351.0
481.0
503.0
329.0
585.0
208.0
301.0
341.0
874.0
355.0
382.0
328.0
362.0
592.0
378.0
386.0
354.0
441.0
493.0
534.0
365.0
350.0
288.0
404.0
433.0
336.0
446.0
261.0
335.0
291.0
417.0
421.0
251.0
458.0
324.0
267.0
386.0
507.0
368.0
383.0
410.0
501.0
359.0
266.0
297.0
356.0
293.0
278.0
280.0
375.0
463.0
610.0
359.0
323.0
311.0
397.0
349.0
367.0
366.0
474.0
420.0
342.0
356.0
317.0
355.0
402.0
318.0
484.0
339.0
497.0
668.0
399.0
316.0
320.0
284.0
389.0
391.0
441.0
395.0
260.0
568.0
390.0
307.0
253.0
348.0
375.0
419.0
1044.0
301.0
421.0
423.0
394.0
417.0
315.0
319.0
313.0
447.0
327.0
325.0
328.0
319.0
382.0
531.0
333.0
521.0
345.0
433.0
404.0
477.0
226.0
351.0
553.0
400.0
349.0
400.0
389.0
572.0
505.0
367.0
559.0
454.0
533.0
397.0
281.0
275.0
346.0
344.0
493.0
246.0
437.0
348.0
352.0
439.0
476.0
366.0
402.0
349.0
1430.0
393.0
292.0
371.0
384.0
239.0
390.0
344.0
379.0
230.0
467.0
346.0
240.0
483.0
371.0
318.0
483.0
369.0
512.0
428.0
283.0
384.0
369.0
278.0
384.0
377.0
334.0
511.0
388.0
323.0
341.0
428.0
368.0
600.0
469.0
492.0
360.0
414.0
339.0
281.0
329.0
340.0
394.0
217.0
327.0
311.0
463.0
503.0
187.0
395.0
617.0
279.0
546.0
343.0
283.0
463.0
330.0
302.0
293.0
320.0
332.0
368.0
415.0
306.0
318.0
382.0
293.0
400.0
284.0
501.0
361.0
352.0
353.0
271.0
397.0
303.0
287.0
430.0
330.0
356.0
359.0
836.0
463.0
577.0
355.0
363.0
405.0
530.0
620.0
537.0
346.0
353.0
451.0
505.0
325.0
410.0
291.0
301.0
414.0
440.0
313.0
300.0
332.0
339.0
374.0
445.0
390.0
217.0
394.0
394.0
404.0
487.0
519.0
482.0
266.0
285.0
421.0
357.0
422.0
477.0
394.0
289.0
400.0
615.0
379.0
320.0
414.0
360.0
236.0
453.0
443.0
424.0
475.0
364.0
353.0
351.0
441.0
747.0
373.0
355.0
301.0
358.0
301.0
295.0
358.0
355.0
574.0
464.0
292.0
361.0
287.0
420.0
300.0
304.0
656.0
505.0
229.0
366.0
281.0
389.0
280.0
264.0
466.0
405.0
522.0
298.0
498.0
297.0
376.0
595.0
383.0
303.0
387.0
380.0
258.0
539.0
465.0
410.0
269.0
470.0
343.0
413.0
444.0
457.0
363.0
276.0
690.0
423.0
396.0
483.0
489.0
404.0
403.0
433.0
363.0
297.0
441.0
287.0
335.0
321.0
452.0
379.0
309.0
434.0
322.0
277.0
472.0
364.0
319.0
529.0
477.0
511.0
415.0
488.0
385.0
413.0
358.0
422.0
316.0
391.0
306.0
294.0
329.0
336.0
336.0
360.0
409.0
314.0
401.0
359.0
427.0
250.0
357.0
296.0
399.0
1006.0
385.0
259.0
319.0
337.0
427.0
353.0
446.0
515.0
374.0
518.0
296.0
527.0
297.0
429.0
368.0
351.0
236.0
352.0
233.0
431.0
347.0
378.0
386.0
251.0
525.0
307.0
414.0
330.0
488.0
496.0
249.0
257.0
324.0
402.0
331.0
285.0
464.0
393.0
349.0
399.0
376.0
212.0
416.0
705.0
363.0
283.0
301.0
234.0
372.0
525.0
535.0
350.0
263.0
274.0
405.0
371.0
443.0
382.0
364.0
306.0
406.0
499.0
209.0
527.0
384.0
346.0
374.0
361.0
365.0
304.0
450.0
385.0
315.0
384.0
391.0
316.0
358.0
394.0
360.0
424.0
461.0
311.0
533.0
364.0
400.0
331.0
379.0
324.0
423.0
339.0
312.0
394.0
382.0
299.0
327.0
921.0
310.0
390.0
438.0
345.0
313.0
366.0
417.0
351.0
321.0
317.0
311.0
337.0
276.0
386.0
385.0
269.0
540.0
229.0
374.0
486.0
259.0
292.0
455.0
479.0
253.0
404.0
471.0
283.0
451.0
307.0
556.0
340.0
269.0
361.0
345.0
330.0
357.0
502.0
329.0
327.0
408.0
290.0
344.0
262.0
327.0
345.0
581.0
275.0
466.0
249.0
432.0
442.0
398.0
299.0
441.0
398.0
395.0
463.0
391.0
308.0
427.0
335.0
316.0
279.0
447.0
427.0
410.0
328.0
319.0
351.0
406.0
266.0
416.0
301.0
364.0
335.0
381.0
663.0
457.0
508.0
455.0
285.0
535.0
396.0
326.0
378.0
459.0
521.0
403.0
352.0
305.0
498.0
466.0
265.0
459.0
406.0
327.0
498.0
298.0
330.0
277.0
665.0
223.0
370.0
345.0
440.0
289.0
328.0
251.0
368.0
456.0
584.0
332.0
290.0
313.0
428.0
349.0
280.0
339.0
339.0
539.0
341.0
418.0
451.0
363.0
253.0
444.0
432.0
314.0
320.0
420.0
332.0
418.0
344.0
308.0
311.0
290.0
544.0
280.0
386.0
335.0
420.0
406.0
422.0
371.0
410.0
540.0
561.0
327.0
382.0
337.0
370.0
352.0
336.0
384.0
660.0
355.0
317.0
423.0
488.0
290.0
373.0
547.0
377.0
333.0
669.0
423.0
293.0
241.0
403.0
492.0
333.0
296.0
504.0
403.0
335.0
634.0
491.0
267.0
374.0
674.0
347.0
419.0
458.0
461.0
395.0
298.0
417.0
327.0
449.0
560.0
425.0
408.0
434.0
424.0
359.0
392.0
302.0
389.0
321.0
349.0
393.0
422.0
437.0
499.0
456.0
328.0
342.0
403.0
281.0
280.0
297.0
444.0
827.0
310.0
705.0
387.0
488.0
413.0
368.0
526.0
334.0
402.0
252.0
439.0
457.0
435.0
536.0
370.0
294.0
236.0
374.0
311.0
421.0
293.0
442.0
468.0
426.0
383.0
373.0
376.0
309.0
420.0
350.0
364.0
431.0
389.0
345.0
383.0
317.0
549.0
423.0
304.0
348.0
331.0
286.0
682.0
448.0
283.0
325.0
507.0
384.0
581.0
436.0
456.0
532.0
578.0
281.0
343.0
522.0
296.0
235.0
511.0
409.0
447.0
357.0
375.0
535.0
366.0
733.0
318.0
389.0
554.0
652.0
719.0
401.0
491.0
298.0
349.0
430.0
376.0
334.0
335.0
368.0
387.0
316.0
362.0
303.0
339.0
329.0
513.0
343.0
334.0
278.0
458.0
435.0
528.0
738.0
523.0
329.0
327.0
470.0
311.0
494.0
388.0
317.0
256.0
425.0
349.0
548.0
494.0
299.0
286.0
247.0
422.0
449.0
318.0
389.0
527.0
299.0
461.0
299.0
310.0
397.0
331.0
477.0
422.0
599.0
466.0
486.0
488.0
523.0
414.0
356.0
358.0
468.0
311.0
339.0
402.0
306.0
303.0
459.0
620.0
323.0
435.0
1536.0
386.0
581.0
402.0
433.0
424.0
328.0
280.0
769.0
422.0
370.0
548.0
350.0
495.0
470.0
393.0
397.0
350.0
371.0
591.0
635.0
396.0
420.0
336.0
397.0
405.0
355.0
568.0
309.0
367.0
299.0
390.0
548.0
390.0
456.0
484.0
364.0
377.0
403.0
450.0
434.0
511.0
356.0
461.0
360.0
284.0
287.0
449.0
355.0
487.0
425.0
303.0
458.0
338.0
298.0
365.0
467.0
429.0
431.0
282.0
374.0
397.0
487.0
328.0
300.0
369.0
420.0
416.0
555.0
270.0
318.0
353.0
332.0
473.0
316.0
325.0
283.0
398.0
471.0
415.0
435.0
647.0
322.0
293.0
791.0
320.0
498.0
304.0
419.0
281.0
447.0
350.0
423.0
235.0
296.0
743.0
477.0
442.0
372.0
334.0
434.0
403.0
236.0
379.0
370.0
472.0
506.0
286.0
561.0
335.0
441.0
362.0
445.0
312.0
413.0
430.0
369.0
293.0
365.0
321.0
364.0
491.0
426.0
619.0
311.0
517.0
345.0
332.0
415.0
450.0
375.0
737.0
269.0
274.0
357.0
412.0
646.0
319.0
499.0
424.0
320.0
329.0
461.0
410.0
347.0
386.0
391.0
443.0
366.0
419.0
373.0
378.0
405.0
291.0
458.0
372.0
269.0
257.0
387.0
458.0
265.0
431.0
406.0
611.0
421.0
304.0
248.0
323.0
497.0
287.0
326.0
475.0
387.0
592.0
273.0
282.0
354.0
514.0
323.0
569.0
408.0
323.0
557.0
406.0
338.0
371.0
433.0
381.0
299.0
481.0
346.0
337.0
548.0
402.0
385.0
327.0
388.0
201.0
383.0
345.0
454.0
525.0
497.0
419.0
476.0
338.0
422.0
441.0
406.0
347.0
282.0
325.0
345.0
334.0
331.0
266.0
434.0
309.0
268.0
364.0
444.0
446.0
321.0
360.0
317.0
533.0
508.0
377.0
268.0
408.0
523.0
430.0
308.0
358.0
374.0
451.0
588.0
405.0
443.0
399.0
303.0
319.0
294.0
245.0
385.0
446.0
496.0
387.0
317.0
383.0
289.0
291.0
422.0
507.0
392.0
313.0
508.0
325.0
393.0
321.0
436.0
378.0
526.0
314.0
248.0
434.0
363.0
412.0
488.0
248.0
459.0
500.0
417.0
289.0
350.0
456.0
465.0
290.0
432.0
260.0
481.0
453.0
421.0
368.0
313.0
337.0
573.0
303.0
250.0
503.0
389.0
452.0
432.0
533.0
340.0
305.0
405.0
333.0
308.0
352.0
470.0
335.0
249.0
339.0
371.0
349.0
374.0
285.0
350.0
354.0
279.0
466.0
399.0
346.0
193.0
296.0
407.0
366.0
301.0
463.0
312.0
435.0
382.0
303.0
321.0
414.0
294.0
437.0
434.0
486.0
459.0
521.0
385.0
418.0
592.0
295.0
476.0
332.0
329.0
610.0
380.0
420.0
301.0
390.0
311.0
412.0
359.0
420.0
298.0
334.0
394.0
287.0
491.0
311.0
329.0
267.0
454.0
382.0
287.0
462.0
435.0
295.0
291.0
274.0
369.0
269.0
556.0
402.0
448.0
511.0
369.0
339.0
369.0
361.0
585.0
392.0
453.0
506.0
340.0
344.0
344.0
373.0
443.0
438.0
432.0
332.0
364.0
356.0
332.0
800.0
468.0
352.0
425.0
384.0
432.0
299.0
361.0
318.0
313.0
593.0
356.0
493.0
330.0
427.0
361.0
307.0
356.0
351.0
279.0
373.0
380.0
405.0
447.0
358.0
329.0
363.0
327.0
385.0
529.0
295.0
378.0
358.0
326.0
381.0
440.0
418.0
357.0
385.0
282.0
450.0
499.0
516.0
409.0
397.0
282.0
444.0
380.0
609.0
291.0
379.0
334.0
367.0
380.0
281.0
357.0
511.0
391.0
389.0
388.0
343.0
472.0
306.0
346.0
266.0
329.0
366.0
386.0
480.0
378.0
331.0
434.0
342.0
439.0
454.0
451.0
353.0
324.0
336.0
373.0
405.0
365.0
378.0
371.0
602.0
297.0
357.0
328.0
316.0
710.0
405.0
303.0
305.0
394.0
330.0
474.0
287.0
577.0
363.0
435.0
372.0
376.0
298.0
527.0
339.0
336.0
508.0
360.0
354.0
381.0
272.0
338.0
416.0
316.0
461.0
349.0
382.0
342.0
370.0
408.0
372.0
410.0
387.0
326.0
380.0
357.0
523.0
572.0
351.0
441.0
294.0
280.0
280.0
437.0
409.0
384.0
389.0
295.0
488.0
298.0
498.0
353.0
365.0
398.0
549.0
359.0
430.0
504.0
267.0
395.0
227.0
329.0
373.0
235.0
335.0
324.0
453.0
476.0
341.0
472.0
339.0
210.0
385.0
425.0
283.0
463.0
298.0
573.0
315.0
330.0
283.0
620.0
482.0
323.0
469.0
383.0
362.0
493.0
511.0
304.0
529.0
328.0
467.0
333.0
380.0
397.0
464.0
228.0
314.0
517.0
383.0
360.0
322.0
266.0
302.0
292.0
544.0
474.0
273.0
383.0
341.0
331.0
397.0
293.0
345.0
345.0
548.0
520.0
381.0
389.0
456.0
597.0
431.0
289.0
447.0
414.0
443.0
694.0
277.0
394.0
257.0
416.0
275.0
410.0
417.0
423.0
288.0
476.0
369.0
359.0
295.0
419.0
344.0
369.0
294.0
341.0
325.0
389.0
555.0
340.0
430.0
414.0
383.0
405.0
869.0
422.0
370.0
340.0
353.0
503.0
727.0
320.0
266.0
590.0
371.0
265.0
349.0
297.0
371.0
372.0
282.0
360.0
267.0
341.0
338.0
389.0
236.0
334.0
503.0
415.0
359.0
299.0
410.0
414.0
286.0
572.0
297.0
360.0
411.0
446.0
368.0
399.0
411.0
338.0
861.0
375.0
492.0
395.0
409.0
486.0
504.0
242.0
394.0
326.0
537.0
315.0
621.0
320.0
243.0
421.0
359.0
379.0
284.0
276.0
333.0
323.0
539.0
448.0
402.0
375.0
422.0
411.0
312.0
313.0
319.0
422.0
419.0
348.0
349.0
504.0
399.0
233.0
442.0
284.0
662.0
475.0
440.0
549.0
639.0
446.0
308.0
292.0
444.0
376.0
313.0
456.0
341.0
487.0
279.0
261.0
280.0
463.0
394.0
406.0
413.0
295.0
353.0
318.0
323.0
562.0
338.0
291.0
454.0
444.0
369.0
288.0
393.0
317.0
284.0
324.0
417.0
370.0
426.0
309.0
572.0
498.0
294.0
415.0
460.0
304.0
490.0
407.0
351.0
316.0
323.0
434.0
412.0
355.0
376.0
326.0
1106.0
335.0
292.0
315.0
410.0
480.0
444.0
524.0
542.0
335.0
427.0
534.0
507.0
453.0
237.0
321.0
365.0
392.0
402.0
413.0
473.0
457.0
413.0
443.0
376.0
539.0
1142.0
708.0
331.0
454.0
452.0
556.0
347.0
336.0
290.0
377.0
361.0
349.0
310.0
308.0
398.0
385.0
360.0
362.0
379.0
481.0
316.0
459.0
362.0
385.0
533.0
285.0
460.0
290.0
576.0
539.0
475.0
362.0
303.0
412.0
377.0
311.0
310.0
439.0
377.0
324.0
337.0
421.0
476.0
435.0
416.0
339.0
449.0
280.0
354.0
355.0
450.0
297.0
381.0
450.0
336.0
379.0
373.0
322.0
391.0
296.0
614.0
330.0
520.0
683.0
387.0
446.0
352.0
428.0
411.0
273.0
293.0
324.0
436.0
334.0
287.0
509.0
337.0
393.0
337.0
479.0
501.0
387.0
559.0
458.0
512.0
348.0
406.0
440.0
365.0
413.0
472.0
411.0
345.0
290.0
550.0
424.0
446.0
253.0
434.0
470.0
332.0
517.0
375.0
406.0
500.0
631.0
385.0
606.0
358.0
353.0
357.0
289.0
409.0
553.0
384.0
298.0
568.0
386.0
289.0
222.0
448.0
542.0
492.0
374.0
411.0
352.0
302.0
306.0
337.0
698.0
347.0
240.0
248.0
502.0
465.0
399.0
354.0
368.0
420.0
362.0
264.0
384.0
265.0
282.0
365.0
354.0
316.0
505.0
350.0
439.0
385.0
412.0
261.0
299.0
401.0
410.0
546.0
345.0
272.0
614.0
387.0
335.0
483.0
346.0
301.0
308.0
351.0
469.0
473.0
341.0
378.0
350.0
312.0
392.0
437.0
708.0
463.0
515.0
354.0
384.0
272.0
545.0
468.0
472.0
569.0
354.0
492.0
518.0
416.0
427.0
516.0
379.0
380.0
328.0
310.0
475.0
348.0
723.0
362.0
371.0
441.0
402.0
438.0
388.0
311.0
443.0
422.0
390.0
630.0
373.0
390.0
406.0
507.0
372.0
339.0
462.0
337.0
318.0
474.0
398.0
370.0
507.0
419.0
331.0
384.0
463.0
329.0
364.0
394.0
358.0
414.0
401.0
290.0
363.0
425.0
337.0
341.0
446.0
408.0
344.0
372.0
289.0
323.0
313.0
260.0
313.0
373.0
464.0
286.0
322.0
409.0
462.0
347.0
424.0
316.0
502.0
241.0
395.0
376.0
412.0
230.0
761.0
342.0
437.0
347.0
317.0
351.0
427.0
279.0
468.0
377.0
390.0
479.0
422.0
461.0
357.0
355.0
332.0
341.0
439.0
322.0
512.0
346.0
422.0
479.0
330.0
403.0
246.0
563.0
467.0
450.0
441.0
550.0
369.0
290.0
369.0
352.0
397.0
366.0
590.0
340.0
412.0
363.0
412.0
319.0
333.0
461.0
518.0
429.0
301.0
547.0
322.0
526.0
391.0
391.0
475.0
429.0
338.0
443.0
326.0
500.0
394.0
339.0
471.0
370.0
420.0
292.0
304.0
430.0
421.0
537.0
239.0
461.0
448.0
448.0
393.0
363.0
349.0
326.0
463.0
433.0
421.0
319.0
337.0
406.0
478.0
391.0
357.0
283.0
449.0
350.0
359.0
322.0
430.0
419.0
369.0
420.0
235.0
446.0
418.0
309.0
312.0
353.0
510.0
344.0
369.0
383.0
258.0
314.0
479.0
452.0
426.0
561.0
421.0
568.0
319.0
320.0
319.0
299.0
400.0
318.0
420.0
407.0
407.0
340.0
336.0
288.0
494.0
542.0
312.0
216.0
331.0
365.0
336.0
416.0
270.0
510.0
300.0
303.0
485.0
363.0
443.0
324.0
468.0
334.0
312.0
386.0
323.0
514.0
377.0
465.0
334.0
457.0
357.0
494.0
331.0
366.0
311.0
350.0
349.0
326.0
438.0
400.0
425.0
440.0
440.0
452.0
441.0
496.0
395.0
260.0
401.0
421.0
350.0
335.0
253.0
331.0
412.0
311.0
482.0
442.0
524.0
331.0
395.0
347.0
506.0
494.0
380.0
424.0
463.0
305.0
388.0
430.0
349.0
448.0
383.0
287.0
299.0
399.0
339.0
402.0
392.0
446.0
351.0
365.0
355.0
288.0
519.0
473.0
483.0
276.0
399.0
530.0
352.0
338.0
369.0
432.0
294.0
341.0
482.0
464.0
404.0
358.0
402.0
466.0
320.0
341.0
385.0
396.0
424.0
362.0
451.0
311.0
344.0
334.0
386.0
397.0
351.0
403.0
320.0
413.0
384.0
441.0
536.0
445.0
486.0
295.0
387.0
449.0
308.0
422.0
473.0
380.0
488.0
430.0
435.0
260.0
404.0
329.0
382.0
388.0
499.0
477.0
370.0
456.0
364.0
528.0
496.0
327.0
383.0
390.0
525.0
497.0
329.0
432.0
617.0
405.0
297.0
411.0
402.0
386.0
351.0
412.0
344.0
509.0
419.0
447.0
264.0
436.0
384.0
451.0
408.0
307.0
308.0
275.0
346.0
388.0
414.0
304.0
368.0
221.0
324.0
344.0
439.0
546.0
342.0
489.0
334.0
402.0
434.0
388.0
565.0
401.0
523.0
313.0
484.0
362.0
299.0
489.0
390.0
457.0
301.0
266.0
441.0
336.0
455.0
498.0
269.0
829.0
453.0
431.0
477.0
450.0
252.0
442.0
376.0
556.0
431.0
402.0
434.0
374.0
280.0
346.0
378.0
413.0
335.0
479.0
485.0
251.0
302.0
442.0
372.0
267.0
361.0
436.0
437.0
510.0
375.0
432.0
371.0
308.0
430.0
355.0
415.0
313.0
405.0
455.0
328.0
431.0
288.0
404.0
479.0
295.0
313.0
289.0
371.0
343.0
242.0
470.0
444.0
384.0
438.0
306.0
268.0
392.0
296.0
306.0
387.0
481.0
388.0
397.0
377.0
415.0
418.0
461.0
383.0
366.0
331.0
303.0
356.0
449.0
353.0
330.0
469.0
358.0
295.0
646.0
463.0
502.0
401.0
415.0
231.0
431.0
530.0
290.0
521.0
287.0
448.0
272.0
432.0
326.0
444.0
251.0
510.0
305.0
388.0
363.0
301.0
530.0
349.0
257.0
356.0
436.0
476.0
410.0
274.0
507.0
275.0
419.0
316.0
353.0
444.0
354.0
420.0
403.0
440.0
285.0
347.0
333.0
381.0
432.0
425.0
348.0
273.0
293.0
223.0
376.0
358.0
444.0
387.0
494.0
350.0
373.0
378.0
327.0
348.0
317.0
465.0
339.0
326.0
330.0
370.0
343.0
378.0
512.0
409.0
451.0
292.0
376.0
308.0
396.0
291.0
302.0
438.0
310.0
410.0
299.0
425.0
336.0
320.0
413.0
475.0
409.0
485.0
404.0
277.0
269.0
444.0
384.0
303.0
383.0
355.0
440.0
321.0
425.0
489.0
725.0
306.0
460.0
473.0
379.0
284.0
355.0
351.0
446.0
312.0
363.0
488.0
560.0
371.0
339.0
314.0
300.0
326.0
354.0
306.0
393.0
390.0
1309.0
350.0
386.0
357.0
290.0
332.0
444.0
450.0
373.0
295.0
637.0
624.0
508.0
577.0
447.0
293.0
396.0
337.0
442.0
386.0
274.0
488.0
370.0
418.0
341.0
410.0
304.0
408.0
437.0
375.0
387.0
397.0
400.0
330.0
561.0
344.0
309.0
381.0
418.0
366.0
377.0
293.0
333.0
359.0
363.0
429.0
381.0
376.0
403.0
330.0
422.0
486.0
289.0
333.0
451.0
535.0
475.0
358.0
355.0
476.0
363.0
394.0
351.0
291.0
582.0
305.0
323.0
293.0
399.0
270.0
341.0
517.0
290.0
464.0
368.0
371.0
249.0
371.0
364.0
314.0
396.0
411.0
321.0
312.0
364.0
314.0
531.0
441.0
419.0
437.0
678.0
455.0
375.0
405.0
470.0
507.0
383.0
417.0
393.0
313.0
331.0
344.0
418.0
327.0
455.0
507.0
406.0
407.0
354.0
286.0
349.0
388.0
404.0
413.0
767.0
466.0
343.0
288.0
352.0
267.0
400.0
351.0
346.0
494.0
416.0
449.0
407.0
494.0
314.0
384.0
301.0
352.0
353.0
371.0
445.0
384.0
366.0
380.0
287.0
549.0
329.0
300.0
374.0
400.0
353.0
331.0
414.0
387.0
412.0
559.0
478.0
423.0
326.0
487.0
325.0
318.0
408.0
489.0
301.0
398.0
360.0
363.0
430.0
547.0
387.0
396.0
273.0
361.0
501.0
467.0
432.0
475.0
274.0
366.0
358.0
379.0
412.0
264.0
335.0
300.0
336.0
444.0
362.0
400.0
298.0
412.0
738.0
312.0
371.0
395.0
494.0
366.0
533.0
546.0
426.0
325.0
441.0
409.0
381.0
397.0
319.0
518.0
325.0
314.0
305.0
561.0
409.0
357.0
366.0
468.0
414.0
445.0
389.0
462.0
346.0
359.0
508.0
328.0
466.0
383.0
369.0
343.0
300.0
372.0
468.0
363.0
484.0
491.0
411.0
405.0
450.0
439.0
428.0
453.0
333.0
302.0
299.0
450.0
305.0
467.0
451.0
387.0
338.0
409.0
319.0
313.0
332.0
313.0
382.0
517.0
476.0
552.0
436.0
446.0
417.0
400.0
481.0
491.0
334.0
267.0
315.0
573.0
326.0
399.0
354.0
538.0
270.0
574.0
468.0
466.0
399.0
567.0
249.0
616.0
383.0
551.0
322.0
352.0
277.0
438.0
361.0
392.0
251.0
353.0
404.0
259.0
302.0
509.0
403.0
448.0
420.0
305.0
460.0
405.0
428.0
463.0
297.0
534.0
269.0
350.0
473.0
431.0
333.0
328.0
283.0
431.0
362.0
468.0
380.0
288.0
326.0
434.0
291.0
360.0
385.0
440.0
458.0
489.0
268.0
382.0
297.0
315.0
409.0
286.0
319.0
355.0
372.0
535.0
321.0
368.0
316.0
443.0
413.0
469.0
331.0
282.0
381.0
271.0
386.0
346.0
258.0
467.0
392.0
433.0
445.0
275.0
495.0
287.0
527.0
271.0
398.0
448.0
366.0
313.0
462.0
268.0
685.0
295.0
283.0
398.0
499.0
358.0
318.0
440.0
369.0
390.0
319.0
391.0
442.0
454.0
371.0
532.0
601.0
332.0
498.0
658.0
317.0
380.0
408.0
454.0
363.0
601.0
386.0
326.0
386.0
356.0
520.0
336.0
933.0
590.0
319.0
315.0
433.0
304.0
430.0
498.0
399.0
455.0
354.0
309.0
318.0
500.0
381.0
390.0
370.0
401.0
384.0
505.0
397.0
517.0
342.0
322.0
273.0
449.0
507.0
407.0
421.0
479.0
358.0
377.0
376.0
318.0
332.0
359.0
293.0
450.0
332.0
451.0
463.0
327.0
293.0
389.0
323.0
395.0
358.0
481.0
360.0
403.0
421.0
366.0
454.0
379.0
299.0
386.0
306.0
495.0
322.0
347.0
399.0
396.0
434.0
288.0
505.0
451.0
367.0
375.0
320.0
531.0
321.0
409.0
393.0
293.0
239.0
505.0
490.0
499.0
334.0
347.0
485.0
388.0
415.0
474.0
309.0
573.0
423.0
370.0
523.0
232.0
369.0
405.0
589.0
377.0
389.0
550.0
324.0
556.0
314.0
331.0
322.0
350.0
387.0
389.0
309.0
610.0
328.0
306.0
498.0
320.0
624.0
482.0
334.0
362.0
427.0
338.0
409.0
317.0
497.0
432.0
710.0
323.0
253.0
405.0
273.0
306.0
370.0
352.0
355.0
381.0
490.0
402.0
439.0
359.0
526.0
463.0
458.0
398.0
388.0
428.0
347.0
422.0
375.0
403.0
443.0
293.0
515.0
339.0
369.0
439.0
290.0
432.0
480.0
320.0
838.0
555.0
317.0
459.0
278.0
406.0
371.0
376.0
259.0
499.0
424.0
371.0
236.0
414.0
280.0
466.0
433.0
353.0
390.0
320.0
445.0
443.0
432.0
427.0
374.0
378.0
348.0
495.0
421.0
450.0
527.0
376.0
421.0
435.0
419.0
361.0
353.0
440.0
303.0
322.0
478.0
348.0
541.0
382.0
443.0
301.0
369.0
364.0
357.0
401.0
375.0
493.0
296.0
291.0
452.0
369.0
336.0
449.0
284.0
281.0
328.0
571.0
344.0
581.0
375.0
445.0
324.0
353.0
479.0
349.0
403.0
359.0
328.0
384.0
359.0
335.0
438.0
449.0
371.0
401.0
395.0
399.0
449.0
437.0
428.0
456.0
454.0
407.0
389.0
389.0
422.0
411.0
443.0
403.0
298.0
596.0
526.0
446.0
512.0
358.0
471.0
413.0
395.0
343.0
446.0
391.0
329.0
383.0
437.0
377.0
334.0
366.0
531.0
442.0
398.0
486.0
318.0
431.0
368.0
460.0
311.0
451.0
460.0
316.0
482.0
276.0
436.0
370.0
248.0
382.0
412.0
448.0
510.0
398.0
462.0
447.0
366.0
367.0
761.0
365.0
359.0
350.0
321.0
304.0
378.0
396.0
366.0
461.0
494.0
535.0
408.0
348.0
466.0
266.0
414.0
439.0
383.0
398.0
319.0
353.0
546.0
558.0
341.0
406.0
279.0
301.0
411.0
398.0
416.0
410.0
482.0
347.0
289.0
395.0
511.0
372.0
423.0
348.0
229.0
492.0
716.0
420.0
281.0
453.0
750.0
388.0
367.0
358.0
346.0
262.0
366.0
376.0
451.0
388.0
380.0
522.0
349.0
446.0
359.0
395.0
629.0
495.0
391.0
529.0
385.0
450.0
352.0
403.0
349.0
483.0
590.0
288.0
450.0
272.0
344.0
306.0
397.0
363.0
444.0
500.0
250.0
304.0
329.0
285.0
231.0
541.0
230.0
235.0
422.0
398.0
420.0
528.0
402.0
460.0
454.0
593.0
338.0
327.0
379.0
365.0
396.0
472.0
407.0
420.0
324.0
364.0
306.0
486.0
465.0
416.0
383.0
306.0
514.0
367.0
378.0
448.0
508.0
523.0
410.0
351.0
494.0
325.0
486.0
335.0
266.0
302.0
437.0
420.0
339.0
289.0
254.0
371.0
468.0
427.0
487.0
344.0
495.0
427.0
286.0
439.0
416.0
473.0
351.0
346.0
336.0
412.0
472.0
373.0
384.0
370.0
412.0
319.0
476.0
335.0
258.0
421.0
393.0
353.0
353.0
400.0
497.0
352.0
327.0
452.0
265.0
410.0
337.0
284.0
367.0
369.0
388.0
351.0
435.0
317.0
489.0
389.0
298.0
315.0
443.0
345.0
344.0
312.0
554.0
281.0
339.0
325.0
379.0
264.0
279.0
283.0
412.0
344.0
485.0
368.0
630.0
514.0
432.0
381.0
376.0
370.0
367.0
463.0
413.0
330.0
320.0
463.0
354.0
288.0
414.0
406.0
261.0
310.0
423.0
345.0
363.0
369.0
331.0
468.0
319.0
349.0
317.0
256.0
413.0
458.0
485.0
409.0
437.0
406.0
257.0
293.0
367.0
299.0
392.0
357.0
438.0
427.0
274.0
519.0
402.0
398.0
412.0
435.0
440.0
277.0
222.0
348.0
313.0
295.0
297.0
377.0
405.0
406.0
533.0
308.0
379.0
351.0
359.0
299.0
325.0
335.0
427.0
336.0
332.0
377.0
411.0
432.0
485.0
406.0
360.0
344.0
518.0
244.0
332.0
446.0
347.0
320.0
501.0
391.0
424.0
565.0
411.0
491.0
428.0
273.0
350.0
444.0
412.0
335.0
262.0
398.0
384.0
493.0
447.0
1077.0
345.0
238.0
317.0
599.0
394.0
410.0
435.0
394.0
440.0
414.0
320.0
317.0
548.0
486.0
361.0
351.0
486.0
275.0
428.0
460.0
319.0
313.0
339.0
1119.0
280.0
476.0
399.0
335.0
484.0
303.0
325.0
380.0
391.0
404.0
307.0
475.0
267.0
431.0
464.0
418.0
428.0
331.0
368.0
321.0
343.0
428.0
427.0
468.0
354.0
328.0
307.0
242.0
354.0
375.0
371.0
286.0
571.0
408.0
491.0
308.0
395.0
344.0
437.0
410.0
458.0
347.0
417.0
336.0
372.0
343.0
467.0
354.0
483.0
341.0
438.0
567.0
444.0
348.0
495.0
415.0
349.0
300.0
491.0
321.0
371.0
307.0
390.0
438.0
252.0
294.0
350.0
430.0
386.0
372.0
325.0
407.0
398.0
427.0
385.0
354.0
353.0
292.0
408.0
453.0
400.0
328.0
480.0
406.0
428.0
325.0
332.0
522.0
321.0
276.0
354.0
432.0
392.0
327.0
371.0
389.0
429.0
352.0
440.0
501.0
544.0
349.0
482.0
317.0
437.0
662.0
407.0
419.0
501.0
323.0
458.0
483.0
307.0
567.0
493.0
407.0
302.0
348.0
390.0
472.0
319.0
373.0
331.0
332.0
338.0
375.0
435.0
425.0
316.0
305.0
539.0
336.0
341.0
395.0
421.0
338.0
463.0
357.0
411.0
389.0
327.0
318.0
283.0
372.0
341.0
424.0
270.0
497.0
283.0
412.0
352.0
310.0
370.0
253.0
566.0
327.0
431.0
655.0
380.0
440.0
363.0
396.0
426.0
260.0
476.0
438.0
361.0
337.0
419.0
339.0
470.0
335.0
260.0
255.0
382.0
414.0
312.0
276.0
678.0
382.0
470.0
469.0
400.0
344.0
326.0
371.0
422.0
360.0
277.0
416.0
348.0
296.0
441.0
499.0
410.0
397.0
448.0
458.0
469.0
437.0
391.0
292.0
309.0
424.0
536.0
311.0
435.0
358.0
445.0
407.0
568.0
669.0
386.0
313.0
426.0
446.0
592.0
366.0
344.0
427.0
301.0
382.0
348.0
411.0
321.0
441.0
288.0
291.0
514.0
308.0
566.0
394.0
395.0
347.0
364.0
355.0
456.0
324.0
325.0
404.0
328.0
532.0
465.0
476.0
306.0
233.0
351.0
369.0
427.0
374.0
374.0
355.0
379.0
513.0
450.0
445.0
401.0
404.0
299.0
332.0
399.0
674.0
450.0
464.0
394.0
440.0
356.0
534.0
530.0
288.0
385.0
559.0
324.0
329.0
408.0
377.0
399.0
347.0
320.0
409.0
312.0
321.0
405.0
393.0
538.0
433.0
432.0
417.0
415.0
256.0
396.0
359.0
329.0
320.0
345.0
298.0
345.0
280.0
488.0
339.0
373.0
429.0
419.0
445.0
700.0
278.0
445.0
427.0
399.0
381.0
320.0
412.0
294.0
334.0
440.0
447.0
286.0
389.0
400.0
391.0
340.0
317.0
353.0
341.0
450.0
396.0
616.0
293.0
351.0
278.0
304.0
472.0
454.0
458.0
306.0
410.0
344.0
425.0
409.0
373.0
393.0
559.0
384.0
541.0
419.0
399.0
390.0
478.0
444.0
436.0
422.0
497.0
354.0
456.0
322.0
411.0
423.0
424.0
331.0
333.0
431.0
356.0
354.0
462.0
387.0
485.0
350.0
407.0
340.0
473.0
470.0
469.0
457.0
341.0
408.0
413.0
354.0
390.0
431.0
427.0
271.0
400.0
366.0
383.0
422.0
230.0
383.0
450.0
626.0
390.0
471.0
441.0
406.0
252.0
360.0
466.0
340.0
471.0
384.0
410.0
369.0
299.0
366.0
577.0
427.0
301.0
454.0
389.0
532.0
501.0
381.0
563.0
504.0
449.0
315.0
311.0
451.0
382.0
379.0
340.0
471.0
423.0
453.0
432.0
556.0
239.0
539.0
401.0
410.0
515.0
484.0
300.0
271.0
371.0
426.0
344.0
472.0
404.0
270.0
459.0
441.0
387.0
311.0
403.0
504.0
360.0
333.0
399.0
384.0
528.0
384.0
407.0
513.0
299.0
317.0
389.0
376.0
480.0
380.0
414.0
281.0
357.0
359.0
444.0
416.0
329.0
359.0
384.0
349.0
394.0
380.0
357.0
355.0
517.0
427.0
321.0
350.0
308.0
341.0
468.0
379.0
363.0
508.0
589.0
646.0
342.0
493.0
523.0
454.0
391.0
438.0
565.0
305.0
565.0
312.0
529.0
402.0
336.0
627.0
457.0
399.0
322.0
356.0
512.0
331.0
432.0
445.0
402.0
696.0
379.0
364.0
363.0
519.0
464.0
318.0
453.0
308.0
413.0
327.0
317.0
296.0
434.0
497.0
435.0
360.0
511.0
429.0
355.0
441.0
369.0
439.0
454.0
344.0
329.0
765.0
394.0
395.0
434.0
401.0
822.0
386.0
384.0
399.0
505.0
352.0
309.0
622.0
301.0
479.0
419.0
541.0
382.0
392.0
298.0
357.0
414.0
404.0
319.0
363.0
508.0
383.0
358.0
504.0
328.0
503.0
349.0
425.0
403.0
336.0
397.0
328.0
446.0
360.0
267.0
447.0
428.0
395.0
318.0
385.0
539.0
390.0
290.0
422.0
275.0
655.0
369.0
385.0
606.0
585.0
248.0
488.0
408.0
669.0
424.0
437.0
434.0
423.0
247.0
263.0
488.0
293.0
317.0
435.0
447.0
307.0
380.0
323.0
417.0
412.0
444.0
333.0
398.0
510.0
351.0
447.0
348.0
432.0
377.0
332.0
409.0
308.0
455.0
457.0
315.0
475.0
395.0
523.0
270.0
380.0
540.0
358.0
440.0
340.0
399.0
372.0
477.0
291.0
321.0
315.0
542.0
385.0
531.0
412.0
502.0
373.0
485.0
446.0
334.0
433.0
437.0
437.0
335.0
398.0
333.0
457.0
418.0
344.0
304.0
380.0
382.0
347.0
322.0
395.0
758.0
584.0
347.0
451.0
402.0
539.0
284.0
348.0
409.0
490.0
406.0
376.0
324.0
383.0
389.0
545.0
368.0
337.0
374.0
533.0
464.0
467.0
396.0
381.0
376.0
465.0
435.0
332.0
510.0
454.0
371.0
364.0
472.0
362.0
298.0
480.0
448.0
295.0
333.0
473.0
285.0
334.0
470.0
351.0
361.0
418.0
315.0
397.0
413.0
348.0
388.0
436.0
596.0
315.0
265.0
550.0
604.0
446.0
334.0
321.0
349.0
579.0
361.0
431.0
404.0
469.0
283.0
397.0
329.0
343.0
480.0
376.0
333.0
247.0
470.0
328.0
1147.0
500.0
450.0
494.0
396.0
372.0
421.0
359.0
361.0
383.0
370.0
474.0
352.0
308.0
398.0
282.0
419.0
311.0
445.0
417.0
430.0
397.0
303.0
385.0
266.0
304.0
348.0
426.0
459.0
305.0
486.0
384.0
478.0
501.0
425.0
336.0
314.0
503.0
526.0
306.0
336.0
398.0
277.0
501.0
394.0
369.0
332.0
329.0
405.0
401.0
422.0
310.0
333.0
315.0
359.0
576.0
387.0
468.0
292.0
419.0
305.0
386.0
449.0
327.0
308.0
458.0
390.0
284.0
598.0
300.0
336.0
399.0
302.0
424.0
369.0
471.0
410.0
352.0
272.0
481.0
403.0
424.0
449.0
421.0
511.0
281.0
354.0
318.0
418.0
443.0
385.0
243.0
359.0
378.0
366.0
386.0
341.0
430.0
513.0
300.0
307.0
350.0
310.0
393.0
390.0
307.0
445.0
396.0
471.0
282.0
369.0
380.0
344.0
350.0
346.0
518.0
437.0
296.0
290.0
389.0
417.0
358.0
373.0
254.0
306.0
371.0
328.0
409.0
336.0
347.0
300.0
388.0
455.0
335.0
441.0
417.0
316.0
527.0
415.0
362.0
537.0
434.0
481.0
397.0
320.0
408.0
331.0
333.0
250.0
422.0
499.0
330.0
484.0
325.0
305.0
394.0
437.0
329.0
391.0
382.0
289.0
374.0
348.0
326.0
405.0
518.0
487.0
344.0
368.0
291.0
333.0
387.0
470.0
356.0
336.0
449.0
394.0
260.0
767.0
360.0
363.0
403.0
292.0
401.0
335.0
470.0
294.0
497.0
365.0
406.0
294.0
319.0
487.0
397.0
353.0
305.0
366.0
421.0
414.0
362.0
364.0
460.0
293.0
388.0
392.0
330.0
365.0
488.0
258.0
575.0
513.0
420.0
468.0
308.0
474.0
439.0
472.0
283.0
350.0
536.0
503.0
468.0
351.0
269.0
339.0
346.0
345.0
463.0
359.0
389.0
483.0
381.0
386.0
338.0
719.0
307.0
363.0
483.0
409.0
322.0
447.0
276.0
412.0
318.0
399.0
391.0
466.0
366.0
309.0
503.0
322.0
438.0
411.0
450.0
466.0
598.0
430.0
278.0
372.0
314.0
454.0
372.0
339.0
369.0
314.0
304.0
332.0
416.0
337.0
383.0
393.0
289.0
370.0
340.0
555.0
277.0
427.0
350.0
562.0
355.0
312.0
412.0
396.0
386.0
306.0
434.0
408.0
291.0
342.0
475.0
369.0
397.0
331.0
562.0
342.0
405.0
360.0
461.0
420.0
396.0
402.0
527.0
367.0
330.0
383.0
478.0
436.0
273.0
367.0
452.0
342.0
366.0
321.0
362.0
429.0
228.0
382.0
396.0
396.0
395.0
414.0
401.0
423.0
421.0
428.0
301.0
350.0
312.0
399.0
400.0
352.0
334.0
475.0
362.0
498.0
389.0
409.0
257.0
393.0
360.0
349.0
350.0
408.0
518.0
314.0
314.0
365.0
303.0
347.0
258.0
483.0
487.0
253.0
351.0
422.0
489.0
831.0
361.0
409.0
351.0
485.0
481.0
378.0
371.0
503.0
422.0
459.0
397.0
378.0
475.0
369.0
528.0
397.0
277.0
371.0
411.0
403.0
438.0
326.0
461.0
339.0
372.0
436.0
302.0
236.0
360.0
338.0
424.0
418.0
353.0
544.0
477.0
406.0
335.0
421.0
377.0
354.0
341.0
370.0
302.0
317.0
328.0
309.0
460.0
322.0
329.0
373.0
361.0
418.0
360.0
354.0
433.0
621.0
369.0
315.0
446.0
391.0
338.0
497.0
465.0
338.0
433.0
310.0
306.0
303.0
300.0
558.0
411.0
556.0
319.0
295.0
286.0
401.0
501.0
448.0
471.0
397.0
689.0
374.0
523.0
369.0
445.0
305.0
426.0
442.0
303.0
409.0
268.0
394.0
323.0
442.0
462.0
299.0
471.0
563.0
328.0
357.0
455.0
348.0
381.0
477.0
406.0
400.0
479.0
382.0
410.0
337.0
322.0
342.0
508.0
368.0
315.0
254.0
558.0
358.0
412.0
419.0
461.0
331.0
302.0
338.0
479.0
411.0
407.0
246.0
451.0
361.0
450.0
331.0
456.0
529.0
481.0
342.0
340.0
431.0
408.0
356.0
421.0
459.0
314.0
296.0
368.0
372.0
396.0
446.0
394.0
264.0
345.0
367.0
317.0
345.0
486.0
299.0
469.0
413.0
522.0
563.0
340.0
376.0
411.0
358.0
429.0
435.0
510.0
274.0
541.0
390.0
422.0
421.0
424.0
298.0
359.0
344.0
422.0
391.0
369.0
534.0
382.0
549.0
366.0
388.0
282.0
427.0
425.0
526.0
400.0
226.0
353.0
449.0
284.0
311.0
403.0
360.0
353.0
360.0
401.0
420.0
465.0
341.0
567.0
374.0
495.0
803.0
477.0
411.0
466.0
284.0
410.0
344.0
314.0
364.0
319.0
452.0
369.0
343.0
345.0
294.0
343.0
384.0
322.0
378.0
359.0
393.0
416.0
427.0
480.0
411.0
355.0
364.0
356.0
387.0
418.0
419.0
356.0
430.0
423.0
365.0
409.0
421.0
598.0
505.0
573.0
424.0
457.0
320.0
295.0
332.0
400.0
311.0
409.0
348.0
371.0
384.0
449.0
405.0
582.0
346.0
344.0
385.0
375.0
363.0
574.0
272.0
417.0
361.0
366.0
386.0
364.0
316.0
547.0
441.0
488.0
348.0
370.0
608.0
405.0
295.0
409.0
350.0
417.0
499.0
383.0
483.0
384.0
330.0
540.0
342.0
583.0
398.0
564.0
362.0
371.0
332.0
352.0
310.0
421.0
416.0
317.0
389.0
397.0
593.0
358.0
354.0
549.0
484.0
456.0
378.0
264.0
313.0
383.0
401.0
461.0
396.0
537.0
300.0
285.0
393.0
566.0
477.0
362.0
484.0
377.0
368.0
306.0
418.0
470.0
392.0
472.0
404.0
423.0
420.0
348.0
325.0
457.0
376.0
421.0
342.0
442.0
441.0
392.0
343.0
263.0
311.0
397.0
529.0
448.0
447.0
329.0
479.0
452.0
391.0
432.0
436.0
432.0
391.0
282.0
386.0
369.0
541.0
495.0
227.0
316.0
274.0
313.0
404.0
447.0
404.0
342.0
346.0
538.0
363.0
345.0
443.0
417.0
415.0
516.0
396.0
417.0
443.0
580.0
317.0
384.0
598.0
360.0
452.0
264.0
338.0
548.0
400.0
639.0
320.0
374.0
410.0
325.0
339.0
463.0
462.0
373.0
303.0
433.0
319.0
342.0
340.0
486.0
398.0
477.0
571.0
437.0
437.0
370.0
446.0
402.0
468.0
406.0
326.0
358.0
290.0
377.0
429.0
368.0
295.0
472.0
518.0
558.0
487.0
428.0
498.0
440.0
410.0
572.0
364.0
281.0
494.0
444.0
351.0
522.0
742.0
508.0
273.0
293.0
343.0
367.0
416.0
383.0
457.0
336.0
370.0
352.0
335.0
429.0
356.0
466.0
451.0
426.0
380.0
435.0
397.0
345.0
336.0
249.0
427.0
443.0
506.0
308.0
412.0
337.0
392.0
262.0
383.0
285.0
346.0
381.0
626.0
395.0
459.0
307.0
357.0
457.0
343.0
514.0
356.0
324.0
468.0
516.0
489.0
404.0
375.0
330.0
343.0
313.0
445.0
389.0
414.0
305.0
451.0
344.0
449.0
319.0
346.0
382.0
519.0
324.0
401.0
280.0
430.0
377.0
266.0
456.0
416.0
420.0
312.0
443.0
376.0
366.0
390.0
409.0
299.0
310.0
338.0
485.0
400.0
404.0
392.0
371.0
320.0
530.0
543.0
391.0
441.0
337.0
392.0
245.0
361.0
473.0
385.0
438.0
356.0
346.0
335.0
503.0
300.0
365.0
362.0
439.0
384.0
642.0
328.0
552.0
227.0
345.0
487.0
426.0
237.0
381.0
327.0
496.0
576.0
323.0
286.0
325.0
404.0
439.0
496.0
435.0
536.0
362.0
471.0
339.0
325.0
428.0
299.0
302.0
348.0
498.0
308.0
314.0
336.0
348.0
319.0
492.0
398.0
440.0
515.0
347.0
513.0
322.0
352.0
311.0
431.0
327.0
451.0
328.0
484.0
344.0
351.0
388.0
424.0
432.0
366.0
338.0
383.0
283.0
360.0
360.0
431.0
365.0
592.0
393.0
290.0
315.0
476.0
522.0
314.0
348.0
383.0
476.0
361.0
288.0
427.0
613.0
553.0
325.0
346.0
401.0
429.0
351.0
527.0
385.0
483.0
340.0
193.0
398.0
444.0
282.0
590.0
335.0
369.0
288.0
1099.0
407.0
442.0
401.0
326.0
292.0
386.0
376.0
408.0
345.0
464.0
415.0
335.0
500.0
469.0
429.0
345.0
517.0
280.0
371.0
315.0
500.0
380.0
347.0
433.0
468.0
398.0
519.0
407.0
383.0
329.0
483.0
356.0
432.0
361.0
348.0
366.0
320.0
424.0
372.0
528.0
429.0
357.0
439.0
341.0
341.0
469.0
468.0
366.0
314.0
323.0
419.0
546.0
282.0
382.0
462.0
329.0
331.0
467.0
431.0
312.0
374.0
382.0
400.0
473.0
327.0
474.0
345.0
352.0
861.0
479.0
482.0
401.0
427.0
440.0
291.0
367.0
355.0
286.0
401.0
400.0
332.0
454.0
325.0
309.0
522.0
312.0
278.0
461.0
372.0
355.0
393.0
308.0
306.0
380.0
440.0
406.0
449.0
285.0
294.0
407.0
392.0
473.0
388.0
457.0
295.0
331.0
402.0
437.0
481.0
458.0
450.0
382.0
361.0
338.0
410.0
358.0
410.0
342.0
361.0
462.0
340.0
335.0
325.0
482.0
420.0
257.0
502.0
585.0
361.0
363.0
438.0
295.0
393.0
306.0
278.0
586.0
406.0
398.0
288.0
466.0
443.0
355.0
481.0
508.0
334.0
463.0
335.0
249.0
427.0
293.0
443.0
334.0
390.0
558.0
406.0
536.0
376.0
398.0
415.0
309.0
317.0
405.0
412.0
377.0
381.0
374.0
470.0
382.0
316.0
328.0
271.0
318.0
468.0
561.0
367.0
314.0
477.0
366.0
293.0
331.0
341.0
398.0
430.0
211.0
341.0
346.0
397.0
353.0
454.0
501.0
321.0
415.0
449.0
348.0
313.0
448.0
424.0
370.0
311.0
514.0
367.0
295.0
594.0
700.0
389.0
372.0
376.0
294.0
351.0
256.0
433.0
443.0
422.0
261.0
596.0
387.0
360.0
344.0
452.0
345.0
452.0
409.0
435.0
432.0
298.0
503.0
258.0
381.0
424.0
353.0
309.0
271.0
429.0
403.0
322.0
502.0
325.0
351.0
532.0
789.0
337.0
419.0
335.0
341.0
422.0
319.0
346.0
369.0
328.0
522.0
455.0
300.0
488.0
344.0
479.0
470.0
390.0
313.0
422.0
312.0
363.0
394.0
279.0
398.0
396.0
383.0
323.0
391.0
365.0
327.0
437.0
388.0
341.0
345.0
439.0
682.0
337.0
449.0
324.0
534.0
365.0
395.0
457.0
386.0
441.0
551.0
478.0
308.0
321.0
365.0
460.0
400.0
395.0
340.0
431.0
302.0
450.0
412.0
330.0
398.0
335.0
710.0
279.0
415.0
368.0
394.0
570.0
413.0
421.0
338.0
301.0
252.0
272.0
375.0
347.0
445.0
264.0
322.0
261.0
324.0
420.0
531.0
439.0
409.0
428.0
372.0
416.0
517.0
419.0
464.0
400.0
373.0
585.0
428.0
332.0
381.0
407.0
362.0
411.0
461.0
438.0
301.0
1013.0
402.0
529.0
299.0
317.0
346.0
456.0
296.0
344.0
395.0
402.0
417.0
430.0
431.0
297.0
482.0
351.0
319.0
499.0
394.0
330.0
291.0
349.0
398.0
380.0
394.0
486.0
249.0
424.0
503.0
477.0
397.0
383.0
347.0
425.0
340.0
436.0
338.0
438.0
362.0
391.0
327.0
360.0
468.0
387.0
543.0
419.0
260.0
299.0
510.0
398.0
472.0
499.0
336.0
355.0
314.0
549.0
584.0
410.0
384.0
314.0
279.0
326.0
351.0
307.0
483.0
433.0
316.0
407.0
792.0
379.0
367.0
515.0
382.0
322.0
303.0
476.0
370.0
374.0
345.0
338.0
317.0
397.0
484.0
358.0
390.0
332.0
557.0
346.0
304.0
388.0
536.0
427.0
366.0
361.0
355.0
366.0
338.0
495.0
407.0
350.0
277.0
271.0
396.0
448.0
343.0
409.0
472.0
416.0
465.0
445.0
386.0
455.0
395.0
326.0
375.0
391.0
293.0
297.0
419.0
342.0
406.0
552.0
436.0
335.0
419.0
324.0
510.0
399.0
351.0
272.0
481.0
324.0
395.0
410.0
314.0
486.0
477.0
259.0
434.0
457.0
486.0
489.0
329.0
401.0
451.0
437.0
277.0
280.0
461.0
348.0
420.0
387.0
374.0
448.0
405.0
438.0
306.0
291.0
395.0
398.0
443.0
280.0
356.0
458.0
351.0
410.0
333.0
523.0
374.0
408.0
358.0
377.0
452.0
444.0
281.0
470.0
272.0
506.0
320.0
402.0
434.0
437.0
443.0
510.0
388.0
329.0
363.0
389.0
379.0
416.0
650.0
481.0
338.0
382.0
513.0
422.0
396.0
315.0
411.0
366.0
222.0
389.0
358.0
430.0
392.0
389.0
445.0
413.0
473.0
577.0
544.0
316.0
419.0
324.0
436.0
408.0
371.0
413.0
530.0
372.0
413.0
356.0
381.0
459.0
365.0
430.0
376.0
380.0
577.0
369.0
357.0
416.0
337.0
350.0
439.0
358.0
373.0
422.0
382.0
445.0
403.0
464.0
400.0
280.0
569.0
364.0
318.0
374.0
425.0
335.0
411.0
308.0
392.0
396.0
361.0
513.0
358.0
495.0
393.0
540.0
388.0
407.0
356.0
255.0
341.0
297.0
377.0
446.0
341.0
403.0
453.0
507.0
440.0
411.0
379.0
490.0
356.0
448.0
371.0
332.0
373.0
443.0
444.0
426.0
212.0
432.0
440.0
505.0
432.0
369.0
353.0
377.0
402.0
457.0
369.0
494.0
569.0
397.0
300.0
471.0
418.0
351.0
362.0
490.0
466.0
600.0
423.0
447.0
339.0
381.0
335.0
360.0
444.0
419.0
370.0
388.0
394.0
396.0
263.0
353.0
375.0
275.0
392.0
379.0
422.0
627.0
435.0
560.0
439.0
461.0
311.0
298.0
442.0
346.0
386.0
438.0
318.0
279.0
436.0
314.0
287.0
525.0
339.0
382.0
324.0
577.0
368.0
389.0
469.0
387.0
513.0
496.0
395.0
348.0
592.0
454.0
352.0
386.0
330.0
354.0
391.0
407.0
318.0
395.0
303.0
307.0
476.0
323.0
475.0
369.0
447.0
482.0
254.0
412.0
384.0
337.0
469.0
453.0
357.0
336.0
393.0
406.0
309.0
344.0
443.0
355.0
313.0
655.0
469.0
406.0
338.0
386.0
363.0
405.0
356.0
397.0
431.0
414.0
258.0
312.0
452.0
412.0
355.0
354.0
542.0
422.0
533.0
487.0
307.0
295.0
314.0
434.0
227.0
389.0
290.0
393.0
369.0
541.0
394.0
361.0
499.0
441.0
517.0
957.0
372.0
371.0
381.0
415.0
377.0
420.0
452.0
352.0
612.0
281.0
365.0
340.0
429.0
386.0
366.0
380.0
321.0
451.0
547.0
400.0
441.0
276.0
330.0
405.0
378.0
516.0
358.0
344.0
281.0
281.0
569.0
363.0
312.0
462.0
308.0
312.0
352.0
454.0
410.0
434.0
361.0
462.0
514.0
415.0
286.0
336.0
364.0
388.0
599.0
401.0
445.0
352.0
350.0
449.0
343.0
357.0
323.0
423.0
500.0
377.0
372.0
382.0
420.0
387.0
399.0
589.0
485.0
411.0
274.0
415.0
327.0
443.0
234.0
297.0
494.0
489.0
201.0
324.0
424.0
386.0
385.0
498.0
345.0
369.0
465.0
436.0
510.0
333.0
466.0
394.0
349.0
325.0
309.0
357.0
400.0
398.0
342.0
510.0
322.0
514.0
445.0
267.0
473.0
493.0
314.0
419.0
425.0
488.0
485.0
440.0
269.0
396.0
426.0
356.0
577.0
399.0
364.0
344.0
407.0
462.0
284.0
349.0
479.0
319.0
496.0
458.0
322.0
312.0
364.0
395.0
308.0
315.0
572.0
317.0
356.0
358.0
425.0
342.0
380.0
478.0
346.0
348.0
344.0
716.0
459.0
326.0
368.0
449.0
432.0
461.0
332.0
391.0
519.0
586.0
532.0
393.0
314.0
395.0
366.0
493.0
374.0
491.0
362.0
369.0
285.0
317.0
562.0
423.0
571.0
392.0
377.0
578.0
389.0
429.0
399.0
366.0
236.0
364.0
289.0
509.0
449.0
295.0
422.0
457.0
328.0
488.0
346.0
414.0
342.0
439.0
401.0
427.0
476.0
355.0
342.0
373.0
501.0
471.0
429.0
491.0
442.0
383.0
253.0
374.0
321.0
451.0
397.0
422.0
429.0
266.0
399.0
390.0
475.0
395.0
392.0
282.0
407.0
361.0
246.0
465.0
388.0
429.0
568.0
431.0
326.0
454.0
364.0
282.0
414.0
377.0
384.0
630.0
397.0
407.0
424.0
431.0
266.0
463.0
346.0
271.0
354.0
294.0
388.0
364.0
401.0
451.0
370.0
404.0
471.0
422.0
232.0
482.0
334.0
291.0
471.0
554.0
428.0
272.0
332.0
421.0
590.0
423.0
387.0
321.0
358.0
225.0
311.0
630.0
445.0
327.0
440.0
771.0
419.0
409.0
497.0
363.0
436.0
414.0
305.0
312.0
288.0
328.0
446.0
461.0
394.0
366.0
223.0
370.0
480.0
270.0
457.0
342.0
396.0
542.0
361.0
312.0
318.0
578.0
384.0
432.0
387.0
481.0
396.0
368.0
283.0
379.0
416.0
410.0
334.0
452.0
305.0
388.0
323.0
282.0
314.0
395.0
349.0
376.0
388.0
336.0
388.0
348.0
359.0
307.0
272.0
295.0
339.0
334.0
288.0
476.0
451.0
267.0
307.0
481.0
442.0
504.0
378.0
445.0
363.0
560.0
402.0
655.0
449.0
384.0
311.0
411.0
411.0
478.0
348.0
230.0
480.0
293.0
426.0
299.0
384.0
535.0
330.0
396.0
334.0
479.0
401.0
398.0
424.0
602.0
483.0
430.0
467.0
449.0
375.0
374.0
504.0
341.0
320.0
283.0
398.0
520.0
296.0
390.0
366.0
342.0
417.0
386.0
384.0
286.0
451.0
514.0
352.0
328.0
505.0
261.0
419.0
317.0
325.0
385.0
425.0
317.0
386.0
414.0
413.0
481.0
476.0
423.0
390.0
344.0
389.0
335.0
270.0
358.0
447.0
422.0
369.0
418.0
388.0
301.0
469.0
495.0
357.0
449.0
527.0
337.0
375.0
312.0
370.0
427.0
340.0
318.0
331.0
371.0
529.0
517.0
583.0
280.0
383.0
647.0
344.0
343.0
357.0
364.0
376.0
435.0
462.0
362.0
456.0
485.0
472.0
569.0
319.0
360.0
366.0
484.0
299.0
562.0
342.0
357.0
362.0
415.0
282.0
385.0
492.0
431.0
272.0
328.0
409.0
310.0
500.0
373.0
245.0
491.0
473.0
415.0
500.0
469.0
304.0
625.0
306.0
299.0
465.0
435.0
307.0
408.0
422.0
355.0
344.0
367.0
408.0
468.0
383.0
326.0
381.0
487.0
473.0
370.0
316.0
346.0
381.0
329.0
389.0
456.0
478.0
372.0
360.0
431.0
409.0
609.0
368.0
369.0
367.0
395.0
262.0
424.0
334.0
476.0
286.0
397.0
271.0
464.0
435.0
461.0
389.0
422.0
354.0
504.0
637.0
436.0
378.0
425.0
383.0
256.0
361.0
549.0
333.0
393.0
494.0
393.0
436.0
261.0
365.0
592.0
360.0
414.0
445.0
400.0
367.0
277.0
796.0
299.0
350.0
456.0
342.0
457.0
338.0
526.0
334.0
360.0
417.0
277.0
270.0
374.0
392.0
415.0
373.0
374.0
389.0
363.0
516.0
460.0
493.0
426.0
342.0
312.0
493.0
639.0
326.0
380.0
444.0
392.0
418.0
319.0
337.0
410.0
471.0
492.0
384.0
297.0
412.0
326.0
439.0
358.0
343.0
385.0
328.0
398.0
331.0
450.0
496.0
434.0
407.0
461.0
297.0
461.0
266.0
336.0
342.0
371.0
315.0
364.0
650.0
425.0
479.0
451.0
362.0
484.0
387.0
323.0
479.0
370.0
455.0
350.0
481.0
524.0
314.0
342.0
400.0
619.0
470.0
394.0
437.0
394.0
402.0
448.0
487.0
320.0
356.0
255.0
337.0
389.0
339.0
386.0
384.0
445.0
409.0
388.0
423.0
605.0
233.0
325.0
311.0
638.0
412.0
346.0
371.0
433.0
429.0
342.0
429.0
375.0
406.0
451.0
333.0
356.0
339.0
337.0
302.0
283.0
489.0
427.0
339.0
337.0
325.0
417.0
292.0
341.0
364.0
345.0
648.0
367.0
579.0
655.0
454.0
414.0
418.0
422.0
355.0
311.0
393.0
342.0
454.0
380.0
339.0
392.0
384.0
302.0
436.0
378.0
380.0
385.0
373.0
379.0
299.0
333.0
347.0
382.0
343.0
363.0
358.0
339.0
348.0
242.0
369.0
248.0
490.0
457.0
283.0
485.0
346.0
576.0
295.0
611.0
403.0
515.0
346.0
473.0
484.0
424.0
276.0
396.0
376.0
352.0
383.0
455.0
413.0
727.0
396.0
422.0
285.0
364.0
290.0
332.0
295.0
328.0
453.0
416.0
380.0
357.0
370.0
505.0
363.0
446.0
366.0
384.0
404.0
358.0
376.0
318.0
484.0
617.0
462.0
421.0
458.0
473.0
357.0
397.0
345.0
336.0
435.0
331.0
340.0
343.0
408.0
358.0
451.0
348.0
251.0
432.0
413.0
372.0
460.0
409.0
454.0
483.0
395.0
389.0
580.0
425.0
839.0
250.0
373.0
381.0
344.0
364.0
335.0
377.0
331.0
416.0
456.0
390.0
304.0
370.0
431.0
420.0
529.0
291.0
378.0
507.0
431.0
287.0
298.0
416.0
346.0
341.0
420.0
365.0
495.0
397.0
369.0
419.0
367.0
677.0
359.0
384.0
319.0
389.0
449.0
365.0
451.0
360.0
338.0
367.0
320.0
285.0
299.0
438.0
363.0
272.0
529.0
314.0
412.0
403.0
308.0
329.0
504.0
449.0
400.0
520.0
324.0
395.0
278.0
409.0
370.0
538.0
396.0
370.0
525.0
510.0
407.0
378.0
282.0
543.0
427.0
437.0
398.0
307.0
394.0
379.0
389.0
482.0
395.0
341.0
315.0
371.0
300.0
548.0
442.0
427.0
308.0
393.0
361.0
290.0
355.0
529.0
285.0
543.0
397.0
581.0
327.0
408.0
387.0
354.0
316.0
457.0
509.0
515.0
332.0
440.0
410.0
409.0
755.0
327.0
334.0
525.0
364.0
426.0
425.0
393.0
387.0
330.0
457.0
492.0
265.0
287.0
374.0
435.0
322.0
474.0
366.0
367.0
314.0
384.0
489.0
409.0
327.0
505.0
397.0
336.0
304.0
295.0
356.0
303.0
713.0
338.0
306.0
332.0
432.0
325.0
250.0
264.0
444.0
631.0
422.0
547.0
466.0
416.0
300.0
444.0
287.0
544.0
359.0
518.0
321.0
409.0
328.0
488.0
464.0
499.0
300.0
505.0
335.0
391.0
341.0
472.0
244.0
324.0
373.0
864.0
268.0
376.0
259.0
526.0
347.0
444.0
313.0
483.0
471.0
343.0
284.0
349.0
364.0
288.0
372.0
382.0
357.0
490.0
352.0
366.0
370.0
310.0
356.0
435.0
345.0
495.0
331.0
361.0
526.0
302.0
358.0
516.0
503.0
291.0
312.0
448.0
355.0
444.0
466.0
432.0
314.0
442.0
308.0
344.0
490.0
518.0
345.0
423.0
381.0
310.0
351.0
320.0
360.0
383.0
422.0
437.0
318.0
501.0
266.0
860.0
485.0
419.0
503.0
350.0
382.0
348.0
490.0
368.0
343.0
592.0
318.0
412.0
469.0
378.0
480.0
338.0
373.0
272.0
470.0
408.0
553.0
361.0
565.0
293.0
365.0
551.0
412.0
406.0
493.0
385.0
252.0
367.0
632.0
420.0
403.0
480.0
281.0
323.0
430.0
221.0
446.0
335.0
453.0
389.0
266.0
266.0
429.0
405.0
490.0
621.0
422.0
360.0
326.0
460.0
473.0
560.0
288.0
435.0
460.0
272.0
397.0
453.0
426.0
492.0
281.0
480.0
445.0
422.0
319.0
523.0
338.0
356.0
471.0
526.0
315.0
373.0
313.0
489.0
466.0
441.0
461.0
445.0
349.0
339.0
331.0
446.0
272.0
355.0
534.0
452.0
323.0
231.0
391.0
356.0
427.0
496.0
328.0
366.0
390.0
353.0
473.0
377.0
305.0
333.0
295.0
366.0
393.0
454.0
353.0
454.0
427.0
388.0
230.0
514.0
483.0
506.0
355.0
420.0
367.0
490.0
406.0
307.0
477.0
445.0
379.0
408.0
679.0
266.0
449.0
220.0
410.0
507.0
384.0
387.0
348.0
441.0
445.0
451.0
532.0
358.0
284.0
337.0
427.0
349.0
442.0
473.0
328.0
389.0
250.0
481.0
375.0
361.0
342.0
530.0
363.0
297.0
387.0
341.0
436.0
395.0
345.0
529.0
305.0
397.0
255.0
397.0
450.0
538.0
314.0
206.0
387.0
470.0
313.0
294.0
482.0
601.0
364.0
364.0
375.0
466.0
258.0
438.0
364.0
385.0
336.0
512.0
250.0
338.0
404.0
415.0
273.0
225.0
489.0
447.0
379.0
346.0
392.0
372.0
459.0
578.0
423.0
296.0
432.0
422.0
446.0
389.0
329.0
299.0
356.0
387.0
302.0
295.0
377.0
355.0
478.0
399.0
388.0
444.0
477.0
309.0
480.0
261.0
458.0
388.0
439.0
358.0
345.0
424.0
399.0
305.0
388.0
379.0
534.0
339.0
413.0
434.0
294.0
364.0
449.0
544.0
343.0
429.0
461.0
424.0
381.0
422.0
306.0
429.0
318.0
349.0
310.0
303.0
508.0
397.0
260.0
453.0
474.0
345.0
365.0
383.0
416.0
381.0
414.0
450.0
227.0
399.0
657.0
472.0
350.0
298.0
386.0
470.0
331.0
612.0
509.0
303.0
350.0
482.0
268.0
413.0
360.0
408.0
323.0
456.0
338.0
349.0
393.0
351.0
402.0
316.0
399.0
332.0
733.0
206.0
444.0
323.0
368.0
480.0
270.0
394.0
507.0
363.0
359.0
576.0
368.0
377.0
324.0
315.0
432.0
785.0
426.0
379.0
426.0
468.0
366.0
490.0
465.0
480.0
287.0
286.0
379.0
487.0
434.0
304.0
357.0
408.0
414.0
306.0
391.0
432.0
377.0
427.0
376.0
576.0
322.0
227.0
506.0
318.0
339.0
312.0
284.0
356.0
350.0
302.0
558.0
430.0
340.0
486.0
516.0
398.0
524.0
418.0
335.0
258.0
419.0
445.0
352.0
416.0
347.0
358.0
474.0
227.0
372.0
384.0
421.0
373.0
289.0
480.0
447.0
550.0
320.0
360.0
315.0
388.0
929.0
422.0
320.0
330.0
374.0
381.0
276.0
528.0
278.0
434.0
414.0
430.0
464.0
371.0
320.0
382.0
421.0
533.0
281.0
481.0
427.0
271.0
432.0
386.0
354.0
510.0
514.0
424.0
456.0
428.0
458.0
339.0
392.0
468.0
304.0
289.0
390.0
334.0
440.0
371.0
502.0
400.0
412.0
512.0
402.0
332.0
633.0
324.0
426.0
357.0
496.0
498.0
486.0
613.0
405.0
316.0
440.0
540.0
422.0
329.0
389.0
419.0
334.0
338.0
246.0
568.0
288.0
332.0
371.0
288.0
395.0
1059.0
412.0
453.0
292.0
451.0
458.0
472.0
307.0
452.0
419.0
287.0
404.0
345.0
420.0
378.0
389.0
281.0
410.0
374.0
290.0
264.0
339.0
396.0
412.0
409.0
329.0
314.0
731.0
530.0
342.0
429.0
307.0
292.0
392.0
658.0
448.0
284.0
468.0
354.0
252.0
445.0
334.0
555.0
412.0
572.0
440.0
350.0
374.0
401.0
417.0
611.0
250.0
408.0
479.0
299.0
419.0
387.0
323.0
395.0
442.0
724.0
359.0
299.0
329.0
355.0
348.0
333.0
377.0
428.0
385.0
395.0
422.0
528.0
356.0
434.0
323.0
358.0
370.0
419.0
357.0
295.0
353.0
385.0
553.0
488.0
309.0
402.0
413.0
390.0
466.0
497.0
485.0
345.0
385.0
379.0
505.0
318.0
350.0
472.0
328.0
389.0
518.0
357.0
315.0
722.0
369.0
407.0
373.0
407.0
270.0
291.0
487.0
390.0
393.0
381.0
300.0
504.0
322.0
339.0
457.0
385.0
317.0
379.0
329.0
356.0
564.0
331.0
480.0
484.0
531.0
387.0
502.0
515.0
393.0
256.0
455.0
352.0
308.0
384.0
425.0
337.0
432.0
438.0
415.0
405.0
377.0
470.0
333.0
366.0
362.0
430.0
335.0
610.0
307.0
396.0
353.0
357.0
403.0
274.0
354.0
443.0
559.0
385.0
384.0
255.0
417.0
377.0
428.0
345.0
323.0
457.0
302.0
317.0
333.0
449.0
372.0
335.0
406.0
398.0
288.0
348.0
303.0
436.0
335.0
378.0
635.0
467.0
1042.0
445.0
475.0
299.0
363.0
364.0
566.0
397.0
454.0
351.0
447.0
385.0
610.0
335.0
297.0
442.0
477.0
444.0
355.0
374.0
407.0
517.0
385.0
348.0
409.0
335.0
371.0
271.0
551.0
387.0
464.0
426.0
356.0
425.0
464.0
372.0
397.0
429.0
313.0
394.0
352.0
415.0
360.0
401.0
403.0
313.0
439.0
349.0
345.0
517.0
387.0
376.0
295.0
637.0
325.0
448.0
451.0
591.0
380.0
295.0
506.0
350.0
585.0
357.0
403.0
473.0
448.0
460.0
392.0
356.0
325.0
459.0
687.0
272.0
372.0
376.0
341.0
410.0
631.0
333.0
382.0
334.0
439.0
410.0
455.0
332.0
308.0
265.0
350.0
376.0
303.0
308.0
273.0
518.0
381.0
379.0
298.0
371.0
335.0
435.0
465.0
1045.0
462.0
375.0
659.0
308.0
417.0
350.0
467.0
273.0
292.0
394.0
449.0
524.0
280.0
412.0
304.0
463.0
278.0
270.0
375.0
375.0
352.0
363.0
704.0
362.0
265.0
318.0
394.0
445.0
264.0
432.0
388.0
396.0
504.0
336.0
576.0
350.0
371.0
542.0
423.0
392.0
271.0
508.0
472.0
399.0
339.0
560.0
362.0
377.0
322.0
394.0
631.0
385.0
381.0
302.0
420.0
337.0
445.0
455.0
393.0
460.0
322.0
445.0
267.0
357.0
399.0
392.0
589.0
375.0
529.0
398.0
518.0
305.0
370.0
378.0
394.0
289.0
309.0
403.0
373.0
376.0
439.0
276.0
431.0
281.0
737.0
323.0
243.0
385.0
322.0
424.0
347.0
238.0
305.0
436.0
390.0
467.0
314.0
353.0
436.0
467.0
254.0
367.0
371.0
476.0
506.0
341.0
398.0
391.0
311.0
400.0
381.0
216.0
333.0
401.0
481.0
307.0
470.0
393.0
515.0
508.0
395.0
450.0
320.0
436.0
429.0
376.0
468.0
276.0
420.0
289.0
423.0
363.0
306.0
573.0
294.0
522.0
362.0
635.0
372.0
384.0
372.0
368.0
447.0
395.0
454.0
424.0
282.0
373.0
249.0
384.0
314.0
405.0
265.0
613.0
540.0
467.0
464.0
613.0
270.0
363.0
293.0
340.0
337.0
316.0
315.0
451.0
274.0
418.0
515.0
478.0
286.0
505.0
346.0
422.0
392.0
588.0
349.0
384.0
243.0
392.0
388.0
528.0
342.0
418.0
462.0
335.0
314.0
358.0
405.0
303.0
363.0
383.0
397.0
324.0
329.0
382.0
329.0
415.0
341.0
333.0
431.0
392.0
220.0
319.0
396.0
433.0
375.0
366.0
387.0
325.0
314.0
382.0
320.0
335.0
440.0
251.0
307.0
348.0
317.0
364.0
492.0
579.0
316.0
310.0
276.0
431.0
532.0
371.0
455.0
679.0
334.0
631.0
472.0
353.0
328.0
388.0
420.0
382.0
392.0
646.0
318.0
392.0
502.0
329.0
324.0
472.0
414.0
551.0
407.0
518.0
545.0
319.0
595.0
402.0
445.0
333.0
599.0
424.0
319.0
388.0
387.0
462.0
441.0
375.0
333.0
377.0
370.0
421.0
631.0
359.0
404.0
306.0
376.0
345.0
427.0
337.0
465.0
445.0
332.0
666.0
447.0
368.0
384.0
406.0
413.0
423.0
284.0
492.0
281.0
569.0
349.0
320.0
441.0
322.0
497.0
287.0
440.0
491.0
334.0
337.0
409.0
262.0
430.0
349.0
450.0
228.0
311.0
657.0
741.0
526.0
452.0
411.0
485.0
296.0
750.0
437.0
280.0
423.0
363.0
351.0
418.0
366.0
250.0
451.0
277.0
353.0
376.0
330.0
346.0
443.0
348.0
441.0
612.0
320.0
255.0
478.0
338.0
311.0
377.0
486.0
294.0
343.0
438.0
280.0
496.0
408.0
388.0
374.0
421.0
286.0
939.0
329.0
471.0
508.0
424.0
485.0
597.0
360.0
428.0
474.0
434.0
418.0
479.0
340.0
398.0
320.0
317.0
318.0
417.0
422.0
410.0
422.0
560.0
601.0
296.0
376.0
290.0
414.0
555.0
463.0
381.0
440.0
261.0
519.0
483.0
371.0
509.0
366.0
497.0
345.0
463.0
392.0
249.0
321.0
291.0
553.0
371.0
645.0
369.0
506.0
314.0
310.0
572.0
388.0
333.0
311.0
390.0
629.0
400.0
372.0
371.0
405.0
351.0
283.0
410.0
481.0
451.0
486.0
275.0
302.0
334.0
326.0
365.0
462.0
422.0
340.0
312.0
392.0
360.0
444.0
392.0
456.0
387.0
360.0
461.0
380.0
237.0
288.0
384.0
359.0
538.0
341.0
473.0
516.0
365.0
325.0
309.0
529.0
279.0
308.0
490.0
510.0
335.0
389.0
319.0
305.0
395.0
400.0
476.0
442.0
370.0
419.0
373.0
284.0
536.0
393.0
358.0
390.0
301.0
275.0
306.0
389.0
300.0
492.0
323.0
322.0
382.0
499.0
519.0
496.0
391.0
476.0
298.0
323.0
339.0
326.0
261.0
393.0
424.0
448.0
266.0
339.0
334.0
466.0
395.0
321.0
458.0
361.0
490.0
357.0
360.0
375.0
673.0
458.0
401.0
251.0
377.0
401.0
333.0
341.0
443.0
594.0
296.0
523.0
437.0
340.0
403.0
353.0
485.0
275.0
418.0
367.0
324.0
293.0
313.0
359.0
283.0
628.0
345.0
389.0
405.0
409.0
377.0
407.0
305.0
454.0
386.0
364.0
325.0
375.0
295.0
422.0
388.0
387.0
454.0
272.0
443.0
420.0
383.0
356.0
471.0
415.0
479.0
328.0
323.0
340.0
367.0
526.0
298.0
226.0
441.0
578.0
306.0
348.0
400.0
367.0
410.0
460.0
483.0
625.0
371.0
218.0
405.0
461.0
435.0
574.0
313.0
296.0
441.0
338.0
341.0
383.0
759.0
334.0
459.0
440.0
273.0
427.0
353.0
366.0
408.0
525.0
435.0
401.0
329.0
408.0
450.0
328.0
349.0
421.0
452.0
304.0
310.0
337.0
383.0
352.0
750.0
358.0
384.0
418.0
318.0
332.0
510.0
292.0
274.0
460.0
372.0
435.0
409.0
459.0
190.0
242.0
343.0
287.0
332.0
637.0
397.0
473.0
736.0
501.0
319.0
359.0
397.0
392.0
476.0
322.0
358.0
443.0
278.0
567.0
382.0
549.0
363.0
319.0
303.0
400.0
335.0
549.0
368.0
393.0
334.0
356.0
434.0
407.0
290.0
334.0
402.0
443.0
299.0
317.0
287.0
299.0
271.0
631.0
338.0
425.0
436.0
546.0
483.0
313.0
360.0
516.0
386.0
435.0
386.0
415.0
648.0
404.0
303.0
446.0
303.0
475.0
453.0
577.0
881.0
258.0
409.0
508.0
447.0
437.0
356.0
354.0
312.0
525.0
460.0
337.0
281.0
345.0
348.0
244.0
506.0
225.0
398.0
316.0
347.0
505.0
327.0
484.0
459.0
450.0
462.0
390.0
411.0
510.0
288.0
434.0
337.0
286.0
348.0
429.0
441.0
312.0
370.0
366.0
266.0
493.0
438.0
489.0
398.0
277.0
382.0
228.0
369.0
483.0
446.0
400.0
527.0
250.0
500.0
415.0
425.0
507.0
353.0
369.0
448.0
407.0
381.0
496.0
429.0
375.0
322.0
331.0
366.0
372.0
370.0
491.0
289.0
304.0
285.0
479.0
484.0
499.0
318.0
342.0
431.0
462.0
445.0
618.0
498.0
424.0
416.0
463.0
361.0
384.0
357.0
557.0
297.0
390.0
399.0
352.0
475.0
447.0
430.0
259.0
460.0
377.0
509.0
377.0
378.0
585.0
312.0
420.0
389.0
352.0
394.0
382.0
400.0
314.0
326.0
415.0
312.0
431.0
358.0
325.0
638.0
448.0
329.0
281.0
442.0
458.0
354.0
452.0
440.0
339.0
545.0
442.0
420.0
496.0
486.0
297.0
372.0
337.0
353.0
405.0
361.0
332.0
525.0
525.0
596.0
366.0
410.0
336.0
318.0
465.0
465.0
259.0
388.0
511.0
469.0
456.0
382.0
329.0
372.0
495.0
411.0
500.0
361.0
439.0
358.0
449.0
410.0
290.0
489.0
394.0
244.0
330.0
348.0
462.0
524.0
401.0
359.0
408.0
343.0
403.0
308.0
491.0
445.0
328.0
295.0
402.0
556.0
507.0
313.0
402.0
370.0
278.0
387.0
307.0
823.0
560.0
543.0
262.0
290.0
319.0
357.0
409.0
638.0
498.0
460.0
482.0
477.0
370.0
453.0
326.0
347.0
460.0
471.0
483.0
489.0
369.0
249.0
329.0
389.0
552.0
384.0
320.0
417.0
350.0
498.0
347.0
306.0
320.0
426.0
349.0
462.0
572.0
320.0
358.0
441.0
343.0
457.0
467.0
595.0
488.0
380.0
384.0
318.0
447.0
273.0
350.0
360.0
545.0
265.0
380.0
363.0
333.0
453.0
370.0
462.0
674.0
343.0
300.0
341.0
469.0
484.0
372.0
286.0
285.0
616.0
413.0
312.0
382.0
409.0
359.0
573.0
386.0
364.0
355.0
351.0
380.0
265.0
290.0
403.0
459.0
346.0
335.0
446.0
480.0
438.0
470.0
267.0
566.0
381.0
960.0
267.0
459.0
401.0
472.0
221.0
453.0
687.0
413.0
314.0
634.0
325.0
326.0
408.0
428.0
274.0
422.0
492.0
338.0
352.0
475.0
367.0
593.0
502.0
431.0
364.0
407.0
361.0
459.0
392.0
425.0
352.0
431.0
397.0
284.0
466.0
331.0
556.0
307.0
420.0
327.0
285.0
385.0
473.0
333.0
326.0
441.0
380.0
382.0
340.0
542.0
439.0
398.0
376.0
440.0
459.0
353.0
318.0
423.0
337.0
509.0
326.0
340.0
518.0
363.0
348.0
370.0
593.0
448.0
457.0
383.0
514.0
352.0
279.0
426.0
549.0
245.0
391.0
365.0
353.0
439.0
304.0
568.0
365.0
283.0
680.0
325.0
374.0
540.0
285.0
375.0
345.0
440.0
436.0
357.0
292.0
342.0
324.0
627.0
364.0
276.0
322.0
271.0
526.0
542.0
347.0
297.0
357.0
314.0
355.0
278.0
332.0
442.0
596.0
372.0
442.0
239.0
545.0
382.0
603.0
518.0
377.0
386.0
340.0
556.0
411.0
345.0
407.0
306.0
403.0
469.0
240.0
296.0
369.0
525.0
362.0
576.0
416.0
307.0
328.0
190.0
434.0
364.0
303.0
516.0
304.0
504.0
361.0
362.0
292.0
438.0
332.0
531.0
461.0
362.0
480.0
381.0
419.0
281.0
327.0
338.0
427.0
316.0
590.0
319.0
349.0
299.0
434.0
432.0
403.0
358.0
372.0
484.0
406.0
579.0
496.0
358.0
402.0
306.0
344.0
323.0
419.0
572.0
557.0
294.0
489.0
405.0
318.0
319.0
372.0
429.0
372.0
528.0
391.0
376.0
549.0
359.0
366.0
361.0
363.0
303.0
340.0
484.0
353.0
381.0
256.0
333.0
530.0
417.0
621.0
486.0
368.0
354.0
498.0
370.0
266.0
393.0
588.0
342.0
405.0
369.0
329.0
468.0
360.0
433.0
347.0
447.0
411.0
368.0
420.0
573.0
413.0
570.0
425.0
299.0
280.0
388.0
377.0
374.0
254.0
408.0
380.0
362.0
344.0
359.0
407.0
457.0
358.0
599.0
564.0
323.0
159.0
478.0
435.0
407.0
312.0
361.0
407.0
489.0
297.0
317.0
736.0
428.0
449.0
291.0
431.0
584.0
594.0
612.0
399.0
426.0
470.0
383.0
284.0
381.0
317.0
470.0
434.0
376.0
345.0
478.0
354.0
451.0
505.0
553.0
310.0
354.0
510.0
334.0
348.0
338.0
399.0
320.0
334.0
235.0
471.0
330.0
289.0
344.0
436.0
633.0
339.0
269.0
343.0
366.0
659.0
386.0
442.0
486.0
382.0
442.0
497.0
302.0
435.0
413.0
568.0
385.0
453.0
374.0
388.0
461.0
358.0
320.0
345.0
441.0
349.0
294.0
332.0
348.0
403.0
351.0
400.0
326.0
331.0
417.0
459.0
322.0
312.0
531.0
347.0
463.0
393.0
372.0
463.0
351.0
434.0
328.0
478.0
615.0
474.0
274.0
409.0
454.0
375.0
492.0
420.0
442.0
341.0
364.0
346.0
363.0
353.0
348.0
343.0
296.0
697.0
456.0
416.0
283.0
398.0
521.0
587.0
314.0
441.0
308.0
539.0
465.0
335.0
353.0
497.0
407.0
618.0
286.0
373.0
297.0
454.0
413.0
260.0
377.0
418.0
303.0
415.0
354.0
369.0
458.0
503.0
351.0
289.0
393.0
373.0
324.0
327.0
389.0
414.0
267.0
330.0
447.0
243.0
469.0
443.0
464.0
594.0
434.0
444.0
459.0
573.0
424.0
344.0
360.0
377.0
256.0
417.0
392.0
459.0
318.0
450.0
284.0
419.0
294.0
417.0
357.0
396.0
389.0
426.0
363.0
414.0
372.0
303.0
314.0
385.0
365.0
346.0
423.0
373.0
465.0
347.0
385.0
359.0
369.0
405.0
512.0
505.0
506.0
381.0
406.0
308.0
606.0
349.0
429.0
370.0
459.0
417.0
402.0
313.0
266.0
618.0
399.0
395.0
340.0
469.0
349.0
428.0
275.0
344.0
472.0
539.0
430.0
285.0
391.0
320.0
293.0
353.0
374.0
371.0
279.0
218.0
405.0
470.0
329.0
315.0
331.0
356.0
317.0
367.0
435.0
406.0
632.0
262.0
417.0
411.0
394.0
354.0
416.0
376.0
247.0
484.0
315.0
467.0
439.0
315.0
420.0
346.0
304.0
361.0
451.0
497.0
565.0
426.0
500.0
359.0
421.0
503.0
266.0
429.0
342.0
401.0
468.0
552.0
310.0
495.0
329.0
490.0
285.0
436.0
452.0
437.0
233.0
342.0
371.0
527.0
478.0
364.0
678.0
360.0
363.0
518.0
428.0
269.0
327.0
429.0
377.0
487.0
251.0
391.0
285.0
359.0
436.0
445.0
381.0
425.0
356.0
471.0
271.0
347.0
535.0
500.0
250.0
396.0
322.0
348.0
369.0
303.0
341.0
365.0
494.0
401.0
451.0
523.0
477.0
414.0
395.0
451.0
349.0
577.0
340.0
315.0
223.0
524.0
368.0
347.0
415.0
393.0
519.0
347.0
371.0
272.0
807.0
343.0
372.0
367.0
445.0
426.0
440.0
351.0
415.0
354.0
522.0
309.0
386.0
472.0
250.0
345.0
494.0
459.0
350.0
452.0
349.0
404.0
419.0
427.0
486.0
567.0
354.0
302.0
530.0
241.0
489.0
546.0
254.0
405.0
324.0
411.0
371.0
392.0
310.0
499.0
387.0
431.0
317.0
465.0
386.0
499.0
303.0
320.0
479.0
484.0
526.0
458.0
452.0
236.0
332.0
470.0
351.0
412.0
390.0
408.0
383.0
611.0
377.0
360.0
404.0
513.0
421.0
370.0
362.0
403.0
462.0
637.0
539.0
400.0
334.0
270.0
400.0
508.0
744.0
317.0
414.0
343.0
344.0
406.0
313.0
376.0
493.0
369.0
286.0
381.0
328.0
386.0
375.0
439.0
469.0
413.0
339.0
413.0
472.0
389.0
426.0
284.0
388.0
302.0
425.0
286.0
436.0
378.0
459.0
453.0
315.0
447.0
367.0
256.0
464.0
484.0
309.0
327.0
493.0
479.0
435.0
367.0
361.0
395.0
329.0
446.0
247.0
378.0
308.0
570.0
443.0
416.0
603.0
420.0
367.0
299.0
397.0
529.0
285.0
316.0
432.0
601.0
382.0
307.0
333.0
345.0
426.0
403.0
335.0
362.0
566.0
423.0
482.0
256.0
387.0
401.0
319.0
307.0
375.0
321.0
332.0
427.0
622.0
433.0
446.0
370.0
340.0
359.0
366.0
365.0
350.0
364.0
470.0
354.0
510.0
428.0
343.0
431.0
315.0
389.0
402.0
576.0
487.0
309.0
443.0
368.0
394.0
364.0
391.0
352.0
270.0
283.0
304.0
440.0
537.0
227.0
359.0
354.0
343.0
440.0
288.0
516.0
466.0
542.0
360.0
396.0
430.0
385.0
258.0
318.0
398.0
407.0
351.0
272.0
385.0
527.0
306.0
517.0
338.0
418.0
561.0
1034.0
367.0
389.0
484.0
439.0
309.0
322.0
406.0
417.0
314.0
441.0
536.0
325.0
361.0
346.0
434.0
481.0
325.0
390.0
516.0
407.0
528.0
259.0
300.0
347.0
312.0
313.0
329.0
351.0
377.0
446.0
453.0
447.0
364.0
553.0
360.0
480.0
459.0
369.0
247.0
565.0
382.0
288.0
453.0
328.0
361.0
398.0
271.0
401.0
377.0
359.0
425.0
532.0
298.0
318.0
449.0
337.0
402.0
439.0
282.0
348.0
386.0
419.0
393.0
500.0
384.0
385.0
508.0
342.0
367.0
348.0
496.0
367.0
320.0
315.0
604.0
381.0
334.0
402.0
366.0
503.0
401.0
297.0
464.0
363.0
269.0
467.0
315.0
580.0
360.0
275.0
412.0
343.0
439.0
410.0
327.0
503.0
416.0
367.0
295.0
319.0
416.0
503.0
312.0
1158.0
545.0
434.0
498.0
248.0
316.0
412.0
362.0
464.0
464.0
477.0
393.0
419.0
250.0
356.0
354.0
401.0
376.0
390.0
281.0
357.0
365.0
370.0
364.0
452.0
343.0
379.0
397.0
328.0
470.0
383.0
390.0
370.0
392.0
511.0
381.0
398.0
305.0
380.0
426.0
549.0
296.0
281.0
449.0
454.0
383.0
350.0
425.0
362.0
414.0
266.0
371.0
374.0
448.0
450.0
431.0
283.0
414.0
327.0
415.0
310.0
505.0
442.0
474.0
356.0
482.0
345.0
539.0
265.0
380.0
390.0
609.0
434.0
331.0
434.0
277.0
424.0
376.0
388.0
613.0
354.0
459.0
241.0
439.0
512.0
311.0
497.0
545.0
512.0
422.0
375.0
435.0
394.0
393.0
251.0
415.0
394.0
380.0
363.0
334.0
383.0
474.0
413.0
352.0
496.0
438.0
320.0
717.0
425.0
579.0
370.0
381.0
383.0
455.0
462.0
380.0
379.0
296.0
580.0
341.0
430.0
496.0
247.0
388.0
361.0
331.0
357.0
424.0
452.0
473.0
374.0
335.0
427.0
534.0
321.0
409.0
735.0
367.0
328.0
371.0
396.0
293.0
271.0
433.0
324.0
535.0
463.0
502.0
392.0
465.0
388.0
306.0
320.0
281.0
340.0
506.0
403.0
433.0
521.0
252.0
335.0
377.0
417.0
442.0
555.0
548.0
447.0
431.0
339.0
437.0
350.0
380.0
321.0
405.0
508.0
394.0
393.0
371.0
445.0
396.0
345.0
302.0
402.0
291.0
384.0
362.0
458.0
474.0
295.0
494.0
334.0
426.0
546.0
349.0
416.0
421.0
473.0
262.0
353.0
361.0
304.0
366.0
450.0
438.0
481.0
434.0
263.0
534.0
440.0
417.0
376.0
401.0
412.0
444.0
300.0
369.0
456.0
410.0
463.0
328.0
447.0
388.0
347.0
497.0
458.0
301.0
287.0
375.0
462.0
477.0
477.0
466.0
281.0
442.0
419.0
380.0
385.0
384.0
369.0
370.0
542.0
544.0
547.0
377.0
421.0
397.0
316.0
416.0
501.0
474.0
484.0
398.0
501.0
406.0
494.0
362.0
313.0
557.0
369.0
331.0
395.0
358.0
503.0
424.0
385.0
292.0
506.0
286.0
422.0
511.0
383.0
388.0
436.0
321.0
353.0
357.0
305.0
534.0
526.0
272.0
381.0
329.0
362.0
346.0
492.0
606.0
303.0
488.0
431.0
442.0
459.0
381.0
451.0
400.0
414.0
427.0
519.0
324.0
274.0
333.0
388.0
419.0
493.0
432.0
431.0
302.0
359.0
461.0
262.0
395.0
366.0
480.0
353.0
227.0
370.0
447.0
272.0
364.0
417.0
336.0
534.0
350.0
408.0
585.0
388.0
363.0
355.0
506.0
468.0
434.0
352.0
377.0
571.0
358.0
413.0
451.0
480.0
298.0
394.0
490.0
708.0
362.0
385.0
355.0
451.0
387.0
381.0
353.0
338.0
341.0
354.0
367.0
531.0
421.0
319.0
279.0
406.0
442.0
407.0
550.0
450.0
413.0
458.0
466.0
366.0
402.0
531.0
357.0
575.0
264.0
271.0
314.0
302.0
363.0
627.0
235.0
266.0
335.0
473.0
397.0
415.0
451.0
562.0
429.0
584.0
269.0
357.0
247.0
378.0
474.0
363.0
366.0
383.0
410.0
472.0
510.0
324.0
423.0
365.0
495.0
271.0
449.0
416.0
439.0
318.0
407.0
530.0
372.0
362.0
351.0
389.0
465.0
367.0
405.0
449.0
489.0
239.0
279.0
340.0
392.0
453.0
367.0
541.0
397.0
427.0
338.0
469.0
469.0
289.0
334.0
612.0
258.0
387.0
407.0
248.0
424.0
377.0
449.0
352.0
290.0
372.0
274.0
430.0
273.0
511.0
485.0
326.0
370.0
379.0
418.0
329.0
424.0
361.0
342.0
343.0
314.0
344.0
380.0
532.0
446.0
499.0
345.0
479.0
313.0
408.0
460.0
435.0
345.0
436.0
403.0
436.0
387.0
349.0
433.0
326.0
347.0
494.0
270.0
584.0
384.0
433.0
550.0
385.0
595.0
409.0
396.0
377.0
425.0
309.0
377.0
337.0
291.0
425.0
368.0
701.0
324.0
219.0
379.0
320.0
312.0
869.0
434.0
514.0
391.0
378.0
385.0
361.0
380.0
399.0
228.0
299.0
373.0
365.0
377.0
414.0
456.0
292.0
445.0
415.0
640.0
303.0
426.0
564.0
410.0
271.0
325.0
420.0
438.0
410.0
320.0
486.0
272.0
587.0
359.0
263.0
290.0
425.0
482.0
313.0
335.0
402.0
304.0
411.0
376.0
324.0
399.0
351.0
374.0
392.0
821.0
362.0
276.0
357.0
351.0
469.0
306.0
306.0
339.0
400.0
454.0
465.0
349.0
436.0
362.0
357.0
252.0
330.0
409.0
410.0
372.0
382.0
336.0
406.0
386.0
408.0
391.0
483.0
368.0
468.0
402.0
334.0
314.0
419.0
534.0
416.0
500.0
579.0
466.0
566.0
346.0
386.0
383.0
423.0
493.0
360.0
398.0
321.0
395.0
450.0
427.0
458.0
285.0
411.0
394.0
545.0
452.0
355.0
594.0
398.0
415.0
401.0
266.0
312.0
387.0
337.0
416.0
384.0
415.0
539.0
383.0
436.0
291.0
346.0
509.0
452.0
371.0
390.0
355.0
383.0
496.0
557.0
358.0
314.0
435.0
359.0
486.0
429.0
406.0
482.0
310.0
321.0
347.0
458.0
443.0
378.0
424.0
308.0
474.0
387.0
496.0
399.0
419.0
473.0
455.0
463.0
484.0
254.0
379.0
452.0
501.0
353.0
438.0
364.0
366.0
288.0
362.0
307.0
343.0
424.0
416.0
299.0
436.0
415.0
457.0
391.0
461.0
422.0
413.0
300.0
366.0
376.0
466.0
335.0
290.0
362.0
360.0
667.0
341.0
583.0
261.0
602.0
498.0
377.0
468.0
384.0
432.0
431.0
415.0
392.0
469.0
315.0
317.0
327.0
586.0
481.0
251.0
422.0
520.0
387.0
248.0
416.0
496.0
472.0
480.0
399.0
378.0
352.0
351.0
316.0
424.0
263.0
270.0
361.0
431.0
306.0
489.0
620.0
329.0
345.0
328.0
453.0
369.0
414.0
452.0
520.0
371.0
331.0
363.0
529.0
484.0
442.0
331.0
340.0
364.0
410.0
357.0
448.0
792.0
383.0
340.0
304.0
564.0
495.0
387.0
451.0
436.0
290.0
342.0
574.0
433.0
391.0
428.0
429.0
325.0
382.0
394.0
330.0
385.0
516.0
439.0
268.0
481.0
353.0
431.0
360.0
454.0
437.0
349.0
577.0
304.0
473.0
499.0
381.0
395.0
338.0
340.0
544.0
298.0
280.0
342.0
523.0
390.0
390.0
546.0
525.0
486.0
356.0
382.0
352.0
349.0
405.0
326.0
492.0
387.0
284.0
326.0
370.0
407.0
346.0
607.0
504.0
404.0
648.0
380.0
363.0
353.0
341.0
433.0
417.0
373.0
554.0
358.0
371.0
344.0
409.0
627.0
516.0
323.0
430.0
309.0
283.0
433.0
262.0
584.0
265.0
371.0
413.0
466.0
467.0
403.0
374.0
422.0
387.0
553.0
302.0
222.0
412.0
481.0
398.0
305.0
369.0
319.0
293.0
439.0
453.0
388.0
258.0
312.0
438.0
379.0
343.0
488.0
398.0
362.0
332.0
476.0
365.0
339.0
367.0
339.0
387.0
403.0
373.0
569.0
357.0
427.0
391.0
368.0
329.0
385.0
379.0
368.0
356.0
353.0
438.0
421.0
443.0
321.0
272.0
508.0
306.0
330.0
489.0
466.0
397.0
426.0
690.0
383.0
339.0
422.0
414.0
387.0
262.0
426.0
465.0
312.0
315.0
396.0
346.0
267.0
505.0
497.0
415.0
536.0
353.0
311.0
470.0
403.0
405.0
329.0
344.0
411.0
476.0
314.0
565.0
327.0
436.0
343.0
336.0
389.0
453.0
321.0
349.0
410.0
495.0
320.0
423.0
403.0
346.0
412.0
257.0
360.0
426.0
311.0
388.0
385.0
367.0
332.0
363.0
341.0
352.0
305.0
508.0
348.0
553.0
308.0
409.0
489.0
475.0
356.0
347.0
276.0
361.0
309.0
400.0
547.0
355.0
316.0
299.0
485.0
472.0
388.0
491.0
395.0
393.0
430.0
498.0
453.0
414.0
408.0
339.0
408.0
373.0
545.0
429.0
293.0
428.0
500.0
316.0
478.0
359.0
507.0
249.0
438.0
394.0
429.0
326.0
503.0
633.0
448.0
833.0
538.0
322.0
372.0
319.0
421.0
433.0
319.0
286.0
407.0
317.0
456.0
476.0
306.0
329.0
381.0
350.0
532.0
493.0
300.0
474.0
323.0
308.0
379.0
408.0
421.0
444.0
398.0
345.0
324.0
450.0
382.0
604.0
403.0
605.0
331.0
278.0
331.0
373.0
436.0
373.0
449.0
409.0
446.0
247.0
295.0
381.0
483.0
510.0
294.0
358.0
398.0
310.0
434.0
335.0
437.0
657.0
460.0
655.0
461.0
333.0
387.0
522.0
490.0
400.0
365.0
285.0
371.0
387.0
440.0
370.0
480.0
398.0
345.0
344.0
473.0
419.0
532.0
356.0
429.0
468.0
422.0
390.0
355.0
283.0
551.0
380.0
381.0
342.0
432.0
433.0
500.0
399.0
329.0
459.0
339.0
450.0
393.0
324.0
390.0
472.0
342.0
782.0
360.0
575.0
392.0
443.0
332.0
386.0
497.0
371.0
361.0
510.0
354.0
353.0
442.0
444.0
333.0
443.0
363.0
426.0
537.0
388.0
377.0
353.0
405.0
388.0
488.0
340.0
373.0
580.0
368.0
317.0
417.0
457.0
462.0
410.0
360.0
422.0
431.0
351.0
350.0
432.0
337.0
466.0
476.0
412.0
320.0
332.0
322.0
440.0
551.0
539.0
407.0
405.0
340.0
401.0
428.0
343.0
412.0
438.0
327.0
332.0
384.0
346.0
379.0
480.0
507.0
316.0
362.0
395.0
396.0
307.0
420.0
373.0
639.0
385.0
336.0
381.0
292.0
231.0
353.0
230.0
306.0
445.0
488.0
285.0
497.0
395.0
380.0
441.0
324.0
312.0
447.0
526.0
445.0
450.0
417.0
341.0
410.0
525.0
396.0
531.0
401.0
375.0
410.0
538.0
272.0
448.0
417.0
536.0
239.0
346.0
459.0
251.0
386.0
491.0
436.0
401.0
470.0
468.0
581.0
435.0
410.0
309.0
325.0
357.0
400.0
343.0
378.0
486.0
335.0
391.0
333.0
406.0
389.0
385.0
390.0
302.0
405.0
370.0
538.0
494.0
575.0
353.0
486.0
439.0
339.0
464.0
449.0
412.0
522.0
435.0
321.0
461.0
374.0
515.0
320.0
409.0
455.0
333.0
480.0
303.0
435.0
364.0
345.0
327.0
353.0
310.0
317.0
255.0
542.0
382.0
383.0
354.0
462.0
394.0
341.0
365.0
320.0
437.0
479.0
438.0
404.0
285.0
458.0
449.0
365.0
341.0
357.0
397.0
647.0
332.0
414.0
488.0
422.0
446.0
314.0
627.0
489.0
376.0
255.0
290.0
369.0
453.0
306.0
282.0
482.0
505.0
371.0
438.0
402.0
337.0
329.0
348.0
402.0
436.0
353.0
264.0
497.0
298.0
584.0
434.0
595.0
219.0
461.0
365.0
583.0
353.0
443.0
306.0
344.0
471.0
279.0
566.0
503.0
387.0
262.0
290.0
288.0
355.0
312.0
441.0
481.0
279.0
510.0
375.0
441.0
322.0
284.0
355.0
541.0
451.0
428.0
457.0
519.0
378.0
495.0
450.0
398.0
323.0
326.0
333.0
533.0
299.0
432.0
343.0
361.0
366.0
307.0
297.0
448.0
333.0
390.0
423.0
438.0
324.0
319.0
446.0
341.0
431.0
444.0
329.0
553.0
510.0
515.0
381.0
396.0
381.0
381.0
434.0
326.0
320.0
540.0
306.0
605.0
470.0
355.0
419.0
620.0
436.0
356.0
320.0
302.0
325.0
422.0
314.0
310.0
341.0
354.0
329.0
420.0
384.0
389.0
290.0
439.0
468.0
423.0
598.0
414.0
392.0
375.0
422.0
509.0
249.0
308.0
284.0
339.0
379.0
307.0
370.0
346.0
352.0
359.0
318.0
428.0
450.0
392.0
356.0
441.0
310.0
395.0
349.0
360.0
242.0
487.0
476.0
421.0
411.0
276.0
310.0
353.0
404.0
506.0
311.0
320.0
375.0
433.0
453.0
358.0
737.0
289.0
398.0
362.0
352.0
487.0
320.0
277.0
433.0
415.0
432.0
364.0
284.0
411.0
383.0
512.0
307.0
332.0
465.0
522.0
540.0
255.0
325.0
453.0
351.0
609.0
370.0
301.0
373.0
375.0
444.0
393.0
405.0
380.0
419.0
340.0
280.0
532.0
327.0
687.0
1186.0
368.0
293.0
465.0
416.0
462.0
440.0
500.0
361.0
308.0
342.0
370.0
508.0
408.0
378.0
322.0
488.0
425.0
327.0
297.0
796.0
474.0
440.0
314.0
388.0
446.0
342.0
178.0
437.0
343.0
414.0
360.0
391.0
552.0
324.0
345.0
512.0
479.0
438.0
368.0
432.0
385.0
427.0
512.0
450.0
273.0
357.0
394.0
399.0
373.0
397.0
439.0
435.0
356.0
366.0
261.0
409.0
396.0
442.0
320.0
431.0
502.0
275.0
245.0
434.0
353.0
513.0
386.0
371.0
369.0
246.0
415.0
362.0
442.0
456.0
509.0
336.0
484.0
532.0
356.0
331.0
359.0
466.0
434.0
430.0
651.0
310.0
338.0
386.0
460.0
353.0
442.0
467.0
319.0
525.0
299.0
371.0
375.0
450.0
514.0
351.0
476.0
648.0
436.0
606.0
348.0
422.0
362.0
330.0
499.0
462.0
389.0
278.0
359.0
450.0
411.0
494.0
441.0
397.0
428.0
567.0
323.0
383.0
352.0
639.0
280.0
531.0
307.0
438.0
456.0
382.0
482.0
356.0
368.0
467.0
439.0
382.0
415.0
385.0
339.0
360.0
352.0
458.0
433.0
572.0
425.0
446.0
373.0
344.0
391.0
341.0
517.0
267.0
248.0
297.0
471.0
321.0
337.0
306.0
370.0
440.0
482.0
338.0
464.0
323.0
298.0
404.0
394.0
422.0
415.0
362.0
356.0
445.0
408.0
419.0
360.0
397.0
529.0
502.0
396.0
341.0
321.0
428.0
332.0
359.0
449.0
431.0
340.0
565.0
408.0
381.0
399.0
350.0
411.0
478.0
356.0
389.0
350.0
496.0
497.0
281.0
670.0
326.0
590.0
303.0
365.0
311.0
663.0
455.0
356.0
396.0
477.0
467.0
333.0
305.0
491.0
326.0
311.0
379.0
406.0
417.0
386.0
509.0
434.0
476.0
445.0
321.0
489.0
419.0
446.0
569.0
351.0
356.0
397.0
513.0
367.0
322.0
460.0
332.0
484.0
487.0
324.0
484.0
340.0
609.0
339.0
322.0
291.0
418.0
415.0
467.0
381.0
350.0
371.0
357.0
485.0
564.0
271.0
470.0
325.0
470.0
448.0
413.0
301.0
371.0
357.0
247.0
412.0
441.0
586.0
596.0
518.0
457.0
708.0
326.0
337.0
276.0
435.0
313.0
366.0
375.0
430.0
412.0
426.0
337.0
290.0
376.0
352.0
294.0
383.0
380.0
402.0
349.0
378.0
349.0
474.0
380.0
315.0
584.0
343.0
344.0
387.0
353.0
335.0
402.0
383.0
423.0
606.0
404.0
582.0
471.0
384.0
500.0
350.0
349.0
427.0
591.0
261.0
510.0
390.0
304.0
298.0
470.0
390.0
656.0
672.0
384.0
365.0
571.0
390.0
325.0
452.0
449.0
443.0
295.0
329.0
401.0
287.0
495.0
408.0
342.0
411.0
288.0
332.0
390.0
367.0
430.0
340.0
393.0
430.0
420.0
266.0
362.0
511.0
363.0
502.0
270.0
397.0
475.0
342.0
396.0
412.0
474.0
469.0
231.0
360.0
348.0
386.0
400.0
439.0
553.0
407.0
378.0
496.0
353.0
490.0
257.0
446.0
336.0
258.0
301.0
289.0
326.0
472.0
474.0
279.0
265.0
446.0
400.0
277.0
416.0
428.0
396.0
439.0
385.0
388.0
413.0
370.0
372.0
404.0
516.0
365.0
359.0
363.0
362.0
579.0
567.0
433.0
555.0
427.0
555.0
488.0
460.0
442.0
386.0
405.0
445.0
439.0
345.0
347.0
517.0
454.0
409.0
382.0
356.0
435.0
383.0
469.0
564.0
523.0
332.0
322.0
410.0
354.0
298.0
403.0
404.0
380.0
358.0
364.0
455.0
378.0
306.0
409.0
369.0
423.0
444.0
296.0
511.0
371.0
434.0
360.0
490.0
479.0
415.0
380.0
623.0
432.0
489.0
424.0
411.0
349.0
355.0
486.0
447.0
449.0
371.0
377.0
454.0
475.0
345.0
503.0
407.0
373.0
313.0
343.0
463.0
436.0
347.0
391.0
454.0
260.0
257.0
430.0
365.0
366.0
367.0
393.0
320.0
420.0
327.0
460.0
383.0
373.0
420.0
419.0
271.0
487.0
305.0
511.0
476.0
518.0
407.0
253.0
379.0
486.0
368.0
392.0
469.0
466.0
433.0
365.0
509.0
459.0
282.0
329.0
434.0
488.0
417.0
392.0
328.0
330.0
471.0
340.0
499.0
437.0
404.0
336.0
383.0
1110.0
312.0
484.0
442.0
328.0
292.0
421.0
374.0
350.0
337.0
349.0
323.0
359.0
333.0
559.0
481.0
318.0
440.0
404.0
517.0
279.0
385.0
431.0
922.0
430.0
414.0
451.0
553.0
335.0
400.0
281.0
398.0
341.0
461.0
377.0
396.0
345.0
403.0
330.0
303.0
529.0
419.0
452.0
379.0
354.0
410.0
501.0
542.0
445.0
357.0
366.0
571.0
287.0
352.0
292.0
475.0
410.0
479.0
385.0
439.0
359.0
384.0
521.0
349.0
385.0
598.0
600.0
420.0
347.0
295.0
359.0
478.0
379.0
480.0
355.0
333.0
385.0
447.0
269.0
364.0
346.0
319.0
338.0
469.0
361.0
375.0
432.0
399.0
386.0
472.0
471.0
379.0
331.0
388.0
336.0
372.0
546.0
447.0
253.0
481.0
378.0
274.0
320.0
345.0
478.0
367.0
331.0
402.0
394.0
412.0
325.0
425.0
421.0
472.0
438.0
421.0
281.0
404.0
482.0
626.0
483.0
350.0
462.0
433.0
309.0
367.0
357.0
510.0
416.0
407.0
313.0
311.0
299.0
393.0
305.0
393.0
457.0
392.0
375.0
399.0
402.0
418.0
508.0
355.0
299.0
369.0
404.0
615.0
354.0
367.0
291.0
430.0
306.0
517.0
452.0
302.0
363.0
412.0
438.0
396.0
385.0
258.0
384.0
502.0
412.0
402.0
415.0
380.0
258.0
321.0
361.0
290.0
497.0
390.0
366.0
402.0
429.0
395.0
361.0
525.0
338.0
457.0
453.0
335.0
406.0
248.0
377.0
481.0
458.0
445.0
441.0
345.0
282.0
360.0
351.0
326.0
458.0
444.0
309.0
316.0
355.0
379.0
411.0
378.0
388.0
457.0
343.0
440.0
438.0
426.0
540.0
385.0
428.0
602.0
428.0
485.0
344.0
511.0
345.0
346.0
330.0
495.0
465.0
357.0
300.0
368.0
492.0
429.0
358.0
351.0
318.0
416.0
457.0
506.0
326.0
332.0
434.0
344.0
323.0
323.0
316.0
349.0
458.0
363.0
381.0
370.0
386.0
484.0
422.0
358.0
446.0
438.0
295.0
460.0
401.0
330.0
606.0
302.0
437.0
542.0
314.0
375.0
404.0
435.0
418.0
463.0
370.0
269.0
302.0
378.0
339.0
414.0
228.0
556.0
302.0
359.0
567.0
429.0
443.0
471.0
485.0
368.0
390.0
356.0
321.0
480.0
437.0
456.0
387.0
399.0
418.0
374.0
480.0
387.0
375.0
391.0
409.0
391.0
315.0
338.0
324.0
384.0
411.0
312.0
319.0
408.0
408.0
444.0
401.0
466.0
343.0
353.0
362.0
355.0
373.0
333.0
314.0
455.0
511.0
364.0
456.0
530.0
309.0
354.0
396.0
457.0
324.0
438.0
408.0
314.0
430.0
537.0
378.0
446.0
378.0
403.0
452.0
338.0
360.0
377.0
428.0
478.0
400.0
360.0
404.0
437.0
425.0
458.0
335.0
345.0
540.0
394.0
367.0
465.0
431.0
346.0
359.0
496.0
393.0
493.0
480.0
365.0
424.0
360.0
292.0
372.0
450.0
416.0
385.0
314.0
391.0
457.0
400.0
350.0
433.0
294.0
412.0
464.0
307.0
365.0
381.0
482.0
507.0
450.0
452.0
359.0
309.0
470.0
311.0
417.0
464.0
375.0
439.0
263.0
710.0
395.0
330.0
334.0
325.0
367.0
322.0
469.0
359.0
324.0
381.0
451.0
359.0
288.0
315.0
392.0
367.0
473.0
430.0
428.0
477.0
316.0
300.0
466.0
426.0
398.0
341.0
396.0
542.0
368.0
377.0
458.0
371.0
307.0
567.0
489.0
339.0
399.0
437.0
286.0
425.0
491.0
473.0
387.0
403.0
472.0
463.0
319.0
481.0
245.0
437.0
331.0
345.0
346.0
387.0
514.0
505.0
439.0
414.0
566.0
286.0
446.0
440.0
341.0
436.0
486.0
343.0
379.0
361.0
371.0
642.0
446.0
585.0
407.0
425.0
379.0
414.0
396.0
383.0
362.0
326.0
328.0
520.0
388.0
434.0
304.0
318.0
432.0
383.0
321.0
466.0
533.0
482.0
534.0
366.0
383.0
354.0
425.0
487.0
388.0
449.0
423.0
304.0
410.0
386.0
357.0
262.0
377.0
434.0
405.0
316.0
382.0
378.0
452.0
464.0
372.0
344.0
410.0
418.0
467.0
556.0
359.0
313.0
307.0
308.0
454.0
432.0
381.0
358.0
411.0
324.0
364.0
438.0
363.0
556.0
428.0
396.0
291.0
312.0
419.0
438.0
363.0
348.0
375.0
434.0
460.0
351.0
365.0
486.0
494.0
435.0
408.0
470.0
342.0
399.0
389.0
577.0
465.0
413.0
455.0
409.0
345.0
437.0
438.0
389.0
404.0
352.0
415.0
390.0
307.0
555.0
345.0
481.0
258.0
540.0
321.0
659.0
334.0
383.0
362.0
350.0
398.0
407.0
505.0
272.0
550.0
441.0
401.0
377.0
374.0
438.0
482.0
419.0
440.0
342.0
386.0
314.0
303.0
567.0
398.0
332.0
389.0
301.0
428.0
377.0
444.0
259.0
299.0
440.0
407.0
494.0
565.0
635.0
325.0
444.0
432.0
367.0
290.0
410.0
346.0
359.0
420.0
425.0
393.0
376.0
343.0
387.0
365.0
408.0
450.0
291.0
283.0
444.0
338.0
368.0
596.0
275.0
348.0
432.0
322.0
349.0
369.0
420.0
525.0
524.0
230.0
443.0
397.0
561.0
537.0
435.0
430.0
527.0
360.0
390.0
365.0
523.0
375.0
338.0
553.0
406.0
346.0
282.0
456.0
381.0
359.0
355.0
374.0
351.0
404.0
390.0
398.0
293.0
398.0
464.0
504.0
360.0
342.0
491.0
463.0
353.0
355.0
378.0
415.0
476.0
418.0
357.0
303.0
552.0
456.0
366.0
426.0
432.0
303.0
349.0
410.0
463.0
300.0
465.0
481.0
348.0
279.0
333.0
352.0
416.0
423.0
386.0
285.0
313.0
321.0
350.0
365.0
412.0
459.0
436.0
360.0
376.0
389.0
330.0
323.0
512.0
485.0
363.0
383.0
508.0
332.0
385.0
474.0
444.0
706.0
279.0
476.0
461.0
376.0
406.0
474.0
405.0
636.0
333.0
447.0
255.0
436.0
385.0
443.0
492.0
468.0
413.0
399.0
404.0
396.0
373.0
383.0
457.0
326.0
406.0
459.0
566.0
379.0
453.0
323.0
491.0
421.0
360.0
352.0
505.0
492.0
357.0
450.0
425.0
343.0
347.0
467.0
411.0
348.0
370.0
354.0
495.0
370.0
484.0
372.0
359.0
398.0
370.0
455.0
402.0
301.0
458.0
616.0
441.0
509.0
364.0
452.0
364.0
362.0
354.0
348.0
356.0
444.0
299.0
427.0
411.0
584.0
437.0
265.0
409.0
367.0
485.0
344.0
548.0
350.0
341.0
274.0
410.0
432.0
351.0
321.0
388.0
284.0
416.0
399.0
495.0
389.0
473.0
383.0
441.0
274.0
346.0
346.0
354.0
433.0
394.0
314.0
411.0
493.0
491.0
362.0
371.0
527.0
528.0
391.0
303.0
286.0
430.0
366.0
434.0
407.0
523.0
406.0
426.0
397.0
295.0
412.0
384.0
429.0
414.0
313.0
426.0
414.0
505.0
392.0
416.0
588.0
456.0
344.0
527.0
419.0
451.0
408.0
376.0
246.0
408.0
437.0
379.0
420.0
313.0
346.0
465.0
993.0
510.0
335.0
428.0
554.0
592.0
465.0
266.0
247.0
563.0
401.0
335.0
393.0
368.0
508.0
580.0
430.0
384.0
374.0
433.0
420.0
340.0
439.0
420.0
423.0
320.0
614.0
477.0
357.0
327.0
330.0
492.0
266.0
334.0
319.0
678.0
427.0
404.0
306.0
407.0
355.0
420.0
434.0
477.0
410.0
467.0
490.0
405.0
327.0
357.0
522.0
506.0
459.0
478.0
417.0
391.0
423.0
338.0
426.0
410.0
341.0
424.0
319.0
457.0
387.0
432.0
448.0
391.0
481.0
374.0
445.0
443.0
418.0
460.0
446.0
286.0
361.0
334.0
505.0
300.0
360.0
278.0
557.0
556.0
277.0
345.0
371.0
300.0
368.0
322.0
324.0
381.0
635.0
419.0
490.0
525.0
482.0
387.0
423.0
453.0
358.0
294.0
402.0
421.0
481.0
506.0
517.0
629.0
505.0
334.0
409.0
300.0
304.0
350.0
558.0
351.0
432.0
290.0
366.0
417.0
543.0
579.0
377.0
501.0
481.0
859.0
392.0
346.0
406.0
409.0
410.0
330.0
371.0
594.0
293.0
325.0
328.0
312.0
436.0
420.0
433.0
351.0
448.0
468.0
354.0
345.0
430.0
352.0
399.0
909.0
362.0
396.0
506.0
653.0
353.0
555.0
485.0
271.0
342.0
434.0
485.0
352.0
333.0
574.0
396.0
483.0
397.0
284.0
351.0
504.0
323.0
388.0
444.0
403.0
480.0
387.0
317.0
434.0
398.0
285.0
511.0
391.0
353.0
412.0
462.0
451.0
394.0
615.0
508.0
382.0
342.0
289.0
454.0
310.0
413.0
378.0
418.0
419.0
404.0
330.0
411.0
399.0
509.0
391.0
326.0
311.0
363.0
302.0
447.0
323.0
415.0
380.0
306.0
356.0
383.0
397.0
349.0
526.0
419.0
354.0
373.0
398.0
321.0
333.0
344.0
356.0
382.0
387.0
451.0
426.0
367.0
399.0
227.0
358.0
322.0
372.0
428.0
377.0
523.0
389.0
365.0
369.0
372.0
477.0
437.0
319.0
338.0
327.0
505.0
319.0
469.0
389.0
351.0
354.0
433.0
231.0
436.0
342.0
400.0
437.0
583.0
319.0
485.0
475.0
452.0
411.0
328.0
482.0
503.0
287.0
409.0
396.0
505.0
254.0
314.0
597.0
460.0
443.0
446.0
333.0
278.0
374.0
308.0
366.0
457.0
434.0
447.0
429.0
368.0
484.0
437.0
420.0
381.0
359.0
339.0
285.0
313.0
384.0
428.0
454.0
550.0
409.0
452.0
304.0
384.0
450.0
537.0
394.0
423.0
503.0
373.0
365.0
402.0
445.0
391.0
451.0
225.0
393.0
424.0
394.0
367.0
320.0
404.0
425.0
512.0
415.0
452.0
299.0
456.0
393.0
373.0
400.0
398.0
256.0
320.0
374.0
493.0
416.0
354.0
402.0
432.0
488.0
357.0
450.0
418.0
517.0
391.0
404.0
357.0
379.0
337.0
384.0
524.0
356.0
395.0
421.0
431.0
426.0
492.0
324.0
611.0
240.0
331.0
520.0
345.0
368.0
306.0
513.0
394.0
570.0
387.0
314.0
484.0
323.0
278.0
345.0
665.0
424.0
394.0
515.0
446.0
388.0
366.0
394.0
251.0
582.0
403.0
581.0
416.0
401.0
385.0
451.0
373.0
464.0
393.0
326.0
303.0
359.0
394.0
488.0
392.0
456.0
386.0
537.0
462.0
367.0
362.0
384.0
334.0
471.0
360.0
348.0
350.0
379.0
372.0
378.0
495.0
376.0
288.0
296.0
335.0
473.0
353.0
488.0
515.0
407.0
373.0
315.0
411.0
533.0
503.0
286.0
430.0
359.0
359.0
452.0
274.0
426.0
320.0
468.0
460.0
293.0
399.0
485.0
403.0
342.0
409.0
406.0
337.0
406.0
434.0
317.0
500.0
495.0
324.0
499.0
385.0
351.0
620.0
521.0
402.0
497.0
354.0
411.0
380.0
434.0
348.0
355.0
332.0
327.0
407.0
427.0
634.0
280.0
377.0
405.0
366.0
428.0
456.0
328.0
403.0
407.0
399.0
556.0
382.0
327.0
490.0
447.0
361.0
372.0
406.0
567.0
373.0
391.0
316.0
361.0
223.0
342.0
291.0
400.0
398.0
415.0
392.0
426.0
447.0
431.0
450.0
336.0
442.0
501.0
367.0
333.0
571.0
300.0
356.0
390.0
312.0
377.0
421.0
310.0
330.0
268.0
477.0
485.0
450.0
414.0
287.0
463.0
340.0
431.0
374.0
479.0
371.0
281.0
545.0
412.0
287.0
426.0
571.0
337.0
426.0
376.0
408.0
299.0
351.0
380.0
349.0
437.0
332.0
347.0
365.0
424.0
437.0
245.0
385.0
457.0
476.0
314.0
289.0
337.0
357.0
446.0
465.0
360.0
360.0
475.0
467.0
357.0
380.0
352.0
358.0
417.0
413.0
248.0
460.0
512.0
465.0
389.0
513.0
444.0
351.0
412.0
328.0
337.0
359.0
403.0
312.0
363.0
415.0
505.0
291.0
366.0
397.0
250.0
337.0
328.0
336.0
304.0
327.0
502.0
350.0
564.0
517.0
393.0
483.0
363.0
361.0
348.0
484.0
479.0
485.0
271.0
306.0
342.0
345.0
498.0
292.0
480.0
351.0
390.0
289.0
302.0
343.0
435.0
279.0
485.0
637.0
255.0
336.0
340.0
320.0
461.0
214.0
377.0
383.0
342.0
246.0
371.0
384.0
306.0
410.0
520.0
365.0
421.0
276.0
416.0
424.0
380.0
584.0
433.0
298.0
409.0
437.0
315.0
289.0
503.0
309.0
425.0
449.0
430.0
347.0
443.0
560.0
436.0
397.0
399.0
331.0
509.0
347.0
351.0
619.0
372.0
538.0
429.0
485.0
429.0
402.0
381.0
307.0
378.0
424.0
283.0
290.0
325.0
325.0
375.0
306.0
247.0
364.0
499.0
350.0
436.0
352.0
470.0
389.0
451.0
395.0
362.0
382.0
484.0
306.0
473.0
348.0
397.0
467.0
353.0
307.0
367.0
383.0
330.0
369.0
395.0
409.0
425.0
444.0
398.0
454.0
307.0
364.0
479.0
327.0
299.0
502.0
364.0
389.0
347.0
698.0
457.0
456.0
446.0
494.0
532.0
496.0
330.0
357.0
450.0
416.0
318.0
291.0
563.0
312.0
371.0
373.0
465.0
412.0
371.0
411.0
450.0
439.0
395.0
280.0
353.0
622.0
595.0
470.0
331.0
299.0
328.0
683.0
386.0
402.0
313.0
375.0
452.0
370.0
421.0
331.0
572.0
386.0
452.0
395.0
468.0
410.0
291.0
428.0
304.0
508.0
414.0
357.0
309.0
318.0
283.0
345.0
361.0
289.0
426.0
418.0
381.0
636.0
247.0
446.0
317.0
472.0
278.0
325.0
742.0
468.0
487.0
277.0
467.0
404.0
376.0
349.0
339.0
309.0
444.0
387.0
390.0
418.0
327.0
451.0
354.0
384.0
442.0
341.0
425.0
379.0
423.0
360.0
359.0
388.0
429.0
364.0
369.0
445.0
326.0
344.0
321.0
776.0
391.0
435.0
393.0
515.0
586.0
474.0
348.0
305.0
444.0
384.0
356.0
310.0
396.0
533.0
250.0
374.0
408.0
580.0
384.0
482.0
283.0
429.0
499.0
391.0
430.0
506.0
412.0
363.0
418.0
457.0
399.0
387.0
390.0
547.0
285.0
316.0
477.0
470.0
474.0
507.0
398.0
358.0
537.0
361.0
436.0
769.0
386.0
430.0
303.0
384.0
466.0
328.0
566.0
347.0
508.0
446.0
401.0
393.0
461.0
398.0
422.0
437.0
387.0
453.0
543.0
467.0
378.0
579.0
379.0
349.0
472.0
594.0
374.0
342.0
386.0
491.0
248.0
320.0
306.0
470.0
400.0
423.0
540.0
366.0
349.0
552.0
401.0
347.0
325.0
578.0
372.0
459.0
502.0
327.0
401.0
439.0
447.0
381.0
352.0
443.0
378.0
446.0
402.0
426.0
445.0
368.0
372.0
403.0
284.0
363.0
338.0
279.0
422.0
322.0
413.0
373.0
343.0
329.0
353.0
296.0
402.0
451.0
498.0
500.0
357.0
466.0
544.0
481.0
317.0
283.0
338.0
485.0
494.0
405.0
494.0
343.0
404.0
412.0
452.0
452.0
539.0
460.0
445.0
397.0
459.0
400.0
424.0
408.0
526.0
420.0
293.0
1021.0
366.0
341.0
537.0
537.0
313.0
396.0
419.0
284.0
420.0
320.0
494.0
426.0
430.0
406.0
520.0
365.0
489.0
376.0
581.0
462.0
342.0
516.0
417.0
375.0
477.0
458.0
543.0
379.0
303.0
363.0
321.0
433.0
446.0
635.0
395.0
451.0
383.0
368.0
392.0
353.0
373.0
314.0
359.0
657.0
523.0
354.0
303.0
355.0
406.0
412.0
430.0
419.0
272.0
387.0
535.0
408.0
455.0
393.0
309.0
393.0
386.0
316.0
446.0
377.0
431.0
450.0
294.0
318.0
279.0
472.0
595.0
382.0
349.0
326.0
394.0
465.0
351.0
405.0
352.0
508.0
302.0
425.0
445.0
301.0
437.0
594.0
377.0
464.0
428.0
568.0
315.0
416.0
326.0
485.0
285.0
335.0
435.0
344.0
306.0
507.0
394.0
557.0
503.0
360.0
455.0
434.0
410.0
348.0
313.0
412.0
432.0
421.0
415.0
421.0
540.0
386.0
631.0
451.0
490.0
324.0
435.0
381.0
583.0
379.0
574.0
308.0
464.0
488.0
389.0
274.0
388.0
344.0
275.0
448.0
510.0
318.0
725.0
558.0
411.0
264.0
363.0
419.0
456.0
433.0
372.0
395.0
452.0
353.0
331.0
401.0
470.0
400.0
465.0
360.0
494.0
287.0
420.0
413.0
396.0
404.0
620.0
483.0
320.0
307.0
424.0
595.0
400.0
379.0
362.0
745.0
233.0
396.0
381.0
562.0
433.0
356.0
389.0
265.0
386.0
488.0
482.0
327.0
355.0
521.0
378.0
330.0
331.0
577.0
485.0
392.0
322.0
320.0
299.0
338.0
278.0
252.0
441.0
331.0
653.0
435.0
357.0
339.0
437.0
441.0
467.0
513.0
347.0
324.0
416.0
306.0
399.0
468.0
347.0
399.0
424.0
648.0
471.0
399.0
328.0
422.0
355.0
488.0
401.0
321.0
361.0
370.0
336.0
519.0
380.0
512.0
363.0
283.0
373.0
271.0
314.0
295.0
594.0
306.0
321.0
368.0
344.0
350.0
442.0
409.0
431.0
363.0
624.0
500.0
310.0
423.0
299.0
331.0
477.0
372.0
258.0
439.0
781.0
423.0
372.0
284.0
302.0
431.0
445.0
323.0
349.0
295.0
472.0
525.0
327.0
476.0
380.0
405.0
635.0
412.0
396.0
456.0
443.0
390.0
430.0
336.0
345.0
425.0
435.0
636.0
333.0
315.0
349.0
387.0
502.0
480.0
465.0
373.0
423.0
343.0
394.0
409.0
608.0
397.0
365.0
611.0
327.0
394.0
392.0
345.0
394.0
403.0
499.0
319.0
704.0
394.0
333.0
358.0
448.0
468.0
350.0
467.0
264.0
320.0
953.0
362.0
437.0
536.0
398.0
374.0
471.0
220.0
324.0
497.0
326.0
316.0
435.0
444.0
306.0
309.0
475.0
277.0
317.0
474.0
551.0
329.0
334.0
354.0
469.0
442.0
498.0
376.0
506.0
416.0
393.0
240.0
446.0
521.0
476.0
252.0
575.0
452.0
398.0
360.0
389.0
359.0
269.0
356.0
367.0
520.0
532.0
459.0
321.0
367.0
372.0
348.0
497.0
314.0
436.0
259.0
250.0
388.0
805.0
431.0
456.0
365.0
397.0
348.0
800.0
315.0
372.0
552.0
323.0
497.0
360.0
403.0
487.0
383.0
593.0
443.0
325.0
449.0
387.0
377.0
336.0
386.0
295.0
446.0
455.0
459.0
442.0
295.0
423.0
367.0
357.0
366.0
361.0
469.0
315.0
537.0
376.0
365.0
306.0
433.0
324.0
358.0
318.0
356.0
513.0
380.0
350.0
324.0
317.0
420.0
436.0
294.0
431.0
334.0
366.0
425.0
411.0
298.0
442.0
373.0
401.0
538.0
325.0
375.0
339.0
406.0
299.0
329.0
598.0
408.0
354.0
378.0
429.0
617.0
323.0
368.0
337.0
292.0
389.0
328.0
425.0
436.0
508.0
398.0
614.0
492.0
367.0
462.0
336.0
383.0
480.0
353.0
486.0
396.0
350.0
418.0
324.0
332.0
383.0
430.0
389.0
397.0
400.0
343.0
343.0
481.0
391.0
366.0
405.0
398.0
429.0
428.0
281.0
349.0
414.0
522.0
351.0
388.0
322.0
500.0
307.0
376.0
481.0
381.0
432.0
389.0
453.0
297.0
361.0
431.0
418.0
304.0
399.0
406.0
345.0
316.0
287.0
429.0
319.0
324.0
545.0
436.0
435.0
467.0
474.0
362.0
351.0
405.0
294.0
266.0
545.0
402.0
389.0
494.0
329.0
507.0
355.0
383.0
383.0
305.0
495.0
344.0
357.0
398.0
427.0
359.0
342.0
346.0
311.0
665.0
282.0
413.0
334.0
357.0
341.0
449.0
268.0
492.0
249.0
499.0
404.0
394.0
342.0
378.0
480.0
466.0
370.0
439.0
488.0
414.0
356.0
269.0
402.0
314.0
355.0
448.0
209.0
440.0
437.0
403.0
314.0
354.0
354.0
401.0
465.0
399.0
291.0
439.0
298.0
382.0
537.0
359.0
224.0
292.0
270.0
513.0
463.0
788.0
565.0
420.0
424.0
367.0
384.0
510.0
392.0
306.0
363.0
313.0
286.0
311.0
388.0
264.0
502.0
398.0
418.0
322.0
381.0
453.0
514.0
359.0
622.0
647.0
329.0
438.0
337.0
480.0
410.0
325.0
320.0
427.0
318.0
407.0
326.0
432.0
315.0
431.0
349.0
289.0
455.0
346.0
283.0
334.0
439.0
345.0
488.0
449.0
388.0
316.0
264.0
402.0
450.0
379.0
563.0
412.0
409.0
358.0
340.0
359.0
296.0
512.0
483.0
391.0
412.0
627.0
392.0
319.0
545.0
379.0
339.0
390.0
291.0
390.0
383.0
383.0
321.0
258.0
343.0
632.0
380.0
393.0
455.0
426.0
342.0
337.0
400.0
523.0
349.0
390.0
353.0
494.0
362.0
302.0
541.0
403.0
307.0
370.0
353.0
394.0
328.0
412.0
423.0
395.0
263.0
445.0
497.0
327.0
314.0
381.0
406.0
391.0
426.0
586.0
416.0
329.0
551.0
630.0
453.0
387.0
268.0
281.0
338.0
657.0
410.0
335.0
321.0
360.0
480.0
324.0
311.0
466.0
480.0
324.0
520.0
399.0
360.0
324.0
423.0
429.0
409.0
358.0
266.0
350.0
557.0
391.0
422.0
467.0
417.0
448.0
715.0
513.0
364.0
433.0
283.0
394.0
624.0
318.0
496.0
425.0
319.0
554.0
304.0
548.0
402.0
347.0
370.0
244.0
368.0
446.0
351.0
348.0
543.0
359.0
465.0
451.0
289.0
264.0
365.0
318.0
567.0
326.0
355.0
376.0
357.0
374.0
476.0
436.0
296.0
393.0
547.0
294.0
315.0
402.0
418.0
359.0
407.0
371.0
337.0
392.0
341.0
490.0
349.0
306.0
313.0
387.0
509.0
511.0
392.0
393.0
394.0
474.0
446.0
393.0
409.0
417.0
323.0
394.0
516.0
394.0
515.0
385.0
426.0
344.0
336.0
297.0
297.0
454.0
493.0
342.0
345.0
422.0
357.0
304.0
467.0
442.0
290.0
405.0
408.0
316.0
338.0
621.0
376.0
420.0
415.0
342.0
443.0
274.0
619.0
545.0
568.0
372.0
384.0
538.0
342.0
329.0
512.0
367.0
317.0
412.0
418.0
331.0
371.0
436.0
417.0
680.0
358.0
287.0
374.0
446.0
401.0
473.0
282.0
406.0
371.0
439.0
390.0
433.0
310.0
429.0
395.0
366.0
332.0
422.0
294.0
305.0
320.0
314.0
414.0
331.0
426.0
465.0
321.0
286.0
333.0
411.0
610.0
405.0
314.0
397.0
407.0
377.0
430.0
491.0
370.0
311.0
347.0
365.0
398.0
485.0
431.0
364.0
448.0
371.0
396.0
322.0
331.0
420.0
440.0
347.0
409.0
1062.0
499.0
489.0
262.0
343.0
445.0
406.0
399.0
454.0
350.0
535.0
379.0
489.0
459.0
401.0
326.0
327.0
526.0
313.0
394.0
533.0
462.0
403.0
327.0
406.0
347.0
436.0
432.0
439.0
494.0
446.0
452.0
309.0
383.0
414.0
445.0
505.0
311.0
426.0
368.0
495.0
291.0
435.0
378.0
400.0
404.0
336.0
497.0
415.0
383.0
461.0
309.0
344.0
357.0
433.0
255.0
291.0
637.0
488.0
545.0
297.0
287.0
416.0
343.0
382.0
245.0
438.0
342.0
414.0
505.0
502.0
504.0
377.0
471.0
481.0
347.0
298.0
282.0
433.0
372.0
335.0
290.0
311.0
562.0
470.0
475.0
417.0
397.0
356.0
653.0
280.0
514.0
339.0
454.0
411.0
427.0
438.0
595.0
325.0
354.0
476.0
588.0
408.0
528.0
421.0
584.0
590.0
432.0
539.0
356.0
306.0
351.0
432.0
455.0
399.0
367.0
480.0
1116.0
420.0
391.0
348.0
285.0
234.0
420.0
419.0
420.0
270.0
415.0
482.0
409.0
421.0
544.0
407.0
268.0
503.0
424.0
370.0
368.0
455.0
414.0
402.0
492.0
345.0
337.0
725.0
517.0
274.0
388.0
309.0
424.0
442.0
445.0
628.0
512.0
441.0
231.0
436.0
506.0
427.0
442.0
265.0
399.0
334.0
417.0
428.0
489.0
303.0
387.0
737.0
403.0
384.0
345.0
315.0
458.0
535.0
503.0
515.0
338.0
417.0
334.0
296.0
333.0
327.0
639.0
516.0
518.0
465.0
342.0
448.0
494.0
521.0
405.0
660.0
387.0
354.0
325.0
385.0
579.0
342.0
282.0
350.0
291.0
372.0
532.0
358.0
639.0
336.0
307.0
395.0
551.0
316.0
412.0
460.0
333.0
399.0
424.0
443.0
402.0
476.0
286.0
343.0
563.0
449.0
577.0
448.0
511.0
339.0
347.0
496.0
540.0
459.0
446.0
424.0
439.0
427.0
368.0
549.0
272.0
370.0
421.0
337.0
411.0
402.0
350.0
402.0
356.0
450.0
575.0
414.0
370.0
530.0
384.0
340.0
415.0
514.0
420.0
450.0
363.0
344.0
471.0
436.0
397.0
352.0
494.0
297.0
378.0
482.0
431.0
320.0
342.0
296.0
680.0
416.0
459.0
310.0
427.0
361.0
341.0
465.0
292.0
367.0
438.0
405.0
246.0
378.0
445.0
253.0
344.0
365.0
508.0
239.0
483.0
583.0
371.0
403.0
371.0
365.0
312.0
338.0
699.0
501.0
340.0
963.0
279.0
462.0
368.0
276.0
426.0
279.0
424.0
606.0
289.0
408.0
526.0
497.0
509.0
347.0
308.0
351.0
477.0
434.0
454.0
490.0
272.0
365.0
338.0
365.0
398.0
384.0
323.0
467.0
246.0
559.0
311.0
332.0
439.0
340.0
565.0
499.0
266.0
521.0
404.0
393.0
600.0
315.0
471.0
438.0
371.0
459.0
386.0
475.0
449.0
337.0
457.0
598.0
350.0
508.0
344.0
846.0
409.0
264.0
480.0
315.0
421.0
407.0
286.0
378.0
425.0
509.0
390.0
456.0
433.0
381.0
276.0
392.0
278.0
383.0
391.0
356.0
260.0
606.0
316.0
303.0
428.0
387.0
359.0
397.0
312.0
396.0
448.0
443.0
424.0
489.0
421.0
279.0
509.0
528.0
346.0
461.0
331.0
404.0
388.0
409.0
470.0
409.0
506.0
329.0
427.0
321.0
499.0
388.0
391.0
290.0
547.0
632.0
457.0
383.0
487.0
369.0
490.0
528.0
426.0
366.0
311.0
437.0
216.0
393.0
390.0
276.0
425.0
285.0
481.0
385.0
319.0
486.0
429.0
491.0
291.0
381.0
496.0
474.0
518.0
393.0
346.0
547.0
383.0
345.0
356.0
475.0
391.0
440.0
383.0
245.0
438.0
424.0
392.0
334.0
598.0
403.0
387.0
335.0
361.0
354.0
406.0
444.0
408.0
240.0
340.0
319.0
393.0
393.0
399.0
474.0
362.0
356.0
300.0
348.0
274.0
349.0
331.0
419.0
375.0
417.0
394.0
412.0
446.0
373.0
324.0
345.0
361.0
278.0
315.0
348.0
415.0
310.0
358.0
258.0
332.0
406.0
366.0
413.0
347.0
434.0
401.0
282.0
433.0
398.0
455.0
422.0
348.0
496.0
486.0
496.0
404.0
349.0
364.0
358.0
353.0
404.0
365.0
388.0
331.0
453.0
431.0
372.0
245.0
315.0
396.0
475.0
302.0
423.0
383.0
363.0
613.0
448.0
459.0
391.0
431.0
335.0
469.0
423.0
469.0
487.0
326.0
354.0
430.0
317.0
383.0
378.0
317.0
344.0
366.0
346.0
819.0
392.0
337.0
417.0
351.0
260.0
264.0
371.0
351.0
446.0
414.0
289.0
441.0
309.0
379.0
297.0
423.0
446.0
536.0
382.0
469.0
430.0
419.0
251.0
467.0
300.0
411.0
597.0
410.0
452.0
408.0
520.0
316.0
330.0
274.0
309.0
385.0
482.0
328.0
265.0
408.0
306.0
334.0
473.0
439.0
347.0
346.0
377.0
437.0
488.0
424.0
522.0
303.0
380.0
323.0
416.0
337.0
978.0
485.0
523.0
487.0
356.0
345.0
381.0
289.0
351.0
576.0
414.0
340.0
450.0
396.0
419.0
518.0
507.0
470.0
273.0
436.0
544.0
450.0
480.0
275.0
323.0
372.0
375.0
487.0
311.0
366.0
325.0
359.0
320.0
438.0
420.0
452.0
392.0
377.0
359.0
559.0
439.0
421.0
470.0
350.0
293.0
468.0
477.0
489.0
272.0
381.0
298.0
424.0
359.0
396.0
384.0
450.0
549.0
269.0
406.0
429.0
268.0
445.0
340.0
375.0
364.0
369.0
476.0
269.0
548.0
368.0
754.0
343.0
397.0
372.0
496.0
400.0
567.0
281.0
453.0
464.0
412.0
474.0
441.0
391.0
424.0
402.0
313.0
339.0
290.0
299.0
403.0
413.0
481.0
346.0
376.0
427.0
320.0
484.0
295.0
403.0
435.0
412.0
418.0
565.0
642.0
436.0
381.0
503.0
442.0
416.0
422.0
578.0
354.0
268.0
457.0
366.0
617.0
372.0
421.0
359.0
373.0
284.0
582.0
406.0
353.0
321.0
344.0
406.0
322.0
337.0
509.0
337.0
494.0
371.0
350.0
272.0
407.0
277.0
538.0
300.0
393.0
580.0
246.0
336.0
247.0
467.0
431.0
349.0
461.0
413.0
364.0
349.0
488.0
425.0
265.0
479.0
333.0
458.0
347.0
465.0
422.0
431.0
409.0
301.0
406.0
273.0
339.0
352.0
469.0
329.0
405.0
312.0
342.0
466.0
496.0
561.0
307.0
393.0
374.0
420.0
373.0
487.0
354.0
346.0
279.0
370.0
336.0
449.0
472.0
427.0
306.0
315.0
365.0
592.0
258.0
467.0
428.0
413.0
468.0
364.0
439.0
313.0
412.0
315.0
433.0
534.0
401.0
533.0
375.0
384.0
259.0
389.0
510.0
539.0
342.0
364.0
452.0
488.0
313.0
632.0
498.0
335.0
404.0
306.0
268.0
398.0
343.0
278.0
357.0
417.0
324.0
374.0
330.0
411.0
467.0
270.0
479.0
297.0
429.0
291.0
383.0
347.0
383.0
344.0
369.0
460.0
406.0
366.0
553.0
477.0
430.0
374.0
441.0
355.0
473.0
315.0
431.0
315.0
331.0
382.0
403.0
411.0
421.0
386.0
437.0
518.0
405.0
507.0
264.0
527.0
378.0
549.0
495.0
387.0
321.0
292.0
413.0
311.0
541.0
435.0
564.0
410.0
411.0
455.0
260.0
303.0
291.0
331.0
324.0
371.0
398.0
429.0
421.0
348.0
408.0
379.0
400.0
365.0
486.0
400.0
325.0
378.0
333.0
520.0
464.0
299.0
455.0
253.0
291.0
529.0
372.0
570.0
409.0
409.0
289.0
507.0
269.0
315.0
528.0
473.0
272.0
518.0
341.0
395.0
310.0
558.0
456.0
392.0
633.0
412.0
322.0
321.0
323.0
462.0
442.0
446.0
399.0
365.0
324.0
450.0
374.0
502.0
423.0
370.0
283.0
502.0
483.0
297.0
354.0
395.0
520.0
328.0
379.0
356.0
496.0
397.0
454.0
300.0
387.0
472.0
401.0
396.0
368.0
415.0
448.0
291.0
917.0
282.0
462.0
342.0
438.0
377.0
554.0
408.0
334.0
414.0
364.0
327.0
658.0
400.0
378.0
315.0
380.0
462.0
332.0
316.0
475.0
436.0
391.0
388.0
460.0
372.0
416.0
285.0
368.0
440.0
403.0
353.0
407.0
329.0
567.0
662.0
385.0
347.0
275.0
411.0
379.0
356.0
343.0
512.0
547.0
548.0
380.0
454.0
457.0
364.0
391.0
370.0
418.0
602.0
295.0
248.0
456.0
331.0
344.0
647.0
346.0
430.0
481.0
484.0
383.0
492.0
617.0
298.0
374.0
506.0
344.0
402.0
383.0
360.0
355.0
576.0
407.0
308.0
655.0
409.0
365.0
461.0
351.0
581.0
374.0
321.0
357.0
431.0
408.0
363.0
474.0
310.0
409.0
721.0
340.0
358.0
298.0
286.0
427.0
432.0
329.0
558.0
475.0
247.0
423.0
364.0
441.0
333.0
328.0
427.0
442.0
388.0
392.0
449.0
396.0
348.0
439.0
1246.0
347.0
576.0
440.0
346.0
350.0
419.0
482.0
507.0
464.0
477.0
343.0
479.0
356.0
435.0
360.0
344.0
249.0
397.0
402.0
436.0
453.0
419.0
349.0
477.0
279.0
316.0
344.0
328.0
319.0
498.0
356.0
328.0
498.0
313.0
509.0
468.0
330.0
441.0
412.0
361.0
512.0
370.0
306.0
376.0
446.0
332.0
555.0
444.0
493.0
290.0
490.0
429.0
528.0
402.0
386.0
434.0
500.0
571.0
439.0
288.0
509.0
425.0
604.0
543.0
324.0
325.0
332.0
427.0
360.0
310.0
340.0
349.0
259.0
289.0
474.0
398.0
443.0
356.0
371.0
405.0
394.0
435.0
270.0
440.0
391.0
497.0
349.0
358.0
410.0
515.0
628.0
454.0
335.0
633.0
335.0
364.0
500.0
277.0
318.0
462.0
284.0
373.0
512.0
400.0
436.0
333.0
429.0
344.0
299.0
502.0
257.0
429.0
370.0
326.0
351.0
315.0
282.0
302.0
387.0
478.0
332.0
501.0
453.0
587.0
357.0
407.0
378.0
415.0
456.0
379.0
548.0
411.0
341.0
461.0
679.0
513.0
349.0
405.0
354.0
437.0
316.0
443.0
477.0
434.0
336.0
454.0
338.0
371.0
491.0
410.0
598.0
371.0
329.0
473.0
596.0
317.0
456.0
382.0
456.0
377.0
415.0
341.0
502.0
536.0
413.0
489.0
294.0
301.0
323.0
386.0
635.0
437.0
408.0
439.0
427.0
334.0
564.0
363.0
462.0
573.0
350.0
895.0
325.0
275.0
373.0
315.0
407.0
426.0
460.0
281.0
381.0
574.0
626.0
441.0
434.0
444.0
538.0
535.0
407.0
284.0
581.0
296.0
344.0
442.0
387.0
409.0
351.0
366.0
307.0
364.0
423.0
352.0
367.0
354.0
419.0
374.0
473.0
494.0
483.0
540.0
363.0
254.0
349.0
470.0
457.0
400.0
511.0
525.0
478.0
361.0
430.0
630.0
382.0
437.0
409.0
320.0
273.0
265.0
388.0
321.0
346.0
381.0
285.0
418.0
416.0
469.0
401.0
490.0
485.0
437.0
484.0
238.0
311.0
479.0
405.0
332.0
355.0
373.0
486.0
427.0
463.0
302.0
396.0
539.0
475.0
272.0
370.0
407.0
397.0
372.0
437.0
385.0
297.0
525.0
454.0
365.0
567.0
347.0
407.0
425.0
552.0
431.0
453.0
441.0
475.0
626.0
447.0
276.0
345.0
367.0
324.0
367.0
416.0
485.0
265.0
521.0
1441.0
317.0
367.0
443.0
358.0
445.0
392.0
310.0
765.0
326.0
251.0
501.0
474.0
495.0
441.0
404.0
512.0
429.0
429.0
409.0
407.0
486.0
397.0
439.0
493.0
385.0
477.0
326.0
459.0
310.0
417.0
290.0
424.0
456.0
534.0
331.0
347.0
303.0
350.0
375.0
353.0
452.0
364.0
307.0
452.0
396.0
266.0
469.0
341.0
512.0
419.0
364.0
386.0
447.0
439.0
334.0
1031.0
290.0
377.0
305.0
514.0
489.0
360.0
311.0
346.0
392.0
375.0
406.0
387.0
564.0
287.0
525.0
382.0
327.0
282.0
301.0
432.0
270.0
287.0
384.0
356.0
319.0
381.0
535.0
333.0
450.0
445.0
374.0
377.0
395.0
471.0
258.0
315.0
241.0
430.0
375.0
349.0
532.0
429.0
296.0
422.0
425.0
371.0
372.0
629.0
353.0
641.0
351.0
529.0
259.0
424.0
480.0
416.0
589.0
319.0
467.0
424.0
347.0
344.0
393.0
458.0
360.0
505.0
290.0
307.0
356.0
424.0
424.0
430.0
432.0
427.0
535.0
456.0
330.0
302.0
436.0
271.0
419.0
366.0
347.0
322.0
567.0
477.0
575.0
311.0
352.0
337.0
443.0
358.0
355.0
582.0
385.0
456.0
450.0
372.0
339.0
600.0
348.0
290.0
340.0
555.0
305.0
322.0
317.0
506.0
356.0
319.0
255.0
418.0
386.0
332.0
445.0
308.0
589.0
337.0
353.0
626.0
349.0
306.0
307.0
459.0
376.0
461.0
422.0
400.0
263.0
317.0
446.0
318.0
391.0
446.0
377.0
356.0
471.0
462.0
421.0
397.0
340.0
371.0
472.0
385.0
210.0
448.0
412.0
340.0
446.0
619.0
464.0
415.0
488.0
362.0
399.0
475.0
544.0
356.0
402.0
482.0
311.0
303.0
449.0
302.0
467.0
443.0
493.0
455.0
549.0
535.0
305.0
338.0
429.0
355.0
276.0
354.0
377.0
455.0
433.0
344.0
330.0
363.0
474.0
472.0
346.0
293.0
442.0
237.0
497.0
346.0
424.0
392.0
497.0
301.0
631.0
307.0
360.0
377.0
429.0
330.0
344.0
443.0
269.0
410.0
436.0
440.0
375.0
428.0
361.0
343.0
363.0
384.0
357.0
495.0
335.0
327.0
370.0
369.0
305.0
555.0
461.0
473.0
332.0
313.0
326.0
333.0
527.0
545.0
349.0
504.0
304.0
381.0
460.0
344.0
431.0
392.0
514.0
335.0
437.0
385.0
366.0
384.0
588.0
919.0
329.0
420.0
408.0
404.0
316.0
445.0
334.0
419.0
340.0
304.0
254.0
423.0
499.0
493.0
311.0
556.0
504.0
349.0
423.0
320.0
257.0
450.0
402.0
521.0
305.0
670.0
303.0
247.0
304.0
458.0
367.0
442.0
320.0
389.0
308.0
331.0
415.0
437.0
341.0
331.0
435.0
401.0
427.0
334.0
524.0
395.0
483.0
428.0
480.0
375.0
330.0
446.0
322.0
328.0
326.0
324.0
466.0
494.0
459.0
332.0
363.0
452.0
481.0
484.0
461.0
374.0
390.0
406.0
216.0
381.0
366.0
396.0
333.0
390.0
339.0
353.0
374.0
332.0
380.0
366.0
332.0
452.0
314.0
393.0
251.0
462.0
372.0
372.0
495.0
339.0
440.0
335.0
346.0
415.0
467.0
287.0
337.0
310.0
284.0
406.0
354.0
373.0
510.0
314.0
312.0
464.0
340.0
421.0
462.0
297.0
637.0
422.0
283.0
282.0
458.0
328.0
374.0
445.0
567.0
333.0
324.0
409.0
465.0
448.0
448.0
463.0
413.0
376.0
452.0
306.0
430.0
248.0
386.0
375.0
388.0
365.0
318.0
514.0
291.0
325.0
396.0
418.0
413.0
393.0
524.0
298.0
275.0
444.0
565.0
513.0
347.0
313.0
362.0
363.0
339.0
421.0
367.0
339.0
507.0
407.0
262.0
468.0
497.0
395.0
341.0
317.0
371.0
464.0
407.0
391.0
465.0
508.0
427.0
289.0
424.0
342.0
419.0
349.0
405.0
537.0
290.0
460.0
301.0
403.0
364.0
384.0
385.0
333.0
394.0
395.0
442.0
478.0
540.0
437.0
348.0
391.0
461.0
261.0
414.0
339.0
409.0
360.0
440.0
686.0
542.0
432.0
382.0
326.0
374.0
536.0
670.0
474.0
345.0
264.0
304.0
261.0
375.0
372.0
352.0
521.0
347.0
345.0
347.0
637.0
494.0
367.0
412.0
312.0
335.0
300.0
369.0
445.0
381.0
455.0
375.0
402.0
375.0
355.0
398.0
307.0
256.0
316.0
410.0
458.0
439.0
495.0
355.0
506.0
390.0
491.0
409.0
364.0
412.0
351.0
433.0
453.0
371.0
410.0
486.0
415.0
548.0
459.0
372.0
463.0
346.0
402.0
320.0
353.0
343.0
366.0
463.0
343.0
493.0
473.0
748.0
436.0
399.0
455.0
439.0
543.0
357.0
335.0
472.0
411.0
362.0
394.0
373.0
417.0
468.0
404.0
311.0
384.0
287.0
410.0
437.0
396.0
662.0
409.0
440.0
402.0
440.0
334.0
427.0
298.0
367.0
500.0
396.0
469.0
468.0
479.0
512.0
430.0
346.0
420.0
458.0
311.0
406.0
326.0
507.0
356.0
282.0
399.0
579.0
416.0
436.0
341.0
365.0
493.0
464.0
388.0
457.0
370.0
408.0
403.0
441.0
393.0
634.0
431.0
352.0
367.0
309.0
508.0
255.0
327.0
345.0
476.0
420.0
419.0
487.0
402.0
271.0
419.0
349.0
414.0
504.0
334.0
365.0
302.0
386.0
355.0
433.0
359.0
442.0
461.0
423.0
348.0
274.0
625.0
471.0
394.0
493.0
343.0
318.0
552.0
307.0
370.0
359.0
463.0
435.0
372.0
545.0
348.0
567.0
344.0
304.0
396.0
358.0
425.0
554.0
392.0
291.0
359.0
567.0
335.0
312.0
489.0
366.0
326.0
330.0
457.0
377.0
323.0
528.0
419.0
475.0
369.0
208.0
396.0
342.0
451.0
456.0
400.0
644.0
489.0
396.0
444.0
253.0
347.0
384.0
316.0
354.0
418.0
335.0
405.0
566.0
426.0
476.0
590.0
355.0
415.0
308.0
416.0
473.0
486.0
402.0
401.0
393.0
554.0
488.0
427.0
291.0
378.0
483.0
299.0
349.0
443.0
430.0
414.0
349.0
357.0
498.0
410.0
296.0
554.0
519.0
439.0
526.0
310.0
400.0
329.0
316.0
378.0
319.0
483.0
462.0
313.0
241.0
471.0
451.0
681.0
251.0
423.0
450.0
295.0
422.0
461.0
404.0
414.0
294.0
457.0
520.0
647.0
359.0
280.0
383.0
366.0
397.0
348.0
376.0
346.0
360.0
364.0
444.0
391.0
375.0
357.0
350.0
446.0
268.0
513.0
613.0
327.0
593.0
528.0
512.0
344.0
282.0
322.0
604.0
341.0
356.0
446.0
281.0
390.0
348.0
334.0
263.0
399.0
372.0
474.0
531.0
425.0
432.0
408.0
372.0
717.0
437.0
463.0
302.0
345.0
391.0
502.0
385.0
310.0
734.0
359.0
465.0
334.0
479.0
427.0
405.0
470.0
481.0
362.0
267.0
553.0
308.0
385.0
387.0
458.0
447.0
354.0
419.0
538.0
311.0
469.0
372.0
377.0
470.0
385.0
522.0
398.0
555.0
450.0
368.0
355.0
313.0
313.0
331.0
1567.0
363.0
337.0
535.0
327.0
351.0
460.0
452.0
285.0
2179.0
428.0
433.0
400.0
357.0
307.0
434.0
496.0
387.0
389.0
269.0
512.0
326.0
568.0
467.0
307.0
459.0
559.0
329.0
321.0
334.0
439.0
381.0
386.0
421.0
333.0
341.0
335.0
443.0
345.0
434.0
324.0
578.0
408.0
325.0
380.0
350.0
569.0
446.0
577.0
496.0
669.0
419.0
396.0
414.0
536.0
364.0
375.0
414.0
360.0
294.0
235.0
346.0
363.0
347.0
447.0
315.0
462.0
305.0
420.0
286.0
371.0
429.0
400.0
294.0
379.0
370.0
297.0
314.0
608.0
630.0
426.0
592.0
279.0
380.0
632.0
352.0
395.0
528.0
467.0
373.0
351.0
445.0
490.0
381.0
436.0
558.0
413.0
410.0
374.0
390.0
395.0
401.0
300.0
360.0
713.0
467.0
300.0
414.0
348.0
430.0
384.0
539.0
641.0
403.0
410.0
455.0
346.0
452.0
367.0
527.0
418.0
355.0
473.0
391.0
373.0
492.0
457.0
343.0
372.0
421.0
403.0
442.0
338.0
427.0
429.0
423.0
495.0
368.0
429.0
502.0
375.0
353.0
276.0
440.0
402.0
520.0
406.0
360.0
405.0
452.0
648.0
350.0
380.0
588.0
339.0
317.0
274.0
401.0
320.0
342.0
438.0
366.0
364.0
412.0
314.0
489.0
393.0
456.0
401.0
290.0
418.0
428.0
444.0
640.0
339.0
382.0
413.0
370.0
353.0
298.0
357.0
410.0
636.0
373.0
422.0
331.0
345.0
348.0
354.0
431.0
342.0
272.0
459.0
282.0
406.0
404.0
337.0
337.0
413.0
441.0
285.0
480.0
425.0
377.0
367.0
367.0
382.0
343.0
366.0
487.0
362.0
522.0
388.0
377.0
301.0
517.0
407.0
424.0
352.0
483.0
355.0
344.0
366.0
386.0
346.0
452.0
411.0
763.0
409.0
386.0
598.0
307.0
496.0
250.0
449.0
676.0
354.0
367.0
334.0
272.0
362.0
313.0
373.0
508.0
298.0
456.0
403.0
408.0
286.0
430.0
416.0
298.0
414.0
628.0
495.0
325.0
323.0
324.0
467.0
370.0
527.0
421.0
372.0
272.0
287.0
413.0
374.0
466.0
499.0
611.0
361.0
370.0
329.0
378.0
575.0
472.0
433.0
434.0
411.0
495.0
468.0
594.0
339.0
547.0
378.0
482.0
340.0
364.0
276.0
292.0
398.0
261.0
341.0
406.0
433.0
305.0
213.0
344.0
385.0
504.0
397.0
350.0
356.0
476.0
388.0
405.0
345.0
442.0
309.0
436.0
347.0
389.0
584.0
364.0
516.0
378.0
388.0
356.0
448.0
611.0
520.0
484.0
418.0
482.0
386.0
334.0
651.0
350.0
424.0
330.0
454.0
503.0
392.0
249.0
498.0
453.0
347.0
310.0
400.0
314.0
346.0
442.0
339.0
411.0
571.0
380.0
363.0
266.0
441.0
542.0
373.0
312.0
445.0
376.0
378.0
355.0
320.0
483.0
413.0
408.0
378.0
462.0
299.0
393.0
559.0
439.0
349.0
458.0
594.0
458.0
378.0
356.0
494.0
385.0
665.0
318.0
352.0
433.0
464.0
411.0
333.0
385.0
267.0
381.0
395.0
403.0
426.0
301.0
386.0
352.0
277.0
306.0
357.0
500.0
350.0
378.0
363.0
369.0
447.0
233.0
337.0
377.0
452.0
416.0
369.0
422.0
314.0
523.0
369.0
500.0
280.0
319.0
460.0
441.0
463.0
322.0
349.0
486.0
366.0
861.0
329.0
282.0
452.0
396.0
503.0
559.0
353.0
336.0
501.0
368.0
437.0
449.0
357.0
413.0
404.0
310.0
388.0
253.0
398.0
378.0
392.0
418.0
549.0
304.0
468.0
524.0
330.0
351.0
438.0
296.0
255.0
328.0
584.0
408.0
450.0
327.0
347.0
389.0
342.0
336.0
332.0
295.0
488.0
394.0
328.0
350.0
477.0
460.0
557.0
401.0
422.0
462.0
332.0
336.0
458.0
442.0
414.0
433.0
443.0
388.0
411.0
415.0
427.0
367.0
358.0
339.0
362.0
347.0
416.0
394.0
308.0
340.0
334.0
440.0
346.0
386.0
524.0
368.0
389.0
443.0
413.0
412.0
456.0
344.0
472.0
395.0
394.0
558.0
466.0
304.0
425.0
322.0
352.0
338.0
362.0
425.0
571.0
444.0
400.0
453.0
320.0
296.0
427.0
551.0
404.0
351.0
462.0
422.0
373.0
470.0
500.0
381.0
283.0
407.0
451.0
480.0
435.0
279.0
475.0
328.0
411.0
286.0
420.0
371.0
286.0
382.0
415.0
388.0
476.0
326.0
355.0
431.0
283.0
464.0
343.0
354.0
331.0
361.0
439.0
295.0
447.0
425.0
327.0
366.0
442.0
443.0
374.0
440.0
428.0
322.0
426.0
367.0
575.0
409.0
391.0
358.0
289.0
384.0
462.0
518.0
334.0
442.0
384.0
329.0
286.0
306.0
286.0
253.0
378.0
425.0
326.0
453.0
338.0
518.0
390.0
430.0
383.0
545.0
413.0
430.0
422.0
380.0
366.0
310.0
445.0
489.0
301.0
441.0
475.0
332.0
347.0
305.0
286.0
361.0
359.0
469.0
421.0
283.0
236.0
376.0
337.0
467.0
395.0
288.0
452.0
511.0
382.0
455.0
378.0
404.0
383.0
498.0
400.0
349.0
447.0
420.0
359.0
439.0
299.0
425.0
551.0
393.0
424.0
370.0
324.0
463.0
522.0
282.0
341.0
311.0
603.0
414.0
429.0
240.0
373.0
416.0
490.0
409.0
332.0
440.0
489.0
348.0
469.0
396.0
381.0
507.0
438.0
495.0
517.0
455.0
617.0
325.0
544.0
537.0
319.0
314.0
391.0
405.0
411.0
401.0
390.0
356.0
497.0
307.0
385.0
341.0
209.0
451.0
367.0
439.0
526.0
303.0
509.0
344.0
505.0
461.0
400.0
338.0
408.0
369.0
406.0
494.0
350.0
331.0
480.0
311.0
456.0
418.0
424.0
372.0
434.0
448.0
400.0
349.0
479.0
420.0
443.0
365.0
462.0
467.0
422.0
481.0
284.0
373.0
377.0
660.0
422.0
353.0
374.0
601.0
355.0
615.0
275.0
505.0
376.0
438.0
461.0
378.0
513.0
382.0
342.0
375.0
399.0
401.0
388.0
341.0
633.0
306.0
452.0
479.0
367.0
391.0
377.0
574.0
492.0
532.0
409.0
423.0
435.0
488.0
515.0
470.0
335.0
394.0
311.0
374.0
524.0
562.0
482.0
328.0
418.0
354.0
347.0
282.0
364.0
337.0
393.0
439.0
258.0
438.0
441.0
324.0
405.0
442.0
442.0
522.0
365.0
375.0
517.0
368.0
365.0
366.0
431.0
457.0
336.0
302.0
550.0
438.0
360.0
301.0
470.0
416.0
383.0
353.0
324.0
440.0
414.0
358.0
616.0
502.0
392.0
539.0
414.0
256.0
492.0
366.0
337.0
379.0
657.0
434.0
345.0
331.0
519.0
581.0
433.0
342.0
449.0
366.0
436.0
548.0
378.0
337.0
458.0
293.0
327.0
382.0
438.0
282.0
366.0
400.0
514.0
446.0
433.0
417.0
379.0
576.0
473.0
301.0
443.0
426.0
378.0
266.0
396.0
475.0
309.0
479.0
390.0
456.0
361.0
482.0
492.0
290.0
906.0
433.0
602.0
420.0
334.0
457.0
404.0
474.0
967.0
428.0
327.0
494.0
463.0
329.0
414.0
363.0
446.0
415.0
502.0
454.0
500.0
485.0
506.0
478.0
344.0
387.0
363.0
405.0
551.0
268.0
448.0
346.0
393.0
311.0
344.0
449.0
278.0
369.0
245.0
385.0
349.0
332.0
554.0
413.0
355.0
396.0
551.0
462.0
375.0
546.0
487.0
493.0
371.0
375.0
264.0
301.0
330.0
368.0
349.0
538.0
430.0
429.0
402.0
560.0
498.0
371.0
435.0
364.0
332.0
400.0
392.0
381.0
241.0
425.0
445.0
447.0
559.0
579.0
308.0
326.0
452.0
390.0
490.0
348.0
424.0
372.0
490.0
428.0
358.0
391.0
364.0
620.0
447.0
271.0
443.0
469.0
324.0
367.0
400.0
322.0
373.0
1072.0
361.0
314.0
514.0
435.0
343.0
346.0
325.0
523.0
394.0
561.0
643.0
431.0
414.0
347.0
494.0
406.0
340.0
415.0
291.0
548.0
300.0
348.0
377.0
397.0
423.0
327.0
218.0
313.0
426.0
415.0
275.0
429.0
367.0
303.0
380.0
460.0
445.0
454.0
411.0
409.0
586.0
415.0
481.0
436.0
301.0
437.0
371.0
370.0
375.0
443.0
467.0
449.0
449.0
335.0
413.0
476.0
392.0
254.0
259.0
428.0
315.0
383.0
707.0
512.0
417.0
344.0
366.0
334.0
413.0
357.0
435.0
348.0
455.0
477.0
271.0
317.0
480.0
454.0
466.0
430.0
303.0
447.0
450.0
441.0
329.0
432.0
579.0
474.0
447.0
450.0
274.0
387.0
315.0
411.0
282.0
335.0
356.0
352.0
400.0
409.0
393.0
371.0
653.0
441.0
419.0
315.0
372.0
487.0
468.0
339.0
385.0
325.0
510.0
392.0
698.0
477.0
484.0
264.0
482.0
549.0
461.0
317.0
482.0
513.0
529.0
360.0
373.0
462.0
355.0
383.0
487.0
405.0
367.0
619.0
412.0
448.0
513.0
396.0
358.0
368.0
329.0
485.0
440.0
341.0
423.0
380.0
328.0
290.0
299.0
446.0
523.0
391.0
560.0
350.0
420.0
574.0
375.0
356.0
421.0
385.0
304.0
384.0
440.0
389.0
329.0
348.0
483.0
294.0
442.0
427.0
334.0
397.0
449.0
278.0
407.0
556.0
634.0
483.0
430.0
429.0
299.0
344.0
451.0
449.0
340.0
479.0
338.0
425.0
423.0
388.0
429.0
296.0
456.0
456.0
372.0
387.0
431.0
423.0
417.0
481.0
290.0
596.0
355.0
428.0
383.0
341.0
480.0
530.0
481.0
304.0
351.0
349.0
369.0
507.0
372.0
424.0
387.0
427.0
1124.0
457.0
348.0
376.0
321.0
405.0
482.0
366.0
740.0
383.0
356.0
482.0
352.0
321.0
368.0
399.0
366.0
346.0
397.0
413.0
565.0
308.0
481.0
444.0
403.0
326.0
351.0
385.0
512.0
406.0
447.0
291.0
409.0
464.0
319.0
343.0
370.0
408.0
454.0
329.0
495.0
609.0
467.0
345.0
471.0
357.0
213.0
392.0
457.0
357.0
381.0
402.0
255.0
427.0
574.0
451.0
417.0
434.0
363.0
438.0
425.0
474.0
441.0
424.0
335.0
390.0
418.0
427.0
327.0
404.0
350.0
392.0
503.0
458.0
386.0
422.0
613.0
249.0
341.0
311.0
361.0
449.0
331.0
332.0
551.0
451.0
452.0
528.0
563.0
318.0
290.0
426.0
509.0
296.0
387.0
396.0
347.0
506.0
320.0
567.0
452.0
305.0
471.0
282.0
437.0
299.0
471.0
282.0
432.0
466.0
530.0
313.0
472.0
457.0
348.0
443.0
418.0
314.0
406.0
313.0
310.0
436.0
503.0
444.0
457.0
323.0
402.0
323.0
508.0
426.0
384.0
558.0
367.0
296.0
518.0
269.0
545.0
407.0
421.0
354.0
406.0
357.0
495.0
424.0
428.0
411.0
391.0
334.0
449.0
411.0
403.0
355.0
387.0
414.0
458.0
350.0
376.0
442.0
509.0
363.0
410.0
475.0
414.0
295.0
387.0
410.0
388.0
308.0
520.0
363.0
405.0
376.0
359.0
316.0
653.0
413.0
510.0
363.0
280.0
560.0
308.0
429.0
367.0
346.0
375.0
369.0
336.0
337.0
365.0
597.0
401.0
268.0
436.0
348.0
407.0
395.0
311.0
448.0
536.0
363.0
300.0
379.0
361.0
353.0
470.0
273.0
343.0
424.0
393.0
506.0
240.0
365.0
429.0
470.0
312.0
343.0
463.0
452.0
391.0
414.0
363.0
417.0
278.0
354.0
400.0
439.0
533.0
530.0
486.0
307.0
537.0
310.0
356.0
352.0
419.0
505.0
308.0
416.0
415.0
354.0
580.0
553.0
349.0
301.0
480.0
423.0
416.0
300.0
356.0
422.0
592.0
457.0
468.0
525.0
502.0
357.0
376.0
391.0
427.0
531.0
300.0
368.0
449.0
364.0
410.0
439.0
419.0
353.0
447.0
372.0
470.0
397.0
307.0
320.0
358.0
412.0
340.0
385.0
409.0
330.0
421.0
398.0
413.0
373.0
543.0
328.0
415.0
348.0
432.0
432.0
323.0
381.0
333.0
549.0
340.0
255.0
373.0
441.0
384.0
318.0
380.0
496.0
421.0
359.0
356.0
328.0
554.0
416.0
468.0
286.0
397.0
478.0
612.0
450.0
384.0
510.0
396.0
467.0
405.0
460.0
316.0
352.0
437.0
413.0
420.0
312.0
455.0
313.0
521.0
363.0
385.0
486.0
437.0
399.0
394.0
514.0
344.0
344.0
434.0
346.0
292.0
324.0
263.0
353.0
418.0
443.0
415.0
527.0
371.0
470.0
257.0
312.0
415.0
370.0
434.0
348.0
525.0
245.0
400.0
570.0
353.0
328.0
364.0
359.0
342.0
324.0
353.0
400.0
340.0
505.0
407.0
459.0
505.0
373.0
364.0
383.0
348.0
491.0
440.0
471.0
327.0
462.0
420.0
333.0
408.0
356.0
425.0
343.0
379.0
424.0
285.0
319.0
395.0
471.0
406.0
622.0
493.0
389.0
275.0
360.0
287.0
244.0
453.0
395.0
467.0
590.0
503.0
383.0
461.0
272.0
332.0
329.0
370.0
406.0
392.0
297.0
390.0
465.0
507.0
641.0
437.0
374.0
299.0
304.0
447.0
331.0
473.0
202.0
538.0
279.0
351.0
532.0
356.0
521.0
374.0
437.0
551.0
360.0
343.0
404.0
410.0
280.0
491.0
477.0
353.0
390.0
350.0
360.0
331.0
414.0
378.0
447.0
382.0
320.0
304.0
416.0
446.0
388.0
469.0
559.0
381.0
492.0
447.0
278.0
369.0
433.0
352.0
317.0
500.0
469.0
490.0
300.0
291.0
449.0
485.0
412.0
373.0
410.0
567.0
370.0
461.0
351.0
459.0
431.0
336.0
497.0
451.0
299.0
428.0
364.0
422.0
368.0
382.0
220.0
283.0
390.0
380.0
487.0
417.0
609.0
319.0
409.0
356.0
324.0
352.0
294.0
551.0
425.0
355.0
566.0
437.0
471.0
349.0
274.0
472.0
506.0
366.0
582.0
355.0
312.0
414.0
399.0
440.0
500.0
550.0
437.0
366.0
312.0
320.0
489.0
333.0
488.0
411.0
406.0
400.0
438.0
437.0
426.0
429.0
476.0
466.0
398.0
360.0
428.0
340.0
429.0
416.0
498.0
544.0
434.0
545.0
337.0
444.0
315.0
446.0
430.0
437.0
360.0
406.0
430.0
378.0
442.0
283.0
356.0
387.0
433.0
458.0
422.0
272.0
476.0
420.0
520.0
371.0
451.0
426.0
327.0
452.0
437.0
395.0
410.0
482.0
367.0
307.0
314.0
376.0
560.0
479.0
495.0
299.0
325.0
416.0
527.0
401.0
471.0
444.0
291.0
319.0
264.0
363.0
545.0
324.0
471.0
346.0
422.0
420.0
353.0
405.0
393.0
399.0
465.0
304.0
288.0
330.0
533.0
357.0
417.0
370.0
373.0
344.0
371.0
360.0
387.0
514.0
427.0
471.0
640.0
351.0
432.0
321.0
539.0
360.0
359.0
360.0
667.0
365.0
591.0
395.0
418.0
442.0
472.0
398.0
375.0
532.0
474.0
323.0
444.0
464.0
444.0
428.0
571.0
279.0
512.0
396.0
322.0
592.0
505.0
425.0
579.0
403.0
429.0
384.0
350.0
275.0
645.0
330.0
339.0
399.0
472.0
453.0
385.0
385.0
403.0
330.0
458.0
337.0
528.0
481.0
380.0
347.0
454.0
313.0
346.0
410.0
482.0
500.0
446.0
497.0
340.0
309.0
381.0
557.0
352.0
394.0
380.0
441.0
318.0
440.0
366.0
381.0
387.0
393.0
501.0
538.0
247.0
353.0
427.0
444.0
325.0
652.0
465.0
369.0
300.0
338.0
503.0
422.0
415.0
376.0
464.0
480.0
367.0
365.0
378.0
381.0
381.0
282.0
307.0
248.0
470.0
342.0
538.0
318.0
360.0
407.0
348.0
432.0
532.0
502.0
328.0
547.0
597.0
333.0
339.0
361.0
335.0
496.0
482.0
458.0
445.0
392.0
444.0
418.0
343.0
391.0
399.0
392.0
418.0
475.0
329.0
490.0
393.0
508.0
369.0
377.0
404.0
572.0
377.0
363.0
387.0
501.0
315.0
389.0
381.0
370.0
446.0
437.0
382.0
428.0
465.0
522.0
274.0
444.0
425.0
394.0
381.0
345.0
538.0
467.0
496.0
251.0
329.0
307.0
357.0
332.0
346.0
496.0
337.0
425.0
335.0
539.0
471.0
533.0
313.0
369.0
626.0
300.0
398.0
483.0
303.0
457.0
429.0
567.0
421.0
398.0
380.0
413.0
374.0
369.0
403.0
392.0
488.0
467.0
418.0
502.0
450.0
373.0
454.0
296.0
310.0
436.0
545.0
492.0
583.0
397.0
342.0
508.0
504.0
500.0
388.0
396.0
305.0
399.0
312.0
437.0
243.0
451.0
428.0
336.0
437.0
396.0
497.0
305.0
365.0
461.0
261.0
339.0
449.0
288.0
619.0
545.0
340.0
520.0
435.0
455.0
596.0
364.0
319.0
379.0
446.0
384.0
396.0
481.0
450.0
364.0
345.0
413.0
445.0
276.0
336.0
420.0
381.0
384.0
478.0
526.0
394.0
466.0
334.0
317.0
331.0
404.0
393.0
431.0
330.0
295.0
298.0
477.0
414.0
310.0
497.0
553.0
352.0
404.0
332.0
251.0
280.0
448.0
502.0
379.0
421.0
273.0
386.0
454.0
498.0
551.0
423.0
471.0
545.0
575.0
245.0
347.0
394.0
470.0
426.0
484.0
416.0
468.0
397.0
404.0
459.0
472.0
446.0
386.0
524.0
383.0
403.0
384.0
296.0
479.0
495.0
464.0
646.0
277.0
375.0
360.0
318.0
531.0
461.0
291.0
411.0
356.0
540.0
304.0
321.0
519.0
472.0
467.0
407.0
403.0
511.0
346.0
555.0
524.0
273.0
427.0
420.0
468.0
431.0
373.0
465.0
314.0
331.0
345.0
332.0
485.0
356.0
576.0
412.0
430.0
338.0
399.0
427.0
410.0
347.0
340.0
525.0
296.0
516.0
275.0
307.0
355.0
447.0
379.0
434.0
472.0
258.0
391.0
344.0
404.0
531.0
358.0
306.0
552.0
562.0
411.0
475.0
361.0
327.0
518.0
423.0
328.0
473.0
430.0
309.0
525.0
417.0
391.0
429.0
448.0
578.0
624.0
393.0
377.0
516.0
278.0
327.0
510.0
324.0
445.0
351.0
293.0
465.0
362.0
291.0
518.0
272.0
416.0
344.0
374.0
522.0
708.0
334.0
522.0
428.0
447.0
247.0
388.0
357.0
395.0
363.0
435.0
449.0
445.0
442.0
270.0
608.0
473.0
311.0
506.0
516.0
396.0
387.0
411.0
360.0
414.0
387.0
369.0
259.0
368.0
366.0
440.0
398.0
375.0
421.0
439.0
369.0
389.0
359.0
343.0
341.0
340.0
478.0
352.0
360.0
366.0
395.0
450.0
411.0
362.0
409.0
354.0
383.0
297.0
489.0
477.0
315.0
405.0
495.0
431.0
407.0
429.0
444.0
404.0
349.0
444.0
501.0
352.0
287.0
357.0
397.0
401.0
400.0
317.0
297.0
449.0
311.0
357.0
361.0
449.0
389.0
439.0
400.0
470.0
300.0
340.0
659.0
310.0
475.0
406.0
438.0
296.0
495.0
489.0
491.0
341.0
394.0
457.0
282.0
511.0
361.0
460.0
334.0
321.0
373.0
420.0
422.0
316.0
389.0
398.0
340.0
426.0
367.0
251.0
451.0
463.0
379.0
432.0
384.0
340.0
527.0
456.0
412.0
469.0
471.0
373.0
391.0
377.0
265.0
458.0
442.0
482.0
479.0
279.0
380.0
506.0
445.0
476.0
350.0
274.0
357.0
371.0
345.0
235.0
443.0
274.0
415.0
306.0
481.0
324.0
329.0
476.0
368.0
286.0
376.0
473.0
252.0
589.0
591.0
465.0
391.0
433.0
368.0
367.0
330.0
393.0
379.0
351.0
332.0
379.0
428.0
459.0
350.0
267.0
507.0
454.0
410.0
438.0
403.0
346.0
504.0
358.0
424.0
402.0
460.0
409.0
409.0
573.0
425.0
407.0
514.0
340.0
331.0
363.0
346.0
423.0
430.0
547.0
495.0
383.0
433.0
470.0
316.0
451.0
388.0
408.0
470.0
363.0
373.0
463.0
420.0
430.0
318.0
404.0
359.0
447.0
572.0
341.0
298.0
340.0
606.0
338.0
331.0
412.0
517.0
378.0
493.0
283.0
451.0
393.0
384.0
382.0
485.0
425.0
538.0
375.0
525.0
319.0
369.0
456.0
386.0
431.0
299.0
324.0
415.0
452.0
334.0
384.0
448.0
421.0
376.0
367.0
395.0
264.0
381.0
396.0
492.0
514.0
401.0
479.0
481.0
324.0
456.0
405.0
429.0
317.0
323.0
249.0
792.0
370.0
412.0
261.0
391.0
432.0
472.0
518.0
439.0
318.0
370.0
309.0
374.0
440.0
452.0
462.0
509.0
493.0
333.0
374.0
388.0
467.0
355.0
447.0
439.0
453.0
456.0
280.0
315.0
357.0
319.0
456.0
491.0
275.0
369.0
443.0
465.0
428.0
375.0
414.0
308.0
462.0
444.0
572.0
372.0
372.0
386.0
475.0
440.0
402.0
454.0
310.0
259.0
303.0
310.0
222.0
397.0
404.0
325.0
430.0
317.0
378.0
298.0
416.0
492.0
357.0
668.0
544.0
300.0
482.0
385.0
336.0
398.0
496.0
588.0
373.0
347.0
494.0
404.0
417.0
492.0
329.0
467.0
412.0
429.0
354.0
459.0
257.0
426.0
423.0
378.0
657.0
313.0
322.0
364.0
371.0
459.0
364.0
261.0
602.0
460.0
324.0
324.0
624.0
451.0
348.0
541.0
530.0
442.0
393.0
562.0
324.0
487.0
314.0
434.0
436.0
345.0
437.0
344.0
466.0
535.0
342.0
402.0
573.0
382.0
437.0
370.0
438.0
475.0
293.0
367.0
510.0
333.0
412.0
413.0
424.0
293.0
490.0
465.0
444.0
401.0
400.0
358.0
606.0
314.0
438.0
440.0
401.0
485.0
360.0
423.0
396.0
375.0
309.0
384.0
320.0
502.0
292.0
268.0
361.0
418.0
432.0
390.0
351.0
407.0
487.0
362.0
647.0
504.0
330.0
406.0
403.0
381.0
331.0
443.0
404.0
293.0
337.0
411.0
426.0
361.0
346.0
362.0
564.0
433.0
457.0
424.0
436.0
290.0
384.0
346.0
368.0
508.0
651.0
876.0
361.0
421.0
394.0
620.0
421.0
352.0
344.0
457.0
511.0
326.0
307.0
427.0
459.0
339.0
296.0
539.0
490.0
285.0
382.0
364.0
452.0
393.0
454.0
525.0
456.0
477.0
342.0
398.0
1071.0
431.0
419.0
286.0
507.0
342.0
412.0
366.0
310.0
541.0
252.0
368.0
465.0
426.0
348.0
323.0
391.0
483.0
361.0
527.0
472.0
373.0
444.0
398.0
336.0
433.0
389.0
376.0
414.0
352.0
348.0
357.0
415.0
407.0
348.0
448.0
365.0
439.0
429.0
442.0
361.0
476.0
472.0
436.0
417.0
368.0
454.0
346.0
388.0
362.0
510.0
356.0
343.0
318.0
576.0
380.0
426.0
366.0
304.0
522.0
347.0
372.0
336.0
663.0
361.0
457.0
372.0
290.0
434.0
419.0
338.0
451.0
443.0
393.0
410.0
464.0
338.0
418.0
558.0
390.0
411.0
321.0
502.0
314.0
398.0
381.0
546.0
260.0
445.0
417.0
421.0
364.0
534.0
299.0
535.0
500.0
436.0
454.0
347.0
322.0
358.0
334.0
444.0
488.0
487.0
367.0
456.0
451.0
370.0
373.0
325.0
345.0
388.0
338.0
351.0
333.0
476.0
411.0
567.0
524.0
471.0
414.0
405.0
307.0
375.0
479.0
439.0
363.0
429.0
423.0
445.0
339.0
385.0
449.0
333.0
463.0
379.0
386.0
299.0
397.0
363.0
339.0
420.0
462.0
363.0
375.0
285.0
379.0
368.0
340.0
405.0
361.0
413.0
366.0
389.0
529.0
511.0
370.0
429.0
394.0
379.0
447.0
432.0
496.0
391.0
334.0
367.0
503.0
487.0
431.0
434.0
390.0
441.0
510.0
358.0
314.0
326.0
462.0
371.0
425.0
530.0
387.0
334.0
413.0
280.0
409.0
518.0
285.0
469.0
372.0
421.0
378.0
400.0
393.0
434.0
343.0
454.0
440.0
333.0
582.0
394.0
456.0
410.0
413.0
411.0
424.0
322.0
453.0
414.0
397.0
586.0
502.0
409.0
410.0
407.0
351.0
384.0
446.0
397.0
386.0
421.0
348.0
531.0
439.0
436.0
222.0
473.0
298.0
407.0
597.0
512.0
309.0
296.0
493.0
588.0
355.0
378.0
546.0
400.0
471.0
363.0
363.0
485.0
350.0
420.0
420.0
381.0
356.0
489.0
303.0
451.0
452.0
352.0
337.0
291.0
345.0
448.0
455.0
525.0
362.0
459.0
335.0
391.0
254.0
469.0
359.0
312.0
478.0
375.0
402.0
433.0
385.0
561.0
427.0
373.0
434.0
411.0
388.0
253.0
277.0
524.0
771.0
496.0
436.0
464.0
378.0
448.0
375.0
480.0
379.0
496.0
473.0
318.0
381.0
375.0
251.0
396.0
609.0
461.0
427.0
344.0
361.0
391.0
332.0
345.0
354.0
452.0
407.0
351.0
257.0
525.0
408.0
322.0
536.0
393.0
504.0
386.0
366.0
329.0
302.0
561.0
472.0
475.0
404.0
324.0
497.0
376.0
297.0
578.0
521.0
593.0
412.0
557.0
513.0
347.0
282.0
257.0
419.0
447.0
393.0
472.0
404.0
459.0
285.0
270.0
450.0
455.0
368.0
279.0
357.0
553.0
322.0
418.0
282.0
444.0
470.0
243.0
373.0
305.0
345.0
399.0
483.0
299.0
328.0
300.0
381.0
405.0
336.0
392.0
418.0
420.0
435.0
436.0
466.0
405.0
364.0
404.0
366.0
521.0
332.0
536.0
324.0
429.0
359.0
534.0
442.0
375.0
495.0
438.0
320.0
416.0
450.0
527.0
420.0
443.0
427.0
329.0
285.0
553.0
314.0
398.0
407.0
333.0
338.0
400.0
506.0
333.0
296.0
436.0
463.0
331.0
420.0
402.0
431.0
366.0
442.0
448.0
330.0
273.0
334.0
304.0
454.0
467.0
550.0
391.0
485.0
378.0
568.0
479.0
313.0
380.0
651.0
441.0
465.0
408.0
487.0
335.0
393.0
500.0
394.0
403.0
382.0
374.0
494.0
386.0
466.0
295.0
371.0
287.0
388.0
414.0
424.0
318.0
388.0
477.0
396.0
492.0
386.0
353.0
240.0
484.0
466.0
447.0
362.0
290.0
497.0
368.0
410.0
546.0
449.0
360.0
342.0
506.0
456.0
338.0
480.0
498.0
381.0
427.0
439.0
608.0
424.0
506.0
337.0
295.0
403.0
360.0
520.0
399.0
531.0
355.0
536.0
273.0
494.0
408.0
230.0
426.0
507.0
403.0
342.0
471.0
304.0
329.0
334.0
452.0
396.0
411.0
543.0
339.0
375.0
351.0
248.0
336.0
307.0
433.0
572.0
406.0
340.0
486.0
360.0
400.0
422.0
446.0
590.0
418.0
376.0
352.0
346.0
401.0
353.0
428.0
385.0
386.0
282.0
452.0
403.0
392.0
334.0
368.0
491.0
333.0
438.0
385.0
381.0
437.0
462.0
416.0
365.0
377.0
477.0
343.0
439.0
501.0
440.0
398.0
444.0
372.0
317.0
374.0
368.0
430.0
409.0
562.0
353.0
693.0
325.0
399.0
659.0
359.0
524.0
373.0
511.0
394.0
283.0
503.0
418.0
343.0
374.0
498.0
422.0
359.0
353.0
388.0
392.0
509.0
339.0
352.0
462.0
407.0
481.0
430.0
501.0
400.0
418.0
408.0
345.0
366.0
398.0
397.0
384.0
326.0
392.0
430.0
320.0
478.0
408.0
498.0
277.0
418.0
459.0
409.0
376.0
494.0
394.0
324.0
441.0
455.0
322.0
372.0
441.0
373.0
386.0
423.0
343.0
391.0
374.0
366.0
419.0
335.0
406.0
522.0
499.0
462.0
307.0
299.0
327.0
341.0
383.0
365.0
469.0
335.0
358.0
561.0
281.0
513.0
456.0
338.0
337.0
438.0
398.0
489.0
373.0
457.0
371.0
391.0
346.0
376.0
332.0
279.0
385.0
386.0
469.0
547.0
334.0
526.0
554.0
345.0
554.0
355.0
376.0
502.0
285.0
474.0
333.0
274.0
448.0
392.0
238.0
416.0
489.0
442.0
360.0
408.0
473.0
411.0
367.0
672.0
332.0
445.0
456.0
292.0
388.0
270.0
439.0
285.0
458.0
343.0
266.0
472.0
378.0
453.0
460.0
349.0
418.0
617.0
336.0
417.0
433.0
351.0
415.0
358.0
629.0
378.0
447.0
343.0
320.0
400.0
565.0
446.0
411.0
328.0
385.0
377.0
397.0
428.0
370.0
296.0
487.0
419.0
397.0
594.0
454.0
364.0
401.0
433.0
395.0
255.0
594.0
354.0
469.0
366.0
309.0
402.0
380.0
333.0
341.0
373.0
349.0
394.0
459.0
389.0
533.0
414.0
539.0
279.0
310.0
422.0
410.0
319.0
389.0
364.0
458.0
322.0
437.0
287.0
571.0
479.0
362.0
407.0
495.0
418.0
559.0
436.0
391.0
351.0
400.0
531.0
398.0
252.0
388.0
493.0
563.0
500.0
452.0
358.0
418.0
333.0
551.0
312.0
276.0
412.0
445.0
542.0
511.0
370.0
394.0
397.0
410.0
291.0
275.0
425.0
358.0
500.0
543.0
297.0
373.0
405.0
409.0
542.0
458.0
336.0
396.0
340.0
463.0
360.0
562.0
467.0
350.0
278.0
521.0
370.0
439.0
502.0
417.0
478.0
321.0
305.0
317.0
392.0
367.0
330.0
423.0
425.0
589.0
275.0
408.0
368.0
270.0
395.0
338.0
537.0
434.0
299.0
291.0
395.0
477.0
487.0
506.0
254.0
381.0
422.0
429.0
422.0
514.0
570.0
402.0
514.0
400.0
408.0
375.0
411.0
538.0
443.0
435.0
408.0
491.0
463.0
408.0
425.0
458.0
353.0
366.0
398.0
338.0
430.0
479.0
414.0
418.0
434.0
583.0
213.0
459.0
462.0
509.0
474.0
445.0
466.0
345.0
412.0
421.0
461.0
419.0
497.0
442.0
414.0
314.0
339.0
315.0
375.0
392.0
322.0
413.0
453.0
499.0
427.0
326.0
369.0
450.0
524.0
387.0
389.0
322.0
567.0
345.0
375.0
394.0
381.0
452.0
642.0
467.0
419.0
433.0
402.0
358.0
297.0
312.0
425.0
462.0
349.0
371.0
407.0
394.0
532.0
421.0
468.0
371.0
432.0
398.0
587.0
473.0
304.0
341.0
818.0
329.0
307.0
368.0
478.0
565.0
318.0
792.0
450.0
464.0
497.0
408.0
342.0
414.0
525.0
394.0
379.0
407.0
363.0
536.0
441.0
456.0
407.0
240.0
445.0
427.0
338.0
382.0
369.0
388.0
669.0
265.0
404.0
399.0
354.0
439.0
558.0
524.0
424.0
350.0
327.0
349.0
397.0
327.0
346.0
360.0
292.0
418.0
313.0
481.0
393.0
414.0
420.0
637.0
436.0
799.0
375.0
308.0
306.0
508.0
350.0
495.0
317.0
467.0
307.0
486.0
455.0
400.0
360.0
364.0
439.0
414.0
328.0
289.0
497.0
426.0
399.0
470.0
461.0
373.0
357.0
508.0
398.0
425.0
461.0
354.0
473.0
431.0
500.0
410.0
381.0
259.0
425.0
394.0
292.0
489.0
459.0
504.0
431.0
325.0
651.0
326.0
353.0
353.0
301.0
349.0
387.0
458.0
286.0
504.0
484.0
490.0
337.0
479.0
357.0
343.0
382.0
385.0
399.0
312.0
328.0
325.0
412.0
362.0
356.0
448.0
319.0
391.0
453.0
463.0
521.0
407.0
509.0
314.0
441.0
365.0
492.0
493.0
535.0
372.0
402.0
412.0
420.0
464.0
378.0
415.0
351.0
514.0
289.0
424.0
414.0
435.0
316.0
549.0
411.0
567.0
515.0
396.0
357.0
399.0
358.0
322.0
338.0
446.0
374.0
372.0
492.0
330.0
378.0
456.0
347.0
427.0
360.0
531.0
319.0
238.0
517.0
338.0
503.0
346.0
340.0
390.0
495.0
331.0
484.0
508.0
380.0
317.0
479.0
393.0
386.0
438.0
198.0
391.0
428.0
399.0
531.0
426.0
340.0
383.0
398.0
400.0
426.0
554.0
463.0
416.0
456.0
389.0
424.0
416.0
503.0
356.0
548.0
483.0
619.0
423.0
425.0
542.0
386.0
399.0
567.0
454.0
364.0
319.0
327.0
475.0
264.0
448.0
330.0
495.0
538.0
334.0
444.0
390.0
441.0
428.0
359.0
400.0
437.0
470.0
471.0
406.0
353.0
388.0
448.0
316.0
407.0
485.0
506.0
313.0
356.0
577.0
388.0
519.0
341.0
340.0
368.0
363.0
426.0
282.0
388.0
422.0
426.0
335.0
293.0
319.0
366.0
320.0
536.0
525.0
307.0
438.0
334.0
463.0
458.0
316.0
584.0
316.0
440.0
415.0
703.0
374.0
397.0
342.0
429.0
484.0
435.0
471.0
353.0
532.0
387.0
469.0
599.0
317.0
395.0
345.0
562.0
340.0
487.0
300.0
495.0
426.0
384.0
374.0
398.0
329.0
430.0
480.0
309.0
428.0
357.0
413.0
461.0
281.0
483.0
524.0
487.0
553.0
629.0
352.0
457.0
388.0
464.0
338.0
463.0
467.0
476.0
396.0
437.0
412.0
396.0
430.0
443.0
355.0
381.0
261.0
437.0
371.0
376.0
458.0
608.0
355.0
295.0
413.0
520.0
393.0
413.0
452.0
305.0
378.0
433.0
358.0
239.0
405.0
514.0
484.0
354.0
410.0
406.0
369.0
444.0
299.0
269.0
414.0
453.0
371.0
419.0
621.0
335.0
325.0
300.0
476.0
344.0
307.0
399.0
350.0
425.0
423.0
458.0
399.0
576.0
315.0
506.0
667.0
427.0
401.0
438.0
397.0
576.0
365.0
383.0
366.0
266.0
487.0
357.0
399.0
400.0
316.0
487.0
468.0
483.0
292.0
460.0
384.0
278.0
398.0
467.0
532.0
381.0
363.0
279.0
319.0
560.0
428.0
361.0
521.0
371.0
414.0
371.0
567.0
383.0
291.0
349.0
625.0
502.0
527.0
373.0
391.0
318.0
340.0
413.0
502.0
310.0
400.0
372.0
444.0
446.0
389.0
423.0
439.0
510.0
214.0
333.0
411.0
338.0
457.0
404.0
329.0
334.0
413.0
330.0
403.0
521.0
376.0
466.0
339.0
281.0
441.0
286.0
387.0
340.0
321.0
446.0
295.0
357.0
321.0
433.0
468.0
390.0
372.0
530.0
365.0
290.0
346.0
328.0
635.0
460.0
358.0
336.0
499.0
375.0
548.0
461.0
398.0
505.0
464.0
541.0
529.0
477.0
531.0
427.0
349.0
544.0
337.0
363.0
503.0
484.0
370.0
386.0
522.0
411.0
354.0
342.0
392.0
427.0
388.0
487.0
494.0
391.0
442.0
300.0
671.0
306.0
376.0
474.0
468.0
538.0
510.0
337.0
355.0
475.0
265.0
411.0
501.0
308.0
511.0
453.0
482.0
480.0
390.0
533.0
354.0
447.0
323.0
354.0
508.0
353.0
288.0
382.0
292.0
328.0
331.0
381.0
467.0
463.0
429.0
313.0
508.0
314.0
516.0
425.0
257.0
349.0
688.0
391.0
364.0
542.0
394.0
391.0
449.0
412.0
334.0
384.0
280.0
282.0
421.0
355.0
450.0
327.0
395.0
425.0
345.0
323.0
353.0
446.0
602.0
456.0
391.0
359.0
332.0
343.0
292.0
409.0
498.0
304.0
360.0
372.0
429.0
423.0
578.0
376.0
312.0
441.0
377.0
480.0
389.0
364.0
371.0
821.0
388.0
534.0
472.0
439.0
423.0
397.0
510.0
404.0
394.0
328.0
319.0
649.0
410.0
401.0
479.0
401.0
390.0
394.0
400.0
431.0
508.0
451.0
426.0
666.0
469.0
323.0
529.0
410.0
428.0
484.0
344.0
595.0
346.0
452.0
355.0
362.0
262.0
335.0
475.0
401.0
329.0
360.0
395.0
403.0
296.0
513.0
417.0
428.0
453.0
262.0
445.0
404.0
472.0
366.0
344.0
274.0
480.0
451.0
393.0
419.0
415.0
508.0
468.0
389.0
513.0
305.0
330.0
387.0
353.0
519.0
463.0
385.0
356.0
362.0
394.0
322.0
341.0
321.0
489.0
436.0
409.0
417.0
305.0
354.0
542.0
405.0
377.0
409.0
482.0
490.0
597.0
334.0
316.0
425.0
364.0
365.0
422.0
519.0
378.0
412.0
509.0
374.0
297.0
507.0
388.0
489.0
428.0
343.0
419.0
396.0
436.0
320.0
379.0
333.0
371.0
424.0
447.0
405.0
410.0
455.0
533.0
441.0
309.0
661.0
393.0
344.0
522.0
308.0
404.0
325.0
268.0
229.0
574.0
324.0
397.0
423.0
213.0
445.0
453.0
407.0
355.0
465.0
301.0
386.0
604.0
349.0
371.0
324.0
404.0
322.0
449.0
389.0
324.0
346.0
479.0
330.0
459.0
459.0
401.0
378.0
435.0
525.0
391.0
488.0
516.0
470.0
424.0
635.0
315.0
543.0
621.0
241.0
383.0
329.0
299.0
476.0
416.0
483.0
351.0
380.0
330.0
384.0
347.0
509.0
516.0
361.0
393.0
403.0
318.0
413.0
347.0
333.0
299.0
453.0
402.0
474.0
267.0
552.0
300.0
539.0
458.0
411.0
380.0
378.0
468.0
531.0
537.0
319.0
545.0
376.0
426.0
423.0
511.0
404.0
312.0
356.0
421.0
298.0
528.0
730.0
397.0
497.0
401.0
455.0
513.0
350.0
404.0
470.0
563.0
393.0
298.0
341.0
359.0
342.0
310.0
452.0
242.0
237.0
772.0
316.0
492.0
318.0
429.0
374.0
361.0
518.0
394.0
578.0
403.0
334.0
400.0
380.0
377.0
381.0
503.0
420.0
331.0
395.0
296.0
504.0
383.0
622.0
485.0
360.0
417.0
436.0
392.0
406.0
512.0
412.0
422.0
426.0
498.0
438.0
353.0
376.0
494.0
540.0
434.0
403.0
344.0
324.0
493.0
421.0
400.0
489.0
416.0
308.0
420.0
393.0
301.0
409.0
460.0
380.0
456.0
469.0
442.0
439.0
323.0
412.0
293.0
486.0
329.0
497.0
465.0
410.0
387.0
376.0
415.0
739.0
316.0
497.0
337.0
445.0
462.0
431.0
437.0
322.0
379.0
523.0
575.0
337.0
408.0
469.0
412.0
361.0
523.0
464.0
433.0
436.0
356.0
555.0
457.0
336.0
502.0
351.0
304.0
304.0
319.0
363.0
412.0
394.0
378.0
504.0
525.0
369.0
409.0
411.0
576.0
340.0
312.0
341.0
371.0
401.0
453.0
573.0
399.0
520.0
353.0
487.0
376.0
475.0
504.0
374.0
296.0
440.0
638.0
478.0
368.0
405.0
324.0
551.0
338.0
316.0
427.0
333.0
567.0
332.0
384.0
365.0
335.0
313.0
418.0
367.0
447.0
394.0
317.0
796.0
419.0
345.0
492.0
522.0
465.0
322.0
332.0
428.0
448.0
402.0
507.0
350.0
303.0
401.0
520.0
346.0
413.0
409.0
279.0
291.0
440.0
321.0
380.0
444.0
329.0
365.0
431.0
437.0
458.0
434.0
338.0
253.0
461.0
348.0
403.0
398.0
403.0
342.0
328.0
466.0
488.0
535.0
338.0
409.0
378.0
349.0
381.0
497.0
306.0
438.0
293.0
295.0
427.0
641.0
387.0
310.0
503.0
346.0
372.0
552.0
364.0
456.0
501.0
332.0
367.0
428.0
382.0
294.0
490.0
379.0
335.0
330.0
476.0
434.0
500.0
415.0
306.0
754.0
391.0
383.0
419.0
429.0
433.0
629.0
407.0
294.0
362.0
346.0
399.0
271.0
280.0
526.0
331.0
459.0
423.0
430.0
459.0
442.0
350.0
470.0
249.0
425.0
441.0
455.0
516.0
322.0
526.0
517.0
344.0
375.0
426.0
476.0
419.0
330.0
346.0
322.0
310.0
408.0
449.0
290.0
314.0
482.0
714.0
337.0
255.0
377.0
444.0
406.0
306.0
396.0
278.0
366.0
552.0
298.0
345.0
399.0
379.0
473.0
419.0
417.0
519.0
446.0
450.0
336.0
581.0
444.0
567.0
406.0
314.0
702.0
305.0
385.0
308.0
372.0
413.0
395.0
404.0
608.0
383.0
439.0
367.0
296.0
550.0
351.0
470.0
333.0
360.0
383.0
461.0
361.0
322.0
397.0
439.0
319.0
308.0
476.0
465.0
317.0
554.0
412.0
426.0
421.0
375.0
326.0
380.0
411.0
405.0
405.0
453.0
584.0
345.0
482.0
399.0
419.0
472.0
406.0
330.0
321.0
408.0
414.0
298.0
545.0
389.0
511.0
388.0
318.0
309.0
385.0
614.0
619.0
457.0
370.0
509.0
424.0
389.0
698.0
644.0
451.0
729.0
488.0
366.0
351.0
406.0
342.0
536.0
389.0
421.0
299.0
342.0
411.0
515.0
295.0
438.0
576.0
349.0
516.0
420.0
482.0
381.0
318.0
441.0
410.0
353.0
403.0
333.0
400.0
379.0
514.0
384.0
342.0
362.0
314.0
346.0
411.0
458.0
498.0
461.0
432.0
412.0
406.0
414.0
568.0
382.0
318.0
405.0
340.0
453.0
362.0
272.0
348.0
575.0
436.0
285.0
464.0
395.0
467.0
402.0
271.0
452.0
396.0
482.0
644.0
362.0
320.0
369.0
555.0
583.0
609.0
316.0
315.0
404.0
290.0
344.0
422.0
430.0
271.0
474.0
361.0
557.0
428.0
328.0
414.0
435.0
510.0
378.0
459.0
410.0
323.0
445.0
386.0
471.0
459.0
377.0
531.0
395.0
453.0
395.0
358.0
405.0
588.0
438.0
188.0
527.0
353.0
483.0
411.0
472.0
339.0
361.0
380.0
351.0
449.0
288.0
480.0
312.0
319.0
371.0
347.0
346.0
393.0
440.0
531.0
330.0
374.0
509.0
367.0
483.0
510.0
361.0
436.0
327.0
464.0
325.0
482.0
396.0
467.0
367.0
314.0
335.0
247.0
334.0
410.0
503.0
581.0
333.0
377.0
402.0
675.0
503.0
394.0
354.0
642.0
422.0
323.0
345.0
392.0
296.0
353.0
441.0
270.0
447.0
318.0
458.0
515.0
440.0
526.0
352.0
518.0
354.0
525.0
386.0
335.0
497.0
440.0
369.0
372.0
307.0
989.0
398.0
414.0
412.0
324.0
344.0
488.0
323.0
336.0
295.0
491.0
296.0
390.0
309.0
531.0
376.0
476.0
453.0
419.0
378.0
372.0
551.0
291.0
377.0
441.0
350.0
597.0
449.0
435.0
305.0
511.0
359.0
407.0
325.0
460.0
395.0
262.0
356.0
361.0
406.0
456.0
335.0
288.0
417.0
445.0
357.0
473.0
405.0
303.0
443.0
423.0
367.0
416.0
559.0
255.0
288.0
429.0
326.0
380.0
402.0
350.0
525.0
334.0
372.0
283.0
484.0
322.0
929.0
533.0
797.0
519.0
502.0
313.0
362.0
429.0
406.0
423.0
335.0
467.0
379.0
407.0
377.0
392.0
206.0
359.0
250.0
380.0
490.0
402.0
324.0
384.0
397.0
650.0
435.0
462.0
454.0
323.0
382.0
453.0
533.0
370.0
522.0
340.0
372.0
694.0
234.0
469.0
465.0
374.0
400.0
327.0
472.0
334.0
457.0
580.0
346.0
427.0
528.0
469.0
324.0
313.0
371.0
377.0
464.0
381.0
251.0
321.0
440.0
410.0
459.0
281.0
310.0
325.0
424.0
336.0
412.0
511.0
579.0
453.0
340.0
441.0
423.0
308.0
386.0
1009.0
395.0
416.0
327.0
391.0
270.0
379.0
415.0
286.0
334.0
461.0
308.0
435.0
306.0
234.0
420.0
344.0
347.0
323.0
417.0
591.0
344.0
719.0
363.0
524.0
335.0
423.0
537.0
400.0
302.0
428.0
349.0
300.0
573.0
266.0
533.0
402.0
383.0
497.0
316.0
441.0
393.0
491.0
357.0
393.0
342.0
491.0
499.0
333.0
482.0
367.0
414.0
390.0
328.0
360.0
383.0
391.0
593.0
477.0
480.0
354.0
382.0
360.0
383.0
420.0
550.0
646.0
328.0
276.0
306.0
367.0
313.0
596.0
447.0
478.0
343.0
416.0
406.0
437.0
381.0
371.0
383.0
356.0
433.0
390.0
374.0
578.0
546.0
440.0
453.0
382.0
469.0
196.0
421.0
458.0
405.0
450.0
515.0
328.0
400.0
386.0
358.0
307.0
354.0
313.0
274.0
383.0
566.0
342.0
847.0
401.0
451.0
396.0
396.0
442.0
366.0
374.0
456.0
326.0
330.0
333.0
399.0
331.0
283.0
539.0
404.0
529.0
414.0
495.0
427.0
373.0
428.0
382.0
392.0
434.0
426.0
333.0
416.0
364.0
419.0
390.0
397.0
489.0
323.0
408.0
506.0
320.0
327.0
307.0
429.0
319.0
405.0
361.0
563.0
537.0
463.0
421.0
415.0
639.0
314.0
438.0
465.0
329.0
524.0
435.0
396.0
448.0
344.0
421.0
340.0
329.0
440.0
347.0
377.0
299.0
362.0
555.0
384.0
566.0
364.0
340.0
254.0
375.0
308.0
401.0
599.0
369.0
449.0
233.0
360.0
445.0
383.0
354.0
331.0
498.0
363.0
370.0
382.0
395.0
504.0
611.0
476.0
474.0
418.0
307.0
354.0
529.0
342.0
304.0
450.0
482.0
529.0
262.0
333.0
549.0
387.0
384.0
418.0
332.0
436.0
469.0
643.0
292.0
484.0
448.0
580.0
412.0
364.0
426.0
403.0
463.0
431.0
462.0
289.0
548.0
307.0
557.0
331.0
331.0
329.0
369.0
491.0
309.0
426.0
405.0
237.0
496.0
518.0
474.0
340.0
491.0
342.0
380.0
385.0
528.0
439.0
374.0
331.0
357.0
412.0
325.0
365.0
372.0
342.0
473.0
476.0
498.0
529.0
473.0
327.0
387.0
458.0
826.0
440.0
517.0
404.0
514.0
408.0
342.0
591.0
399.0
331.0
253.0
352.0
378.0
388.0
360.0
430.0
491.0
587.0
351.0
432.0
412.0
319.0
447.0
334.0
390.0
507.0
556.0
436.0
304.0
304.0
561.0
274.0
320.0
600.0
527.0
424.0
419.0
347.0
356.0
378.0
416.0
386.0
268.0
313.0
401.0
411.0
392.0
475.0
388.0
275.0
295.0
426.0
318.0
351.0
467.0
465.0
517.0
369.0
378.0
468.0
430.0
455.0
441.0
405.0
315.0
295.0
475.0
310.0
379.0
366.0
372.0
484.0
314.0
375.0
398.0
604.0
466.0
264.0
501.0
390.0
533.0
465.0
331.0
353.0
308.0
402.0
556.0
405.0
279.0
381.0
392.0
496.0
415.0
638.0
375.0
467.0
347.0
382.0
415.0
503.0
316.0
419.0
424.0
285.0
388.0
301.0
560.0
431.0
349.0
352.0
434.0
361.0
527.0
447.0
539.0
502.0
371.0
353.0
430.0
424.0
335.0
517.0
387.0
429.0
536.0
284.0
364.0
416.0
351.0
288.0
293.0
424.0
328.0
526.0
522.0
456.0
495.0
418.0
551.0
442.0
510.0
401.0
369.0
490.0
516.0
297.0
444.0
298.0
472.0
329.0
432.0
456.0
366.0
268.0
437.0
385.0
433.0
458.0
624.0
507.0
435.0
422.0
333.0
382.0
621.0
400.0
427.0
388.0
343.0
406.0
444.0
327.0
312.0
373.0
438.0
471.0
384.0
407.0
471.0
413.0
194.0
521.0
351.0
473.0
452.0
414.0
300.0
446.0
511.0
346.0
440.0
335.0
459.0
479.0
599.0
347.0
333.0
274.0
361.0
450.0
405.0
315.0
435.0
509.0
312.0
358.0
375.0
445.0
452.0
388.0
481.0
258.0
385.0
366.0
341.0
395.0
324.0
467.0
402.0
403.0
265.0
325.0
282.0
474.0
503.0
617.0
420.0
402.0
497.0
416.0
368.0
447.0
419.0
250.0
382.0
301.0
412.0
439.0
338.0
502.0
420.0
806.0
490.0
496.0
490.0
317.0
247.0
407.0
339.0
333.0
341.0
388.0
500.0
393.0
559.0
396.0
432.0
381.0
407.0
409.0
442.0
452.0
445.0
585.0
420.0
369.0
376.0
350.0
324.0
272.0
289.0
514.0
588.0
457.0
385.0
576.0
387.0
287.0
459.0
283.0
422.0
368.0
375.0
369.0
437.0
409.0
284.0
331.0
370.0
341.0
336.0
459.0
456.0
392.0
1040.0
411.0
336.0
419.0
582.0
326.0
299.0
489.0
355.0
380.0
353.0
572.0
412.0
514.0
388.0
418.0
377.0
443.0
307.0
428.0
400.0
413.0
566.0
355.0
391.0
433.0
336.0
233.0
368.0
388.0
345.0
386.0
935.0
481.0
462.0
573.0
496.0
327.0
320.0
467.0
331.0
475.0
439.0
428.0
404.0
451.0
297.0
495.0
429.0
532.0
372.0
634.0
330.0
490.0
353.0
531.0
405.0
331.0
361.0
373.0
337.0
370.0
548.0
327.0
422.0
534.0
438.0
420.0
322.0
388.0
369.0
471.0
552.0
520.0
540.0
292.0
354.0
330.0
370.0
424.0
481.0
350.0
554.0
367.0
500.0
475.0
458.0
345.0
417.0
342.0
524.0
311.0
355.0
288.0
453.0
455.0
502.0
368.0
315.0
354.0
571.0
488.0
557.0
460.0
428.0
403.0
240.0
560.0
378.0
346.0
303.0
414.0
454.0
494.0
506.0
451.0
446.0
507.0
423.0
433.0
433.0
398.0
338.0
354.0
389.0
361.0
529.0
367.0
327.0
372.0
366.0
359.0
441.0
498.0
568.0
369.0
402.0
428.0
383.0
429.0
387.0
537.0
294.0
519.0
488.0
307.0
358.0
433.0
394.0
473.0
545.0
343.0
367.0
437.0
392.0
450.0
466.0
384.0
407.0
467.0
338.0
273.0
478.0
493.0
362.0
439.0
253.0
434.0
374.0
394.0
336.0
426.0
454.0
450.0
342.0
405.0
371.0
269.0
466.0
297.0
420.0
519.0
351.0
255.0
422.0
356.0
500.0
548.0
457.0
432.0
571.0
498.0
495.0
325.0
372.0
296.0
391.0
386.0
347.0
352.0
435.0
413.0
415.0
457.0
384.0
424.0
458.0
281.0
474.0
338.0
507.0
391.0
376.0
418.0
421.0
319.0
443.0
332.0
356.0
689.0
294.0
492.0
320.0
381.0
419.0
283.0
407.0
355.0
439.0
340.0
366.0
464.0
371.0
445.0
386.0
603.0
300.0
545.0
294.0
582.0
440.0
633.0
376.0
257.0
486.0
273.0
490.0
431.0
348.0
503.0
281.0
381.0
399.0
471.0
513.0
449.0
632.0
445.0
382.0
470.0
362.0
282.0
363.0
410.0
543.0
435.0
329.0
389.0
375.0
319.0
363.0
526.0
280.0
414.0
412.0
494.0
525.0
549.0
241.0
301.0
404.0
242.0
319.0
324.0
548.0
523.0
436.0
417.0
497.0
378.0
425.0
305.0
468.0
310.0
477.0
507.0
332.0
287.0
415.0
370.0
458.0
251.0
527.0
330.0
430.0
490.0
362.0
366.0
468.0
374.0
425.0
332.0
417.0
377.0
634.0
414.0
359.0
462.0
273.0
388.0
338.0
292.0
307.0
560.0
689.0
447.0
313.0
412.0
337.0
452.0
528.0
347.0
598.0
551.0
412.0
407.0
333.0
416.0
426.0
548.0
333.0
469.0
410.0
342.0
398.0
394.0
342.0
295.0
344.0
445.0
329.0
411.0
443.0
329.0
614.0
288.0
430.0
544.0
531.0
469.0
333.0
474.0
387.0
1054.0
327.0
382.0
383.0
343.0
419.0
391.0
355.0
437.0
385.0
392.0
406.0
396.0
319.0
436.0
535.0
464.0
640.0
293.0
614.0
475.0
369.0
436.0
363.0
467.0
391.0
377.0
351.0
596.0
370.0
260.0
423.0
356.0
435.0
342.0
305.0
450.0
385.0
384.0
400.0
373.0
430.0
344.0
435.0
419.0
366.0
362.0
384.0
351.0
437.0
345.0
384.0
430.0
390.0
352.0
646.0
558.0
402.0
458.0
487.0
296.0
326.0
546.0
330.0
532.0
459.0
463.0
239.0
387.0
431.0
356.0
498.0
318.0
447.0
561.0
398.0
316.0
336.0
603.0
266.0
403.0
365.0
531.0
467.0
242.0
547.0
443.0
435.0
417.0
455.0
293.0
438.0
395.0
511.0
348.0
317.0
341.0
332.0
456.0
398.0
307.0
309.0
578.0
516.0
420.0
337.0
347.0
435.0
382.0
498.0
439.0
314.0
363.0
398.0
371.0
481.0
541.0
527.0
402.0
474.0
410.0
545.0
364.0
364.0
418.0
296.0
405.0
447.0
406.0
406.0
443.0
391.0
397.0
295.0
391.0
425.0
450.0
443.0
454.0
371.0
391.0
443.0
493.0
599.0
371.0
329.0
370.0
416.0
370.0
467.0
302.0
495.0
416.0
375.0
386.0
472.0
479.0
433.0
490.0
433.0
581.0
337.0
543.0
279.0
459.0
251.0
370.0
327.0
374.0
388.0
266.0
276.0
472.0
424.0
351.0
539.0
279.0
297.0
438.0
384.0
298.0
392.0
468.0
390.0
349.0
521.0
363.0
489.0
471.0
463.0
354.0
435.0
417.0
389.0
423.0
419.0
663.0
398.0
607.0
451.0
576.0
403.0
468.0
305.0
353.0
371.0
213.0
406.0
520.0
309.0
535.0
449.0
327.0
414.0
354.0
404.0
355.0
471.0
493.0
382.0
509.0
677.0
391.0
369.0
518.0
417.0
335.0
257.0
549.0
447.0
550.0
467.0
287.0
386.0
390.0
477.0
326.0
380.0
332.0
306.0
651.0
320.0
426.0
352.0
367.0
321.0
310.0
364.0
579.0
393.0
365.0
363.0
258.0
291.0
423.0
381.0
368.0
324.0
301.0
398.0
377.0
440.0
277.0
517.0
541.0
577.0
550.0
370.0
548.0
394.0
412.0
418.0
695.0
365.0
356.0
576.0
379.0
402.0
415.0
354.0
414.0
487.0
328.0
368.0
355.0
458.0
484.0
420.0
473.0
446.0
414.0
359.0
300.0
533.0
241.0
740.0
354.0
318.0
600.0
368.0
371.0
418.0
449.0
432.0
435.0
457.0
462.0
386.0
314.0
352.0
316.0
418.0
480.0
274.0
470.0
380.0
411.0
790.0
291.0
384.0
307.0
366.0
429.0
475.0
725.0
362.0
351.0
503.0
378.0
557.0
387.0
314.0
385.0
435.0
502.0
362.0
385.0
602.0
331.0
432.0
306.0
341.0
421.0
434.0
327.0
366.0
346.0
311.0
414.0
396.0
369.0
451.0
461.0
548.0
571.0
230.0
325.0
348.0
256.0
369.0
310.0
401.0
360.0
438.0
433.0
376.0
443.0
428.0
453.0
521.0
368.0
659.0
341.0
571.0
380.0
390.0
331.0
521.0
286.0
479.0
408.0
366.0
449.0
403.0
356.0
344.0
461.0
389.0
264.0
390.0
487.0
462.0
416.0
347.0
313.0
368.0
409.0
520.0
397.0
361.0
402.0
357.0
274.0
287.0
425.0
418.0
413.0
439.0
389.0
770.0
375.0
328.0
342.0
309.0
602.0
247.0
431.0
468.0
370.0
459.0
395.0
484.0
402.0
523.0
305.0
415.0
671.0
246.0
317.0
480.0
304.0
366.0
529.0
601.0
367.0
403.0
309.0
443.0
466.0
443.0
359.0
502.0
375.0
419.0
290.0
475.0
451.0
602.0
312.0
482.0
509.0
450.0
430.0
323.0
318.0
465.0
460.0
487.0
351.0
355.0
523.0
429.0
329.0
365.0
464.0
370.0
577.0
449.0
384.0
450.0
344.0
294.0
433.0
365.0
524.0
681.0
318.0
418.0
379.0
447.0
431.0
464.0
313.0
494.0
563.0
302.0
429.0
502.0
349.0
378.0
273.0
340.0
295.0
324.0
447.0
353.0
441.0
453.0
499.0
421.0
402.0
398.0
367.0
294.0
362.0
337.0
519.0
517.0
392.0
534.0
579.0
368.0
659.0
427.0
298.0
293.0
416.0
378.0
489.0
473.0
544.0
399.0
408.0
287.0
336.0
267.0
282.0
480.0
416.0
292.0
308.0
325.0
466.0
380.0
328.0
393.0
801.0
402.0
375.0
350.0
330.0
524.0
483.0
506.0
477.0
341.0
355.0
551.0
385.0
348.0
515.0
373.0
369.0
379.0
447.0
361.0
477.0
423.0
508.0
333.0
487.0
562.0
463.0
295.0
328.0
404.0
240.0
499.0
328.0
482.0
521.0
396.0
415.0
452.0
338.0
452.0
365.0
363.0
1238.0
565.0
451.0
310.0
369.0
417.0
401.0
426.0
408.0
463.0
470.0
351.0
420.0
358.0
457.0
397.0
352.0
304.0
390.0
504.0
434.0
428.0
535.0
349.0
538.0
265.0
284.0
391.0
401.0
385.0
502.0
295.0
405.0
515.0
747.0
499.0
462.0
346.0
374.0
382.0
653.0
305.0
220.0
438.0
322.0
500.0
466.0
295.0
545.0
485.0
381.0
378.0
231.0
305.0
448.0
317.0
413.0
370.0
415.0
414.0
276.0
448.0
364.0
383.0
344.0
745.0
403.0
373.0
319.0
329.0
368.0
424.0
426.0
370.0
322.0
411.0
329.0
355.0
650.0
433.0
516.0
439.0
259.0
517.0
730.0
451.0
418.0
485.0
337.0
288.0
521.0
386.0
275.0
423.0
470.0
461.0
589.0
419.0
463.0
430.0
595.0
393.0
291.0
390.0
435.0
596.0
334.0
234.0
363.0
396.0
531.0
363.0
384.0
351.0
453.0
435.0
355.0
522.0
431.0
223.0
382.0
594.0
485.0
509.0
460.0
302.0
334.0
362.0
346.0
335.0
550.0
457.0
261.0
349.0
445.0
458.0
430.0
323.0
260.0
364.0
410.0
425.0
485.0
297.0
373.0
323.0
489.0
277.0
439.0
457.0
416.0
405.0
398.0
554.0
359.0
468.0
433.0
247.0
463.0
593.0
367.0
464.0
356.0
367.0
426.0
357.0
417.0
480.0
470.0
374.0
279.0
359.0
329.0
351.0
361.0
398.0
306.0
507.0
412.0
336.0
436.0
450.0
363.0
416.0
409.0
600.0
425.0
300.0
444.0
424.0
333.0
437.0
312.0
556.0
396.0
458.0
342.0
488.0
539.0
465.0
474.0
279.0
460.0
499.0
296.0
298.0
601.0
406.0
343.0
366.0
314.0
538.0
373.0
480.0
384.0
434.0
352.0
530.0
542.0
352.0
368.0
425.0
525.0
383.0
349.0
486.0
298.0
452.0
383.0
345.0
403.0
466.0
321.0
356.0
323.0
475.0
427.0
476.0
545.0
377.0
401.0
367.0
460.0
271.0
406.0
384.0
538.0
408.0
297.0
362.0
455.0
355.0
440.0
409.0
377.0
368.0
347.0
342.0
434.0
346.0
595.0
314.0
299.0
348.0
378.0
512.0
495.0
426.0
367.0
320.0
401.0
366.0
354.0
412.0
401.0
586.0
584.0
344.0
564.0
437.0
369.0
545.0
348.0
277.0
514.0
410.0
471.0
421.0
364.0
677.0
399.0
409.0
406.0
432.0
362.0
364.0
308.0
343.0
392.0
350.0
274.0
343.0
423.0
502.0
425.0
379.0
402.0
351.0
500.0
393.0
496.0
529.0
388.0
339.0
370.0
365.0
566.0
379.0
367.0
394.0
262.0
436.0
300.0
514.0
404.0
353.0
540.0
350.0
457.0
379.0
441.0
336.0
323.0
464.0
579.0
467.0
356.0
303.0
273.0
442.0
367.0
253.0
364.0
514.0
301.0
589.0
530.0
347.0
532.0
321.0
494.0
323.0
393.0
289.0
443.0
373.0
377.0
627.0
387.0
365.0
441.0
471.0
325.0
344.0
430.0
274.0
425.0
315.0
285.0
387.0
371.0
432.0
526.0
415.0
477.0
363.0
371.0
427.0
372.0
470.0
516.0
626.0
379.0
341.0
370.0
561.0
377.0
466.0
393.0
455.0
450.0
359.0
477.0
542.0
300.0
428.0
379.0
595.0
314.0
358.0
453.0
249.0
270.0
440.0
424.0
285.0
462.0
304.0
585.0
348.0
427.0
489.0
536.0
484.0
326.0
372.0
618.0
406.0
472.0
381.0
464.0
366.0
455.0
364.0
308.0
363.0
514.0
373.0
274.0
554.0
396.0
342.0
445.0
311.0
323.0
277.0
390.0
298.0
335.0
453.0
459.0
308.0
236.0
379.0
345.0
485.0
565.0
389.0
330.0
434.0
415.0
493.0
445.0
421.0
347.0
300.0
403.0
550.0
376.0
509.0
359.0
389.0
436.0
371.0
342.0
527.0
329.0
373.0
336.0
486.0
462.0
486.0
571.0
404.0
417.0
342.0
310.0
408.0
426.0
540.0
405.0
235.0
583.0
362.0
368.0
302.0
379.0
382.0
462.0
337.0
383.0
541.0
434.0
416.0
430.0
490.0
244.0
417.0
519.0
436.0
360.0
368.0
458.0
374.0
535.0
297.0
482.0
376.0
477.0
368.0
403.0
490.0
418.0
404.0
525.0
446.0
378.0
283.0
629.0
488.0
405.0
332.0
406.0
424.0
643.0
476.0
426.0
453.0
285.0
530.0
288.0
441.0
321.0
334.0
335.0
477.0
332.0
357.0
593.0
489.0
365.0
310.0
556.0
426.0
625.0
342.0
414.0
420.0
206.0
400.0
388.0
381.0
417.0
481.0
427.0
416.0
439.0
427.0
318.0
396.0
490.0
434.0
243.0
356.0
553.0
338.0
416.0
439.0
385.0
544.0
329.0
426.0
392.0
363.0
495.0
426.0
494.0
351.0
380.0
451.0
355.0
323.0
378.0
500.0
456.0
323.0
402.0
458.0
465.0
399.0
394.0
440.0
301.0
376.0
363.0
432.0
366.0
374.0
526.0
425.0
477.0
393.0
386.0
485.0
525.0
594.0
449.0
629.0
489.0
261.0
346.0
298.0
447.0
448.0
340.0
465.0
373.0
409.0
435.0
383.0
378.0
472.0
451.0
419.0
312.0
437.0
348.0
251.0
388.0
357.0
478.0
315.0
244.0
484.0
381.0
430.0
337.0
349.0
373.0
366.0
542.0
326.0
607.0
427.0
464.0
383.0
350.0
396.0
257.0
300.0
365.0
277.0
485.0
430.0
337.0
508.0
470.0
317.0
464.0
314.0
579.0
501.0
589.0
286.0
447.0
255.0
323.0
343.0
393.0
384.0
310.0
429.0
367.0
472.0
640.0
327.0
441.0
490.0
445.0
300.0
341.0
623.0
304.0
456.0
456.0
350.0
301.0
330.0
411.0
425.0
356.0
448.0
381.0
916.0
326.0
409.0
292.0
411.0
523.0
230.0
423.0
415.0
390.0
421.0
455.0
525.0
244.0
328.0
424.0
401.0
437.0
612.0
469.0
342.0
401.0
411.0
359.0
427.0
371.0
371.0
362.0
879.0
494.0
474.0
316.0
486.0
333.0
391.0
481.0
499.0
462.0
322.0
417.0
465.0
368.0
369.0
515.0
343.0
597.0
372.0
303.0
244.0
371.0
491.0
1093.0
437.0
569.0
360.0
498.0
268.0
255.0
335.0
547.0
293.0
356.0
465.0
393.0
281.0
418.0
361.0
384.0
453.0
427.0
329.0
429.0
469.0
246.0
360.0
434.0
387.0
370.0
647.0
418.0
617.0
334.0
394.0
414.0
338.0
434.0
457.0
383.0
244.0
382.0
325.0
536.0
371.0
343.0
346.0
381.0
373.0
447.0
444.0
279.0
386.0
529.0
427.0
501.0
424.0
373.0
384.0
458.0
403.0
436.0
461.0
171.0
543.0
451.0
407.0
350.0
441.0
425.0
422.0
408.0
336.0
419.0
521.0
571.0
425.0
342.0
310.0
628.0
371.0
481.0
441.0
486.0
403.0
450.0
426.0
401.0
435.0
473.0
485.0
449.0
257.0
313.0
521.0
431.0
385.0
354.0
399.0
536.0
345.0
357.0
432.0
648.0
397.0
242.0
442.0
376.0
403.0
526.0
422.0
496.0
378.0
439.0
407.0
530.0
407.0
442.0
340.0
614.0
570.0
489.0
312.0
450.0
402.0
974.0
654.0
481.0
459.0
351.0
383.0
474.0
442.0
356.0
447.0
398.0
337.0
365.0
421.0
247.0
362.0
481.0
500.0
398.0
405.0
407.0
368.0
359.0
412.0
341.0
413.0
381.0
320.0
483.0
477.0
420.0
327.0
458.0
462.0
428.0
524.0
374.0
413.0
459.0
435.0
351.0
294.0
410.0
600.0
349.0
536.0
373.0
403.0
325.0
282.0
455.0
490.0
485.0
391.0
576.0
460.0
451.0
492.0
398.0
381.0
312.0
439.0
451.0
396.0
410.0
400.0
459.0
419.0
1394.0
442.0
448.0
426.0
285.0
365.0
446.0
478.0
319.0
312.0
448.0
465.0
331.0
249.0
548.0
444.0
405.0
374.0
463.0
403.0
563.0
463.0
329.0
534.0
418.0
285.0
346.0
388.0
450.0
419.0
447.0
391.0
481.0
373.0
365.0
409.0
546.0
348.0
498.0
536.0
348.0
607.0
435.0
552.0
441.0
344.0
372.0
366.0
302.0
287.0
385.0
421.0
342.0
330.0
247.0
444.0
375.0
341.0
261.0
536.0
282.0
452.0
428.0
303.0
522.0
466.0
431.0
333.0
260.0
357.0
602.0
427.0
257.0
553.0
414.0
428.0
383.0
435.0
330.0
509.0
337.0
903.0
480.0
506.0
374.0
384.0
455.0
522.0
409.0
478.0
352.0
492.0
503.0
530.0
284.0
293.0
512.0
257.0
337.0
369.0
512.0
435.0
500.0
371.0
326.0
301.0
318.0
332.0
435.0
383.0
475.0
371.0
393.0
333.0
264.0
385.0
225.0
230.0
504.0
416.0
313.0
268.0
420.0
442.0
433.0
398.0
370.0
428.0
312.0
316.0
346.0
339.0
384.0
433.0
783.0
407.0
334.0
316.0
346.0
424.0
577.0
478.0
595.0
398.0
336.0
459.0
593.0
426.0
376.0
478.0
451.0
315.0
449.0
372.0
477.0
409.0
437.0
347.0
295.0
496.0
375.0
329.0
472.0
415.0
302.0
381.0
322.0
518.0
462.0
562.0
430.0
350.0
366.0
355.0
444.0
339.0
530.0
479.0
326.0
337.0
509.0
532.0
356.0
411.0
434.0
429.0
484.0
765.0
304.0
266.0
396.0
279.0
307.0
577.0
312.0
333.0
359.0
578.0
348.0
409.0
403.0
343.0
511.0
368.0
364.0
318.0
400.0
319.0
479.0
408.0
326.0
342.0
408.0
363.0
320.0
410.0
483.0
305.0
424.0
397.0
452.0
357.0
480.0
502.0
386.0
545.0
294.0
486.0
410.0
504.0
556.0
318.0
392.0
502.0
369.0
347.0
350.0
337.0
469.0
405.0
410.0
436.0
465.0
451.0
356.0
347.0
459.0
394.0
727.0
391.0
460.0
502.0
387.0
551.0
286.0
513.0
407.0
462.0
472.0
424.0
504.0
333.0
514.0
387.0
339.0
361.0
415.0
314.0
507.0
379.0
372.0
360.0
531.0
398.0
333.0
320.0
349.0
317.0
350.0
462.0
427.0
500.0
439.0
332.0
353.0
374.0
432.0
376.0
371.0
507.0
389.0
432.0
528.0
453.0
431.0
421.0
428.0
256.0
416.0
262.0
343.0
404.0
333.0
386.0
343.0
493.0
384.0
370.0
375.0
347.0
329.0
340.0
373.0
369.0
299.0
303.0
438.0
567.0
377.0
458.0
330.0
338.0
375.0
325.0
380.0
435.0
371.0
445.0
405.0
482.0
378.0
276.0
379.0
468.0
324.0
294.0
368.0
405.0
379.0
416.0
374.0
446.0
445.0
493.0
320.0
422.0
339.0
296.0
442.0
411.0
316.0
237.0
731.0
262.0
384.0
358.0
385.0
543.0
433.0
373.0
298.0
397.0
346.0
418.0
370.0
407.0
305.0
476.0
338.0
458.0
376.0
347.0
437.0
395.0
425.0
394.0
372.0
320.0
333.0
322.0
472.0
340.0
480.0
475.0
513.0
526.0
339.0
319.0
364.0
333.0
380.0
416.0
463.0
380.0
404.0
432.0
317.0
474.0
381.0
666.0
456.0
384.0
428.0
449.0
286.0
318.0
422.0
459.0
406.0
360.0
309.0
395.0
443.0
289.0
452.0
367.0
469.0
365.0
352.0
401.0
347.0
475.0
264.0
357.0
437.0
420.0
497.0
359.0
330.0
402.0
479.0
552.0
496.0
346.0
367.0
367.0
508.0
457.0
273.0
479.0
456.0
522.0
342.0
450.0
357.0
593.0
531.0
401.0
606.0
378.0
418.0
252.0
334.0
470.0
374.0
397.0
405.0
344.0
364.0
355.0
263.0
377.0
421.0
375.0
307.0
354.0
358.0
371.0
488.0
532.0
426.0
474.0
625.0
630.0
477.0
422.0
335.0
457.0
477.0
391.0
415.0
325.0
398.0
345.0
613.0
394.0
413.0
439.0
402.0
253.0
452.0
350.0
459.0
373.0
449.0
542.0
424.0
354.0
417.0
430.0
407.0
336.0
400.0
422.0
257.0
406.0
487.0
288.0
374.0
354.0
381.0
1223.0
346.0
310.0
328.0
340.0
487.0
321.0
317.0
358.0
461.0
351.0
416.0
421.0
322.0
591.0
368.0
484.0
449.0
381.0
714.0
348.0
519.0
429.0
451.0
415.0
482.0
468.0
336.0
396.0
401.0
679.0
365.0
328.0
437.0
380.0
393.0
526.0
371.0
401.0
401.0
546.0
536.0
425.0
474.0
355.0
408.0
451.0
449.0
374.0
452.0
507.0
347.0
354.0
480.0
279.0
386.0
284.0
382.0
482.0
411.0
510.0
307.0
293.0
404.0
445.0
490.0
368.0
378.0
374.0
384.0
473.0
368.0
339.0
513.0
577.0
391.0
374.0
413.0
341.0
531.0
466.0
367.0
538.0
303.0
318.0
292.0
348.0
459.0
342.0
394.0
318.0
515.0
469.0
441.0
329.0
415.0
337.0
436.0
481.0
453.0
323.0
453.0
358.0
543.0
539.0
360.0
468.0
258.0
427.0
386.0
459.0
335.0
462.0
322.0
416.0
475.0
417.0
353.0
489.0
388.0
325.0
540.0
478.0
452.0
497.0
425.0
389.0
359.0
421.0
397.0
512.0
514.0
376.0
334.0
463.0
514.0
427.0
268.0
437.0
387.0
399.0
412.0
346.0
637.0
279.0
546.0
390.0
405.0
434.0
400.0
403.0
338.0
308.0
377.0
436.0
302.0
384.0
445.0
406.0
443.0
320.0
340.0
444.0
515.0
479.0
341.0
443.0
568.0
425.0
444.0
272.0
453.0
284.0
358.0
392.0
523.0
303.0
319.0
404.0
302.0
296.0
376.0
344.0
414.0
558.0
364.0
359.0
393.0
389.0
235.0
276.0
327.0
624.0
478.0
311.0
395.0
483.0
424.0
414.0
275.0
430.0
401.0
430.0
266.0
356.0
363.0
288.0
305.0
702.0
403.0
387.0
442.0
343.0
426.0
323.0
542.0
421.0
309.0
418.0
409.0
319.0
378.0
1649.0
503.0
344.0
377.0
634.0
376.0
429.0
310.0
555.0
410.0
544.0
476.0
427.0
546.0
378.0
281.0
482.0
332.0
300.0
326.0
441.0
453.0
409.0
431.0
376.0
527.0
250.0
634.0
385.0
350.0
402.0
554.0
428.0
620.0
323.0
580.0
420.0
383.0
325.0
433.0
387.0
358.0
452.0
362.0
418.0
315.0
369.0
475.0
460.0
355.0
468.0
459.0
240.0
418.0
489.0
266.0
504.0
419.0
445.0
468.0
279.0
374.0
297.0
460.0
530.0
622.0
343.0
496.0
445.0
422.0
537.0
492.0
373.0
443.0
328.0
317.0
408.0
424.0
561.0
337.0
368.0
380.0
479.0
410.0
478.0
439.0
351.0
383.0
297.0
475.0
567.0
533.0
346.0
520.0
294.0
332.0
439.0
426.0
488.0
338.0
438.0
389.0
459.0
235.0
372.0
561.0
404.0
422.0
624.0
370.0
365.0
303.0
331.0
374.0
422.0
378.0
398.0
510.0
341.0
306.0
481.0
410.0
396.0
438.0
475.0
388.0
376.0
589.0
376.0
406.0
467.0
286.0
530.0
409.0
424.0
483.0
325.0
311.0
536.0
515.0
539.0
486.0
359.0
394.0
421.0
323.0
409.0
498.0
357.0
302.0
497.0
431.0
430.0
459.0
292.0
508.0
347.0
516.0
719.0
408.0
423.0
406.0
342.0
548.0
417.0
432.0
574.0
620.0
361.0
278.0
316.0
402.0
488.0
357.0
579.0
659.0
520.0
550.0
301.0
414.0
333.0
364.0
301.0
603.0
414.0
238.0
528.0
410.0
396.0
439.0
369.0
374.0
474.0
409.0
432.0
380.0
363.0
369.0
396.0
391.0
440.0
449.0
593.0
382.0
465.0
434.0
384.0
438.0
473.0
403.0
491.0
333.0
286.0
480.0
498.0
306.0
430.0
370.0
424.0
350.0
381.0
396.0
403.0
326.0
959.0
398.0
286.0
390.0
485.0
334.0
473.0
474.0
504.0
360.0
470.0
385.0
526.0
502.0
475.0
487.0
346.0
399.0
452.0
664.0
502.0
292.0
511.0
225.0
282.0
346.0
366.0
462.0
463.0
502.0
355.0
382.0
429.0
448.0
499.0
370.0
496.0
448.0
418.0
416.0
483.0
398.0
351.0
633.0
349.0
396.0
269.0
333.0
398.0
470.0
367.0
319.0
420.0
458.0
450.0
422.0
265.0
431.0
341.0
412.0
263.0
385.0
429.0
405.0
633.0
337.0
562.0
289.0
356.0
602.0
517.0
452.0
297.0
377.0
496.0
369.0
504.0
443.0
462.0
417.0
375.0
351.0
494.0
345.0
257.0
274.0
519.0
328.0
366.0
307.0
487.0
538.0
373.0
450.0
463.0
338.0
338.0
468.0
442.0
400.0
455.0
359.0
385.0
586.0
316.0
387.0
333.0
436.0
495.0
424.0
430.0
475.0
515.0
459.0
406.0
535.0
400.0
377.0
462.0
594.0
471.0
372.0
411.0
394.0
477.0
388.0
547.0
478.0
370.0
351.0
284.0
329.0
561.0
297.0
489.0
287.0
377.0
385.0
426.0
436.0
189.0
375.0
374.0
413.0
498.0
361.0
338.0
367.0
448.0
345.0
437.0
457.0
371.0
379.0
508.0
355.0
380.0
331.0
416.0
387.0
300.0
383.0
384.0
503.0
356.0
358.0
401.0
299.0
306.0
685.0
386.0
777.0
414.0
251.0
416.0
396.0
487.0
464.0
408.0
295.0
303.0
405.0
443.0
350.0
454.0
489.0
361.0
453.0
461.0
441.0
314.0
452.0
348.0
404.0
450.0
454.0
479.0
444.0
371.0
372.0
614.0
511.0
386.0
308.0
382.0
379.0
375.0
442.0
401.0
382.0
320.0
419.0
314.0
420.0
379.0
384.0
355.0
409.0
405.0
243.0
343.0
439.0
557.0
482.0
384.0
530.0
430.0
430.0
431.0
348.0
413.0
502.0
295.0
365.0
346.0
409.0
453.0
474.0
468.0
378.0
430.0
415.0
407.0
359.0
254.0
516.0
309.0
338.0
513.0
358.0
351.0
321.0
411.0
388.0
249.0
453.0
374.0
573.0
385.0
368.0
290.0
709.0
363.0
313.0
482.0
385.0
281.0
366.0
381.0
365.0
357.0
479.0
376.0
536.0
330.0
365.0
476.0
337.0
417.0
366.0
430.0
430.0
373.0
471.0
428.0
357.0
366.0
374.0
363.0
388.0
440.0
684.0
463.0
345.0
403.0
393.0
542.0
386.0
448.0
387.0
430.0
438.0
446.0
348.0
444.0
458.0
374.0
406.0
367.0
426.0
255.0
390.0
418.0
238.0
455.0
446.0
398.0
339.0
409.0
378.0
448.0
354.0
492.0
362.0
454.0
334.0
375.0
342.0
535.0
533.0
335.0
537.0
373.0
546.0
419.0
347.0
286.0
276.0
357.0
435.0
456.0
416.0
406.0
379.0
391.0
395.0
283.0
346.0
345.0
399.0
391.0
278.0
392.0
275.0
308.0
447.0
398.0
398.0
405.0
487.0
639.0
351.0
502.0
404.0
391.0
357.0
360.0
360.0
353.0
346.0
335.0
263.0
498.0
234.0
462.0
383.0
500.0
457.0
430.0
490.0
604.0
318.0
436.0
350.0
471.0
329.0
727.0
357.0
280.0
481.0
378.0
415.0
320.0
533.0
291.0
435.0
392.0
490.0
443.0
441.0
371.0
408.0
441.0
266.0
336.0
382.0
264.0
467.0
290.0
376.0
603.0
496.0
288.0
492.0
392.0
307.0
283.0
354.0
416.0
519.0
356.0
401.0
468.0
439.0
439.0
402.0
439.0
482.0
363.0
257.0
402.0
408.0
371.0
274.0
398.0
321.0
349.0
354.0
391.0
279.0
473.0
411.0
479.0
405.0
423.0
468.0
451.0
330.0
347.0
431.0
384.0
400.0
363.0
476.0
406.0
292.0
407.0
332.0
335.0
313.0
707.0
348.0
517.0
367.0
363.0
380.0
400.0
438.0
565.0
334.0
371.0
468.0
354.0
398.0
422.0
340.0
312.0
407.0
542.0
463.0
336.0
540.0
334.0
659.0
444.0
335.0
476.0
405.0
467.0
387.0
268.0
396.0
330.0
445.0
363.0
326.0
464.0
348.0
318.0
370.0
424.0
373.0
350.0
323.0
402.0
316.0
399.0
398.0
300.0
644.0
365.0
404.0
412.0
395.0
330.0
390.0
353.0
402.0
457.0
383.0
385.0
487.0
393.0
561.0
435.0
545.0
433.0
310.0
267.0
525.0
523.0
307.0
307.0
341.0
349.0
374.0
445.0
318.0
400.0
471.0
685.0
305.0
409.0
271.0
420.0
341.0
334.0
383.0
379.0
455.0
465.0
335.0
394.0
373.0
301.0
293.0
418.0
363.0
371.0
288.0
322.0
376.0
396.0
325.0
650.0
362.0
434.0
412.0
366.0
435.0
517.0
349.0
325.0
361.0
542.0
425.0
296.0
401.0
421.0
274.0
557.0
396.0
402.0
350.0
362.0
599.0
546.0
473.0
460.0
350.0
403.0
282.0
415.0
536.0
395.0
414.0
430.0
305.0
378.0
327.0
430.0
269.0
448.0
347.0
395.0
378.0
284.0
320.0
365.0
281.0
281.0
422.0
502.0
546.0
512.0
206.0
422.0
302.0
498.0
430.0
393.0
473.0
439.0
460.0
329.0
400.0
364.0
470.0
603.0
487.0
375.0
411.0
370.0
395.0
352.0
437.0
373.0
625.0
466.0
383.0
359.0
306.0
324.0
489.0
304.0
440.0
286.0
382.0
402.0
299.0
347.0
385.0
351.0
706.0
327.0
401.0
355.0
359.0
367.0
376.0
414.0
410.0
305.0
397.0
496.0
375.0
344.0
444.0
453.0
371.0
456.0
448.0
342.0
412.0
398.0
375.0
384.0
294.0
371.0
598.0
576.0
411.0
468.0
310.0
290.0
404.0
343.0
382.0
386.0
438.0
462.0
580.0
485.0
409.0
445.0
412.0
352.0
408.0
498.0
324.0
361.0
300.0
367.0
348.0
307.0
230.0
345.0
260.0
461.0
360.0
414.0
369.0
410.0
267.0
500.0
363.0
620.0
431.0
337.0
317.0
355.0
497.0
418.0
272.0
413.0
353.0
458.0
402.0
394.0
485.0
331.0
382.0
1723.0
448.0
395.0
470.0
347.0
405.0
371.0
351.0
335.0
407.0
333.0
362.0
328.0
266.0
314.0
362.0
517.0
353.0
385.0
313.0
573.0
366.0
339.0
522.0
408.0
368.0
362.0
406.0
309.0
420.0
352.0
263.0
372.0
302.0
426.0
489.0
300.0
439.0
463.0
333.0
525.0
586.0
403.0
263.0
326.0
321.0
337.0
353.0
365.0
317.0
412.0
301.0
414.0
462.0
355.0
367.0
316.0
296.0
509.0
554.0
686.0
426.0
543.0
516.0
350.0
439.0
382.0
361.0
285.0
340.0
334.0
478.0
265.0
460.0
493.0
317.0
411.0
350.0
272.0
371.0
409.0
393.0
543.0
449.0
403.0
424.0
342.0
344.0
426.0
497.0
441.0
418.0
317.0
331.0
367.0
422.0
331.0
321.0
481.0
260.0
310.0
375.0
367.0
332.0
576.0
292.0
312.0
406.0
466.0
298.0
426.0
518.0
343.0
278.0
365.0
451.0
407.0
349.0
396.0
305.0
553.0
320.0
331.0
547.0
474.0
403.0
350.0
296.0
268.0
437.0
374.0
349.0
261.0
347.0
431.0
347.0
440.0
436.0
384.0
338.0
490.0
331.0
355.0
358.0
532.0
435.0
289.0
389.0
390.0
355.0
509.0
365.0
391.0
416.0
385.0
423.0
445.0
425.0
427.0
421.0
432.0
408.0
335.0
362.0
412.0
439.0
366.0
452.0
607.0
442.0
446.0
446.0
372.0
368.0
404.0
300.0
282.0
449.0
318.0
379.0
360.0
397.0
569.0
385.0
357.0
388.0
297.0
396.0
370.0
343.0
451.0
446.0
303.0
361.0
362.0
283.0
362.0
378.0
405.0
480.0
357.0
453.0
323.0
266.0
325.0
366.0
335.0
340.0
482.0
458.0
390.0
400.0
314.0
362.0
715.0
319.0
410.0
405.0
289.0
275.0
357.0
232.0
467.0
269.0
526.0
305.0
304.0
257.0
355.0
379.0
330.0
398.0
368.0
386.0
358.0
446.0
373.0
291.0
335.0
346.0
294.0
373.0
353.0
327.0
490.0
256.0
462.0
361.0
465.0
294.0
348.0
355.0
361.0
381.0
352.0
311.0
332.0
541.0
318.0
347.0
359.0
442.0
315.0
413.0
426.0
366.0
263.0
308.0
344.0
278.0
376.0
263.0
592.0
303.0
393.0
455.0
392.0
399.0
336.0
399.0
313.0
299.0
356.0
273.0
360.0
277.0
436.0
413.0
359.0
322.0
328.0
314.0
299.0
383.0
332.0
319.0
433.0
441.0
294.0
369.0
293.0
452.0
431.0
394.0
444.0
424.0
262.0
473.0
271.0
286.0
363.0
414.0
317.0
369.0
474.0
390.0
310.0
326.0
295.0
383.0
392.0
359.0
364.0
411.0
280.0
316.0
324.0
268.0
298.0
384.0
462.0
413.0
329.0
440.0
290.0
352.0
478.0
490.0
314.0
298.0
343.0
392.0
308.0
336.0
324.0
315.0
468.0
243.0
316.0
322.0
389.0
287.0
466.0
272.0
527.0
293.0
433.0
441.0
455.0
330.0
332.0
358.0
292.0
379.0
279.0
411.0
320.0
342.0
376.0
519.0
268.0
258.0
337.0
536.0
257.0
640.0
419.0
386.0
325.0
358.0
341.0
431.0
251.0
530.0
343.0
335.0
389.0
355.0
314.0
332.0
350.0
248.0
398.0
419.0
476.0
415.0
284.0
316.0
288.0
363.0
415.0
239.0
306.0
355.0
399.0
300.0
416.0
310.0
311.0
261.0
373.0
334.0
314.0
506.0
328.0
395.0
373.0
337.0
340.0
324.0
281.0
285.0
384.0
340.0
337.0
428.0
347.0
249.0
242.0
312.0
310.0
382.0
433.0
482.0
283.0
317.0
302.0
563.0
347.0
325.0
323.0
418.0
415.0
310.0
264.0
301.0
317.0
276.0
287.0
431.0
334.0
282.0
410.0
355.0
332.0
291.0
307.0
409.0
400.0
300.0
566.0
313.0
406.0
337.0
363.0
411.0
328.0
343.0
436.0
265.0
309.0
281.0
198.0
432.0
287.0
395.0
311.0
300.0
264.0
430.0
348.0
290.0
332.0
439.0
333.0
310.0
317.0
327.0
346.0
350.0
402.0
313.0
293.0
288.0
273.0
335.0
347.0
357.0
499.0
349.0
306.0
306.0
284.0
343.0
395.0
259.0
426.0
333.0
443.0
200.0
314.0
367.0
265.0
436.0
312.0
365.0
409.0
215.0
406.0
432.0
310.0
337.0
310.0
310.0
374.0
381.0
325.0
268.0
340.0
266.0
290.0
311.0
346.0
331.0
221.0
319.0
415.0
222.0
290.0
300.0
282.0
321.0
292.0
311.0
399.0
323.0
262.0
308.0
336.0
322.0
304.0
317.0
266.0
408.0
251.0
290.0
294.0
411.0
221.0
378.0
358.0
214.0
358.0
597.0
304.0
302.0
311.0
311.0
243.0
445.0
426.0
268.0
326.0
212.0
295.0
455.0
261.0
345.0
270.0
360.0
320.0
241.0
359.0
296.0
298.0
254.0
265.0
356.0
346.0
245.0
350.0
245.0
308.0
292.0
216.0
486.0
448.0
336.0
288.0
364.0
272.0
332.0
311.0
296.0
352.0
201.0
292.0
291.0
345.0
292.0
279.0
376.0
250.0
341.0
299.0
324.0
374.0
299.0
374.0
264.0
242.0
274.0
311.0
280.0
343.0
355.0
189.0
245.0
224.0
272.0
263.0
304.0
199.0
386.0
342.0
256.0
248.0
354.0
334.0
298.0
340.0
283.0
310.0
330.0
433.0
411.0
235.0
368.0
333.0
363.0
306.0
355.0
358.0
248.0
336.0
312.0
233.0
381.0
351.0
252.0
325.0
437.0
309.0
231.0
279.0
323.0
324.0
166.0
283.0
289.0
363.0
278.0
326.0
234.0
262.0
257.0
249.0
359.0
234.0
253.0
280.0
395.0
300.0
331.0
369.0
277.0
299.0
378.0
241.0
283.0
257.0
284.0
226.0
226.0
245.0
338.0
206.0
233.0
200.0
374.0
286.0
183.0
255.0
249.0
324.0
334.0
324.0
279.0
305.0
197.0
325.0
257.0
256.0
358.0
248.0
252.0
275.0
392.0
290.0
305.0
252.0
284.0
203.0
318.0
302.0
261.0
209.0
247.0
257.0
235.0
272.0
220.0
270.0
254.0
280.0
467.0
233.0
319.0
217.0
300.0
278.0
203.0
250.0
348.0
241.0
313.0
380.0
234.0
263.0
215.0
258.0
290.0
201.0
400.0
486.0
246.0
225.0
237.0
288.0
258.0
215.0
293.0
291.0
244.0
226.0
284.0
196.0
252.0
230.0
235.0
266.0
147.0
244.0
241.0
254.0
326.0
346.0
324.0
235.0
266.0
333.0
162.0
244.0
251.0
228.0
382.0
419.0
313.0
251.0
276.0
293.0
214.0
293.0
251.0
285.0
265.0
240.0
204.0
260.0
218.0
236.0
192.0
170.0
234.0
353.0
259.0
300.0
244.0
273.0
179.0
255.0
255.0
346.0
266.0
386.0
297.0
212.0
272.0
257.0
241.0
206.0
380.0
239.0
199.0
289.0
350.0
228.0
252.0
264.0
295.0
248.0
288.0
283.0
288.0
275.0
215.0
271.0
238.0
252.0
308.0
263.0
250.0
190.0
177.0
296.0
281.0
338.0
358.0
302.0
272.0
233.0
242.0
252.0
335.0
211.0
305.0
220.0
279.0
339.0
215.0
239.0
241.0
179.0
314.0
328.0
247.0
239.0
279.0
237.0
163.0
214.0
235.0
230.0
247.0
323.0
248.0
283.0
326.0
223.0
302.0
205.0
250.0
195.0
227.0
334.0
235.0
247.0
185.0
384.0
206.0
340.0
327.0
243.0
202.0
330.0
325.0
227.0
212.0
188.0
230.0
204.0
275.0
257.0
202.0
276.0
223.0
226.0
233.0
211.0
198.0
304.0
247.0
225.0
222.0
286.0
239.0
243.0
349.0
274.0
215.0
172.0
228.0
190.0
243.0
204.0
294.0
155.0
274.0
241.0
273.0
207.0
330.0
254.0
281.0
159.0
287.0
194.0
309.0
220.0
246.0
179.0
247.0
255.0
246.0
273.0
169.0
340.0
293.0
283.0
209.0
288.0
209.0
155.0
203.0
280.0
251.0
220.0
263.0
219.0
259.0
293.0
174.0
255.0
223.0
254.0
223.0
187.0
208.0
236.0
211.0
273.0
139.0
281.0
223.0
267.0
209.0
198.0
287.0
266.0
279.0
272.0
162.0
218.0
268.0
284.0
246.0
160.0
249.0
202.0
240.0
266.0
180.0
266.0
298.0
251.0
214.0
420.0
192.0
222.0
214.0
173.0
194.0
170.0
195.0
186.0
284.0
228.0
278.0
224.0
176.0
202.0
229.0
202.0
284.0
213.0
238.0
350.0
202.0
266.0
205.0
192.0
172.0
219.0
290.0
191.0
156.0
291.0
284.0
194.0
261.0
192.0
175.0
203.0
157.0
231.0
258.0
210.0
234.0
252.0
359.0
235.0
203.0
224.0
183.0
197.0
186.0
175.0
193.0
233.0
262.0
187.0
211.0
217.0
255.0
142.0
263.0
265.0
182.0
251.0
193.0
252.0
195.0
199.0
450.0
223.0
137.0
228.0
180.0
194.0
231.0
172.0
213.0
185.0
193.0
205.0
216.0
274.0
225.0
208.0
157.0
